3.16591953 0.7913
3.16905230 0.7944
3.16330376 0.8056
3.15340445 0.8232
3.13977889 0.8340
3.12038727 0.8197
3.10177382 0.7869
3.09001558 0.7551
3.09871407 0.7289
3.12010700 0.7079
3.15441103 0.6892
3.18336295 0.6835
3.20463559 0.6945
3.20898932 0.7249
3.19585942 0.7565
3.17280814 0.7691
3.15222618 0.7569
3.13826292 0.7428
3.13413220 0.7431
3.14681588 0.7512
3.17390277 0.7525
3.20467934 0.7420
3.22536821 0.7288
3.22595921 0.7337
3.21604378 0.7566
3.19162208 0.7822
3.15173761 0.7930
3.10532850 0.7935
3.06653039 0.7986
3.04609045 0.8052
3.03667087 0.8083
3.03059545 0.8058
3.01255621 0.8127
3.00481462 0.8273
3.01339659 0.8420
3.03123329 0.8500
3.03984307 0.8469
3.03211971 0.8352
3.02258875 0.8197
3.02494356 0.8070
3.04445574 0.7998
3.07897594 0.7952
3.11521283 0.7908
3.13827343 0.7876
3.14922084 0.7933
3.15336088 0.8082
3.15339855 0.8257
3.14931690 0.8337
3.13188039 0.8306
3.11795892 0.8219
3.12571259 0.8157
3.15645845 0.8078
3.19740531 0.8022
3.22848896 0.7942
3.24678431 0.7868
3.25685845 0.7868
3.26632517 0.7960
3.25608348 0.8110
3.21462966 0.8205
3.15986228 0.8287
3.12352958 0.8342
3.11529650 0.8299
3.11904420 0.8244
3.12678532 0.8232
3.12800121 0.8184
3.14018020 0.8049
3.16506415 0.7848
3.17823321 0.7778
3.16196071 0.7867
3.12423308 0.8014
3.07896316 0.8127
3.04058269 0.8139
3.01430359 0.8093
3.00670668 0.8087
3.01482647 0.8120
3.05036614 0.8046
3.10379040 0.7847
3.15497035 0.7642
3.18649292 0.7562
3.20593862 0.7594
3.20423926 0.7797
3.18203311 0.8098
3.14339793 0.8393
3.10599542 0.8595
3.08336527 0.8740
3.07880848 0.8798
3.09748296 0.8634
3.13744275 0.8237
3.18109225 0.7768
3.22374705 0.7384
3.24895161 0.7252
3.25229252 0.7390
3.23314158 0.7710
3.19299185 0.8144
3.14320541 0.8621
3.10109237 0.9027
3.08425610 0.9265
3.09698661 0.9273
3.12368291 0.9121
3.14517221 0.8886
3.15603377 0.8630
3.16020537 0.8474
3.15702846 0.8397
3.13133387 0.8401
3.09461844 0.8411
3.06112931 0.8440
3.05131285 0.8410
3.05564019 0.8335
3.06357218 0.8211
3.07010885 0.8112
3.06991693 0.8078
3.06821930 0.8093
3.06780913 0.8171
3.05876976 0.8327
3.03957004 0.8575
3.03261542 0.8858
3.04758430 0.9059
3.09758765 0.9060
3.15295435 0.8903
3.19286843 0.8710
3.21511985 0.8611
3.22429030 0.8646
3.21563267 0.8734
3.19973056 0.8749
3.17984599 0.8738
3.16682175 0.8710
3.15930374 0.8688
3.15555536 0.8626
3.15317352 0.8575
3.13813487 0.8578
3.10377046 0.8651
3.06800260 0.8778
3.05197444 0.8895
3.05919383 0.8945
3.07274557 0.8949
3.08778345 0.8921
3.10357003 0.8848
3.12807158 0.8684
3.14462212 0.8509
3.14119709 0.8403
3.11457812 0.8380
3.08014631 0.8452
3.05385360 0.8586
3.03928663 0.8684
3.03151080 0.8690
3.04096951 0.8542
3.06225490 0.8387
3.08054565 0.8337
3.10175646 0.8321
3.11792437 0.8316
3.11756475 0.8323
3.10500299 0.8395
3.08897442 0.8580
3.07826672 0.8772
3.06832723 0.8889
3.06649907 0.8809
3.08478771 0.8518
3.11837476 0.8297
3.15235404 0.8231
3.18062150 0.8178
3.20017663 0.8093
3.20662617 0.8026
3.20698887 0.8008
3.20752425 0.8019
3.20151396 0.8011
3.19740609 0.7901
3.19142502 0.7712
3.19910611 0.7579
3.21975537 0.7608
3.22597054 0.7763
3.20973984 0.7928
3.17153308 0.8085
3.13845168 0.8201
3.12344156 0.8351
3.12437655 0.8481
3.12511143 0.8497
3.11869888 0.8351
3.10672670 0.8165
3.08720188 0.8062
3.05255959 0.8172
3.00697852 0.8408
2.96348235 0.8535
2.93640998 0.8530
2.92812222 0.8446
2.93120926 0.8441
2.94809067 0.8441
2.97722364 0.8405
3.01839966 0.8348
3.06525540 0.8290
3.10006274 0.8290
3.11311508 0.8322
3.10493233 0.8250
3.08764863 0.7989
3.08039712 0.7505
3.10756676 0.7039
3.15305128 0.6947
3.19065047 0.7107
3.22505496 0.7305
3.24764422 0.7528
3.25078180 0.7825
3.22373910 0.8203
3.16689612 0.8483
3.10702465 0.8467
3.06794979 0.8207
3.05969476 0.7932
3.06604439 0.7922
3.08246626 0.7907
3.09916164 0.7789
3.12485962 0.7657
3.13329659 0.7722
3.10189062 0.8017
3.03463454 0.8403
2.97049875 0.8552
2.94287234 0.8266
2.95518363 0.7798
3.00185165 0.7485
3.06589492 0.7308
3.11421528 0.7261
3.13444894 0.7301
3.12609557 0.7411
3.08842456 0.7618
3.02515143 0.7814
2.95101476 0.7753
2.89297072 0.7226
2.86139258 0.6570
2.85513393 0.6353
2.87759533 0.6738
2.93336374 0.7446
3.00854066 0.7928
3.08456664 0.8124
3.12240334 0.8289
3.10297065 0.8546
3.03248774 0.8862
2.95425439 0.9155
2.90174149 0.9355
2.89066021 0.9495
2.91459208 0.9587
2.95057775 0.9514
2.98788718 0.9236
3.02409471 0.8908
3.04846857 0.8767
3.04634205 0.8832
3.01032665 0.8987
2.95414785 0.9122
2.90381258 0.9131
2.86590146 0.9137
2.84075918 0.9132
2.83147777 0.8965
2.84131308 0.8709
2.86427005 0.8568
2.88843655 0.8589
2.90460029 0.8665
2.90575511 0.8682
2.89557777 0.8533
2.88579104 0.8228
2.87990705 0.8100
2.88160463 0.8380
2.90539552 0.8840
2.94770271 0.9077
2.98740958 0.9103
3.00569182 0.9024
2.99232521 0.8922
2.97286420 0.8542
2.95413579 0.7523
2.95019410 0.6004
2.95688775 0.5133
2.94439417 0.5029
2.91262550 0.5345
2.89078047 0.6664
2.90288158 0.7989
2.91746858 0.8356
2.92435686 0.8421
2.92558684 0.8246
2.93072161 0.7873
2.94679008 0.7399
2.95858629 0.7260
2.95646388 0.7552
2.95863579 0.8171
2.98783571 0.8755
3.03823244 0.8886
3.08469985 0.8779
3.09649365 0.8744
3.07396848 0.8761
3.04877405 0.8588
3.04765867 0.8083
3.06060550 0.7635
3.06829235 0.7404
3.05804140 0.7399
3.02969216 0.7536
3.00279743 0.7791
2.98106102 0.8007
2.95304899 0.8207
2.91595547 0.8167
2.88988924 0.6686
2.88876774 0.6209
2.89918886 0.6359
2.91522829 0.6700
2.91924789 0.7011
2.90526144 0.7319
2.89102807 0.7593
2.89007257 0.7642
2.89731924 0.7011
2.93463068 0.6184
2.98873414 0.5837
3.02912438 0.5615
3.04385565 0.5600
3.02715127 0.5854
2.99545491 0.6340
2.97421196 0.6973
2.97416587 0.7957
3.01222149 0.8497
3.04640667 0.8509
3.04813582 0.8531
3.01756500 0.8481
2.99186156 0.7357
2.99950157 0.6285
3.00687985 0.6234
3.00215758 0.6656
2.99194927 0.7328
2.98097439 0.8001
2.98034502 0.8397
2.98715936 0.8410
2.97818046 0.8419
2.94718355 0.8500
2.91409065 0.8590
2.89636676 0.8557
2.88992494 0.8414
2.89024663 0.8268
2.89749946 0.8165
2.90668148 0.8163
2.90984133 0.8238
2.90140688 0.8375
2.88479625 0.8380
2.86570594 0.8095
2.83736576 0.7607
2.80778181 0.6928
2.80028717 0.6531
2.81783346 0.8094
2.84381273 0.9574
2.88825967 0.9708
2.93457584 0.9403
2.96950689 0.8757
3.00071306 0.8103
3.02567691 0.7858
3.03076559 0.7759
3.02328562 0.7682
3.01427204 0.7640
3.01643573 0.7675
3.02487607 0.7686
3.03028042 0.7549
3.03413845 0.7221
3.04515283 0.6837
3.06672376 0.6636
3.08686707 0.6629
3.09252385 0.6657
3.09055990 0.6733
3.08929678 0.6898
3.08313765 0.7169
3.07200807 0.7570
3.06986196 0.7858
3.08610052 0.8037
3.11252795 0.8115
3.12677643 0.8232
3.12767981 0.8367
3.13228628 0.8357
3.13912011 0.8223
3.13818447 0.8143
3.12365103 0.8151
3.10668163 0.8192
3.09728380 0.8109
3.09928974 0.7896
3.10724993 0.7645
3.10717382 0.7435
3.10349760 0.7141
3.09401314 0.6683
3.06308281 0.6215
3.01326438 0.5863
2.96307353 0.5700
2.92241060 0.5838
2.90072134 0.6908
2.92127500 0.7844
2.97387786 0.7252
3.04865095 0.6496
3.12265711 0.6133
3.17115356 0.5885
3.18414953 0.5713
3.17214985 0.5678
3.14841725 0.5884
3.10499662 0.6375
3.06617363 0.7018
3.03904633 0.7650
3.03975533 0.7994
3.06604678 0.7954
3.08958673 0.7715
3.10174745 0.7450
3.10798748 0.7240
3.11049880 0.7161
3.10024243 0.7286
3.07146500 0.7503
3.03329386 0.7582
3.00984001 0.7470
3.00949783 0.7444
3.03431463 0.7518
3.07140311 0.7584
3.10809414 0.7608
3.12989145 0.7643
3.14255988 0.7678
3.13903683 0.7789
3.12031027 0.7912
3.10412743 0.7973
3.10146573 0.7866
3.10990681 0.7672
3.11286361 0.7430
3.11377730 0.7183
3.11678958 0.7067
3.11621942 0.7106
3.11133187 0.7102
3.09848042 0.7025
3.08245148 0.6927
3.06677708 0.6803
3.05202018 0.6606
3.04774984 0.6276
3.07380415 0.5828
3.12304183 0.5527
3.15817899 0.5461
3.15206461 0.5676
3.11156833 0.6020
3.06309958 0.6294
3.04717536 0.6296
3.05820421 0.6271
3.07020482 0.6225
3.10374752 0.6028
3.17451642 0.5715
3.26411693 0.5454
3.32605598 0.5311
3.34276751 0.5293
3.32927837 0.5380
3.29981086 0.5573
3.24786902 0.5868
3.18825612 0.6175
3.14641812 0.6425
3.13507177 0.6506
3.14706438 0.6345
3.16705424 0.6056
3.19466244 0.5781
3.22221187 0.5644
3.22905415 0.5680
3.19970251 0.5830
3.13003416 0.6054
3.04788299 0.6244
3.00209486 0.6321
3.00376387 0.6244
3.04900600 0.6039
3.11593633 0.5748
3.18041052 0.5508
3.24006752 0.5365
3.27462734 0.5386
3.27322635 0.5557
3.23412475 0.5897
3.18108340 0.6399
3.12997146 0.6830
3.08977557 0.6969
3.07025961 0.6785
3.07566551 0.6412
3.11155045 0.6001
3.15067120 0.5694
3.17652198 0.5452
3.17957314 0.5318
3.16365324 0.5380
3.12912064 0.5688
3.08431014 0.6180
3.04169297 0.6690
3.02533695 0.7051
3.03162058 0.7230
3.05574771 0.7164
3.08641482 0.6967
3.11419184 0.6676
3.14977213 0.6334
3.18165864 0.6003
3.18642883 0.5740
3.15619731 0.5618
3.11624762 0.5695
3.08740374 0.5849
3.06448313 0.5909
3.02360627 0.5919
2.97353354 0.6127
2.94035491 0.6594
2.93406301 0.7028
2.94480880 0.7171
2.95017232 0.7078
2.94932143 0.6814
2.95141628 0.6536
2.96805579 0.6282
2.99312595 0.6027
3.01345472 0.5798
3.02660289 0.5668
3.01796775 0.5718
2.99671588 0.5807
2.98136404 0.5896
2.99537478 0.5847
3.03387807 0.5702
3.08295790 0.5515
3.12653360 0.5365
3.17456518 0.5214
3.23064402 0.5171
3.26751758 0.5262
3.26163035 0.5437
3.20976360 0.5752
3.15810977 0.6103
3.12152937 0.6442
3.09392171 0.6792
3.07848597 0.7102
3.08268878 0.7286
3.11065497 0.7245
3.16253315 0.7023
3.20657358 0.6762
3.23067120 0.6676
3.22904059 0.6792
3.20966072 0.6990
3.16990005 0.7177
3.11759627 0.7440
3.07446285 0.7849
3.04607624 0.8253
3.02829275 0.8411
3.02027279 0.8248
3.01822319 0.7921
3.02110189 0.7760
3.02496798 0.7724
3.01350651 0.7701
2.98377759 0.7602
2.95657753 0.7492
2.94346982 0.7410
2.95299418 0.7095
2.97535767 0.6794
3.00714720 0.6507
3.03657334 0.6349
3.05803824 0.6365
3.07860632 0.6624
3.11240603 0.7095
3.15397440 0.7414
3.18467640 0.7502
3.19390190 0.7608
3.16836067 0.7782
3.11740532 0.7971
3.06315280 0.8028
3.02482180 0.7960
3.00229265 0.7911
2.99800723 0.8067
3.00844702 0.8348
3.02722238 0.8483
3.04205086 0.8415
3.03733596 0.8328
3.01671119 0.8373
2.99545555 0.8544
2.97296435 0.8866
2.95301675 0.9067
2.93907103 0.9254
2.94680453 0.9338
2.96815280 0.9366
2.97773235 0.9403
2.96606540 0.9407
2.94291456 0.9356
2.91939497 0.9240
2.89925576 0.9166
2.87780224 0.9340
2.86685259 0.9484
2.87917357 0.9188
2.92068107 0.8811
2.98770992 0.8550
3.05468829 0.8425
3.10436056 0.8381
3.13803274 0.8440
3.16472699 0.8656
3.18534914 0.8939
3.19200594 0.9236
3.18629080 0.9375
3.19476800 0.9269
3.22715651 0.9029
3.27647602 0.8725
3.31869857 0.8348
3.34335459 0.7841
3.34634125 0.7317
3.31948241 0.6946
3.26519484 0.6829
3.18446526 0.6966
3.10666736 0.7180
3.05423250 0.7353
3.02812694 0.7487
3.02912584 0.7623
3.04240793 0.7650
3.05905796 0.7526
3.07532356 0.7252
3.09070052 0.6981
3.10463355 0.6892
3.11358134 0.6989
3.10243717 0.7180
3.05737113 0.7310
2.99424629 0.7355
2.93702695 0.7453
2.89696190 0.7830
2.87664855 0.8278
2.87336859 0.8876
2.90765238 0.7540
2.93058813 0.7578
2.93282248 0.8080
2.94953249 0.8320
2.97616670 0.8330
2.99870679 0.8373
3.01385997 0.8486
3.02794061 0.8676
3.03666647 0.8862
3.03831934 0.8923
3.04104037 0.8841
3.05182176 0.8701
3.06727230 0.8633
3.07600785 0.8590
3.08020500 0.8508
3.09108471 0.8355
3.11030225 0.8232
3.13000676 0.8187
3.14281286 0.8186
3.15459999 0.8145
3.16469900 0.7984
3.16360293 0.7859
3.15374299 0.7833
3.14398550 0.7862
3.13828639 0.7894
3.13687733 0.7808
3.13496855 0.7602
3.13660996 0.7444
3.14200225 0.7403
3.14640386 0.7402
3.14036732 0.7347
3.12380724 0.7271
3.10370616 0.7283
3.09064381 0.7394
3.06760048 0.7559
3.04651058 0.7616
3.03160089 0.7486
3.02964165 0.7362
3.03176793 0.7556
3.02762730 0.7937
3.01644935 0.8204
3.00574541 0.8154
3.01067063 0.7898
3.01687202 0.7846
3.01793307 0.8136
3.02251464 0.8440
3.03410093 0.8449
3.04909748 0.8252
3.06919875 0.8052
3.08979009 0.8022
3.09909726 0.8227
3.11055952 0.8405
3.12579726 0.8294
3.14224387 0.8100
3.15682728 0.8080
3.17058494 0.8237
3.16562386 0.8467
3.14499223 0.8545
3.11602739 0.8441
3.09263446 0.8235
3.07154497 0.8037
3.04922644 0.7875
3.02414756 0.7746
3.01822676 0.7633
3.03365430 0.7644
3.05633594 0.7805
3.06031313 0.8058
3.04168183 0.8308
3.01654548 0.8438
2.99243515 0.8463
2.97824333 0.8423
2.98103528 0.8356
3.00278448 0.8219
3.03999007 0.8052
3.09687793 0.7816
3.16332341 0.7565
3.22003153 0.7316
3.24544597 0.7180
3.22503295 0.7268
3.17486236 0.7596
3.11544885 0.8024
3.06824035 0.8366
3.04074054 0.8543
3.03026235 0.8618
3.03612202 0.8595
3.04931060 0.8528
3.06819404 0.8421
3.08954727 0.8280
3.10337103 0.8112
3.09718590 0.8034
3.06535542 0.8172
3.03689746 0.8365
3.01278871 0.8541
3.00566771 0.8722
3.01561068 0.8861
3.04274891 0.8872
3.07425075 0.8812
3.09914966 0.8842
3.11244922 0.8918
3.12134024 0.8882
3.13686183 0.8668
3.15881559 0.8312
3.15992717 0.7994
3.13578185 0.7772
3.10986342 0.7702
3.09613472 0.7865
3.08409768 0.8067
3.06151753 0.8021
3.02836633 0.7783
2.99667060 0.7568
2.97143921 0.7615
2.94600263 0.7845
2.93935418 0.8405
2.97814000 0.8501
3.04619456 0.8215
3.11677467 0.7827
3.16142269 0.7444
3.17103972 0.7200
3.14852998 0.7317
3.10266082 0.7720
3.05456517 0.8329
3.02135310 0.8875
3.01124000 0.9022
3.01511955 0.8770
3.01658002 0.8966
3.02331092 0.9262
3.03602945 0.9020
3.04488783 0.8664
3.04117231 0.8549
3.02417788 0.8747
2.99515121 0.9159
2.95386770 0.9711
2.92117013 1.0229
2.91009497 1.0523
2.91953835 1.0512
2.94171273 1.0164
2.97841272 0.9567
3.01002363 0.9036
3.02433656 0.8640
3.01669536 0.8409
2.99698233 0.8336
2.96892317 0.8334
2.92777794 0.8442
2.89789961 0.8630
2.88888418 0.8891
2.90140321 0.9130
2.92062023 0.9343
2.94011133 0.9471
2.94712317 0.9466
2.94590953 0.9260
2.92691260 0.8792
2.89484977 0.8093
2.85777699 0.7459
2.82233775 0.8186
2.81820214 0.9758
2.85555687 0.9772
2.89916321 0.9751
2.92714137 0.9922
2.92875295 1.0219
2.91855189 1.0547
2.90570486 1.0837
2.89479254 1.1028
2.88547664 1.1074
2.88533366 1.0843
2.89257380 1.0418
2.90648320 0.9997
2.92793155 0.9602
2.94850444 0.9293
2.96817063 0.9090
2.97562761 0.8992
2.97248030 0.9017
2.96217178 0.9111
2.94800040 0.9054
2.94324827 0.8514
2.94280808 0.7424
2.94597133 0.6726
2.95250924 0.6712
2.97027728 0.6973
3.00757794 0.7107
3.05057210 0.7163
3.08785393 0.7109
3.11011536 0.6997
3.11731109 0.6905
3.09946551 0.7031
3.06450447 0.7919
3.04101237 0.9562
3.03491305 0.9849
3.02957209 0.9634
3.01478199 0.9302
2.97546674 0.9037
2.92184592 0.8009
2.93247011 0.5590
2.97959106 0.5312
3.01491325 0.5046
3.01819806 0.4879
2.98098390 0.4905
2.92393981 0.6020
2.92907448 1.0133
2.94828046 0.9801
2.96065230 0.9073
2.95267282 0.7790
2.94288299 0.7024
2.93034499 0.7578
2.92766398 0.7992
2.95758985 0.7988
3.00225175 0.7764
3.04090411 0.7699
3.05998263 0.7909
3.04013684 0.8372
2.98846128 0.8973
2.94517619 0.9455
2.93360678 0.9648
2.94010969 0.9520
2.95097481 0.9325
2.95701895 0.9163
2.96119476 0.9001
2.96873930 0.8856
2.96974974 0.8828
2.94644169 0.8853
2.90118916 0.8859
2.86387157 0.8976
2.85136038 0.9304
2.86119571 1.0176
2.88485825 1.0194
2.91114640 0.9726
2.93365245 0.9241
2.95049311 0.8970
2.95555223 0.8986
2.95011143 0.9244
2.94477521 0.9456
2.94594269 0.9450
2.94856839 0.9340
2.94702561 0.9451
2.94208710 0.9819
2.94520760 1.0017
2.96011055 0.9894
2.99252710 0.9609
3.03407784 0.9232
3.06336147 0.8944
3.06707378 0.8836
3.04467152 0.8916
3.00873947 0.9137
2.98014275 0.9371
2.96750414 0.9583
2.97773536 0.9716
3.00460223 0.9781
3.03563019 0.9831
3.06226882 0.9848
3.07673989 0.9789
3.07246455 0.9677
3.06002912 0.9504
3.05386421 0.9306
3.06522455 0.9077
3.08191196 0.9002
3.08727774 0.9139
3.08280707 0.9342
3.07075661 0.9530
3.06323200 0.9621
3.06273356 0.9619
3.07810920 0.9428
3.12137060 0.8921
3.18036868 0.8460
3.21340036 0.8300
3.21831850 0.8335
3.21089645 0.8465
3.20466415 0.8530
3.19103365 0.8539
3.16002476 0.8631
3.11587024 0.8855
3.06896683 0.9044
3.03397472 0.8977
3.01789667 0.8600
3.01239521 0.8376
3.01107972 0.8557
3.01899867 0.8881
3.04164082 0.9085
3.07684826 0.9179
3.11330173 0.9165
3.13088675 0.9109
3.11777954 0.9002
3.08156563 0.8876
3.03904181 0.8697
3.00302047 0.8433
2.98159026 0.8178
2.98384922 0.8133
3.00179388 0.8330
3.03205220 0.8488
3.07450819 0.8570
3.12257045 0.8590
3.16403064 0.8562
3.18886739 0.8488
3.19233967 0.8437
3.17280223 0.8548
3.13331533 0.8873
3.08256162 0.9204
3.03615604 0.9317
3.01067391 0.9191
3.00934899 0.8934
3.03876265 0.8661
3.08755821 0.8420
3.14772162 0.8191
3.21081465 0.7959
3.25804414 0.7861
3.27405184 0.7989
3.24633541 0.8350
3.19244393 0.8728
3.12769678 0.9056
3.07573224 0.9243
3.03838211 0.9290
3.02099226 0.9202
3.02961192 0.8885
3.06519599 0.8464
3.11317704 0.8175
3.15568801 0.8126
3.17686413 0.8204
3.18230743 0.8313
3.15872153 0.8387
3.11633757 0.8405
3.06622747 0.8426
3.03928146 0.8347
3.04165174 0.8102
3.06556369 0.7784
3.08655972 0.7568
3.10831736 0.7549
3.12823765 0.7727
3.14425647 0.7966
3.14627378 0.8226
3.13837655 0.8394
3.12494971 0.8531
3.10985367 0.8644
3.09449102 0.8703
3.07663035 0.8638
3.05942096 0.8427
3.04808926 0.8222
3.03253415 0.8191
3.01832311 0.8235
3.00731632 0.8292
2.99984044 0.8293
2.99921521 0.8267
3.00250850 0.8303
3.01299141 0.8389
3.03175087 0.8453
3.06096379 0.8452
3.09753774 0.8603
3.13153437 0.8759
3.15116875 0.8785
3.15961228 0.8773
3.15848742 0.8800
3.15054749 0.8739
3.14207694 0.8528
3.14537448 0.8232
3.16190593 0.7959
3.17346580 0.7796
3.16825723 0.7770
3.15168111 0.7820
3.13735345 0.7780
3.13464876 0.7656
3.13966345 0.7536
3.13499152 0.7521
3.12501035 0.7609
3.12917048 0.7733
3.14727330 0.7861
3.16851981 0.7977
3.17301143 0.8104
3.16792942 0.8226
3.16281141 0.8320
3.16172810 0.8367
3.15967328 0.8337
3.14552627 0.8285
3.13763518 0.8235
3.13785053 0.8224
3.13918340 0.8187
3.13942821 0.8153
3.13816116 0.8149
3.12531657 0.8269
3.10437597 0.8420
3.09610903 0.8464
3.10075774 0.8389
3.11805522 0.8146
3.13972400 0.7890
3.15042736 0.7732
3.14819572 0.7732
3.14087743 0.7825
3.12984029 0.7905
3.10848078 0.8016
3.07593419 0.8165
3.03614789 0.8364
3.01051595 0.8523
2.99317557 0.8535
2.98291944 0.8347
2.97687261 0.8069
2.98586314 0.7845
3.00767584 0.7737
3.02458748 0.7769
3.02858225 0.7783
3.01787387 0.7776
3.00592565 0.7863
3.00225721 0.8115
3.01631839 0.8330
3.03706152 0.8411
3.05454835 0.8316
3.05451595 0.8227
3.04048121 0.8258
3.03187905 0.8356
3.04051585 0.8402
3.06211148 0.8380
3.08564092 0.8296
3.11022586 0.8218
3.13656821 0.8181
3.16316429 0.8143
3.18820918 0.8003
3.19361926 0.7892
3.17933543 0.7903
3.14932830 0.8075
3.12202711 0.8295
3.09770699 0.8413
3.08240911 0.8333
3.08554506 0.8088
3.11235399 0.7785
3.15483516 0.7456
3.18072802 0.7261
3.17812531 0.7156
3.14735076 0.7159
3.10955341 0.7357
3.07044392 0.7752
3.04908716 0.8154
3.06386649 0.8226
3.09007475 0.8106
3.10471841 0.8088
3.11690039 0.8124
3.13053765 0.8053
3.13988887 0.7860
3.13530370 0.7666
3.11434225 0.7633
3.08744612 0.7696
3.06128141 0.7801
3.05020376 0.7836
3.05963257 0.7692
3.08056853 0.7474
3.09469989 0.7401
3.09983788 0.7495
3.10356330 0.7624
3.10299617 0.7752
3.08681794 0.7927
3.05317305 0.8192
3.02509815 0.8539
3.02208112 0.8819
3.04966334 0.8683
3.08953290 0.8168
3.11990047 0.7614
3.14373790 0.7236
3.16233745 0.7083
3.15211505 0.7183
3.10347429 0.7488
3.03327872 0.7850
2.96210002 0.8217
2.90698187 0.8674
2.88198630 0.9013
2.87770778 0.9048
2.88810101 0.8819
2.91642037 0.8433
2.95364134 0.8113
2.99341477 0.7910
3.02926149 0.7915
3.05398368 0.8031
3.05996865 0.8149
3.04805400 0.8265
3.03254370 0.8440
3.02373856 0.8721
3.02350528 0.8980
3.02884296 0.9063
3.03302399 0.9001
3.04105517 0.8797
3.05208070 0.8563
3.06469732 0.8378
3.06668665 0.8152
3.06954171 0.7888
3.08112459 0.7729
3.10773699 0.7777
3.12530457 0.7970
3.13207915 0.8153
3.13552098 0.8321
3.14252012 0.8452
3.13937312 0.8544
3.12663459 0.8521
3.10095274 0.8354
3.06610043 0.8153
3.02808428 0.8033
2.99699809 0.7979
2.98658953 0.7951
2.99683586 0.7969
3.01862350 0.8044
3.03108456 0.8163
3.02146505 0.8422
2.99942811 0.8805
2.97802594 0.9152
2.96537922 0.9332
2.96017229 0.9424
2.96079463 0.9487
2.97233100 0.9436
3.00333338 0.9161
3.04049439 0.8774
3.06614238 0.8464
3.07652408 0.8344
3.07750181 0.8474
3.06237665 0.8747
3.02182465 0.8984
2.98436389 0.9083
2.97344078 0.9161
2.99053602 0.9382
3.02118290 0.9461
3.03918035 0.9286
3.04855337 0.8974
3.05225122 0.8726
3.04850298 0.8670
3.03239956 0.8757
3.01304519 0.8842
3.00614891 0.8814
3.01440979 0.8832
3.02223739 0.9007
3.03332986 0.9198
3.04715815 0.9314
3.07017083 0.9300
3.10230662 0.9165
3.11906153 0.9032
3.11078542 0.8954
3.08920366 0.8966
3.06214861 0.9059
3.03614080 0.9213
3.01291384 0.9365
2.99498277 0.9441
2.98870087 0.9373
2.99947173 0.9219
3.03222661 0.9025
3.08078558 0.8785
3.13022365 0.8577
3.16205517 0.8359
3.16216186 0.8291
3.13954525 0.8448
3.10337406 0.8810
3.06328514 0.9106
3.02936362 0.9203
3.00611552 0.9166
3.00997028 0.9102
3.03797084 0.9038
3.07418930 0.8867
3.10571751 0.8635
3.12262583 0.8543
3.11959687 0.8761
3.09428346 0.9280
3.05896929 0.9811
3.03827150 0.9936
3.02476802 0.9798
3.02011443 0.9821
3.02458261 1.0091
3.03588726 1.0257
3.04185762 1.0114
3.04491600 0.9777
3.04799599 0.9627
3.04922879 0.9761
3.03669932 0.9997
3.01890225 0.9988
3.00540954 0.9705
3.00393220 0.9397
3.00581235 0.9295
3.00510157 0.9291
2.99492048 0.9098
2.97272871 0.8780
2.93608156 0.8597
2.90092798 0.8789
2.87399140 0.9330
2.86302086 0.9780
2.86916122 0.9863
2.89450221 0.9706
2.93112217 0.9556
2.96890727 0.9394
2.98312089 0.9256
2.96958490 0.9034
2.94736585 0.8811
2.93434221 0.8438
2.93021744 0.8246
2.94032486 1.0699
2.96553153 1.0520
2.98657652 1.0344
3.01400232 1.0014
3.05984937 0.9560
3.11188228 0.9126
3.14614463 0.8730
3.14827575 0.8424
3.11358960 0.8322
3.06198401 0.8527
3.00264950 0.8997
2.94967687 0.9646
2.92232184 0.9951
2.92467143 0.9771
2.94022725 0.9438
2.96048363 0.9174
2.98464150 0.8920
3.01405909 0.8669
3.03848630 0.8505
3.04895193 0.8498
3.04686692 0.8686
3.03196251 0.9048
3.01178149 0.9521
3.00492580 0.9857
3.01273532 0.9966
3.03025936 0.9870
3.04298050 0.9735
3.04467057 0.9644
3.03684190 0.9667
3.02481979 0.9740
3.01258146 0.9777
3.00450723 0.9726
2.99515451 0.9717
2.99181909 0.9910
3.00709525 1.0210
3.03557749 1.0255
3.06182720 1.0031
3.06227336 0.9727
3.03886179 0.9511
3.01283929 0.9412
2.99817873 0.9326
2.98965758 0.9207
2.97256026 0.9178
2.95598246 0.9181
2.95194217 0.9029
2.96747256 0.8812
2.98201043 0.8672
2.98466892 0.8600
2.97823856 0.8588
2.97076979 0.8661
2.97543959 0.8691
2.99701733 0.8479
3.01712947 0.8275
3.03988017 0.8194
3.06296899 0.8271
3.07583947 0.8528
3.07712520 0.8869
3.06766300 0.9257
3.05383281 0.9655
3.03953310 0.9940
3.03456859 0.9980
3.04684704 0.9714
3.07411104 0.9331
3.10003163 0.8987
3.11522883 0.8684
3.12404241 0.8421
3.11967423 0.8262
3.08858641 0.8268
3.04155402 0.8342
3.00313476 0.8398
2.98428354 0.8439
2.99555532 0.8412
3.03378121 0.8299
3.10059947 0.8114
3.17625759 0.7879
3.23741274 0.7602
3.27342824 0.7393
3.27288506 0.7387
3.22467991 0.7650
3.15827530 0.8010
3.10305767 0.8383
3.08128459 0.8602
3.08319173 0.8532
3.09522465 0.8377
3.11496781 0.8246
3.14064742 0.8000
3.18043980 0.7587
3.23062327 0.7256
3.26852187 0.7154
3.26468062 0.7184
3.23053984 0.7272
3.19253690 0.7430
3.16385324 0.7650
3.14979264 0.7905
3.14537480 0.8129
3.15288494 0.8221
3.16934583 0.8184
3.19027167 0.8065
3.21039033 0.7969
3.23365481 0.7853
3.25532235 0.7689
3.28566551 0.7465
3.30768406 0.7283
3.31620291 0.7164
3.30084005 0.7209
3.27434615 0.7325
3.24795788 0.7436
3.24018871 0.7496
3.24922544 0.7521
3.26985714 0.7506
3.29746415 0.7422
3.32233618 0.7245
3.34768862 0.7023
3.35999569 0.6900
3.34279728 0.6989
3.29552797 0.7223
3.22026350 0.7508
3.14759203 0.7806
3.09991323 0.8028
3.08883482 0.8098
3.11390476 0.7941
3.17381399 0.7695
3.25312591 0.7388
3.31160387 0.7112
3.33124068 0.6960
3.31422324 0.7005
3.26848751 0.7193
3.20118736 0.7404
3.13816797 0.7595
3.09331198 0.7757
3.08717762 0.7836
3.12415097 0.7779
3.19452637 0.7596
3.26352750 0.7380
3.31814771 0.7241
3.35057788 0.7187
3.34512529 0.7194
3.31254250 0.7241
3.26976343 0.7400
3.22470093 0.7698
3.17743415 0.8013
3.14129351 0.8174
3.13441236 0.8016
3.15056448 0.7691
3.17829072 0.7356
3.20686331 0.7065
3.23244193 0.6770
3.25346466 0.6450
3.27040465 0.6198
3.27389732 0.6111
3.26036745 0.6147
3.23441248 0.6290
3.20401045 0.6516
3.18017904 0.6698
3.16807652 0.6843
3.16630924 0.7026
3.17052744 0.7216
3.18147449 0.7294
3.19968658 0.7203
3.22741039 0.6909
3.27090807 0.6580
3.31723324 0.6479
3.34607410 0.6551
3.32970665 0.6660
3.28222752 0.6810
3.23453489 0.7002
3.20490815 0.7200
3.18496007 0.7320
3.17751917 0.7292
3.19049724 0.7155
3.23604458 0.7013
3.29353050 0.7003
3.32778002 0.7079
3.31785999 0.7215
3.28516479 0.7507
3.25234199 0.7879
3.21503940 0.8233
3.17753188 0.8389
3.15503405 0.8308
3.15559821 0.7969
3.17233576 0.7522
3.19674278 0.7197
3.21545436 0.7112
3.22380694 0.7162
3.21082376 0.7234
3.17570794 0.7308
3.12734811 0.7422
3.08538267 0.7563
3.06983922 0.7652
3.08345706 0.7513
3.11172234 0.7159
3.14228087 0.6805
3.17618262 0.6630
3.20685453 0.6660
3.20687560 0.6856
3.18997628 0.7110
3.16997914 0.7330
3.16051261 0.7326
3.13774201 0.7231
3.10147510 0.7213
3.07113422 0.7208
3.05389409 0.7157
3.05515156 0.7028
3.07917038 0.6868
3.11586225 0.6764
3.14662204 0.6735
3.16809633 0.6817
3.17646140 0.6926
3.16957189 0.6950
3.15652072 0.6873
3.14571559 0.6821
3.14151908 0.6821
3.13597630 0.6924
3.12379240 0.7157
3.11279338 0.7466
3.09507142 0.7790
3.06419801 0.8101
3.04270684 0.8270
3.04679659 0.8255
3.07809289 0.8150
3.12127600 0.8022
3.15624064 0.7918
3.18629069 0.7769
3.22025851 0.7577
3.26392856 0.7358
3.28156208 0.7351
3.24996910 0.7621
3.18090022 0.7984
3.10444458 0.8219
3.07602698 0.8071
3.12252273 0.7552
3.19168486 0.7082
3.23835681 0.6820
3.25153840 0.6883
3.24873150 0.7243
3.25529848 0.7680
3.26184450 0.8005
3.25274420 0.8224
3.21620555 0.8380
3.16512279 0.8482
3.13778632 0.8355
3.17218157 0.7708
3.25341084 0.6929
3.32587493 0.6375
3.34617218 0.6171
3.29487726 0.6399
3.20128515 0.6960
3.12682927 0.7724
3.09880981 0.8180
3.09694331 0.8279
3.10654652 0.8361
3.12532321 0.8354
3.16572389 0.8096
3.22895077 0.7657
3.28760905 0.7184
3.31328329 0.6971
3.28983913 0.7121
3.23132462 0.7634
3.17700752 0.8163
3.15758703 0.8429
3.16631968 0.8447
3.18654481 0.8392
3.19658598 0.8359
3.19309516 0.8349
3.17923963 0.8355
3.15356757 0.8366
3.11752404 0.8450
3.08282454 0.8511
3.06475653 0.8408
3.06364743 0.8216
3.07075888 0.8096
3.08061155 0.8083
3.08541347 0.8176
3.08088021 0.8393
3.07293452 0.8630
3.06824743 0.8828
3.06467258 0.9040
3.06271686 0.9222
3.06447044 0.9212
3.06968940 0.8961
3.07846964 0.8682
3.08150238 0.8482
3.08593977 0.8371
3.09003122 0.8363
3.09623324 0.8418
3.09846476 0.8532
3.09836541 0.8659
3.09028376 0.8735
3.07659749 0.8836
3.06965809 0.8763
3.07158863 0.8587
3.08009826 0.8448
3.08609215 0.8394
3.08516455 0.8477
3.07530845 0.8623
3.05769699 0.8725
3.03540881 0.8744
3.01848284 0.8609
3.01175618 0.8379
3.01335648 0.7963
3.02828540 0.7465
3.03774939 0.7160
3.02587950 0.7281
3.00498328 0.7669
2.98935676 0.8212
2.99698450 0.8483
3.02349633 0.8494
3.04887437 0.8512
3.06256982 0.8629
3.04366641 0.8803
3.01470190 0.8854
3.01168274 0.8404
3.04043401 0.7972
3.07266567 0.7992
3.10031165 0.8372
3.12544646 0.8790
3.15318896 0.9004
3.18096349 0.8963
3.20987731 0.8837
3.21349394 0.8830
3.18747548 0.8845
3.15691898 0.8685
3.14745965 0.8239
3.16483743 0.7733
3.18970594 0.7389
3.20925224 0.7236
3.19835942 0.7225
3.15862866 0.7382
3.10755170 0.7681
3.07718680 0.7974
3.06756127 0.8108
3.06668784 0.8093
3.06284758 0.8047
3.06165681 0.7995
3.08369061 0.7842
3.13796720 0.7515
3.19892212 0.7128
3.24769797 0.6761
3.25212395 0.6647
3.23092171 0.6762
3.20994003 0.7060
3.19069356 0.7377
3.17620830 0.7614
3.15649601 0.7795
3.14329886 0.7903
3.14182951 0.7993
3.15262668 0.8025
3.16721424 0.8013
3.18480979 0.7957
3.20604030 0.7898
3.23129017 0.7853
3.25160445 0.7826
3.25747654 0.7823
3.23999569 0.7840
3.20610624 0.7889
3.16117343 0.7992
3.12817919 0.8068
3.11757820 0.8096
3.12017957 0.8173
3.11992266 0.8307
3.12145678 0.8402
3.14270280 0.8269
3.17952244 0.7939
3.20878543 0.7616
3.22947736 0.7451
3.23902779 0.7475
3.22632444 0.7637
3.19516936 0.7827
3.15714267 0.7945
3.12876623 0.7981
3.11706702 0.7986
3.12439678 0.7958
3.13447238 0.7914
3.14174162 0.7828
3.15161687 0.7690
3.16057965 0.7580
3.16602852 0.7505
3.16242569 0.7448
3.15844542 0.7386
3.17352406 0.7331
3.20528177 0.7314
3.23832263 0.7388
3.25563802 0.7494
3.25222434 0.7605
3.23162886 0.7680
3.21811914 0.7583
3.21493845 0.7401
3.21859776 0.7183
3.20830004 0.7102
3.19564407 0.7315
3.20378008 0.7635
3.23495383 0.7805
3.27548443 0.7863
3.31337417 0.7904
3.33286782 0.8006
3.32404516 0.8069
3.30565700 0.8049
3.27568379 0.8092
3.24090383 0.8272
3.21150511 0.8564
3.19786961 0.8799
3.20870411 0.8820
3.24515232 0.8619
3.30924104 0.8322
3.37793056 0.8032
3.43829389 0.7724
3.47551709 0.7413
3.47235538 0.7161
3.41713070 0.7119
3.32766583 0.7362
3.24738355 0.7764
3.20309456 0.8092
3.18870215 0.8226
3.19879468 0.8284
3.22311275 0.8351
3.27019683 0.8383
3.34750484 0.8200
3.43313630 0.7825
3.49015572 0.7460
3.50743052 0.7305
3.48748962 0.7399
3.43263909 0.7667
3.35921028 0.7907
3.28863234 0.8079
3.23774163 0.8247
3.21201730 0.8479
3.21297123 0.8698
3.23632221 0.8698
3.26991959 0.8451
3.29894969 0.8195
3.31293473 0.8133
3.30594397 0.8200
3.27780002 0.8242
3.23329752 0.8222
3.18650915 0.8204
3.14463444 0.8240
3.10875330 0.8281
3.09037414 0.8221
3.09018690 0.8057
3.10147668 0.7892
3.11275705 0.7855
3.11722760 0.7904
3.11489588 0.7898
3.10872943 0.7749
3.09882701 0.7521
3.08789169 0.7401
3.07910031 0.7469
3.07077827 0.7650
3.06162332 0.7805
3.05701217 0.7898
3.06888974 0.7981
3.09278339 0.8203
3.11034354 0.8471
3.12286999 0.8625
3.12100361 0.8656
3.10367424 0.8674
3.07966658 0.8752
3.05647090 0.8865
3.03804177 0.8882
3.02066789 0.8704
3.01532886 0.8403
3.03237286 0.8150
3.07426527 0.7920
3.11693017 0.7846
3.13911849 0.7885
3.13494897 0.7997
3.11080096 0.8220
3.08085888 0.8554
3.04618660 0.8913
3.01930849 0.9120
3.00794279 0.9094
3.00864791 0.8960
3.02977297 0.8873
3.06672160 0.8837
3.10166845 0.8833
3.12483661 0.8783
3.13392480 0.8741
3.12896448 0.8808
3.10878917 0.8948
3.07080322 0.9148
3.03507649 0.9188
3.01496136 0.8944
3.01987604 0.8535
3.04581260 0.8131
3.07741191 0.7812
3.10348126 0.7556
3.10270895 0.7448
3.08429837 0.7576
3.07079805 0.8018
3.06156677 0.8451
3.04858549 0.8707
3.03757716 0.8809
3.03985552 0.8758
3.06223501 0.8553
3.09863035 0.8299
3.13109121 0.8006
3.14068321 0.7809
3.13375607 0.7751
3.11591530 0.7937
3.09138088 0.8208
3.06576311 0.8422
3.04415198 0.8514
3.03508598 0.8493
3.04769750 0.8399
3.07494859 0.8287
3.10703330 0.8189
3.13268609 0.8112
3.14920524 0.8059
3.15016081 0.8058
3.13317245 0.8128
3.09772923 0.8343
3.07237755 0.8534
3.05751694 0.8625
3.05069357 0.8576
3.04575763 0.8450
3.04023179 0.8320
3.03436043 0.8173
3.02972300 0.8061
3.03563139 0.7967
3.05452730 0.7890
3.07065066 0.7797
3.07549966 0.7708
3.07227129 0.7649
3.06961520 0.7594
3.06936043 0.7569
3.06902918 0.7550
3.06078316 0.7604
3.05357244 0.7664
3.05675623 0.7650
3.06043214 0.7628
3.05149548 0.7786
3.03494606 0.8111
3.01531690 0.8392
3.00223983 0.8428
3.00508690 0.8326
3.01763835 0.8232
3.03086323 0.8304
3.04642868 0.8437
3.07011746 0.8473
3.08426850 0.8354
3.09202167 0.8147
3.10587938 0.7989
3.12084748 0.7915
3.12327203 0.7859
3.10796200 0.7785
3.08121648 0.7746
3.04936588 0.7862
3.01826507 0.8123
2.99112035 0.8344
2.97292089 0.8368
2.96802661 0.8381
2.97230540 0.8514
2.97920768 0.8621
2.98612529 0.8650
2.99620631 0.8641
3.00705688 0.8625
3.02414639 0.8587
3.04496494 0.8617
3.06841129 0.8695
3.09974375 0.8753
3.12652571 0.8784
3.13270497 0.8815
3.11009884 0.8928
3.07524772 0.8972
3.04522096 0.8886
3.02283167 0.8766
3.01100438 0.8679
3.01287444 0.8614
3.02221627 0.8538
3.03456361 0.8415
3.05115177 0.8186
3.06797700 0.7958
3.07831217 0.7918
3.08334861 0.8017
3.08200751 0.8127
3.07386277 0.8175
3.05872171 0.8252
3.04559983 0.8334
3.03779124 0.8367
3.04127554 0.8195
3.06539982 0.7726
3.09132098 0.7268
3.10853270 0.7187
3.12597836 0.7390
3.14111364 0.7635
3.14798035 0.7730
3.15072628 0.7729
3.14074378 0.7826
3.12032478 0.8101
3.08759626 0.8457
3.05793218 0.8674
3.04370705 0.8567
3.04624262 0.8264
3.05700655 0.8021
3.06965442 0.7911
3.09370617 0.7813
3.11965282 0.7730
3.12996975 0.7667
3.10865166 0.7740
3.08219213 0.7908
3.06441419 0.8143
3.05544891 0.8332
3.05725413 0.8317
3.06959700 0.8123
3.09008236 0.7857
3.11302853 0.7543
3.12969384 0.7282
3.13429571 0.7081
3.13102115 0.7012
3.13092409 0.7041
3.12870309 0.7163
3.12221739 0.7294
3.12090348 0.7444
3.12497593 0.7655
3.13497922 0.7847
3.14066677 0.7952
3.14475613 0.7964
3.15960198 0.8015
3.18098608 0.8158
3.19968906 0.8269
3.20627662 0.8214
3.21407065 0.8012
3.22869942 0.7772
3.23458985 0.7584
3.21288189 0.7467
3.17353644 0.7424
3.13984060 0.7457
3.12349533 0.7590
3.11397412 0.7771
3.10435184 0.7921
3.09544458 0.8009
3.09988883 0.8019
3.12028148 0.7988
3.14942005 0.7882
3.18840714 0.7659
3.23236226 0.7351
3.27063720 0.7158
3.28661951 0.7191
3.27135749 0.7420
3.23580513 0.7755
3.19274890 0.8108
3.16592938 0.8395
3.15124467 0.8583
3.15361883 0.8701
3.16835127 0.8700
3.19802573 0.8532
3.23553114 0.8283
3.26403637 0.8065
3.28139674 0.7938
3.28396223 0.7929
3.26535246 0.8013
3.23507637 0.8154
3.21403395 0.8284
3.21207597 0.8340
3.22875134 0.8288
3.24572233 0.8080
3.25142831 0.7726
3.27020688 0.7295
3.29712862 0.7036
3.30736675 0.6999
3.28856837 0.7042
3.23866907 0.7144
3.19645924 0.7268
3.18375385 0.7399
3.19117381 0.7471
3.21308778 0.7411
3.24040037 0.7249
3.26925097 0.7117
3.29250898 0.7103
3.28988493 0.7256
3.24688316 0.7603
3.18758641 0.8038
3.14299211 0.8406
3.12315801 0.8619
3.12337152 0.8635
3.12886934 0.8504
3.13124310 0.8260
3.12539790 0.7989
3.10990589 0.7739
3.08822377 0.7576
3.07011138 0.7563
3.05572180 0.7662
3.03655401 0.7861
3.02411189 0.8029
3.04159065 0.8149
3.07557788 0.8221
3.11306531 0.8244
3.15027801 0.8115
3.18440244 0.7888
3.21288626 0.7611
3.23108585 0.7416
3.23037025 0.7301
3.20513752 0.7275
3.16905660 0.7308
3.13820478 0.7385
3.11178242 0.7505
3.09099390 0.7636
3.07113925 0.7876
3.04786478 0.8199
3.02608951 0.8396
3.01304564 0.8369
3.01762671 0.8167
3.03201160 0.7874
3.05233138 0.7591
3.07983961 0.7353
3.11796277 0.7221
3.15491099 0.7259
3.18111323 0.7455
3.17541921 0.7840
3.14368396 0.8277
3.10207554 0.8577
3.07659881 0.8564
3.07554121 0.8303
3.08874699 0.7999
3.10904062 0.7684
3.13791209 0.7293
3.17475302 0.6962
3.21366663 0.6886
3.25319846 0.7022
3.28391418 0.7225
3.28906862 0.7354
3.28276822 0.7465
3.28943517 0.7504
3.31089568 0.7473
3.33927654 0.7357
3.35827274 0.7122
3.35735074 0.6815
3.33502506 0.6539
3.29739950 0.6389
3.24677375 0.6396
3.18702647 0.6537
3.13806857 0.6765
3.12829469 0.6912
3.15766525 0.6913
3.19379200 0.6848
3.20933299 0.6781
3.19564778 0.6825
3.16565996 0.7024
3.13303375 0.7328
3.10516821 0.7583
3.08407253 0.7754
3.07456902 0.7800
3.08535569 0.7717
3.12791261 0.7562
3.19829796 0.7378
3.27265622 0.7157
3.32702475 0.6955
3.34573512 0.6872
3.33572836 0.6951
3.29698145 0.7114
3.23961701 0.7267
3.18738948 0.7310
3.15813590 0.7364
3.15480949 0.7458
3.17618330 0.7502
3.19335466 0.7460
3.20710371 0.7293
3.20912774 0.7076
3.19221977 0.6944
3.15742344 0.6899
3.11562679 0.6905
3.08012543 0.6918
3.06120164 0.6949
3.06449144 0.7076
3.08983233 0.7255
3.11608233 0.7408
3.13881625 0.7417
3.15917132 0.7304
3.17752861 0.7202
3.19531363 0.7105
3.20167394 0.7029
3.20561264 0.6927
3.22046041 0.6771
3.25455272 0.6632
3.30364169 0.6582
3.34235231 0.6679
3.34757381 0.6884
3.31717027 0.7068
3.26124243 0.7233
3.19910234 0.7407
3.14063551 0.7625
3.09292141 0.7764
3.06915812 0.7667
3.07141591 0.7442
3.10407140 0.7167
3.15341322 0.7022
3.20761005 0.6968
3.24741808 0.6963
3.24813693 0.7063
3.21411828 0.7321
3.16077287 0.7779
3.10244576 0.8256
3.06154581 0.8535
3.05686967 0.8523
3.09248773 0.8328
3.16680688 0.8072
3.26733434 0.7797
3.36294415 0.7498
3.42365170 0.7222
3.42048386 0.7131
3.34660951 0.7247
3.23347824 0.7482
3.13007802 0.7602
3.07747651 0.7403
3.07126923 0.7031
3.09593642 0.6952
3.12908659 0.7277
3.17385243 0.7758
3.23959099 0.8023
3.30131040 0.8032
3.32394014 0.7970
3.30287983 0.7962
3.26154422 0.7971
3.21246574 0.7939
3.17563159 0.7766
3.16096267 0.7520
3.16379079 0.7422
3.17888859 0.7488
3.20028546 0.7541
3.22713424 0.7473
3.23979656 0.7358
3.22917857 0.7250
3.21775628 0.7118
3.21793593 0.7026
3.23096790 0.6974
3.23473770 0.7051
3.22695815 0.7244
3.22056638 0.7484
3.21953663 0.7743
3.23406767 0.7947
3.25976122 0.8060
3.28145879 0.7982
3.28611622 0.7613
3.28459883 0.7166
3.27493455 0.6947
3.25377201 0.6877
3.21184942 0.6808
3.14550689 0.6691
3.07263272 0.6618
3.00436871 0.6659
2.96509275 0.6751
2.95065735 0.6749
2.96468769 0.6526
3.00417190 0.6252
3.06314743 0.6169
3.13314866 0.6309
3.19127671 0.6622
3.21206022 0.6981
3.21048585 0.7295
3.19874593 0.7537
3.19497032 0.7649
3.20225107 0.7634
3.21615028 0.7448
3.22818119 0.7086
3.24345113 0.6606
3.26934446 0.6229
3.28427877 0.6157
3.27037985 0.6342
3.21993994 0.6656
3.16262415 0.6942
3.11542061 0.7199
3.08380059 0.7478
3.07656914 0.7648
3.09500234 0.7533
3.13024846 0.7142
3.17327055 0.6682
3.20985636 0.6437
3.23103416 0.6423
3.24507143 0.6530
3.23928979 0.6549
3.21205591 0.6485
3.18336185 0.6413
3.17173431 0.6339
3.18897559 0.6188
3.23012460 0.5956
3.26663720 0.5786
3.29239962 0.5695
3.30901048 0.5732
3.31429695 0.5855
3.31136138 0.5982
3.30576933 0.6108
3.29315909 0.6214
3.27752847 0.6307
3.26751525 0.6467
3.25841518 0.6646
3.25476414 0.6732
3.24194143 0.6726
3.22808879 0.6665
3.20543577 0.6611
3.18429943 0.6486
3.16841503 0.6295
3.16382578 0.6077
3.17025687 0.5990
3.19409442 0.6072
3.23734574 0.6278
3.28204635 0.6508
3.29500519 0.6731
3.26382411 0.6946
3.21361136 0.7144
3.17928639 0.7187
3.17147556 0.7025
3.19323905 0.6757
3.23379854 0.6604
3.27511816 0.6515
3.32114956 0.6345
3.35766610 0.6266
3.35337941 0.6332
3.29427044 0.6523
3.19872166 0.6798
3.10358748 0.7043
3.03524621 0.7175
2.99949430 0.7233
2.99898859 0.7140
3.03008614 0.6841
3.08496782 0.6431
3.16283214 0.6277
3.25429638 0.6286
3.33417209 0.6332
3.35886451 0.6322
3.31222739 0.6284
3.22933149 0.6316
3.16139469 0.6546
3.11040854 0.6953
3.08400017 0.7269
3.09162483 0.7365
3.13779523 0.7330
3.21547061 0.7320
3.29318417 0.7302
3.34000913 0.7224
3.34734838 0.7009
3.33509307 0.6714
3.32299039 0.6485
3.30422946 0.6454
3.27789591 0.6572
3.23737150 0.6723
3.21135561 0.6752
3.21199926 0.6732
3.22619435 0.6829
3.24014030 0.7055
3.24769355 0.7247
3.24581799 0.7265
3.25397334 0.7123
3.27094089 0.6962
3.28324196 0.6909
3.27321730 0.6922
3.24285079 0.6816
3.19732995 0.6641
3.16113303 0.6504
3.12952456 0.6535
3.10297676 0.6645
3.07411348 0.6724
3.05602525 0.6750
3.07176022 0.6727
3.11672548 0.6710
3.18457257 0.6693
3.26012795 0.6595
3.31218148 0.6524
3.34573697 0.6541
3.34595812 0.6654
3.31965198 0.6875
3.28001866 0.7139
3.25088964 0.7341
3.24327230 0.7463
3.25037578 0.7526
3.28056828 0.7454
3.31995968 0.7341
3.36223842 0.7230
3.37976713 0.7150
3.36869207 0.7066
3.33334710 0.7062
3.29101095 0.7146
3.26027640 0.7209
3.23065064 0.7213
3.20573630 0.7161
3.20055367 0.7090
3.23150615 0.7040
3.27404916 0.7059
3.30321175 0.7009
3.29259341 0.6931
3.25883322 0.6915
3.22177052 0.7035
3.18777672 0.7253
3.16547457 0.7474
3.14709849 0.7580
3.14611729 0.7516
3.16953609 0.7388
3.20477768 0.7312
3.24058751 0.7321
3.25003226 0.7413
3.23340755 0.7512
3.20050026 0.7656
3.15950574 0.7818
3.12899925 0.7934
3.12136452 0.7932
3.13073571 0.7794
3.15420320 0.7527
3.18552225 0.7278
3.21466779 0.7189
3.21288953 0.7266
3.18397879 0.7385
3.13808432 0.7539
3.10135137 0.7717
3.09377456 0.7923
3.12140576 0.8100
3.16411835 0.8087
3.21342683 0.7771
3.26476021 0.7360
3.33431874 0.7078
3.38611418 0.7060
3.38554801 0.7187
3.32864948 0.7364
3.23890972 0.7494
3.16379179 0.7558
3.11972139 0.7579
3.11564070 0.7469
3.12942601 0.7210
3.14387689 0.6864
3.17064214 0.6634
3.19639996 0.6692
3.19552181 0.7041
3.15741685 0.7553
3.11013961 0.8001
3.07390747 0.8355
3.07249168 0.8551
3.10676389 0.8508
3.15805321 0.8236
3.21169643 0.7749
3.25423477 0.7216
3.26635810 0.6905
3.24549091 0.6855
3.18278547 0.7090
3.10186712 0.7389
3.02995510 0.7635
2.99283112 0.7695
2.99803279 0.7662
3.04895983 0.7577
3.12339805 0.7438
3.18626122 0.7291
3.23090650 0.7233
3.25357528 0.7258
3.25011690 0.7455
3.22419273 0.7749
3.19288624 0.8046
3.16602388 0.8260
3.15184927 0.8345
3.15545897 0.8277
3.17200326 0.8049
3.17806078 0.7787
3.18478893 0.7554
3.17785521 0.7414
3.15601635 0.7367
3.13149802 0.7417
3.11308988 0.7528
3.12283052 0.7659
3.15877072 0.7702
3.20055935 0.7674
3.23656730 0.7706
3.25724539 0.7823
3.24323609 0.8040
3.20917296 0.8291
3.16968745 0.8505
3.13505339 0.8636
3.11555745 0.8685
3.12373175 0.8652
3.16542904 0.8526
3.22400511 0.8201
3.27826726 0.7778
3.31012165 0.7478
3.30876094 0.7492
3.27356396 0.7725
3.20806248 0.8045
3.13560393 0.8360
3.08316229 0.8619
3.06217624 0.8802
3.07707610 0.8800
3.11683487 0.8576
3.17255194 0.8253
3.23760680 0.7943
3.29184774 0.7720
3.31281340 0.7629
3.27418818 0.7680
3.20827578 0.7764
3.13243810 0.7879
3.08186969 0.7928
3.06313711 0.7790
3.06543512 0.7583
3.08109540 0.7479
3.12333122 0.7392
3.19970739 0.7226
3.29955938 0.6983
3.37294883 0.6749
3.40257381 0.6593
3.39527511 0.6638
3.35724253 0.6857
3.29346078 0.7083
3.22137623 0.7228
3.15967354 0.7340
3.13501763 0.7418
3.14402922 0.7509
3.16293683 0.7588
3.17854506 0.7542
3.18184401 0.7446
3.18107063 0.7444
3.16953058 0.7595
3.14146408 0.7832
3.10978188 0.8030
3.08557455 0.8034
3.07800106 0.7898
3.08542346 0.7914
3.10216133 0.8028
3.12679186 0.8042
3.16607224 0.7851
3.20993975 0.7562
3.24824907 0.7425
3.26538649 0.7470
3.25530087 0.7585
3.22021183 0.7656
3.17958569 0.7710
3.16477791 0.7774
3.18261652 0.7830
3.22081226 0.7794
3.26220777 0.7601
3.30117124 0.7292
3.33096698 0.7035
3.34151085 0.6985
3.32554578 0.7147
3.28368846 0.7396
3.23158180 0.7536
3.19089013 0.7584
3.18669190 0.7573
3.21696216 0.7547
3.26702109 0.7383
3.31797852 0.6999
3.35939849 0.6572
3.37910441 0.6341
3.37335570 0.6373
3.34954351 0.6584
3.30781510 0.6883
3.27280742 0.7165
3.25241587 0.7420
3.24757918 0.7656
3.25753478 0.7792
3.28766584 0.7715
3.32735808 0.7471
3.36434598 0.7220
3.38461440 0.7118
3.39545899 0.7212
3.38598730 0.7409
3.36304111 0.7584
3.32462212 0.7717
3.28799130 0.7832
3.25579245 0.7843
3.22074967 0.7703
3.19059466 0.7412
3.17357316 0.7171
3.18079311 0.7100
3.21389959 0.7179
3.25522302 0.7275
3.30299952 0.7251
3.36090008 0.7144
3.41287569 0.7097
3.43563475 0.7187
3.41124185 0.7305
3.34306591 0.7379
3.26713624 0.7375
3.20876551 0.7464
3.17664591 0.7706
3.15261615 0.8026
3.14933792 0.8146
3.18029964 0.7998
3.24353728 0.7676
3.30202725 0.7315
3.32551961 0.7024
3.29624828 0.6852
3.23117376 0.6766
3.15270519 0.6838
3.09169074 0.7102
3.05407887 0.7476
3.05018708 0.7711
3.09220924 0.7802
3.18341550 0.7794
3.30098970 0.7567
3.40763596 0.7155
3.47557719 0.6759
3.48719479 0.6469
3.44012140 0.6331
3.36328692 0.6423
3.28006084 0.6719
3.19911421 0.7021
3.12686569 0.7191
3.08553162 0.7205
3.09264835 0.7147
3.13439674 0.7071
3.19223122 0.6936
3.25772789 0.6730
3.31833878 0.6539
3.36961519 0.6481
3.40066799 0.6618
3.41860877 0.6857
3.41351761 0.7054
3.39906741 0.7080
3.39333387 0.6958
3.38479785 0.6844
3.37999611 0.6766
3.36501746 0.6708
3.35856810 0.6606
3.36276881 0.6537
3.36131895 0.6569
3.35723832 0.6656
3.36035020 0.6760
3.38123402 0.6892
3.39914185 0.7002
3.38519791 0.7075
3.34736757 0.7178
3.31476515 0.7308
3.29500354 0.7457
3.28512867 0.7579
3.27960819 0.7646
3.29022004 0.7575
3.31296866 0.7413
3.34442669 0.7212
3.36979021 0.7030
3.37823267 0.6888
3.37296257 0.6772
3.36466134 0.6710
3.34922501 0.6722
3.33282978 0.6791
3.32053951 0.6921
3.31935835 0.7104
3.32689965 0.7236
3.33676203 0.7215
3.34686576 0.7039
3.35632595 0.6851
3.36628463 0.6739
3.37342328 0.6630
3.37880435 0.6435
3.40291924 0.6191
3.44622578 0.6040
3.48220022 0.6034
3.51144210 0.6104
3.53090269 0.6162
3.52142292 0.6222
3.49831668 0.6257
3.46416061 0.6283
3.44232820 0.6224
3.42487688 0.6083
3.42089874 0.5948
3.43222882 0.5913
3.43314293 0.5978
3.44456921 0.6105
3.46749255 0.6309
3.47994975 0.6520
3.46610233 0.6743
3.41658032 0.7080
3.35404481 0.7454
3.30241040 0.7626
3.25368953 0.7552
3.20909404 0.7379
3.16473254 0.7347
3.13466888 0.7463
3.12685099 0.7719
3.14648034 0.7912
3.17471547 0.8016
3.18469963 0.8215
3.17985949 0.8438
3.17758419 0.8553
3.18808801 0.8430
3.21822885 0.8096
3.25608228 0.7758
3.29426726 0.7577
3.32486336 0.7569
3.33471027 0.7648
3.32076775 0.7772
3.28334311 0.7953
3.22861800 0.8233
3.18435056 0.8521
3.17962589 0.8595
3.21687319 0.8286
3.27333985 0.7762
3.32210748 0.7291
3.34912918 0.7018
3.35683022 0.6968
3.33747951 0.7045
3.29002147 0.7207
3.23117841 0.7503
3.19214328 0.7841
3.18833861 0.8110
3.22799969 0.8200
3.30077891 0.8086
3.37254457 0.7829
3.42474080 0.7573
3.44901749 0.7428
3.44756803 0.7402
3.41600188 0.7479
3.35213714 0.7718
3.26848441 0.8078
3.19099141 0.8499
3.13728834 0.8870
3.11062362 0.9013
3.10437018 0.8914
3.11129994 0.8698
3.12043723 0.8500
3.13658063 0.8397
3.14401761 0.8333
3.13913892 0.8320
3.12319535 0.8364
3.11571531 0.8442
3.11685498 0.8548
3.11916693 0.8707
3.10999221 0.8817
3.09025305 0.8855
3.07512457 0.8956
3.06840247 0.9175
3.05942369 0.9385
3.04165212 0.9406
3.02123491 0.9327
3.01313764 0.9200
3.03513596 0.8964
3.08194870 0.8658
3.13563237 0.8371
3.17490486 0.8262
3.18566324 0.8356
3.16784853 0.8636
3.13710089 0.8975
3.10790075 0.9173
3.08475900 0.9159
3.06715331 0.9028
3.05422730 0.9028
3.05968708 0.9097
3.08935828 0.9011
3.14367673 0.8618
3.19492006 0.8184
3.22948828 0.7872
3.23780529 0.7845
3.22058655 0.8081
3.18592118 0.8371
3.12955680 0.8669
3.05968246 0.9064
2.99841780 0.9542
2.96633036 0.9647
2.96024099 0.9310
2.98546599 0.8821
3.02351092 0.8455
3.05702243 0.8238
3.06635655 0.8131
3.03902485 0.8139
2.98463778 0.8292
2.92697720 0.8492
2.87826355 0.8630
2.85630414 0.8607
2.87204071 0.8159
2.92490130 0.7715
2.96649872 0.7604
2.97055811 0.7824
2.94305071 0.8527
2.92988243 0.9271
2.94694844 0.9306
2.97930055 0.9233
3.01383327 0.9111
3.03080097 0.8921
3.04034622 0.8776
3.05220645 0.8827
3.06130369 0.8980
3.05502087 0.9090
3.02439728 0.9111
2.98042383 0.9110
2.94279990 0.9097
2.92661536 0.8931
2.91868839 0.8768
2.92265107 0.8607
2.93299494 0.8492
2.94709990 0.8557
2.95758104 0.8802
2.96847374 0.9082
2.98408763 0.9092
2.99514213 0.8922
2.99560708 0.8953
2.98591609 0.9188
2.97649013 0.9319
2.96708711 0.9232
2.95687526 0.9118
2.94937647 0.9112
2.94985170 0.9155
2.96158951 0.9122
2.97959047 0.9065
2.99313536 0.8981
2.99652472 0.8946
2.99567578 0.8999
2.99569247 0.9070
2.99261611 0.9074
2.98398982 0.9050
2.97241774 0.9024
2.96527011 0.9017
2.96297269 0.9077
2.95783649 0.9107
2.95162789 0.9038
2.93600827 0.8895
2.92207351 0.8849
2.90866484 0.8908
2.90501450 0.8855
2.91595029 0.8549
2.93836421 0.8108
2.96941477 0.7698
2.99501040 0.7544
3.00414716 0.7644
2.99199245 0.7930
2.97424279 0.8322
2.96312975 0.8484
2.96031618 0.8135
2.96907455 0.7790
2.98151942 0.7478
2.99593002 0.7121
3.01940475 0.6836
3.04559572 0.6757
3.05717958 0.6848
3.03973964 0.7007
3.00931501 0.7159
2.98233608 0.7304
2.96657721 0.7515
2.94744062 0.7794
2.93687096 0.8255
2.93497730 0.8251
2.93810766 0.8811
2.95747091 0.9435
2.98613708 0.9509
3.01422415 0.9293
3.03485383 0.8898
3.04497379 0.8596
3.04855200 0.8458
3.03427524 0.8428
3.00200339 0.8435
2.96813132 0.8418
2.94130204 0.8446
2.93076385 0.8539
2.93487569 0.8766
2.95167032 0.8842
2.98707775 0.8783
3.03285948 0.8713
3.07048083 0.8635
3.09373399 0.8585
3.09951087 0.8484
3.09261448 0.8258
3.07443349 0.8006
3.04450339 0.7877
3.00978423 0.7968
2.98918876 0.8287
2.98535348 0.8608
2.98605118 0.8758
2.98591511 0.8578
2.98612270 0.8240
2.98897089 0.8057
2.99457124 0.8036
3.00213630 0.7990
3.00269498 0.7949
2.99272415 0.7962
2.98309814 0.8107
2.97472237 0.8297
2.97306595 0.8321
2.97728032 0.8186
2.98837172 0.8091
3.00156317 0.8106
3.01561996 0.8173
3.02952676 0.8274
3.04598981 0.8262
3.05773867 0.8159
3.06173673 0.8099
3.05936940 0.8129
3.05854827 0.8194
3.05864634 0.8242
3.05521350 0.8322
3.03596189 0.8457
3.00659864 0.8585
2.97406377 0.8668
2.95070713 0.8618
2.93858109 0.8525
2.93156351 0.8429
2.93049710 0.8385
2.94751970 0.8352
2.97825382 0.8270
2.99584994 0.8223
2.99244678 0.8253
2.98359083 0.8332
2.98410131 0.8409
2.99356775 0.8395
3.00518026 0.8350
3.02007970 0.8371
3.03972861 0.8463
3.06117717 0.8572
3.06956592 0.8582
3.06963862 0.8534
3.06866261 0.8465
3.06656469 0.8396
3.04699503 0.8260
3.01913336 0.8062
3.01532248 0.7847
3.03946651 0.7723
3.05892911 0.7763
3.05876385 0.7845
3.05626165 0.7749
3.08284584 0.7425
3.13395347 0.7023
3.16998835 0.6674
3.17031660 0.6391
3.15672508 0.6283
3.12981607 0.6387
3.09336537 0.6690
3.05720643 0.7217
3.04673794 0.7803
3.07285421 0.7931
3.10860080 0.7871
3.12270038 0.7929
3.10921626 0.8142
3.08077186 0.8377
3.05053483 0.8491
3.03838486 0.8427
3.04822446 0.8295
3.07303395 0.8169
3.10221341 0.8057
3.13676862 0.7880
3.16706771 0.7746
3.16744386 0.7677
3.14979575 0.7660
3.12930842 0.7708
3.11115326 0.7726
3.07359955 0.7725
3.03301895 0.7652
3.01316619 0.7542
3.01024017 0.7640
3.00249186 0.7944
2.98328431 0.8206
2.95795207 0.8376
2.94355152 0.8424
2.94885459 0.8309
2.96071945 0.8224
2.98572130 0.8136
3.02546874 0.7867
3.07236049 0.7440
3.10605502 0.7114
3.10944028 0.7062
3.08883875 0.7320
3.05521457 0.7759
3.01446074 0.8088
2.96467249 0.8145
2.93278543 0.7896
2.92972320 0.7558
2.95048167 0.7270
2.99340443 0.6862
3.04987696 0.6348
3.10913203 0.6008
3.16352022 0.5971
3.19733348 0.6225
3.19390678 0.6624
3.17507657 0.7025
3.16183855 0.7342
3.15569325 0.7538
3.14601806 0.7619
3.13428973 0.7582
3.11717584 0.7356
3.10603481 0.6946
3.10114916 0.6623
3.09682899 0.6457
3.08509305 0.6513
3.07810435 0.6752
3.09503633 0.6976
3.11078337 0.7199
3.11686990 0.7380
3.11470886 0.7542
3.11883351 0.7628
3.12746061 0.7667
3.12985608 0.7665
3.11688157 0.7650
3.09504904 0.7627
3.07428875 0.7717
3.06964330 0.7843
3.08892434 0.7784
3.12843067 0.7527
3.18673423 0.7127
3.25619301 0.6722
3.32117983 0.6390
3.35939944 0.6154
3.35229695 0.6015
3.30251755 0.5951
3.22093615 0.6005
3.13841376 0.6229
3.09922614 0.6605
3.11657535 0.6925
3.16397082 0.7059
3.21645739 0.7036
3.25759507 0.6975
3.28238310 0.6945
3.29578573 0.6890
3.30192253 0.6844
3.27883448 0.6920
3.23033212 0.7144
3.17019008 0.7485
3.12319643 0.7750
3.09376249 0.7867
3.07422709 0.7898
3.06671707 0.7856
3.06442207 0.7795
3.07844899 0.7692
3.10147455 0.7506
3.12482904 0.7265
3.14125488 0.7039
3.14896243 0.6936
3.14945541 0.6896
3.13837151 0.6851
3.10987189 0.6837
3.08250982 0.6874
3.05580183 0.7000
3.02774384 0.7108
3.00641314 0.7085
2.99232070 0.7038
2.99270856 0.7129
3.00352781 0.7292
3.03378511 0.7324
3.07679371 0.7221
3.12079691 0.7013
3.15550479 0.6745
3.18059196 0.6499
3.19449755 0.6437
3.20076967 0.6508
3.18699312 0.6691
3.16405131 0.6951
3.13382475 0.7296
3.10266213 0.7620
3.08470590 0.7856
3.07467425 0.7847
3.06264162 0.7590
3.03820279 0.7203
3.01456308 0.6910
3.00912624 0.6862
3.01547494 0.7011
3.01844967 0.7088
3.01947531 0.7045
3.02325168 0.7086
3.03830702 0.7187
3.05343430 0.7207
3.05179729 0.7139
3.03694635 0.7131
3.02519980 0.7165
3.02544346 0.7147
3.03387445 0.7010
3.04546247 0.6710
3.06573485 0.6318
3.10887760 0.5908
3.17184626 0.5705
3.21898970 0.5688
3.22742806 0.5678
3.20076622 0.5618
3.15095171 0.5522
3.09487412 0.5381
3.03318057 0.5209
2.95990860 0.5041
2.91143367 0.5134
2.90744507 0.5629
2.94957966 0.5107
3.01670930 0.4704
3.08346872 0.4605
3.12334671 0.4615
3.13939881 0.4645
3.14675345 0.4722
3.14475769 0.4855
3.13179392 0.4995
3.10056277 0.5207
3.08513395 0.5426
3.09915909 0.5393
3.14685350 0.5105
3.20600269 0.5017
3.23898563 0.5106
3.23802926 0.5188
3.23155913 0.5287
3.25164608 0.5486
3.27453628 0.5748
3.28842003 0.5865
3.29622895 0.5815
3.31078004 0.5766
3.33406057 0.5893
3.35472129 0.6155
3.34312429 0.6436
3.29701074 0.6619
3.23674224 0.6708
3.18899058 0.6823
3.15649051 0.6984
3.12308821 0.7059
3.09177494 0.6930
3.07053527 0.6663
3.07134657 0.6389
3.08702292 0.6218
3.11453743 0.6021
3.14580192 0.5786
3.17347355 0.5569
3.19854753 0.5456
3.21305151 0.5513
3.20448207 0.5712
3.18115160 0.5969
3.14493220 0.6232
3.11532126 0.6502
3.09982405 0.6686
3.09741064 0.6722
3.10065188 0.6644
3.11108655 0.6505
3.13396835 0.6309
3.17103191 0.6125
3.19156542 0.6076
3.16994633 0.6217
3.12738811 0.6573
3.08962232 0.7007
3.06095341 0.7310
3.02732259 0.7481
3.00494618 0.7665
3.00155836 0.7790
3.01480231 0.7619
3.03318594 0.7242
3.04872758 0.6769
3.05730745 0.6394
3.04537101 0.6289
3.01960956 0.6470
2.98540583 0.6812
2.95262143 0.7215
2.93990966 0.8064
2.94215894 0.8479
2.94934875 0.8692
2.94897978 0.9144
2.93634440 0.9800
2.95919963 0.6654
3.06136700 0.6085
3.18596350 0.5845
3.29917925 0.5941
3.36823286 0.6189
3.36959279 0.6506
3.32068333 0.6812
3.25681590 0.7095
3.20561629 0.7207
3.16342750 0.7073
3.12914890 0.6659
3.11598625 0.6156
3.14156442 0.5843
3.20266857 0.5822
3.25223924 0.6023
3.25343506 0.6288
3.21342562 0.6568
3.16380673 0.6904
3.11575724 0.7254
3.07416316 0.7471
3.03886308 0.7516
3.02528212 0.7467
3.04375698 0.7455
3.07900246 0.7474
3.10476740 0.7436
3.11177680 0.7357
3.10343430 0.7386
3.09085220 0.7534
3.08185201 0.7648
3.07005107 0.7668
3.06044465 0.7595
3.06301287 0.7433
3.07248853 0.7263
3.08525164 0.7175
3.10363681 0.7205
3.12684724 0.7355
3.14387754 0.7492
3.16763486 0.7534
3.18732401 0.7553
3.20421929 0.7508
3.20897653 0.7370
3.20508906 0.7152
3.18773752 0.6991
3.14881903 0.6965
3.10279056 0.7076
3.06025421 0.7328
3.04323989 0.7571
3.04610094 0.7708
3.05235771 0.7648
3.05759531 0.7265
3.07407004 0.6786
3.11459750 0.6640
3.14911770 0.6653
3.15173758 0.6726
3.12392340 0.6871
3.08263672 0.7085
3.05055724 0.7316
3.04703267 0.7501
3.06528520 0.7567
3.10167414 0.7475
3.13781857 0.7332
3.17852718 0.7160
3.20425279 0.7093
3.19297441 0.7155
3.13296059 0.7378
3.04401916 0.7720
2.97287547 0.8126
2.96618872 0.8605
3.02246076 0.8167
3.06920237 0.8029
3.08536628 0.8022
3.07685151 0.7958
3.07984948 0.7648
3.12803882 0.7371
3.17341906 0.7220
3.15421759 0.7306
3.08026631 0.7668
3.00878927 0.8239
2.97653565 0.8837
2.98337984 0.8580
3.00808098 0.8131
3.01691779 0.8161
3.00272656 0.8263
2.97545207 0.8219
2.96539626 0.7766
2.97922928 0.7434
2.99272578 0.7501
2.99986467 0.7733
3.00094669 0.7979
2.98918525 0.8193
2.97216802 0.8389
2.96815419 0.8375
2.97783522 0.8220
2.99032708 0.8135
3.00248712 0.8074
3.00563235 0.7994
2.99421353 0.7919
2.97644805 0.7888
2.94851236 0.7914
2.92572534 0.7841
2.91191003 0.7648
2.91611660 0.7503
2.92914901 0.7651
2.94040814 0.7618
2.95303433 0.7463
2.99279192 0.7560
3.02648980 0.7510
3.04380289 0.7514
3.05613472 0.7636
3.07818041 0.7775
3.09727679 0.7877
3.08931811 0.7855
3.05513124 0.7679
3.01609808 0.7489
2.98208716 0.7358
2.95551485 0.7296
2.93350934 0.7249
2.92242912 0.7188
2.93187806 0.7180
2.96251539 0.7132
3.00358451 0.6997
3.03998313 0.6798
3.06431082 0.6492
3.07557114 0.6126
3.06744608 0.5820
3.03734902 0.5641
2.99907093 0.5705
2.97447401 0.6068
2.95886440 0.6699
2.94159368 0.7389
2.92957098 0.7952
2.96613652 0.7744
2.99076157 0.7462
2.97995633 0.7536
2.94836715 0.8429
2.92361695 0.9713
2.92909564 0.8705
2.96113195 0.8237
3.00492205 0.8000
3.03733937 0.7820
3.04598554 0.7415
3.07165882 0.7570
3.09808624 0.7709
3.11060141 0.7659
3.11685569 0.7503
3.11194780 0.7340
3.09472214 0.7178
3.06968972 0.7153
3.05863881 0.7200
3.05790080 0.7192
3.05113702 0.7044
3.03815482 0.6968
3.03195270 0.7013
3.03657561 0.7035
3.05096817 0.6970
3.06313963 0.6941
3.05370887 0.7041
3.03139409 0.7205
3.01637307 0.7161
3.01778426 0.6840
3.02363045 0.6282
3.03554248 0.5922
3.05731037 0.5991
3.08676070 0.6091
3.11596085 0.6088
3.12305547 0.6024
3.11360334 0.5994
3.10352797 0.6017
3.10394767 0.6112
3.11328133 0.6266
3.12423418 0.6431
3.11566971 0.6633
3.08695835 0.6876
3.04903668 0.7137
3.00833115 0.7383
2.97701708 0.7569
2.95730943 0.7703
2.94554450 0.7630
2.95167163 0.7432
2.98137947 0.7263
3.03526424 0.7057
3.08251679 0.6896
3.10044978 0.6863
3.08288812 0.7029
3.05427912 0.7265
3.03458605 0.7374
3.02697394 0.7398
3.01794501 0.7451
3.01894688 0.7528
3.04724151 0.7458
3.10865193 0.7263
3.17621803 0.6991
3.22159054 0.6730
3.23746612 0.6552
3.22995246 0.6397
3.19395133 0.6169
3.13696976 0.5907
3.07513119 0.5849
3.04432763 0.5988
3.05153786 0.6164
3.08227886 0.6345
3.13200219 0.6435
3.18282281 0.6500
3.21320226 0.6636
3.21762506 0.6821
3.19521446 0.6931
3.15509578 0.6845
3.11783513 0.6593
3.09072190 0.6399
3.08424149 0.6348
3.09487799 0.6417
3.11762711 0.6555
3.15036625 0.6752
3.17362652 0.7062
3.18023841 0.7414
3.18036670 0.7714
3.17341319 0.7866
3.16185603 0.7826
3.14951617 0.7652
3.14550676 0.7490
3.15199632 0.7412
3.15396249 0.7416
3.14138197 0.7420
3.11324758 0.7478
3.08830496 0.7589
3.06397569 0.7799
3.04935688 0.7914
3.05505414 0.7725
3.08575470 0.7434
3.12605836 0.7369
3.14688672 0.7401
3.15488489 0.7415
3.14838145 0.7411
3.13156614 0.7378
3.11211228 0.7372
3.10615674 0.7423
3.12481625 0.7556
3.15438949 0.7664
3.18128693 0.7693
3.21000096 0.7626
3.24239965 0.7551
3.26699757 0.7506
3.26852175 0.7502
3.25058100 0.7517
3.20798296 0.7539
3.16537370 0.7576
3.13896069 0.7663
3.12902537 0.7756
3.13523388 0.7777
3.15534506 0.7672
3.18866016 0.7519
3.22612607 0.7398
3.24052720 0.7478
3.22034596 0.7725
3.16113984 0.8054
3.08994950 0.8272
3.02700555 0.8352
2.98667306 0.8288
2.97154666 0.8120
2.97312179 0.7988
2.99454804 0.7946
3.02980839 0.7979
3.06863855 0.7981
3.09726442 0.8015
3.11029597 0.8130
3.10962238 0.8328
3.11463923 0.8528
3.11750693 0.8758
3.11949117 0.8953
3.12101304 0.9054
3.13250794 0.8992
3.15374228 0.8822
3.17831451 0.8643
3.19282612 0.8466
3.18441033 0.8247
3.15539083 0.8025
3.12375553 0.7824
3.09367057 0.7651
3.07324160 0.7529
3.05793169 0.7498
3.05322449 0.7495
3.07626491 0.7555
3.12455794 0.7688
3.17959686 0.7878
3.21298726 0.8024
3.21762839 0.8055
3.20936218 0.7976
3.19780159 0.7822
3.18380228 0.7651
3.17583376 0.7546
3.17177140 0.7491
3.17112591 0.7549
3.18260212 0.7721
3.19668078 0.7895
3.20689012 0.8006
3.20808749 0.8043
3.20329013 0.8064
3.20741037 0.8060
3.20692365 0.8076
3.19966487 0.8070
3.17671751 0.8035
3.15841569 0.7986
3.16028226 0.7940
3.18507465 0.7837
3.22607890 0.7770
3.27007101 0.7711
3.29883367 0.7650
3.30048903 0.7547
3.27176366 0.7307
3.20865428 0.6949
3.13209954 0.6520
3.05868803 0.6136
3.02397992 0.5841
3.03326403 0.5624
3.08297526 0.5644
3.14643599 0.5898
3.19173402 0.6267
3.20224722 0.6592
3.20038127 0.6850
3.19594190 0.7079
3.19426233 0.7199
3.18104368 0.7248
3.16577561 0.7249
3.15982139 0.7312
3.14847079 0.7523
3.12763919 0.7761
3.10282267 0.7931
3.08712184 0.7981
3.07550174 0.8028
3.06474063 0.8037
3.05010066 0.8043
3.03885010 0.8042
3.03150272 0.7961
3.02097813 0.7831
3.00707410 0.7783
2.98672768 0.7897
2.97421291 0.8055
2.98077777 0.8172
2.98648231 0.8212
2.98444425 0.8218
2.98838239 0.8260
3.00650698 0.8333
3.03588387 0.8259
3.06254281 0.7931
3.07399422 0.7425
3.07918177 0.6940
3.08826149 0.6539
3.10630727 0.6322
3.12239784 0.6339
3.12427495 0.6591
3.11790406 0.6989
3.10515181 0.7338
3.09552675 0.7485
3.11338186 0.7415
3.14794595 0.7188
3.18814208 0.6848
3.20429145 0.6486
3.19532837 0.6123
3.18505960 0.5861
3.18632752 0.5844
3.18970908 0.6048
3.18428843 0.6390
3.17028075 0.6679
3.17792626 0.6792
3.19886174 0.6815
3.20424528 0.6797
3.16776189 0.6789
3.11015944 0.6872
3.06703194 0.7046
3.04504870 0.7353
3.03484882 0.7935
3.04008712 0.8263
3.05707033 0.8216
3.09055811 0.8101
3.14082026 0.7944
3.18346059 0.7773
3.21112833 0.7620
3.22535268 0.7540
3.22179417 0.7593
3.20735674 0.7716
3.18562577 0.7819
3.15738411 0.7882
3.15425709 0.7897
3.17217062 0.7801
3.19386426 0.7518
3.20726266 0.7089
3.20434416 0.6689
3.18151378 0.6475
3.14903752 0.6463
3.13299933 0.6454
3.15634667 0.6322
3.21848083 0.6001
3.30129999 0.5596
3.39643135 0.5215
3.46940758 0.4910
3.49625082 0.4660
3.45291050 0.4496
3.37005999 0.4465
3.27539252 0.4693
3.21497274 0.5107
3.18448142 0.5458
3.18029926 0.5630
3.20449644 0.5683
3.26978240 0.5752
3.36120024 0.5864
3.42772836 0.5895
3.43207374 0.5798
3.39847295 0.5674
3.36449958 0.5728
3.34203903 0.6000
3.31566218 0.6403
3.27767984 0.6755
3.24013650 0.6955
3.22061477 0.7005
3.21345133 0.7006
3.21117483 0.6938
3.20891684 0.6818
3.19242509 0.6685
3.16891279 0.6615
3.14857284 0.6618
3.13687235 0.6701
3.13731999 0.6720
3.13523385 0.6584
3.13259600 0.6351
3.13227788 0.6067
3.14972639 0.5781
3.19154475 0.5464
3.24357971 0.5128
3.28318026 0.4793
3.31811488 0.4553
3.36929064 0.4483
3.43945239 0.4555
3.47963170 0.4727
3.45890986 0.4901
3.38788447 0.5053
3.30350681 0.5193
3.23815740 0.5249
3.20440451 0.5239
3.19472010 0.5232
3.21786003 0.5358
3.27101232 0.5534
3.35561424 0.5741
3.44323279 0.5973
3.50178823 0.6246
3.51456357 0.6481
3.48242206 0.6674
3.42578211 0.6819
3.37804207 0.6939
3.35084616 0.7068
3.33856918 0.7238
3.32701944 0.7388
3.31338830 0.7472
3.31985902 0.7453
3.33851165 0.7459
3.35588111 0.7517
3.34992561 0.7607
3.31992974 0.7751
3.28238660 0.7925
3.27316776 0.8036
3.30302692 0.8103
3.34475478 0.8131
3.38306558 0.8066
3.42270684 0.7874
3.44590960 0.7669
3.44863142 0.7502
3.41671951 0.7414
3.35268878 0.7427
3.27183521 0.7466
3.19451240 0.7498
3.13655848 0.7647
3.12714368 0.7881
3.15436958 0.8105
3.19502798 0.8198
3.23681132 0.8144
3.27575395 0.8099
3.29659919 0.8143
3.29180866 0.8250
3.25924755 0.8366
3.21320769 0.8452
3.18534341 0.8545
3.19420687 0.8694
3.21470328 0.8809
3.21746708 0.8804
3.19568749 0.8734
3.17268024 0.8638
3.15909027 0.8574
3.14359399 0.8583
3.11673895 0.8633
3.08446805 0.8579
3.06878926 0.8471
3.08798661 0.8375
3.13528500 0.8309
3.18294641 0.8270
3.20641625 0.8264
3.20866584 0.8320
3.19559909 0.8408
3.17166723 0.8451
3.14823617 0.8470
3.12212800 0.8534
3.10343333 0.8622
3.11710895 0.8659
3.17554432 0.8553
3.26309129 0.8303
3.33749755 0.7918
3.35920021 0.7542
3.33615059 0.7340
3.28908557 0.7376
3.22706573 0.7563
3.15710793 0.7754
3.09788097 0.7821
3.09046988 0.7726
3.16177839 0.7600
3.28916607 0.7490
3.40666160 0.7314
3.45402998 0.7188
3.42671658 0.7275
3.37429886 0.7572
3.31167634 0.7965
3.23263840 0.8369
3.16521383 0.8578
3.14039316 0.8546
3.15595963 0.8375
3.19966741 0.8135
3.24889829 0.7907
3.28137460 0.7762
3.28057492 0.7738
3.24553185 0.7808
3.18855550 0.7918
3.13101956 0.8020
3.08272644 0.8048
3.06497762 0.7979
3.07814712 0.7846
3.10747285 0.7677
3.14023238 0.7505
3.17763080 0.7406
3.20625969 0.7471
3.21644577 0.7704
3.22366545 0.7988
3.23829654 0.8222
3.26613775 0.8247
3.29424298 0.8082
3.30869972 0.7848
3.31460591 0.7580
3.31376276 0.7302
3.32219545 0.7058
3.32710913 0.6946
3.32470171 0.6995
3.32560505 0.7158
3.33003766 0.7406
3.32909053 0.7634
3.32598226 0.7781
3.32674693 0.7798
3.32850175 0.7697
3.32111436 0.7548
3.30211707 0.7474
3.27076738 0.7495
3.24105528 0.7538
3.20851648 0.7603
3.16999029 0.7679
3.15405062 0.7750
3.16204778 0.7872
3.18754309 0.7914
3.20005866 0.7802
3.18289244 0.7630
3.14759922 0.7585
3.12105786 0.7684
3.10919255 0.7860
3.10695410 0.7994
3.09968003 0.8024
3.11087862 0.7919
3.14570005 0.7769
3.19569973 0.7551
3.24181667 0.7212
3.26015665 0.6894
3.24616694 0.6790
3.22742579 0.6908
3.20255213 0.7172
3.17297146 0.7403
3.16010135 0.7429
3.17871754 0.7273
3.21927771 0.7028
3.27041836 0.6853
3.31655397 0.6722
3.36497213 0.6647
3.39172081 0.6652
3.39494620 0.6656
3.36915277 0.6719
3.34332851 0.6756
3.32552415 0.6705
3.31468332 0.6515
3.29803556 0.6261
3.28305697 0.6051
3.28391409 0.5955
3.30229272 0.5996
3.30550447 0.6174
3.29525222 0.6440
3.28177727 0.6836
3.28576756 0.7255
3.28991463 0.7484
3.27851027 0.7483
3.25709718 0.7345
3.24462861 0.7192
3.24195754 0.7056
3.23724062 0.6946
3.21247815 0.6933
3.18930251 0.7051
3.17579270 0.7283
3.16880829 0.7507
3.16823144 0.7563
3.17496818 0.7441
3.18871957 0.7240
3.19405231 0.7071
3.18254468 0.6941
3.15434603 0.6753
3.13274894 0.6530
3.14461722 0.6385
3.16591084 0.6460
3.17567914 0.6593
3.18352047 0.6655
3.21449135 0.6647
3.26764959 0.6645
3.30967477 0.6606
3.31463591 0.6441
3.29389189 0.6167
3.28098538 0.5804
3.26884748 0.5484
3.23794354 0.5281
3.18214963 0.5265
3.13547633 0.5349
3.12017422 0.5449
3.13631875 0.5600
3.16912994 0.5868
3.19331055 0.6272
3.20091881 0.6699
3.19008121 0.7040
3.16874635 0.7140
3.15856420 0.7034
3.16398399 0.6879
3.18517211 0.6773
3.19641775 0.6728
3.20441705 0.6665
3.21368244 0.6640
3.22550475 0.6711
3.21084887 0.6957
3.17556338 0.7300
3.13461526 0.7615
3.10818046 0.7839
3.10938433 0.7978
3.13160907 0.8022
3.15471087 0.7897
3.18595336 0.7586
3.23747733 0.7278
3.29518083 0.7138
3.32572211 0.7106
3.31486211 0.7160
3.29516058 0.7180
3.27038632 0.7208
3.24873337 0.7231
3.22682991 0.7245
3.21758213 0.7188
3.22029770 0.7060
3.22467762 0.6992
3.23779972 0.7075
3.24013311 0.7272
3.23848819 0.7443
3.21916613 0.7546
3.19829398 0.7607
3.18426870 0.7663
3.19157530 0.7638
3.22837317 0.7393
3.27382788 0.7047
3.32067654 0.6757
3.35693369 0.6696
3.38383092 0.6841
3.37687411 0.7077
3.33533141 0.7250
3.27948341 0.7342
3.23525830 0.7387
3.20261921 0.7415
3.19753283 0.7369
3.23204526 0.7219
3.29178434 0.7008
3.35017536 0.6832
3.38202374 0.6773
3.37224204 0.6823
3.32225211 0.6967
3.26898874 0.7106
3.23576278 0.7192
3.22454008 0.7262
3.24492762 0.7214
3.28205863 0.7070
3.32927135 0.6929
3.38910456 0.6884
3.44161049 0.6869
3.47995785 0.6799
3.49664041 0.6663
3.49868400 0.6500
3.48383980 0.6380
3.46412040 0.6286
3.44051920 0.6301
3.41790854 0.6421
3.40124647 0.6614
3.38167044 0.6903
3.36183886 0.7200
3.34314780 0.7386
3.33685705 0.7337
3.34457680 0.7067
3.37285133 0.6663
3.41193643 0.6310
3.44469720 0.6102
3.45769460 0.5992
3.45319329 0.6045
3.44633342 0.6277
3.41855098 0.6652
3.37133606 0.6947
3.30621539 0.7108
3.26349964 0.7075
3.24837239 0.6962
3.26922908 0.6751
3.29056264 0.6525
3.31338216 0.6308
3.33906837 0.6165
3.36368193 0.6226
3.38254565 0.6433
3.38785320 0.6616
3.38318582 0.6728
3.37985653 0.6820
3.38272782 0.6883
3.37981231 0.6862
3.37652537 0.6781
3.37934369 0.6744
3.37747831 0.6754
3.37168704 0.6710
3.35601075 0.6648
3.36360312 0.6432
3.39508755 0.6115
3.45091438 0.5786
3.50242432 0.5585
3.53374359 0.5488
3.54272369 0.5461
3.52384368 0.5462
3.47246324 0.5562
3.40746003 0.5693
3.35950204 0.5795
3.35886902 0.5839
3.39379770 0.5795
3.44798036 0.5686
3.50897007 0.5551
3.56291724 0.5516
3.61835057 0.5634
3.65409996 0.5802
3.64983775 0.5976
3.60769362 0.6106
3.55244619 0.6210
3.49884122 0.6259
3.46027679 0.6200
3.44780175 0.6041
3.46763527 0.5866
3.51256230 0.5801
3.56648120 0.5861
3.60340480 0.5988
3.62616057 0.6142
3.62917338 0.6370
3.60882679 0.6557
3.55756342 0.6556
3.49156996 0.6290
3.43528627 0.5925
3.40182082 0.5599
3.38574709 0.5353
3.38215032 0.5150
3.37333464 0.4976
3.38372863 0.4921
3.41520412 0.5012
3.44662236 0.5143
3.47428579 0.5147
3.48897763 0.5047
3.49356136 0.4929
3.47169051 0.4869
3.43296135 0.4893
3.38681176 0.5023
3.34301927 0.5276
3.31211808 0.5591
3.29025533 0.5958
3.29779099 0.6258
3.35070165 0.6370
3.42847437 0.6269
3.49621345 0.6040
3.53348088 0.5854
3.54307431 0.5800
3.54418706 0.5861
3.51086515 0.6000
3.44425196 0.6142
3.39479026 0.6309
3.38288171 0.6551
3.42622836 0.6729
3.49563853 0.6654
3.56399723 0.6358
3.62609778 0.6075
3.67796737 0.6011
3.71698115 0.6114
3.70516283 0.6237
3.64253915 0.6253
3.55584728 0.6207
3.47713030 0.6179
3.43864939 0.6132
3.43726822 0.6033
3.45751507 0.5873
3.48917460 0.5707
3.50862227 0.5662
3.51146666 0.5798
3.50086227 0.6024
3.46581370 0.6306
3.41863815 0.6567
3.36667758 0.6768
3.33620660 0.6871
3.35193665 0.6804
3.40258984 0.6620
3.44491234 0.6434
3.45731769 0.6354
3.44331532 0.6493
3.41832403 0.6735
3.38063857 0.7007
3.32246389 0.7228
3.26816704 0.7389
3.25375072 0.7478
3.28765181 0.7457
3.35833543 0.7236
3.43064239 0.6970
3.47052111 0.6840
3.46396418 0.6956
3.42686932 0.7177
3.35318462 0.7410
3.27844689 0.7547
3.22040281 0.7623
3.19678421 0.7589
3.20264290 0.7482
3.22835529 0.7316
3.26808994 0.7093
3.30898594 0.6880
3.34540027 0.6836
3.36011150 0.6967
3.35523724 0.7189
3.34519612 0.7406
3.34186599 0.7589
3.32911255 0.7646
3.30777286 0.7531
3.29577079 0.7346
3.30910580 0.7174
3.32592226 0.7094
3.32318826 0.7122
3.30462904 0.7197
3.28065012 0.7298
3.28942614 0.7299
3.31514344 0.7303
3.33679145 0.7294
3.33703654 0.7248
3.33370179 0.7168
3.32488270 0.7115
3.30807303 0.7120
3.27251137 0.7163
3.21606200 0.7251
3.16913881 0.7394
3.13663171 0.7542
3.12774987 0.7609
3.14157017 0.7620
3.16423134 0.7673
3.18105309 0.7684
3.18369292 0.7679
3.17161889 0.7746
3.14417928 0.7920
3.10361976 0.8136
3.05484758 0.8302
3.02099149 0.8274
3.00767941 0.8146
3.01582397 0.7989
3.03228357 0.7976
3.04609868 0.8100
3.06695667 0.8298
3.10202915 0.8375
3.13445547 0.8344
3.14558568 0.8310
3.12680794 0.8271
3.10280244 0.8101
3.09353804 0.7821
3.09580753 0.7570
3.10547187 0.7412
3.10985685 0.7431
3.11545904 0.7501
3.12240801 0.7521
3.13436642 0.7424
3.13896691 0.7331
3.13563308 0.7276
3.12057428 0.7187
3.11472545 0.6995
3.11156395 0.6790
3.11256449 0.6699
3.12499567 0.6842
3.14180386 0.7147
3.15326999 0.7459
3.15671873 0.7607
3.15884168 0.7574
3.16100937 0.7504
3.15706241 0.7397
3.14290142 0.7233
3.13320707 0.7045
3.13434632 0.6959
3.14992578 0.7078
3.16037750 0.7320
3.16516681 0.7534
3.15417831 0.7701
3.14717293 0.7776
3.13871226 0.7843
3.11853535 0.7959
3.09240713 0.8022
3.07133771 0.7941
3.05706177 0.7858
3.03957512 0.7962
3.01600079 0.8251
2.99693418 0.8466
2.99675198 0.8431
3.01304546 0.8189
3.03602953 0.7770
3.05500035 0.7324
3.07257620 0.6979
3.09720043 0.6781
3.10657437 0.6782
3.10108765 0.6954
3.09464315 0.7260
3.09593562 0.7575
3.09697850 0.7777
3.09578616 0.7823
3.10044230 0.7781
3.13322729 0.7614
3.18120036 0.7372
3.22830011 0.7135
3.25482519 0.7063
3.26456398 0.7158
3.25231386 0.7419
3.21956616 0.7725
3.17158293 0.7924
3.13434464 0.7937
3.10551417 0.7834
3.09364264 0.7667
3.09270074 0.7478
3.10924137 0.7296
3.14413982 0.7156
3.18484078 0.7116
3.22088395 0.7228
3.24439831 0.7381
3.25932418 0.7449
3.27769516 0.7317
3.28128151 0.7106
3.26057577 0.6849
3.21751620 0.6643
3.18036516 0.6551
3.16801097 0.6597
3.16238113 0.6759
3.15243455 0.7014
3.14455548 0.7256
3.15715031 0.7369
3.18033497 0.7343
3.20020379 0.7214
3.20342884 0.7022
3.20011415 0.6849
3.20523749 0.6784
3.21331034 0.6945
3.20652494 0.7275
3.18391673 0.7607
3.15471503 0.7880
3.13077100 0.7988
3.12274327 0.7878
3.13269704 0.7629
3.16389216 0.7355
3.20867269 0.7130
3.25086589 0.6996
3.28023505 0.6987
3.29258921 0.7085
3.28580614 0.7245
3.25801702 0.7495
3.21678667 0.7678
3.17740822 0.7659
3.15931049 0.7480
3.16840826 0.7276
3.18442821 0.7178
3.20453509 0.7152
3.22371903 0.7185
3.25334452 0.7170
3.27863132 0.7163
3.28160445 0.7201
3.26758647 0.7190
3.25326560 0.6993
3.25850804 0.6665
3.26988327 0.6361
3.27545346 0.6277
3.27930999 0.6385
3.27666933 0.6599
3.26374997 0.6793
3.23516278 0.6934
3.19633808 0.7015
3.15987119 0.7029
3.13957743 0.6893
3.14260421 0.6589
3.15395784 0.6250
3.17926852 0.5954
3.21306757 0.5836
3.25800231 0.5931
3.29404867 0.6170
3.30375174 0.6448
3.29462524 0.6689
3.28558061 0.6806
3.26048408 0.6833
3.23142994 0.6737
3.20022294 0.6692
3.18312804 0.6754
3.19074535 0.6867
3.21587172 0.6958
3.25597511 0.6997
3.29509183 0.7052
3.31569549 0.7145
3.29858555 0.7243
3.25129599 0.7258
3.20777144 0.7137
3.18688667 0.6968
3.17443893 0.6977
3.16406663 0.7252
3.15688638 0.7562
3.16928558 0.7694
3.19170998 0.7669
3.22125266 0.7577
3.23987475 0.7442
3.23505306 0.7296
3.20504984 0.7188
3.16949852 0.7166
3.12837178 0.7286
3.10489290 0.7432
3.10190999 0.7457
3.12451442 0.7335
3.14819293 0.7207
3.16198022 0.7165
3.16516228 0.7200
3.16599711 0.7191
3.16393722 0.7107
3.16210775 0.7100
3.16467833 0.7190
3.17393087 0.7251
3.18663266 0.7206
3.19015678 0.7070
3.17993364 0.6972
3.15085253 0.7002
3.11105315 0.7123
3.05986878 0.7244
2.99558755 0.7358
2.94663842 0.7526
2.93145384 0.7755
2.94421495 0.7928
2.97949069 0.7958
3.03885215 0.7819
3.10440869 0.7555
3.17103315 0.7239
3.21614049 0.7006
3.22343866 0.6953
3.19597291 0.7005
3.14673782 0.7161
3.10128778 0.7374
3.05816987 0.7668
3.03899934 0.7869
3.04335932 0.7889
3.06713420 0.7701
3.10097993 0.7358
3.12395342 0.7001
3.13662586 0.6783
3.15419528 0.6719
3.17688690 0.6760
3.19580025 0.6890
3.21014580 0.7076
3.22700020 0.7322
3.24778283 0.7501
3.26678485 0.7515
3.26355467 0.7422
3.24662014 0.7308
3.23374476 0.7272
3.22670965 0.7303
3.23243948 0.7393
3.25216493 0.7407
3.28773862 0.7358
3.32934713 0.7294
3.36467695 0.7243
3.37662369 0.7180
3.35325233 0.7148
3.29288608 0.7200
3.21668402 0.7375
3.15188845 0.7606
