3.16988269 0.8083
3.18175441 0.7860
3.19592472 0.7655
3.21184976 0.7508
3.22792610 0.7438
3.24319943 0.7449
3.25766251 0.7522
3.26922250 0.7625
3.27780881 0.7738
3.28361564 0.7824
3.28746003 0.7871
3.28781750 0.7893
3.28575691 0.7894
3.27899123 0.7902
3.26721619 0.7931
3.25003576 0.7993
3.22805878 0.8101
3.20470843 0.8240
3.18272085 0.8377
3.16361145 0.8479
3.14864403 0.8511
3.13948991 0.8456
3.13605323 0.8321
3.13884882 0.8138
3.14757036 0.7945
3.16080818 0.7785
3.17895446 0.7683
3.20031760 0.7648
3.22329214 0.7665
3.24542958 0.7717
3.26492120 0.7770
3.28057072 0.7810
3.29068486 0.7841
3.29479271 0.7869
3.29319663 0.7903
3.28683592 0.7952
3.27752944 0.8023
3.26639271 0.8115
3.25299730 0.8229
3.23878050 0.8356
3.22374824 0.8483
3.20933595 0.8601
3.19754381 0.8696
3.19160942 0.8734
3.19150548 0.8720
3.19795659 0.8649
3.21083095 0.8541
3.23167037 0.8399
3.25907457 0.8249
3.29176625 0.8099
3.32727594 0.7967
3.35975565 0.7861
3.38655226 0.7789
3.40563868 0.7755
3.41417603 0.7763
3.41167394 0.7804
3.39844200 0.7878
3.37827016 0.7968
3.35160856 0.8074
3.32129801 0.8189
3.28956703 0.8303
3.25889618 0.8400
3.23058616 0.8475
3.20603834 0.8521
3.18598343 0.8530
3.17127314 0.8510
3.16135802 0.8473
3.15781845 0.8427
3.16083922 0.8391
3.16863512 0.8363
3.18052047 0.8348
3.19459786 0.8332
3.21072696 0.8314
3.22766952 0.8294
3.24421275 0.8271
3.26030424 0.8257
3.27387083 0.8264
3.28326075 0.8287
3.28774157 0.8337
3.28754079 0.8402
3.28524362 0.8461
3.28287842 0.8487
3.28029902 0.8483
3.28175600 0.8433
3.28610817 0.8348
3.29387381 0.8231
3.30260702 0.8104
3.31305760 0.7985
3.32644008 0.7886
3.34144599 0.7812
3.35737557 0.7783
3.37283981 0.7788
3.38798793 0.7815
3.39999438 0.7867
3.40923731 0.7934
3.41521671 0.8017
3.41788876 0.8106
3.41860601 0.8199
3.41714105 0.8300
3.41220176 0.8405
3.40544515 0.8498
3.39938154 0.8565
3.39587784 0.8578
3.39545321 0.8531
3.39624703 0.8431
3.39683188 0.8290
3.39769776 0.8127
3.39776187 0.7960
3.39703709 0.7812
3.39759798 0.7709
3.39697432 0.7663
3.39480636 0.7684
3.38876807 0.7766
3.37743000 0.7898
3.35975105 0.8057
3.33871324 0.8215
3.31585163 0.8361
3.29379297 0.8480
3.27426516 0.8573
3.25667937 0.8647
3.24194220 0.8703
3.23150316 0.8738
3.22500459 0.8759
3.22099581 0.8766
3.21935854 0.8757
3.21865411 0.8723
3.21844445 0.8677
3.21736851 0.8620
3.21553337 0.8557
3.21262190 0.8498
3.20946111 0.8448
3.20627459 0.8417
3.20195035 0.8414
3.19489204 0.8447
3.18410245 0.8512
3.17006326 0.8599
3.15296694 0.8696
3.13338364 0.8792
3.11506868 0.8861
3.10011896 0.8894
3.09169291 0.8872
3.09079369 0.8804
3.09719434 0.8698
3.11005722 0.8567
3.12947158 0.8421
3.15381365 0.8270
3.17951065 0.8126
3.20235403 0.7990
3.21873351 0.7874
3.22719188 0.7797
3.22836483 0.7764
3.22355712 0.7779
3.21420418 0.7835
3.20193491 0.7926
3.18816448 0.8035
3.17226127 0.8156
3.15587438 0.8275
3.13930527 0.8390
3.12257252 0.8508
3.10858073 0.8633
3.09916044 0.8754
3.09620706 0.8863
3.10021155 0.8938
3.11183523 0.8970
3.12956576 0.8940
3.15239411 0.8846
3.18087130 0.8692
3.21176815 0.8502
3.24278222 0.8298
3.27138910 0.8102
3.29495376 0.7939
3.31222614 0.7827
3.32237424 0.7781
3.32432426 0.7804
3.31871480 0.7899
3.30766184 0.8049
3.29242045 0.8223
3.27361436 0.8383
3.25493185 0.8496
3.23797318 0.8541
3.22600307 0.8519
3.21799456 0.8451
3.21412527 0.8364
3.21426348 0.8285
3.21894514 0.8219
3.22714141 0.8164
3.23791858 0.8116
3.25032890 0.8061
3.26258754 0.7992
3.27413802 0.7909
3.28513348 0.7808
3.29435238 0.7696
3.30044498 0.7588
3.30256779 0.7496
3.30065128 0.7432
3.29282768 0.7416
3.27994531 0.7446
3.26333462 0.7517
3.24378843 0.7619
3.22304368 0.7738
3.20340544 0.7860
3.18591185 0.7971
3.17271851 0.8057
3.16302954 0.8117
3.15723035 0.8159
3.15546016 0.8190
3.15816920 0.8211
3.16434762 0.8227
3.17359662 0.8228
3.18449783 0.8218
3.19556463 0.8192
3.20560744 0.8153
3.21588453 0.8103
3.22610924 0.8051
3.23520519 0.8011
3.24473717 0.7983
3.25334534 0.7975
3.26186011 0.7983
3.27049395 0.7994
3.27854881 0.8000
3.28679167 0.7989
3.29601104 0.7951
3.30480264 0.7896
3.31367440 0.7826
3.32113898 0.7752
3.32721707 0.7688
3.33188094 0.7648
3.33693676 0.7626
3.33949484 0.7636
3.34005888 0.7667
3.33770380 0.7713
3.33134614 0.7767
3.32063088 0.7820
3.30608461 0.7872
3.28970402 0.7913
3.27263224 0.7935
3.25662971 0.7945
3.24168664 0.7946
3.22965788 0.7937
3.22227717 0.7933
3.21951249 0.7931
3.22190071 0.7926
3.23022472 0.7890
3.24398336 0.7834
3.26332897 0.7745
3.28484675 0.7633
3.30667119 0.7530
3.32767297 0.7449
3.34641485 0.7409
3.35997778 0.7409
3.36822642 0.7447
3.36890010 0.7503
3.36035211 0.7569
3.34188372 0.7642
3.31583829 0.7720
3.28673070 0.7798
3.25777602 0.7880
3.23236045 0.7965
3.21189962 0.8066
3.19738747 0.8159
3.18973809 0.8236
3.18752632 0.8286
3.19109765 0.8307
3.20032106 0.8285
3.21551317 0.8213
3.23740726 0.8092
3.26535359 0.7940
3.29720385 0.7776
3.33044107 0.7621
3.36414626 0.7490
3.39520974 0.7391
3.42263666 0.7324
3.44560798 0.7270
3.46055878 0.7216
3.46545868 0.7162
3.46100864 0.7113
3.44897891 0.7081
3.43245335 0.7070
3.41403918 0.7094
3.39429736 0.7149
3.37636105 0.7231
3.36183885 0.7316
3.34983710 0.7386
3.34052815 0.7429
3.33321182 0.7438
3.32820816 0.7414
3.32472087 0.7370
3.32422527 0.7319
3.32528578 0.7282
3.32716214 0.7266
3.33090368 0.7266
3.33720152 0.7277
3.34642309 0.7285
3.35772499 0.7271
3.36768080 0.7230
3.37535274 0.7148
3.38018941 0.7037
3.38309731 0.6918
3.38370272 0.6820
3.38236474 0.6768
3.38145264 0.6769
3.38145032 0.6831
3.38265548 0.6921
3.38489528 0.7028
3.38765761 0.7123
3.38966267 0.7179
3.39043936 0.7217
3.39016906 0.7243
3.38878792 0.7271
3.38816530 0.7301
3.38820711 0.7346
3.38921767 0.7402
3.39291911 0.7455
3.39838824 0.7496
3.40390135 0.7513
3.40974597 0.7487
3.41661742 0.7419
3.42272436 0.7309
3.42801819 0.7172
3.43326273 0.7027
3.43946033 0.6888
3.44690340 0.6763
3.45610683 0.6669
3.46625010 0.6600
3.47581202 0.6553
3.48370944 0.6525
3.48926936 0.6505
3.49077098 0.6504
3.48698538 0.6521
3.47666215 0.6569
3.46098421 0.6651
3.44121105 0.6767
3.41989276 0.6916
3.40026188 0.7077
3.38355442 0.7232
3.36980088 0.7362
3.35817944 0.7456
3.34951558 0.7501
3.34414109 0.7494
3.34086755 0.7449
3.33899054 0.7381
3.33914739 0.7305
3.34004296 0.7237
3.34292259 0.7179
3.34826657 0.7127
3.35541005 0.7076
3.36456874 0.7018
3.37537446 0.6949
3.38659058 0.6866
3.39645473 0.6779
3.40246355 0.6705
3.40246471 0.6651
3.39811798 0.6623
3.38836637 0.6630
3.37555073 0.6670
3.35939958 0.6737
3.34261258 0.6818
3.32511649 0.6901
3.30738886 0.6968
3.28951469 0.7004
3.27413152 0.7016
3.26130073 0.7005
3.25178188 0.6992
3.24684980 0.6990
3.24563915 0.7008
3.24792837 0.7069
3.25112138 0.7142
3.25558815 0.7235
3.25899860 0.7323
3.26012404 0.7401
3.25747048 0.7473
3.25197675 0.7542
3.24535794 0.7609
3.23870549 0.7681
3.23511094 0.7753
3.23381590 0.7824
3.23398712 0.7886
3.23556661 0.7925
3.23850751 0.7938
3.23994927 0.7944
3.24122171 0.7941
3.24312349 0.7943
3.24570114 0.7964
3.25072360 0.8001
3.25792641 0.8061
3.26735077 0.8125
3.27817282 0.8178
3.29087543 0.8211
3.30538975 0.8208
3.31968032 0.8166
3.33244026 0.8090
3.34182204 0.7995
3.34531230 0.7901
3.34175033 0.7824
3.33356357 0.7763
3.32236190 0.7709
3.31198662 0.7657
3.30302464 0.7600
3.29687290 0.7532
3.29413567 0.7456
3.29461496 0.7386
3.29740990 0.7317
3.30284550 0.7277
3.31096941 0.7263
3.32007860 0.7272
3.33178634 0.7292
3.34609828 0.7305
3.36223589 0.7308
3.38042763 0.7290
3.40060745 0.7246
3.42061338 0.7186
3.43910479 0.7126
3.45628551 0.7071
3.46839421 0.7033
3.47444916 0.7015
3.47339423 0.7008
3.46689687 0.7009
3.45532339 0.6996
3.43863198 0.6976
3.41961012 0.6949
3.40038606 0.6926
3.38142708 0.6926
3.36356867 0.6964
3.34740943 0.7048
3.33417944 0.7173
3.32298392 0.7333
3.31454809 0.7508
3.31115559 0.7665
3.31281312 0.7781
3.31997165 0.7834
3.33192008 0.7831
3.34859917 0.7782
3.36827631 0.7701
3.38977591 0.7603
3.41083529 0.7501
3.42991743 0.7401
3.44719874 0.7301
3.46333631 0.7191
3.47794019 0.7061
3.48862258 0.6910
3.49580364 0.6751
3.50035502 0.6594
3.50005212 0.6465
3.49488570 0.6388
3.48560766 0.6370
3.47131939 0.6419
3.45310779 0.6537
3.43277568 0.6708
3.41251200 0.6911
3.39406121 0.7123
3.37939195 0.7315
3.37013235 0.7467
3.36677274 0.7576
3.36766735 0.7655
3.37438441 0.7713
3.38520902 0.7768
3.39929921 0.7821
3.41605195 0.7849
3.43424612 0.7840
3.45119351 0.7775
3.46641324 0.7639
3.47932324 0.7440
3.48891331 0.7203
3.49341757 0.6959
3.49359876 0.6747
3.48929372 0.6596
3.48021657 0.6520
3.46766993 0.6516
3.45072986 0.6573
3.42992548 0.6665
3.40316931 0.6783
3.37164694 0.6901
3.33584681 0.7010
3.29838928 0.7106
3.26200700 0.7196
3.23004500 0.7288
3.20421967 0.7395
3.18432304 0.7511
3.17120827 0.7625
3.16680274 0.7712
3.16992754 0.7758
3.17886051 0.7747
3.19185005 0.7676
3.20822843 0.7555
3.22895722 0.7399
3.25272283 0.7237
3.27970815 0.7105
3.31222264 0.7008
3.34912588 0.6934
3.39010327 0.6870
3.43046166 0.6808
3.46678059 0.6739
3.49469432 0.6660
3.51067572 0.6580
3.51367210 0.6526
3.50378576 0.6510
3.48270449 0.6554
3.45470377 0.6671
3.42220363 0.6850
3.38804531 0.7073
3.35472998 0.7299
3.32281503 0.7501
3.29336623 0.7661
3.26654777 0.7761
3.24299543 0.7803
3.22372747 0.7805
3.20956139 0.7791
3.20260121 0.7773
3.20445200 0.7754
3.21648254 0.7721
3.23735926 0.7673
3.26601088 0.7596
3.30076308 0.7481
3.33987070 0.7332
3.38035881 0.7148
3.41931018 0.6946
3.45562278 0.6746
3.48801261 0.6577
3.51638752 0.6450
3.53968546 0.6370
3.55815201 0.6325
3.57114250 0.6300
3.57511280 0.6287
3.57130306 0.6273
3.55915263 0.6254
3.54061512 0.6233
3.51634598 0.6234
3.49093708 0.6262
3.46698296 0.6327
3.44904236 0.6434
3.43697432 0.6561
3.43321354 0.6672
3.43594595 0.6759
3.44499488 0.6792
3.45874712 0.6769
3.47455438 0.6692
3.49138362 0.6574
3.50834951 0.6437
3.52614154 0.6312
3.54671688 0.6204
3.56774239 0.6128
3.58965252 0.6085
3.60806837 0.6080
3.62236513 0.6107
3.62962142 0.6157
3.62705707 0.6217
3.61506307 0.6283
3.59455867 0.6352
3.56809875 0.6433
3.53915112 0.6546
3.50917454 0.6689
3.48138355 0.6842
3.45485331 0.6987
3.43002607 0.7105
3.40678938 0.7182
3.38462001 0.7215
3.36487372 0.7206
3.34792377 0.7172
3.33547276 0.7131
3.32752976 0.7107
3.32514937 0.7103
3.32698425 0.7120
3.33302600 0.7144
3.34307594 0.7169
3.35390987 0.7186
3.36498325 0.7189
3.37452971 0.7182
3.38061121 0.7163
3.38195118 0.7150
3.38003504 0.7150
3.37694131 0.7163
3.37513386 0.7190
3.37477031 0.7231
3.37658954 0.7273
3.38107178 0.7306
3.38643942 0.7317
3.39157090 0.7303
3.39475544 0.7266
3.39559479 0.7214
3.39218669 0.7170
3.38730917 0.7146
3.38187845 0.7148
3.37710649 0.7176
3.37269503 0.7217
3.36832099 0.7268
3.36380688 0.7324
3.35866580 0.7374
3.35397322 0.7413
3.35016695 0.7437
3.34750700 0.7451
3.34513155 0.7455
3.34565729 0.7449
3.34870155 0.7426
3.35446492 0.7384
3.36422745 0.7322
3.37790802 0.7239
3.39500318 0.7135
3.41538268 0.7014
3.43669949 0.6875
3.45826743 0.6732
3.47934515 0.6575
3.49863868 0.6427
3.51525916 0.6294
3.52613795 0.6190
3.53159483 0.6131
3.53070005 0.6109
3.52600745 0.6122
3.51749213 0.6164
3.50533026 0.6230
3.48965324 0.6316
3.47007477 0.6423
3.44836333 0.6534
3.42786509 0.6642
3.41181266 0.6732
3.40111285 0.6805
3.39767113 0.6854
3.40253348 0.6871
3.41569765 0.6867
3.43399921 0.6855
3.45717737 0.6839
3.48500651 0.6810
3.51510000 0.6770
3.54614378 0.6722
3.57451808 0.6674
3.60016895 0.6622
3.61959091 0.6576
3.63117220 0.6535
3.63527844 0.6504
3.63201666 0.6477
3.62268833 0.6461
3.60780796 0.6453
3.58775517 0.6447
3.56068361 0.6438
3.52913457 0.6414
3.49385426 0.6375
3.45770392 0.6300
3.42414484 0.6206
3.39582900 0.6105
3.37460322 0.6009
3.36202150 0.5935
3.35782535 0.5888
3.36326621 0.5856
3.37627691 0.5842
3.39398408 0.5847
3.41364341 0.5870
3.43276222 0.5914
3.45184052 0.5970
3.47075206 0.6027
3.48728407 0.6086
3.50352848 0.6147
3.52073260 0.6203
3.54012870 0.6255
3.56070359 0.6307
3.58234315 0.6353
3.60036062 0.6384
3.61208872 0.6396
3.61636333 0.6387
3.61387334 0.6352
3.60497406 0.6299
3.59101729 0.6243
3.57353883 0.6198
3.55517635 0.6177
3.53895443 0.6187
3.52591471 0.6229
3.51582694 0.6309
3.50838044 0.6412
3.50172417 0.6533
3.49930316 0.6639
3.49849217 0.6729
3.49930281 0.6781
3.50306396 0.6788
3.50990559 0.6756
3.52222970 0.6694
3.53753925 0.6619
3.55694512 0.6533
3.57794271 0.6442
3.59816780 0.6341
3.61502966 0.6233
3.62706071 0.6114
3.63335485 0.5991
3.63298734 0.5877
3.62858907 0.5786
3.62133708 0.5727
3.61172693 0.5711
3.59975864 0.5745
3.58654992 0.5823
3.57260246 0.5929
3.55852855 0.6054
3.54173959 0.6185
3.52263858 0.6307
3.49958515 0.6409
3.47451995 0.6481
3.44732552 0.6531
3.42045616 0.6565
3.39654476 0.6580
3.37690585 0.6588
3.35984973 0.6591
3.34670995 0.6593
3.33876008 0.6582
3.33460348 0.6550
3.33369964 0.6496
3.33504864 0.6424
3.33728082 0.6335
3.33914363 0.6239
3.34429479 0.6147
3.35247552 0.6073
3.36662907 0.6025
3.38781817 0.6013
3.41640884 0.6040
3.44877032 0.6100
3.48143818 0.6183
3.50967092 0.6270
3.52915619 0.6348
3.53867047 0.6402
3.53641207 0.6429
3.52600092 0.6424
3.50794000 0.6406
3.48503056 0.6380
3.46024145 0.6347
3.43498905 0.6311
3.40949001 0.6278
3.38488175 0.6264
3.36145365 0.6261
3.33887548 0.6274
3.31536961 0.6307
3.29365347 0.6340
3.27681936 0.6377
3.26576527 0.6425
3.26346747 0.6468
3.26849311 0.6516
3.28245920 0.6561
3.30436244 0.6602
3.33077427 0.6654
3.35780738 0.6711
3.38178140 0.6762
3.39997637 0.6802
3.41395505 0.6819
3.42180073 0.6826
3.42407088 0.6827
3.42125430 0.6823
3.41522361 0.6833
3.40670056 0.6872
3.39639620 0.6938
3.38497288 0.7041
3.37204473 0.7162
3.35766041 0.7288
3.34096359 0.7406
3.32344516 0.7507
3.30709940 0.7583
3.29457719 0.7629
3.28752023 0.7653
3.28732756 0.7660
3.29407263 0.7659
3.30792011 0.7650
3.32719786 0.7632
3.34941727 0.7582
3.37304869 0.7502
3.39631290 0.7376
3.41898083 0.7208
3.43775302 0.7011
3.45243932 0.6796
3.46098829 0.6595
3.46411592 0.6434
3.46193895 0.6341
3.45196334 0.6324
3.43417050 0.6389
3.41049550 0.6515
3.38253450 0.6674
3.35391792 0.6828
3.32727385 0.6959
3.30484696 0.7063
3.28683599 0.7142
3.27506209 0.7215
3.27153667 0.7301
3.27521854 0.7408
3.28273911 0.7544
3.29321115 0.7695
3.30434870 0.7845
3.31321147 0.7979
3.31855296 0.8097
3.32065513 0.8183
3.32191771 0.8235
3.32214100 0.8267
3.32423060 0.8293
3.32878624 0.8325
3.33490097 0.8377
3.34138424 0.8443
3.34894596 0.8504
3.35545806 0.8556
3.36132331 0.8580
3.36572764 0.8556
3.36826670 0.8484
3.37051718 0.8366
3.37477782 0.8224
3.38021103 0.8087
3.38747769 0.7973
3.39551521 0.7896
3.40158986 0.7853
3.40213954 0.7839
3.39737089 0.7839
3.38592075 0.7848
3.36871466 0.7858
3.34892098 0.7856
3.32762182 0.7847
3.30648147 0.7841
3.28928309 0.7847
3.27745209 0.7875
3.27177738 0.7921
3.27262270 0.7983
3.27930443 0.8039
3.29056194 0.8070
3.30529606 0.8067
3.32224603 0.8020
3.33959226 0.7941
3.35728921 0.7840
3.37219654 0.7753
3.38435004 0.7693
3.39262719 0.7674
3.39636945 0.7702
3.39587776 0.7776
3.39053588 0.7870
3.38039158 0.7963
3.36803088 0.8029
3.35571287 0.8065
3.34358559 0.8068
3.33365168 0.8050
3.32677331 0.8035
3.32238400 0.8040
3.31809957 0.8087
3.31437243 0.8165
3.30918450 0.8271
3.30222157 0.8374
3.29408921 0.8456
3.28525761 0.8495
3.27794307 0.8489
3.27067408 0.8444
3.26491942 0.8382
3.26131569 0.8321
3.26051372 0.8284
3.26224120 0.8280
3.26523449 0.8316
3.26878607 0.8367
3.27339582 0.8409
3.27792034 0.8420
3.28313470 0.8381
3.28927584 0.8285
3.29797330 0.8148
3.31105460 0.7988
3.32734886 0.7841
3.34764261 0.7735
3.36915392 0.7696
3.38904776 0.7716
3.40425687 0.7785
3.41260724 0.7888
3.41528746 0.7999
3.41204060 0.8096
3.40309202 0.8184
3.38985919 0.8264
3.37568784 0.8342
3.36033434 0.8430
3.34350965 0.8545
3.32721305 0.8682
3.31211816 0.8822
3.29791885 0.8946
3.28576883 0.9021
3.27515565 0.9041
3.26709375 0.9004
3.26168980 0.8911
3.26006457 0.8785
3.26120353 0.8646
3.26433422 0.8518
3.26954438 0.8422
3.27583096 0.8377
3.28073259 0.8370
3.28306431 0.8387
3.28176947 0.8414
3.27634239 0.8444
3.26775973 0.8469
3.25621150 0.8499
3.24110590 0.8545
3.22288419 0.8622
3.20414970 0.8732
3.18589974 0.8871
3.16939613 0.9022
3.15696270 0.9158
3.14976513 0.9263
3.14777768 0.9302
3.15371304 0.9258
3.16435398 0.9139
3.18090505 0.8954
3.20120034 0.8735
3.22575563 0.8509
3.25050133 0.8321
3.27404329 0.8188
3.29516678 0.8107
3.31235121 0.8055
3.32336167 0.8027
3.32520989 0.8017
3.31807324 0.8026
3.30199276 0.8056
3.27945141 0.8113
3.25313651 0.8206
3.22473019 0.8331
3.19626792 0.8483
3.16891040 0.8654
3.14420924 0.8822
3.12355189 0.8971
3.10855261 0.9088
3.10083272 0.9161
3.10235896 0.9179
3.11230261 0.9141
3.12944012 0.9050
3.15297097 0.8922
3.18126820 0.8785
3.21109204 0.8660
3.24103363 0.8570
3.26855453 0.8520
3.28967388 0.8509
3.30158133 0.8531
3.30343534 0.8578
3.29625765 0.8641
3.28112100 0.8712
3.26130197 0.8784
3.24085964 0.8848
3.22201335 0.8907
3.20490789 0.8959
3.19056598 0.8999
3.17978896 0.9020
3.17190413 0.9024
3.16782946 0.9002
3.16777417 0.8948
3.17102097 0.8847
3.17737324 0.8692
3.18655564 0.8495
3.19971633 0.8276
3.21568113 0.8064
3.23426203 0.7881
3.25377504 0.7739
3.27332117 0.7650
3.29018579 0.7615
3.30193554 0.7639
3.30748870 0.7717
3.30780940 0.7842
3.30602079 0.7994
3.30484443 0.8154
3.30609782 0.8307
3.30989622 0.8440
3.31382268 0.8538
3.31737548 0.8617
3.31984676 0.8682
3.32217357 0.8732
3.32494364 0.8767
3.32797364 0.8791
3.33229915 0.8792
3.33726746 0.8766
3.34496177 0.8720
3.35477350 0.8661
3.36679796 0.8595
3.37870838 0.8528
3.39031215 0.8469
3.39983431 0.8416
3.40599010 0.8379
3.40786318 0.8369
3.40533105 0.8385
3.39770932 0.8429
3.38308374 0.8501
3.36490374 0.8582
3.34460015 0.8657
3.32193087 0.8723
3.29911430 0.8775
3.27899292 0.8812
3.26380434 0.8829
3.25394894 0.8823
3.25282089 0.8784
3.25866798 0.8717
3.27059076 0.8625
3.28598700 0.8518
3.30200832 0.8421
3.31758211 0.8349
3.33137303 0.8310
3.34250187 0.8305
3.34920458 0.8333
3.35021077 0.8389
3.34559752 0.8454
3.33671391 0.8519
3.32684141 0.8565
3.31902228 0.8579
3.31452959 0.8571
3.31251347 0.8545
3.31229218 0.8501
3.31217313 0.8447
3.31179527 0.8375
3.31004038 0.8287
3.30528681 0.8187
3.29728911 0.8082
3.28633965 0.7984
3.27305857 0.7911
3.25754553 0.7874
3.24016781 0.7881
3.22098797 0.7928
3.20126911 0.7997
3.18138474 0.8077
3.16063060 0.8158
3.14070253 0.8231
3.12078272 0.8308
3.10256261 0.8374
3.08801040 0.8416
3.07949850 0.8417
3.07838254 0.8373
3.08405953 0.8291
3.09628716 0.8180
3.11463487 0.8056
3.13587482 0.7938
3.15780034 0.7834
3.17598782 0.7761
3.18933692 0.7713
3.19487587 0.7703
3.19430479 0.7720
3.18789938 0.7765
3.17554634 0.7848
3.15921583 0.7975
3.13922840 0.8132
3.11953841 0.8310
3.10118141 0.8487
3.08435169 0.8650
3.06937000 0.8780
3.05727091 0.8880
3.05018403 0.8939
3.04820765 0.8956
3.05190594 0.8922
3.06195391 0.8845
3.07595000 0.8742
3.09403004 0.8634
3.11296065 0.8533
3.13271033 0.8438
3.15182116 0.8342
3.16905508 0.8249
3.18188764 0.8147
3.19102373 0.8040
3.19485679 0.7938
3.19212475 0.7868
3.18346304 0.7856
3.17073007 0.7912
3.15303469 0.8043
3.13265939 0.8229
3.11058332 0.8437
3.08846225 0.8634
3.06911922 0.8792
3.05463741 0.8900
3.04744587 0.8951
3.04910922 0.8953
3.06100564 0.8914
3.08113168 0.8852
3.10651199 0.8784
3.13563301 0.8716
3.16582121 0.8652
3.19472243 0.8597
3.22229825 0.8545
3.24686868 0.8494
3.26456479 0.8438
3.27440133 0.8379
3.27474983 0.8323
3.26629230 0.8283
3.25302218 0.8285
3.23657056 0.8336
3.21927749 0.8445
3.20307453 0.8589
3.18952192 0.8749
3.17829416 0.8893
3.17033597 0.8990
3.16488619 0.9037
3.16343684 0.9035
3.16491058 0.8996
3.16965593 0.8935
3.17792022 0.8857
3.19035210 0.8786
3.20595446 0.8731
3.22118971 0.8690
3.23458829 0.8676
3.24593707 0.8687
3.25179344 0.8708
3.25156225 0.8731
3.24461088 0.8756
3.23168450 0.8773
3.21604882 0.8787
3.20141238 0.8796
3.18988713 0.8785
3.18176620 0.8760
3.17636037 0.8752
3.17312818 0.8766
3.17138755 0.8810
3.17017456 0.8862
3.17101451 0.8895
3.17449474 0.8899
3.17876703 0.8878
3.18438122 0.8856
3.19100718 0.8822
3.19876402 0.8769
3.20727725 0.8701
3.21437667 0.8609
3.21786932 0.8501
3.21642246 0.8395
3.20845409 0.8306
3.19434305 0.8239
3.17729939 0.8214
3.15948128 0.8247
3.14262521 0.8349
3.12863630 0.8502
3.11872417 0.8685
3.11523393 0.8836
3.12079095 0.8922
3.13596312 0.8929
3.15964826 0.8887
3.18858342 0.8819
3.21813938 0.8734
3.24401989 0.8647
3.26207352 0.8568
3.27249716 0.8505
3.27486357 0.8458
3.27207510 0.8427
3.26648360 0.8418
3.25856233 0.8433
3.24916940 0.8471
3.23681057 0.8537
3.22056220 0.8620
3.20263383 0.8716
3.18352900 0.8808
3.16509340 0.8896
3.15102161 0.8975
3.14204614 0.9035
3.14018700 0.9082
3.14827881 0.9109
3.16597257 0.9111
3.19332679 0.9075
3.22604865 0.9009
3.26175243 0.8905
3.29357548 0.8789
3.31690584 0.8673
3.33004562 0.8575
3.33172338 0.8505
3.32440450 0.8465
3.30953367 0.8470
3.28739726 0.8523
3.25979786 0.8623
3.22676342 0.8756
3.19105371 0.8902
3.15501051 0.9040
3.12228986 0.9152
3.09593896 0.9227
3.07688009 0.9254
3.06709456 0.9242
3.06458431 0.9207
3.06971326 0.9162
3.08189478 0.9111
3.10001132 0.9068
3.12458274 0.9033
3.15373166 0.8998
3.18552436 0.8958
3.21738603 0.8905
3.24848019 0.8841
3.27548920 0.8767
3.29680380 0.8690
3.31157986 0.8608
3.31939701 0.8542
3.31964345 0.8499
3.31160509 0.8487
3.29679954 0.8490
3.27904537 0.8488
3.26014124 0.8475
3.24345359 0.8434
3.23298645 0.8351
3.22898710 0.8234
3.23278092 0.8107
3.24240522 0.7978
3.25521208 0.7864
3.26821379 0.7769
3.28006882 0.7715
3.29043895 0.7678
3.29859888 0.7649
3.30343373 0.7618
3.30846356 0.7574
3.31331721 0.7534
3.31873175 0.7506
3.32582900 0.7487
3.33462462 0.7485
3.34408170 0.7507
3.35152839 0.7551
3.35741725 0.7606
3.36137736 0.7656
3.36440960 0.7682
3.36759642 0.7673
3.37229529 0.7639
3.37993540 0.7586
3.38810313 0.7529
3.39539731 0.7481
3.40025726 0.7450
3.40155317 0.7445
3.39770560 0.7463
3.38875865 0.7505
3.37522803 0.7558
3.35791631 0.7614
3.33975536 0.7659
3.32296606 0.7673
3.30817499 0.7678
3.29812528 0.7659
3.29301635 0.7639
3.29250392 0.7632
3.29627858 0.7643
3.30488806 0.7662
3.31675542 0.7693
3.33127837 0.7725
3.34775205 0.7750
3.36616827 0.7765
3.38644932 0.7761
3.40719204 0.7747
3.42725297 0.7720
3.44311108 0.7715
3.45232181 0.7743
3.45328903 0.7801
3.44671521 0.7877
3.43189076 0.7951
3.40882627 0.8024
3.37915101 0.8083
3.34603641 0.8123
3.31534701 0.8146
3.28609900 0.8178
3.26132140 0.8218
3.24182506 0.8268
3.22957382 0.8324
3.22427265 0.8384
3.22587880 0.8431
3.23552768 0.8453
3.25263342 0.8433
3.27615067 0.8378
3.30531013 0.8276
3.33828554 0.8136
3.37305555 0.7975
3.40571332 0.7828
3.43520831 0.7712
3.45763592 0.7647
3.47259377 0.7634
3.47824098 0.7659
3.47394852 0.7704
3.46064978 0.7764
3.43866559 0.7818
3.41040282 0.7874
3.37783733 0.7934
3.34713150 0.8020
3.32073080 0.8100
3.30141154 0.8212
3.28785762 0.8313
3.28105905 0.8394
3.28239253 0.8444
3.29180437 0.8459
3.30813529 0.8431
3.32883195 0.8371
3.35076206 0.8271
3.37278069 0.8152
3.39293501 0.8012
3.41310423 0.7884
3.43447413 0.7765
3.45594660 0.7671
3.47684851 0.7618
3.49748022 0.7595
3.51559531 0.7586
3.52819936 0.7605
3.53455770 0.7631
3.53473098 0.7662
3.53092743 0.7698
3.52491997 0.7744
3.51834829 0.7778
3.51275327 0.7795
3.50647167 0.7804
3.50084050 0.7800
3.49563159 0.7785
3.48807236 0.7769
3.47845858 0.7749
3.46758352 0.7730
3.45493672 0.7717
3.44069065 0.7708
3.42551799 0.7702
3.40907514 0.7694
3.39542424 0.7678
3.38565553 0.7654
3.38107639 0.7621
3.38289722 0.7564
3.39094183 0.7482
3.40370458 0.7371
3.41691521 0.7241
3.43064237 0.7110
3.44632569 0.6977
3.46004822 0.6857
3.47333785 0.6772
3.48685481 0.6729
3.50113164 0.6738
3.51501018 0.6790
3.52836593 0.6870
3.53939591 0.6959
3.54584698 0.7030
3.54536122 0.7079
3.53637306 0.7097
3.51992421 0.7098
3.49969694 0.7083
3.47783915 0.7059
3.45731964 0.7034
3.44076642 0.7010
3.42798131 0.6980
3.41799548 0.6957
3.40933835 0.6940
3.40111389 0.6918
3.39101349 0.6894
3.37857447 0.6869
3.36390307 0.6850
3.34832738 0.6849
3.33597042 0.6873
3.32898802 0.6930
3.32823350 0.7007
3.33073946 0.7102
3.33565140 0.7194
3.34140611 0.7280
3.34427261 0.7348
3.34236272 0.7406
3.33613877 0.7447
3.32628627 0.7482
3.31703164 0.7513
3.30943308 0.7545
3.30584577 0.7577
3.30668415 0.7607
3.31036439 0.7631
3.31844521 0.7634
3.33007977 0.7622
3.34206054 0.7589
3.35221197 0.7545
3.35785101 0.7507
3.36031170 0.7466
3.35958414 0.7431
3.35534659 0.7416
3.34857732 0.7431
3.33985960 0.7468
3.33153623 0.7538
3.32423407 0.7614
3.31733811 0.7697
3.31104947 0.7787
3.30559612 0.7852
3.30084647 0.7884
3.29685548 0.7896
3.29456970 0.7882
3.29475825 0.7838
3.29870324 0.7784
3.30573714 0.7726
3.31700970 0.7666
3.33175892 0.7609
3.34952816 0.7549
3.37013165 0.7502
3.39109747 0.7457
3.41030451 0.7414
3.42672665 0.7378
3.43886912 0.7342
3.44313920 0.7310
3.43899566 0.7290
3.42855725 0.7283
3.41335307 0.7302
3.39658107 0.7330
3.38087343 0.7361
3.36753112 0.7398
3.35927766 0.7429
3.35589833 0.7459
3.35874089 0.7482
3.36622034 0.7500
3.37740492 0.7509
3.39078728 0.7503
3.40651866 0.7480
3.42321980 0.7447
3.43975383 0.7420
3.45678488 0.7398
3.47487468 0.7389
3.49491856 0.7401
3.51622894 0.7429
3.53612287 0.7476
3.55202505 0.7533
3.55834142 0.7595
3.55358585 0.7651
3.53958887 0.7685
3.51746276 0.7697
3.48911399 0.7690
3.45828001 0.7660
3.42944479 0.7602
3.40737051 0.7507
3.39432864 0.7384
3.38901777 0.7239
3.39097684 0.7076
3.39867475 0.6904
3.40976435 0.6731
3.42164276 0.6572
3.43223057 0.6440
3.43974551 0.6353
3.44487285 0.6305
3.44767235 0.6298
3.44760391 0.6328
3.44559759 0.6384
3.44086796 0.6457
3.43302949 0.6540
3.42159158 0.6626
3.40797814 0.6707
3.39146181 0.6775
3.37398811 0.6830
3.35946122 0.6852
3.34967803 0.6840
3.34646027 0.6799
3.35075079 0.6741
3.36283156 0.6668
3.38284863 0.6586
3.40990879 0.6503
3.44120065 0.6426
3.47548097 0.6354
3.51061795 0.6281
3.54272227 0.6207
3.56958616 0.6140
3.58817404 0.6090
3.59813200 0.6062
3.59874293 0.6068
3.59074356 0.6112
3.57387591 0.6181
3.54926779 0.6267
3.51885792 0.6352
3.48542788 0.6421
3.45223789 0.6453
3.42128398 0.6432
3.39724581 0.6359
3.38251608 0.6238
3.37852761 0.6077
3.38564928 0.5886
3.40425819 0.5683
3.42809554 0.5498
3.45586390 0.5367
3.48297807 0.5283
3.50743700 0.5270
3.52599478 0.5309
3.53755597 0.5382
3.53848142 0.5465
3.52883444 0.5540
3.50874524 0.5599
3.48263539 0.5646
3.45027370 0.5702
3.41468382 0.5788
3.37899184 0.5912
3.34526179 0.6077
3.31464204 0.6268
3.28852046 0.6466
3.27016146 0.6636
3.26088279 0.6758
3.26155962 0.6806
3.27345867 0.6783
3.29493823 0.6706
3.32482747 0.6598
3.36026215 0.6488
3.39864805 0.6408
3.43736358 0.6357
3.47353023 0.6347
3.50593120 0.6368
3.53190221 0.6412
3.54936295 0.6464
3.55420701 0.6518
3.54636822 0.6574
3.52897051 0.6618
3.50225565 0.6674
3.46942117 0.6731
3.43500049 0.6796
3.40277360 0.6878
3.37796888 0.6958
3.36071075 0.7019
3.35053580 0.7040
3.34718543 0.6998
3.35157618 0.6884
3.36384820 0.6713
3.38143108 0.6513
3.40349648 0.6323
3.43052116 0.6172
3.46120834 0.6091
3.49243964 0.6092
3.52227006 0.6153
3.54841787 0.6250
3.56623956 0.6375
3.57326055 0.6491
3.56761535 0.6599
3.55106399 0.6671
3.52861410 0.6710
3.50400517 0.6726
3.48138434 0.6729
3.46389599 0.6730
3.45346750 0.6727
3.45062837 0.6712
3.45502360 0.6670
3.46560653 0.6576
3.47787936 0.6427
3.49079295 0.6233
3.50318696 0.6016
3.51515538 0.5813
3.52610673 0.5665
3.53672051 0.5581
3.54753637 0.5565
3.55740900 0.5603
3.56477515 0.5687
3.56549140 0.5792
3.55726391 0.5896
3.54002313 0.5994
3.51465866 0.6072
3.48652849 0.6138
3.45830780 0.6176
3.43510392 0.6189
3.41960927 0.6175
3.41456266 0.6138
3.41886458 0.6073
3.43047078 0.5976
3.44480424 0.5846
3.45672043 0.5685
3.46243242 0.5513
3.45985822 0.5347
3.45141591 0.5211
3.43914090 0.5132
3.42573630 0.5121
3.41393370 0.5182
3.40467633 0.5304
3.39655161 0.5458
3.38801167 0.5622
3.37852094 0.5778
3.36904054 0.5905
3.36033476 0.5985
3.35503563 0.6023
3.35498739 0.6020
3.36243120 0.5992
3.37878588 0.5958
3.40551034 0.5921
3.44282499 0.5877
3.48768376 0.5809
3.53441135 0.5720
3.57600006 0.5621
3.60790974 0.5513
3.62793095 0.5409
3.63643230 0.5327
3.63458688 0.5284
3.62256656 0.5298
3.60348060 0.5375
3.57980387 0.5507
3.55095459 0.5679
3.51637578 0.5860
3.47828768 0.6026
3.44163536 0.6153
3.41114342 0.6223
3.39151977 0.6225
3.38345239 0.6166
3.38862098 0.6076
3.40771679 0.5962
3.43995638 0.5842
3.48232430 0.5731
3.53081543 0.5630
3.58133340 0.5539
3.62774839 0.5457
3.66341833 0.5382
3.68656983 0.5318
3.69235863 0.5268
3.68114347 0.5227
3.65470375 0.5207
3.61822185 0.5202
3.57479059 0.5221
3.52680915 0.5251
3.47842802 0.5280
3.43336122 0.5309
3.39443272 0.5327
3.36424183 0.5334
3.34364539 0.5329
3.33310734 0.5310
3.33269188 0.5273
3.34114594 0.5227
3.35768108 0.5196
3.38054393 0.5185
3.40831359 0.5201
3.43801851 0.5239
3.46564669 0.5294
3.49128780 0.5350
3.51233333 0.5405
3.52759405 0.5458
3.53521166 0.5490
3.53624990 0.5515
3.53291421 0.5529
3.52887730 0.5522
3.52675383 0.5497
3.52509569 0.5448
3.52425332 0.5374
3.52744395 0.5280
3.53492966 0.5168
3.54661113 0.5049
3.55877312 0.4930
3.57238888 0.4822
3.58607616 0.4734
3.59910907 0.4676
3.60884055 0.4654
3.61424390 0.4661
3.61402493 0.4684
3.60730911 0.4722
3.59318300 0.4782
3.57356664 0.4866
3.55023144 0.4964
3.52417331 0.5057
3.49543851 0.5137
3.46691122 0.5201
3.44017878 0.5255
3.41849017 0.5300
3.40535039 0.5327
3.40089925 0.5348
3.40598464 0.5363
3.42195524 0.5376
3.44725929 0.5386
3.47642734 0.5387
3.50474340 0.5376
3.52877391 0.5357
3.54531500 0.5342
3.55439722 0.5347
3.55714870 0.5388
3.55398481 0.5465
3.54430162 0.5581
3.53071137 0.5732
3.51420727 0.5906
3.49464152 0.6092
3.47629023 0.6260
3.46078003 0.6396
3.44785796 0.6482
3.43872632 0.6513
3.43352045 0.6482
3.43195143 0.6409
3.43578246 0.6301
3.44684914 0.6181
3.46412588 0.6066
3.48477411 0.5973
3.50513693 0.5898
3.52447623 0.5828
3.53874367 0.5769
3.54357078 0.5734
3.53556160 0.5737
3.51702338 0.5778
3.49211803 0.5868
3.46544132 0.6002
3.44185406 0.6164
3.42110746 0.6342
3.40268717 0.6521
3.38860068 0.6677
3.37831551 0.6776
3.37427171 0.6824
3.37668095 0.6814
3.38708230 0.6749
3.40470572 0.6644
3.42960045 0.6519
3.45985360 0.6391
3.49309714 0.6279
3.52622796 0.6181
3.55507455 0.6096
3.58085613 0.6018
3.59915522 0.5960
3.60777429 0.5935
3.60383333 0.5945
3.58557755 0.5985
3.55565684 0.6046
3.51769753 0.6114
3.47533753 0.6184
3.43533803 0.6246
3.40301933 0.6290
3.38332012 0.6317
3.37805410 0.6321
3.38483712 0.6304
3.40384007 0.6253
3.43405100 0.6165
3.47418870 0.6044
3.52429126 0.5906
3.57884752 0.5774
3.63338806 0.5657
3.68212091 0.5563
3.71885008 0.5498
3.73973552 0.5458
3.74441513 0.5447
3.73260705 0.5471
3.70340168 0.5537
3.65709573 0.5651
3.59840483 0.5806
3.53231934 0.5992
3.46529758 0.6194
3.40466111 0.6383
3.35454674 0.6539
3.31898016 0.6647
3.29689004 0.6709
3.28897304 0.6725
3.29278682 0.6699
3.30834705 0.6643
3.33263730 0.6567
3.36774189 0.6476
3.40993434 0.6393
3.45523000 0.6331
3.50056595 0.6293
3.54272707 0.6277
3.57768339 0.6272
3.60327084 0.6280
3.61601349 0.6318
3.61446064 0.6394
3.59691653 0.6508
3.56454591 0.6664
3.52293903 0.6843
3.47927649 0.7023
3.43983730 0.7180
3.40902009 0.7301
3.38858490 0.7376
3.37694913 0.7415
3.37235866 0.7419
3.37363494 0.7397
3.38003612 0.7351
3.38973848 0.7296
3.40156594 0.7231
3.41384159 0.7187
3.42597515 0.7164
3.43503432 0.7162
3.44127697 0.7162
3.44259955 0.7164
3.43759391 0.7166
3.42688000 0.7165
3.40862410 0.7181
3.38453200 0.7216
3.35559250 0.7283
3.32663121 0.7374
3.30005208 0.7488
3.27699925 0.7603
3.25829264 0.7697
3.24317610 0.7753
3.23232447 0.7761
3.22541331 0.7721
3.22226127 0.7646
3.22318388 0.7549
3.22690757 0.7444
3.23453312 0.7331
3.24406301 0.7211
3.25433088 0.7084
3.26411531 0.6945
3.27342673 0.6807
3.28118824 0.6649
3.28637276 0.6496
3.28922911 0.6347
3.29041519 0.6232
3.28924989 0.6166
3.28593340 0.6158
3.28287196 0.6209
3.28206331 0.6304
3.28450539 0.6443
3.29082977 0.6585
3.29967847 0.6707
3.30996951 0.6794
3.32067565 0.6841
3.32987878 0.6853
3.33852849 0.6863
3.34557924 0.6880
3.34999130 0.6920
3.35062692 0.6988
3.34855029 0.7079
3.34272683 0.7160
3.33444571 0.7213
3.32465054 0.7216
3.31543357 0.7165
3.30834803 0.7066
3.30118634 0.6953
3.29349111 0.6858
3.28561110 0.6809
3.28001401 0.6813
3.27794846 0.6871
3.27943442 0.6982
3.28556528 0.7128
3.29406691 0.7295
3.30382546 0.7443
3.31316809 0.7554
3.32062336 0.7612
3.32756783 0.7619
3.33378752 0.7599
3.33644630 0.7572
3.33389367 0.7562
3.32837746 0.7574
3.32019583 0.7608
3.31036223 0.7644
3.29835017 0.7668
3.28695315 0.7651
3.27727428 0.7594
3.27007670 0.7510
3.26615617 0.7418
3.26656524 0.7345
3.27081865 0.7326
3.28041264 0.7359
3.29655523 0.7434
3.31790004 0.7536
3.34353954 0.7645
3.36882168 0.7747
3.38861247 0.7821
3.40280193 0.7846
3.40880452 0.7829
3.40882039 0.7783
3.40121919 0.7723
3.38747766 0.7673
3.37077931 0.7638
3.34962251 0.7642
3.32679453 0.7672
3.30141012 0.7719
3.27593714 0.7763
3.25142181 0.7795
3.22849977 0.7814
3.20876896 0.7832
3.19445699 0.7859
3.18618855 0.7913
3.18453934 0.7981
3.19000728 0.8041
3.20214314 0.8093
3.21984770 0.8132
3.24129500 0.8156
3.26471553 0.8158
3.28799290 0.8129
3.30969074 0.8071
3.32765952 0.7990
3.34154194 0.7885
3.35028612 0.7771
3.35460558 0.7656
3.35469889 0.7563
3.35019988 0.7505
3.34087872 0.7499
3.32664114 0.7547
3.30779413 0.7639
3.28414882 0.7767
3.25705149 0.7911
3.22892786 0.8070
3.20080946 0.8234
3.17587597 0.8390
3.15731784 0.8526
3.14670244 0.8627
3.14653490 0.8689
3.15809002 0.8703
3.18090211 0.8686
3.21418586 0.8646
3.25429425 0.8586
3.29812674 0.8508
3.34221520 0.8415
3.38323704 0.8310
3.41753158 0.8202
3.44160080 0.8100
3.45324853 0.8018
3.45321628 0.7968
3.44047162 0.7964
3.41549805 0.8011
3.38081115 0.8108
3.33782567 0.8245
3.29141628 0.8399
3.24528199 0.8564
3.20302108 0.8704
3.16766056 0.8791
3.14250609 0.8804
3.12908318 0.8734
3.12819418 0.8602
3.13732351 0.8459
3.15283420 0.8342
3.17285597 0.8274
3.19513546 0.8249
3.22028970 0.8250
3.24824151 0.8242
3.27807988 0.8196
3.30709584 0.8098
3.33439522 0.7965
3.35934682 0.7812
3.38220801 0.7664
3.40236691 0.7559
3.41765593 0.7516
3.42748219 0.7547
3.42927294 0.7658
3.42248694 0.7826
3.40397567 0.8039
3.37445402 0.8271
3.33643157 0.8491
3.29546061 0.8672
3.25617802 0.8809
3.22270891 0.8891
3.19869616 0.8911
3.18587925 0.8870
3.18200955 0.8787
3.18391726 0.8693
3.18814150 0.8619
3.19379434 0.8565
3.19942346 0.8514
3.20754047 0.8446
3.21680872 0.8349
3.22846508 0.8232
3.24056814 0.8108
3.25430248 0.8009
3.26681882 0.7963
3.28012963 0.7961
3.29373338 0.7988
3.30490439 0.8033
3.31051697 0.8071
3.30759015 0.8095
3.29489649 0.8099
3.27263692 0.8098
3.24506210 0.8094
3.21340618 0.8117
3.18170150 0.8164
3.15279794 0.8235
3.13022040 0.8321
3.11518920 0.8400
3.10738690 0.8451
3.10819824 0.8466
3.11655022 0.8450
3.13136999 0.8399
3.15295199 0.8327
3.18152930 0.8240
3.21468503 0.8159
3.25119769 0.8089
3.28976191 0.8029
3.32854705 0.7979
3.36600109 0.7933
3.39939417 0.7879
3.42663891 0.7802
3.44638205 0.7714
3.45715168 0.7623
3.45815157 0.7548
3.44891813 0.7522
3.42887665 0.7550
3.39953482 0.7636
3.36372823 0.7774
3.32545955 0.7955
3.28852354 0.8154
3.25458555 0.8343
3.22485556 0.8493
3.19895748 0.8637
3.17727643 0.8733
3.16215203 0.8812
3.15543284 0.8885
3.15852346 0.8959
3.17236517 0.9012
3.19547484 0.9053
3.22857056 0.9050
3.26879167 0.9008
3.31216134 0.8910
3.35257398 0.8758
3.38695358 0.8592
3.41096997 0.8437
3.42395304 0.8320
3.42530877 0.8270
3.41751524 0.8279
3.40292349 0.8330
3.38472346 0.8409
3.36519374 0.8492
3.34485299 0.8557
3.32321683 0.8622
3.29945470 0.8676
3.27362830 0.8720
3.24732619 0.8778
3.22113125 0.8847
3.19919979 0.8932
3.18368371 0.9026
3.17488875 0.9117
3.17357523 0.9171
3.17923039 0.9183
3.18823143 0.9149
3.19967575 0.9072
3.21159185 0.8963
3.22210315 0.8856
3.22928535 0.8759
3.23169104 0.8687
3.23031200 0.8648
3.22450550 0.8645
3.21524490 0.8655
3.20298129 0.8660
3.18901604 0.8645
3.17291613 0.8614
3.15367803 0.8578
3.13163503 0.8557
3.10940916 0.8558
3.08925336 0.8605
3.07398496 0.8696
3.06537858 0.8806
3.06481140 0.8899
3.07213891 0.8950
3.08702774 0.8940
3.10894667 0.8870
3.13576199 0.8756
3.16483111 0.8631
3.19404900 0.8521
3.22019759 0.8442
3.24136978 0.8393
3.25676952 0.8371
3.26649309 0.8360
3.27044138 0.8349
3.26867740 0.8341
3.26332284 0.8349
3.25556654 0.8369
3.24687419 0.8422
3.23742330 0.8521
3.22794306 0.8655
3.21670776 0.8823
3.20445218 0.9011
3.19535356 0.9190
3.19118048 0.9325
3.19425212 0.9385
3.20585977 0.9361
3.22451185 0.9270
3.24993857 0.9137
3.28068677 0.8985
3.31576600 0.8843
3.35255829 0.8723
3.38645878 0.8628
3.41363102 0.8554
3.43205541 0.8487
3.43991990 0.8409
3.43605859 0.8332
3.42026641 0.8269
3.39511257 0.8243
3.36226487 0.8274
3.32472594 0.8367
3.28449421 0.8515
3.24561525 0.8703
3.20950290 0.8896
3.17874836 0.9053
3.15502761 0.9140
3.13890473 0.9150
3.13140010 0.9106
3.13209693 0.9023
3.13919852 0.8933
3.15090050 0.8844
3.16682676 0.8776
3.18625168 0.8725
3.20869650 0.8689
3.23290317 0.8647
3.25743743 0.8589
3.28110549 0.8506
3.30041226 0.8399
3.31504794 0.8275
3.32448336 0.8156
3.32783374 0.8067
3.32653386 0.8024
3.32224492 0.8027
3.31332478 0.8084
3.29770638 0.8158
3.27600221 0.8258
3.24978539 0.8369
3.22116764 0.8460
3.19256021 0.8524
3.16715634 0.8550
3.14566165 0.8549
3.12875066 0.8515
3.11601351 0.8469
3.10557053 0.8428
3.09807689 0.8409
3.09512482 0.8409
3.09728840 0.8413
3.10541724 0.8403
3.11878120 0.8364
3.13746132 0.8300
3.16113743 0.8222
3.18884230 0.8151
3.21873048 0.8099
3.24812172 0.8067
3.27206239 0.8067
3.29073484 0.8088
3.30345852 0.8124
3.30975192 0.8171
3.31112153 0.8230
3.30693868 0.8299
3.29994780 0.8375
3.29105954 0.8457
3.28029631 0.8546
3.26768156 0.8640
3.25224390 0.8744
3.23342719 0.8856
3.21359088 0.8957
3.19388608 0.9034
3.17534413 0.9084
3.16015813 0.9094
3.14872757 0.9061
3.14168348 0.8994
3.14114931 0.8905
3.14559729 0.8820
3.15492446 0.8738
3.16869288 0.8656
3.18531839 0.8560
3.20377799 0.8433
3.22417221 0.8285
3.24567511 0.8127
3.26766886 0.7974
3.28945420 0.7837
3.30904903 0.7736
3.32540118 0.7683
3.33505686 0.7676
3.33561226 0.7718
3.32772782 0.7812
3.31159827 0.7936
3.28699297 0.8076
3.25874802 0.8221
3.23063407 0.8349
3.20472066 0.8457
3.18440887 0.8538
3.17124399 0.8588
3.16361402 0.8617
3.16183955 0.8636
3.16484144 0.8648
3.17040979 0.8658
3.18081502 0.8647
3.19574110 0.8601
3.21716232 0.8511
3.24526842 0.8378
3.28048151 0.8213
3.32233413 0.8035
3.36972623 0.7855
3.41908912 0.7693
3.46481325 0.7562
3.50100122 0.7468
3.52477163 0.7420
3.53472129 0.7415
3.53070337 0.7445
3.51340019 0.7509
3.48649877 0.7587
3.45284144 0.7664
3.41557229 0.7731
3.37899222 0.7772
3.34358941 0.7789
3.31298330 0.7774
3.28872350 0.7731
3.27123050 0.7671
3.26059133 0.7601
3.25609953 0.7518
3.25668849 0.7448
3.26064551 0.7404
3.26679950 0.7405
3.27342943 0.7442
3.28118263 0.7499
3.28942808 0.7555
3.29655636 0.7595
3.30234240 0.7609
3.30637476 0.7592
3.30796627 0.7569
3.30858118 0.7550
3.30677342 0.7564
3.30230791 0.7610
3.29493605 0.7689
3.28592091 0.7779
3.27747326 0.7860
3.27024584 0.7915
3.26475547 0.7930
3.26414381 0.7900
3.26659889 0.7837
3.27255657 0.7759
3.27921248 0.7671
3.28743588 0.7598
3.29441809 0.7544
3.29933088 0.7523
3.30263878 0.7543
3.30435298 0.7602
3.30511985 0.7699
3.30433839 0.7822
3.30340904 0.7957
3.30377723 0.8084
3.30505224 0.8202
3.30737957 0.8309
3.30794822 0.8415
3.30782079 0.8507
3.30618097 0.8595
3.30345013 0.8667
3.30203666 0.8710
3.30132869 0.8717
3.30051883 0.8697
3.30073553 0.8638
3.30161236 0.8552
3.30304756 0.8451
3.30475873 0.8347
3.30499878 0.8242
3.30254009 0.8135
3.29888439 0.8025
3.29538735 0.7925
3.29093016 0.7835
3.28668764 0.7748
3.28418538 0.7665
3.28489504 0.7597
3.28756343 0.7546
3.29132373 0.7521
3.29553187 0.7521
3.29656711 0.7560
3.29421001 0.7621
3.28850007 0.7697
3.28034118 0.7771
3.27199113 0.7837
3.26449846 0.7882
3.25882378 0.7899
3.25643897 0.7905
3.25589978 0.7905
3.25645832 0.7899
3.25739052 0.7882
3.25837913 0.7854
3.26044374 0.7805
3.26464538 0.7743
3.27089534 0.7657
3.28160061 0.7570
3.29525794 0.7476
3.31108807 0.7394
3.32756274 0.7328
3.34037257 0.7288
3.34957642 0.7274
3.35296591 0.7273
3.35139463 0.7278
3.34445911 0.7285
3.33348213 0.7282
3.31848468 0.7278
3.30194078 0.7264
3.28516053 0.7247
3.26828922 0.7233
3.25148965 0.7234
3.23618703 0.7254
3.22230155 0.7292
3.21030243 0.7336
3.20147538 0.7371
3.19716330 0.7390
3.19812717 0.7386
3.20681100 0.7363
3.22268101 0.7327
3.24507865 0.7285
3.27254858 0.7242
3.30284195 0.7201
3.33213740 0.7163
3.35887932 0.7129
3.37908809 0.7118
3.39238845 0.7142
3.40014175 0.7208
3.40308380 0.7310
3.40329418 0.7437
3.40099683 0.7588
3.39594896 0.7746
3.38852619 0.7885
3.37978084 0.7996
3.37117791 0.8066
3.36461075 0.8085
3.36041331 0.8046
3.35901088 0.7955
3.36072334 0.7825
3.36636883 0.7670
3.37456267 0.7514
3.38363182 0.7379
3.39024578 0.7273
3.39221512 0.7198
3.38755088 0.7148
3.37428532 0.7115
3.35158722 0.7093
3.32112631 0.7074
3.28538340 0.7059
3.24554513 0.7061
3.20478444 0.7066
3.16571267 0.7091
3.13001765 0.7140
3.10078987 0.7217
3.07961097 0.7308
3.06822711 0.7395
3.06619717 0.7466
3.07468077 0.7504
3.09283958 0.7503
3.12029868 0.7463
3.15710351 0.7406
3.19876701 0.7322
3.24338532 0.7241
3.28661996 0.7151
3.32457602 0.7065
3.35415912 0.6989
3.37054488 0.6915
3.37344204 0.6850
3.36421781 0.6824
3.34470162 0.6845
3.31998036 0.6924
3.29076510 0.7070
3.25780289 0.7258
3.22667801 0.7485
3.19758991 0.7727
3.17306899 0.7949
3.15407023 0.8132
3.14186709 0.8264
3.13654932 0.8331
3.13886961 0.8334
3.14872785 0.8278
3.16594288 0.8178
3.19009610 0.8056
3.21993598 0.7914
3.25422183 0.7757
3.28991583 0.7578
3.32486814 0.7375
3.35738653 0.7153
3.38625097 0.6935
3.41075708 0.6747
3.42984803 0.6623
3.44330950 0.6582
3.44995312 0.6634
3.44743624 0.6755
3.43541153 0.6911
3.41423350 0.7082
3.38680835 0.7235
3.35855329 0.7349
3.33332043 0.7407
3.31304571 0.7420
3.29979929 0.7397
3.29393424 0.7358
3.29419263 0.7328
3.29889386 0.7321
3.30456588 0.7327
3.30969264 0.7353
3.31273012 0.7381
3.31315597 0.7385
3.31181555 0.7360
3.31110029 0.7302
3.31267436 0.7217
3.31858513 0.7125
3.33023928 0.7050
3.34597466 0.7003
3.36471759 0.6988
3.38316380 0.6998
3.39785171 0.7028
3.40524058 0.7070
3.40569896 0.7115
3.40405994 0.7158
3.40298149 0.7194
3.40326880 0.7227
3.40620928 0.7263
3.41055902 0.7312
3.41349611 0.7375
3.41108810 0.7449
3.40184393 0.7516
3.38514513 0.7570
3.36232582 0.7604
3.33508276 0.7614
3.30863630 0.7592
3.28583553 0.7550
3.26935940 0.7502
3.25953171 0.7454
3.25674479 0.7400
3.25981713 0.7332
3.26851034 0.7252
3.28010155 0.7156
3.29334768 0.7034
3.30826188 0.6900
3.32278213 0.6755
3.33917582 0.6625
3.35736188 0.6538
3.37766560 0.6506
3.39933616 0.6537
3.41832481 0.6622
3.43270895 0.6737
3.43869016 0.6868
3.43397442 0.6990
3.41886656 0.7085
3.39900508 0.7157
3.37875492 0.7189
3.36221081 0.7198
3.35072633 0.7188
3.34522305 0.7162
3.34608646 0.7125
3.35094563 0.7062
3.35889785 0.6991
3.37084205 0.6905
3.38486477 0.6803
3.40016931 0.6691
3.41840689 0.6577
3.44071302 0.6475
3.46382584 0.6407
3.48591497 0.6381
3.50361614 0.6404
3.51587590 0.6460
3.51991862 0.6534
3.51510121 0.6616
3.50327035 0.6679
3.48740188 0.6706
3.47163050 0.6702
3.45977126 0.6665
3.45505084 0.6606
3.45698955 0.6526
3.46522600 0.6435
3.47654361 0.6334
3.48782994 0.6220
3.49663569 0.6105
3.50157131 0.6002
3.50186852 0.5920
3.49626768 0.5871
3.48721121 0.5871
3.47628703 0.5930
3.46475602 0.6047
3.45206864 0.6220
3.43874454 0.6438
3.42313528 0.6671
3.40442314 0.6883
3.38208698 0.7047
3.35628502 0.7167
3.33068828 0.7244
3.30770760 0.7279
3.28997857 0.7284
3.28007660 0.7270
3.27890743 0.7240
3.28426467 0.7198
3.29309470 0.7137
3.30400491 0.7049
3.31642824 0.6920
3.32881952 0.6754
3.34049870 0.6568
3.35355869 0.6382
3.36665423 0.6219
3.38001650 0.6100
3.39111277 0.6033
3.39979735 0.6014
3.40432415 0.6035
3.40164700 0.6082
3.39108288 0.6129
3.37356160 0.6159
3.35301672 0.6150
3.33159609 0.6119
3.31365510 0.6063
3.30305935 0.6001
3.30054991 0.5944
3.30662332 0.5892
3.31920369 0.5844
3.33752402 0.5801
3.35966537 0.5745
3.38451894 0.5687
3.41109943 0.5621
3.43889123 0.5552
3.46764381 0.5510
3.49624656 0.5497
3.52363462 0.5529
3.54799813 0.5608
3.56815102 0.5734
3.58279318 0.5884
3.58920023 0.6041
3.58779236 0.6184
3.57789573 0.6294
3.56234781 0.6359
3.54477189 0.6386
3.52793089 0.6390
3.51510994 0.6398
3.50795246 0.6418
3.50434048 0.6465
3.50294535 0.6532
3.50238559 0.6609
3.50226349 0.6666
3.50121968 0.6704
3.49969633 0.6718
3.49974474 0.6716
3.50255839 0.6715
3.50781425 0.6721
3.51645654 0.6750
3.52717824 0.6798
3.53750623 0.6860
3.54601012 0.6924
3.55033313 0.6974
3.54807576 0.7001
3.54103807 0.6998
3.52987605 0.6977
3.51596578 0.6945
3.50205852 0.6911
3.49041925 0.6904
3.48049434 0.6921
3.47062882 0.6968
3.46059208 0.7043
3.45123029 0.7135
3.44220727 0.7243
3.43303445 0.7346
3.42469417 0.7432
3.41770835 0.7504
3.41368978 0.7559
3.41330765 0.7600
3.41502777 0.7624
3.41769757 0.7634
3.42067208 0.7610
3.42380743 0.7547
3.42754843 0.7443
3.42989496 0.7306
3.43007815 0.7137
3.43129297 0.6957
3.43429871 0.6777
3.43882320 0.6626
3.44646596 0.6512
3.45524360 0.6443
3.46442491 0.6407
3.47326211 0.6394
3.48016643 0.6382
3.48450107 0.6356
3.48450426 0.6317
3.48041224 0.6253
3.47350798 0.6175
3.46578344 0.6116
3.45647716 0.6082
3.44576911 0.6090
3.43349153 0.6144
3.42025771 0.6221
3.40421610 0.6308
3.38805377 0.6389
3.37024996 0.6444
3.35356787 0.6467
3.34241977 0.6466
3.33792482 0.6453
3.33998583 0.6443
3.34738715 0.6443
3.36078264 0.6442
3.37920546 0.6433
3.40262824 0.6414
3.43075638 0.6374
3.46390229 0.6317
3.50131782 0.6237
3.54133021 0.6142
3.58078852 0.6040
3.61886922 0.5941
3.65367363 0.5873
3.68274424 0.5845
3.70386680 0.5850
3.71415241 0.5876
3.71310559 0.5900
3.69754072 0.5912
3.66774235 0.5890
3.62701219 0.5839
3.57756228 0.5765
3.52589184 0.5677
3.47788797 0.5588
3.43823884 0.5511
3.40849922 0.5458
3.39040983 0.5426
3.38499258 0.5402
3.39179844 0.5382
3.40998804 0.5366
3.43692397 0.5353
3.46886289 0.5345
3.50412527 0.5341
3.53953751 0.5336
3.57406283 0.5360
3.60456267 0.5415
3.62746357 0.5504
3.63898819 0.5608
3.63649691 0.5703
3.61650779 0.5761
3.58039462 0.5791
3.53394169 0.5791
3.48312045 0.5781
3.43602991 0.5756
3.39729116 0.5731
3.37215718 0.5716
3.35850817 0.5713
3.35813685 0.5726
3.36890516 0.5746
3.39028278 0.5778
3.41866102 0.5799
3.45053304 0.5819
3.48419889 0.5831
3.51737644 0.5841
3.54840220 0.5847
3.57581109 0.5855
3.59806727 0.5874
3.61237966 0.5922
3.61903678 0.5990
3.61449214 0.6065
3.59738781 0.6132
3.56913924 0.6182
3.53337279 0.6211
3.49376764 0.6220
3.45546944 0.6221
3.42328971 0.6229
3.40011259 0.6248
3.38760828 0.6289
3.38454307 0.6359
3.39227007 0.6431
3.40883958 0.6506
3.43375128 0.6567
3.46521037 0.6606
3.50022284 0.6618
3.53716499 0.6601
3.57118886 0.6563
3.60156103 0.6516
3.62434957 0.6472
3.63788917 0.6446
3.64012882 0.6446
3.63008089 0.6471
3.60937839 0.6511
3.58255442 0.6537
3.55170122 0.6540
3.52112647 0.6525
3.49634615 0.6473
3.47912186 0.6404
3.47146140 0.6318
3.47510999 0.6216
3.48924576 0.6099
3.51232113 0.5981
3.54173388 0.5863
3.57616466 0.5742
3.61053452 0.5622
3.64069650 0.5510
3.66320448 0.5410
3.67895750 0.5316
3.68508742 0.5243
3.68362704 0.5193
3.67730422 0.5186
3.67087930 0.5229
3.66589775 0.5318
3.66190622 0.5442
3.65864415 0.5588
3.65458522 0.5731
3.64826470 0.5843
3.63881166 0.5917
3.62993141 0.5948
3.62273511 0.5946
3.61915465 0.5933
3.62028655 0.5914
3.62440624 0.5912
3.63284322 0.5931
3.64213877 0.5970
3.65326308 0.6023
3.66237165 0.6083
3.67091800 0.6125
3.67930765 0.6148
3.68693199 0.6151
3.69276541 0.6130
3.69585568 0.6094
3.69632368 0.6059
3.69431267 0.6038
3.68701893 0.6052
3.67468214 0.6103
3.65789379 0.6174
3.63744230 0.6251
3.61304672 0.6317
3.58336516 0.6360
3.54908175 0.6386
3.51370722 0.6405
3.47968177 0.6424
3.44709612 0.6471
3.41749699 0.6550
3.38961411 0.6665
3.36303305 0.6806
3.33875570 0.6948
3.31895824 0.7068
3.30356146 0.7155
3.29445028 0.7200
3.29368428 0.7199
3.30076412 0.7159
3.31523876 0.7096
3.33652181 0.7014
3.36183984 0.6934
3.38861469 0.6857
3.41490554 0.6778
3.44050002 0.6688
3.46369600 0.6590
3.48415339 0.6480
3.50108364 0.6365
3.51436296 0.6260
3.52192806 0.6179
3.52277688 0.6123
3.51652590 0.6099
3.50464731 0.6093
3.48878493 0.6113
3.47116471 0.6151
3.45383164 0.6190
3.43715989 0.6239
3.42737009 0.6257
3.42578657 0.6251
3.43390790 0.6203
3.45133835 0.6132
3.47641825 0.6062
3.50471971 0.6020
3.53206318 0.6011
3.55351832 0.6038
3.56826236 0.6094
3.57790744 0.6161
3.58730683 0.6203
3.60086811 0.6207
3.61799767 0.6169
3.63714720 0.6107
3.65600333 0.6047
3.67036855 0.6016
3.67846658 0.6018
3.67874130 0.6043
3.67091348 0.6080
3.65581401 0.6129
3.63553552 0.6172
3.61045567 0.6202
3.58317146 0.6203
3.55870436 0.6175
3.54017470 0.6124
3.52840241 0.6072
3.52383498 0.6039
3.52250499 0.6029
3.52090327 0.6045
3.51744402 0.6087
3.51121944 0.6162
3.50394794 0.6263
3.49764184 0.6362
3.49124440 0.6452
3.48338930 0.6536
3.47347600 0.6624
3.46310664 0.6729
3.45002948 0.6856
3.43598668 0.6994
3.42253229 0.7132
3.40798541 0.7259
3.39476133 0.7353
3.38225029 0.7416
3.37005886 0.7451
3.35882804 0.7478
3.34959221 0.7503
3.34414594 0.7532
3.34351868 0.7558
3.34740958 0.7586
3.35541885 0.7627
3.36662435 0.7666
3.37979808 0.7706
3.39477443 0.7738
3.40957395 0.7752
3.42289487 0.7736
3.43485916 0.7700
3.44354728 0.7663
3.44944963 0.7629
3.45297677 0.7615
3.45394666 0.7613
3.45348719 0.7603
3.45012532 0.7569
3.44690144 0.7519
3.44196864 0.7464
3.43654411 0.7396
3.43283820 0.7331
3.43192369 0.7276
3.43380954 0.7234
3.43625061 0.7219
3.43941432 0.7223
3.44211463 0.7248
3.44444957 0.7282
3.44479769 0.7315
3.44313851 0.7343
3.43950812 0.7359
3.43197068 0.7366
3.42075086 0.7382
3.40711735 0.7415
3.39168654 0.7475
3.37616734 0.7549
3.36233221 0.7625
3.35209759 0.7678
3.34766923 0.7684
3.34836650 0.7650
3.35329978 0.7590
3.36138736 0.7514
3.37433646 0.7438
3.38997099 0.7380
3.40661997 0.7349
3.42292436 0.7338
3.43588943 0.7340
3.44598780 0.7350
3.45302577 0.7361
3.45864721 0.7372
3.46134985 0.7392
3.46209340 0.7418
3.45836955 0.7459
3.45057466 0.7509
3.44150053 0.7554
3.43117168 0.7588
3.42103502 0.7600
3.41413023 0.7581
3.41385681 0.7526
3.41766495 0.7443
3.42561897 0.7354
3.43648570 0.7263
3.44841072 0.7183
3.46088194 0.7118
3.47242567 0.7076
3.48124820 0.7061
3.48667543 0.7069
3.48575735 0.7096
3.47743085 0.7136
3.46045547 0.7193
3.43727286 0.7259
3.40884433 0.7331
3.37633757 0.7416
3.34274528 0.7514
3.31085239 0.7627
3.28219449 0.7740
3.25871315 0.7831
3.24287304 0.7881
3.23708952 0.7877
3.24132950 0.7812
3.25479727 0.7705
3.27588135 0.7586
3.30367849 0.7481
3.33635893 0.7409
3.37352845 0.7374
3.41433473 0.7361
3.45636733 0.7366
3.49682653 0.7389
3.53239137 0.7423
3.56029591 0.7459
3.57788265 0.7488
3.58534379 0.7497
3.58218168 0.7489
3.57025194 0.7489
3.55130942 0.7511
3.52995755 0.7557
3.50691296 0.7614
3.48492794 0.7660
3.46715269 0.7671
3.45231326 0.7639
3.44398793 0.7572
3.44325015 0.7464
3.44817043 0.7355
3.45854071 0.7251
3.47798824 0.7181
3.50343636 0.7161
3.53536737 0.7178
3.57193827 0.7206
3.60948979 0.7224
3.64155193 0.7222
3.66493610 0.7193
3.67638255 0.7125
3.67732305 0.7013
3.66948080 0.6872
3.65453900 0.6720
3.63870275 0.6586
3.62453458 0.6489
3.61376701 0.6424
3.60669313 0.6378
3.60285968 0.6330
3.60226092 0.6255
3.60481271 0.6130
3.60946506 0.5959
3.61571973 0.5756
3.62164131 0.5564
3.62636603 0.5417
3.62809828 0.5343
3.62563113 0.5352
3.61695194 0.5428
3.60202627 0.5529
3.57880011 0.5621
3.54722849 0.5687
3.50987369 0.5703
3.47089498 0.5666
3.43352446 0.5587
3.40367925 0.5489
3.38526366 0.5393
3.37948246 0.5300
3.38725663 0.5226
3.40677701 0.5170
3.43522561 0.5121
3.46861009 0.5064
3.50270991 0.4996
3.53505746 0.4911
3.56314237 0.4820
3.58356257 0.4747
3.59524636 0.4716
3.59564652 0.4750
3.58402639 0.4861
3.55933736 0.5050
3.52113022 0.5296
3.47103741 0.5575
3.41345131 0.5852
3.35405687 0.6107
3.29886785 0.6319
3.25408154 0.6473
3.22451675 0.6586
3.21205131 0.6679
3.21544213 0.6767
3.23140916 0.6862
3.25694122 0.6968
3.28905270 0.7085
3.32581496 0.7197
3.36593617 0.7288
3.40661647 0.7349
3.44497268 0.7369
3.48014628 0.7357
3.51004063 0.7334
3.53532380 0.7322
3.55460825 0.7348
3.56564075 0.7419
3.56568653 0.7528
3.55347067 0.7659
3.53016744 0.7781
3.49796662 0.7864
3.46038831 0.7878
3.42445245 0.7808
3.39654225 0.7665
3.38134723 0.7487
3.37797876 0.7319
3.38339126 0.7196
3.39431587 0.7136
3.40869629 0.7128
3.42585868 0.7142
3.44598794 0.7145
3.46987048 0.7105
3.49609734 0.7027
3.52291801 0.6926
3.54907801 0.6833
3.57141325 0.6786
3.58695313 0.6805
3.59349590 0.6901
3.58805822 0.7062
3.57174420 0.7255
3.54493360 0.7437
3.51157659 0.7561
3.47897034 0.7583
3.45541875 0.7481
3.44484429 0.7272
3.45232884 0.6996
3.47200935 0.6729
3.49820297 0.6511
3.52219139 0.6378
3.53870792 0.6334
3.54474262 0.6373
3.54202411 0.6491
3.53569328 0.6651
3.52877420 0.6806
3.52337349 0.6923
3.51996599 0.6988
3.51607719 0.7021
3.50924151 0.7051
3.49684525 0.7098
3.47828628 0.7170
3.45269021 0.7260
3.42093078 0.7344
3.38467293 0.7395
3.34934121 0.7386
3.32014465 0.7290
3.30302351 0.7091
3.30197979 0.6800
3.31796151 0.6466
3.34597814 0.6156
3.37893391 0.5897
3.40722995 0.5711
3.42441351 0.5613
3.42802447 0.5627
3.42029895 0.5761
3.40497357 0.5987
3.38631175 0.6236
3.36579333 0.6444
3.34582945 0.6590
3.32536965 0.6696
3.30494007 0.6786
3.28434396 0.6867
3.26401519 0.6919
3.24397707 0.6909
3.22916985 0.6797
3.22418078 0.6562
3.23448345 0.6243
3.26218504 0.5929
3.30441881 0.5675
3.35487988 0.5496
3.40623980 0.5359
3.45006685 0.5265
3.48300478 0.5207
3.50077156 0.5187
3.50485875 0.5226
3.49714820 0.5361
3.48454073 0.5575
3.47359347 0.5832
3.46610150 0.6076
3.46264280 0.6257
3.46386743 0.6375
3.46832579 0.6450
3.47533257 0.6492
3.48321874 0.6501
3.49069174 0.6473
3.49874033 0.6411
3.50790627 0.6322
3.51938744 0.6219
3.53557373 0.6113
3.55597497 0.6019
3.57920650 0.5929
3.60459031 0.5845
3.62986797 0.5772
3.65237494 0.5714
3.67084224 0.5685
3.68442028 0.5695
3.69303024 0.5743
3.69593568 0.5811
3.69417323 0.5874
3.68651349 0.5917
3.67565354 0.5941
3.66286518 0.5948
3.64980325 0.5941
3.63819090 0.5922
3.62927518 0.5874
3.62249099 0.5815
3.61732129 0.5744
3.61262533 0.5679
3.60934733 0.5625
3.60809731 0.5587
3.60953165 0.5557
3.61146766 0.5527
3.61472413 0.5499
3.61936150 0.5494
3.62315896 0.5523
3.62615347 0.5602
3.62981565 0.5729
3.63082016 0.5904
3.62779601 0.6090
3.61806477 0.6261
3.60036971 0.6399
3.57621356 0.6483
3.54607243 0.6502
3.51312730 0.6466
3.48178561 0.6385
3.45727555 0.6271
3.44181751 0.6147
3.43694619 0.6045
3.44133278 0.5986
3.45431777 0.5977
3.47469333 0.6009
3.49854653 0.6056
3.52067247 0.6095
3.53764460 0.6117
3.54907904 0.6127
3.55482137 0.6147
3.55858643 0.6196
3.56121199 0.6288
3.56159644 0.6417
3.55771973 0.6570
3.54829579 0.6723
3.53310030 0.6851
3.51348994 0.6929
3.49133053 0.6963
3.46934361 0.6947
3.45034672 0.6896
3.43617729 0.6840
3.42718816 0.6810
3.42250129 0.6842
3.42332204 0.6953
3.43037737 0.7127
3.44315887 0.7324
3.45929422 0.7499
3.47778914 0.7640
3.49572879 0.7717
3.51068241 0.7735
3.52257330 0.7725
3.53062992 0.7717
3.53444036 0.7724
3.53374624 0.7753
3.52571797 0.7828
3.51022528 0.7933
3.48637881 0.8055
3.45918271 0.8164
3.43167378 0.8232
3.40659775 0.8216
3.38941960 0.8080
3.38356421 0.7824
3.38877254 0.7494
3.40084233 0.7153
3.41734614 0.6866
3.43379306 0.6686
3.44830450 0.6639
3.46054434 0.6704
3.46965685 0.6839
3.47702960 0.6995
3.48043720 0.7132
3.48130010 0.7232
3.47949396 0.7292
3.47588196 0.7318
3.46877358 0.7332
3.45654692 0.7354
3.43844618 0.7387
3.41310875 0.7434
3.38325824 0.7482
3.35252077 0.7505
3.32610213 0.7479
3.30795025 0.7391
3.30142126 0.7224
3.30467740 0.7001
3.31480223 0.6750
3.32858485 0.6506
3.34137074 0.6310
3.35010834 0.6184
3.35336439 0.6143
3.34959687 0.6206
3.34031860 0.6375
3.32764432 0.6634
3.31516981 0.6973
3.30732487 0.7332
3.30569296 0.7659
3.31077183 0.7930
3.32012544 0.8110
3.33159802 0.8198
3.34428920 0.8198
3.35731665 0.8114
3.37002881 0.7969
3.38351594 0.7782
3.40055627 0.7593
3.42239236 0.7425
3.44923266 0.7292
3.48058645 0.7207
3.51089828 0.7163
3.53813173 0.7146
3.56054799 0.7151
3.57419935 0.7175
3.57651184 0.7223
3.56525278 0.7312
3.54200211 0.7445
3.50994614 0.7606
3.47557110 0.7783
3.44342573 0.7949
3.41611678 0.8086
3.39426284 0.8198
3.38106897 0.8278
3.37726437 0.8322
3.38212788 0.8326
3.39357203 0.8278
3.41177551 0.8170
3.43547739 0.8006
3.46127305 0.7823
3.48693736 0.7649
3.51390619 0.7492
3.54100492 0.7372
3.56551398 0.7293
3.58603941 0.7262
3.59967664 0.7268
3.60559522 0.7308
3.60118396 0.7384
3.58603020 0.7485
3.56023575 0.7612
3.52656507 0.7733
3.48948256 0.7829
3.45439581 0.7874
3.42306466 0.7865
3.39893565 0.7810
3.38328650 0.7735
3.37303388 0.7665
3.36611402 0.7600
3.36195003 0.7550
3.36024734 0.7498
3.36093527 0.7448
3.36314693 0.7397
3.36810652 0.7350
3.37574146 0.7306
3.38587308 0.7279
3.39727141 0.7278
3.40783197 0.7318
3.41553433 0.7409
3.41519259 0.7558
3.40618671 0.7756
3.38865369 0.7990
3.36598185 0.8227
3.34275348 0.8430
3.32403149 0.8571
3.31440337 0.8629
3.31418121 0.8615
3.32299589 0.8554
3.33872606 0.8467
3.35870288 0.8361
3.38046476 0.8241
3.40163340 0.8106
3.42031878 0.7965
3.43616469 0.7830
3.44896698 0.7709
3.45832027 0.7613
3.46432265 0.7535
3.46685844 0.7476
3.46351035 0.7451
3.45311866 0.7464
3.43731031 0.7511
3.41346928 0.7587
3.38407279 0.7671
3.35142146 0.7746
3.32078031 0.7779
3.29692801 0.7756
3.28446232 0.7691
3.28465364 0.7591
3.29689230 0.7491
3.31880171 0.7402
3.34859018 0.7338
3.38517229 0.7279
3.42216904 0.7218
3.45657883 0.7141
3.48709642 0.7053
3.51086656 0.6984
3.52933875 0.6973
3.54215998 0.7031
3.54910834 0.7151
3.54739881 0.7322
3.53507240 0.7525
3.50966934 0.7746
3.47338678 0.7971
3.42684347 0.8193
3.37636218 0.8390
3.32782999 0.8533
3.28696409 0.8599
3.25865825 0.8579
3.24209780 0.8498
3.23504550 0.8366
3.23293238 0.8213
3.23447901 0.8038
3.23615962 0.7857
3.23725531 0.7689
3.23845809 0.7557
3.24099507 0.7474
3.24429592 0.7457
3.24926262 0.7486
3.25570306 0.7545
3.26186569 0.7616
3.26706544 0.7691
3.27132441 0.7763
3.27370197 0.7841
3.27441569 0.7925
3.27579424 0.8002
3.27944777 0.8048
3.28551487 0.8062
3.29422291 0.8039
3.30697244 0.7992
3.32213072 0.7939
3.33921931 0.7890
3.35513095 0.7846
3.36802982 0.7809
3.37298150 0.7781
3.36762207 0.7775
3.35146992 0.7805
3.32734610 0.7889
3.29833160 0.8020
3.26825406 0.8177
3.23957147 0.8332
3.21387897 0.8469
3.19262906 0.8575
3.17762826 0.8647
3.16869971 0.8686
3.16614283 0.8687
3.16913359 0.8648
3.17684442 0.8557
3.18881641 0.8403
3.20356088 0.8202
3.22095948 0.7973
3.24025641 0.7756
3.26016259 0.7577
3.27933072 0.7462
3.29532405 0.7415
3.30480959 0.7427
3.30419330 0.7489
3.29403878 0.7575
3.27334810 0.7670
3.24375195 0.7763
3.20886447 0.7837
3.17305329 0.7897
3.13915226 0.7953
3.11105013 0.8008
3.09153736 0.8084
3.08100888 0.8177
3.08173675 0.8281
3.09226659 0.8381
3.11072917 0.8468
3.13655290 0.8517
3.16821805 0.8506
3.20432998 0.8433
3.24463192 0.8297
3.28961173 0.8116
3.33925232 0.7936
3.39190085 0.7787
3.44240298 0.7703
3.48424765 0.7715
3.51211705 0.7812
3.52119018 0.7974
3.51042627 0.8172
3.48117182 0.8386
3.43897104 0.8569
3.39090832 0.8698
3.34418140 0.8742
3.30540891 0.8694
3.27883602 0.8557
3.26464634 0.8395
3.25998778 0.8260
3.26066772 0.8195
3.26244591 0.8212
3.26480148 0.8251
3.26940455 0.8279
3.28010214 0.8248
3.29921104 0.8142
3.32807678 0.7973
3.36539436 0.7777
3.40750759 0.7607
3.44883484 0.7499
3.48313265 0.7467
3.50507834 0.7497
3.50975868 0.7589
3.49519010 0.7712
3.46389629 0.7841
3.42121105 0.7946
3.37343898 0.8019
3.32784523 0.8045
3.28929079 0.8015
3.26194182 0.7904
3.24633112 0.7712
3.24164467 0.7478
3.24549130 0.7253
3.25542750 0.7085
3.26644482 0.7006
3.27777730 0.7001
3.28781105 0.7052
3.29891797 0.7135
3.31150111 0.7233
3.32585616 0.7316
3.34120245 0.7379
3.35492574 0.7436
3.36411985 0.7504
3.36886932 0.7601
3.36706583 0.7717
3.35910227 0.7853
3.34517855 0.7999
3.33007358 0.8125
3.31456354 0.8222
3.30014819 0.8289
3.28706525 0.8319
3.27478115 0.8310
3.26439601 0.8267
3.25476620 0.8213
3.24493206 0.8162
3.23417909 0.8126
3.22523458 0.8119
3.22048689 0.8144
3.22086676 0.8188
3.22614227 0.8248
3.23544017 0.8306
3.24711835 0.8352
3.25889836 0.8368
3.26985521 0.8363
3.28075885 0.8334
3.29121698 0.8290
3.30067667 0.8217
3.31020083 0.8137
3.31862781 0.8054
3.32724790 0.7967
3.33589618 0.7894
3.34256685 0.7838
3.34611846 0.7803
3.34541976 0.7776
3.33961798 0.7745
3.32929484 0.7713
3.31341438 0.7684
3.29162402 0.7674
3.26439664 0.7691
3.23514264 0.7738
3.20743883 0.7811
3.18425850 0.7910
3.16705608 0.8009
3.15845964 0.8114
3.15801397 0.8202
3.16616938 0.8263
3.18293671 0.8298
3.20508869 0.8306
3.23063383 0.8265
3.25854693 0.8165
3.28765326 0.8020
3.31538079 0.7856
3.33922748 0.7699
3.35699489 0.7564
3.36776540 0.7467
3.37007395 0.7411
3.36172679 0.7393
3.34265776 0.7421
3.31428842 0.7490
3.27963702 0.7587
3.24138221 0.7703
3.20315639 0.7826
3.16874388 0.7931
3.14150050 0.8002
3.12497275 0.8025
3.11984899 0.8023
3.12770497 0.7984
3.14768508 0.7925
3.17727478 0.7846
3.21154110 0.7744
3.24726299 0.7625
3.28373210 0.7495
3.31833373 0.7379
3.34961558 0.7293
3.37576775 0.7233
3.39402703 0.7202
3.40327016 0.7199
3.40229477 0.7235
3.39239826 0.7300
3.37550046 0.7391
3.35263688 0.7501
3.32633642 0.7624
3.29920196 0.7733
3.27413791 0.7811
3.25502477 0.7834
3.24364691 0.7793
3.24085884 0.7691
3.24691253 0.7540
3.25839874 0.7386
3.27154803 0.7258
3.28500811 0.7175
3.29964796 0.7143
3.31613796 0.7173
3.33355977 0.7259
3.35373398 0.7362
3.37455602 0.7449
3.39554659 0.7493
3.41475969 0.7494
3.43098351 0.7466
3.44246382 0.7421
3.44912267 0.7373
3.44943470 0.7346
3.44360010 0.7320
3.43372304 0.7307
3.42188456 0.7281
3.41115796 0.7225
3.40357127 0.7133
3.40276916 0.6998
3.40878635 0.6826
3.41991440 0.6631
3.43438964 0.6432
3.44760826 0.6257
3.45701777 0.6147
3.46134864 0.6128
3.45981034 0.6205
3.45362908 0.6381
3.44361532 0.6625
3.43050294 0.6897
3.41832929 0.7151
3.40858281 0.7344
3.40263947 0.7468
3.40151214 0.7512
3.40393821 0.7496
3.41000136 0.7457
3.41898571 0.7415
3.42890135 0.7376
3.44116305 0.7337
3.45444085 0.7288
3.46875875 0.7212
3.48345332 0.7099
3.49690327 0.6934
3.50503682 0.6737
3.50544949 0.6557
3.49816083 0.6433
3.48374614 0.6406
3.46303062 0.6481
3.43524174 0.6656
3.40407774 0.6907
3.37120103 0.7193
3.34051189 0.7483
3.31562871 0.7728
3.29994747 0.7886
3.29453983 0.7945
3.30126824 0.7909
3.31911245 0.7795
3.34495427 0.7631
3.37533280 0.7457
3.40772443 0.7288
3.43943421 0.7138
3.46708635 0.7022
3.48963185 0.6930
3.50676714 0.6859
3.51973483 0.6803
3.52888110 0.6770
3.53429545 0.6767
3.53449538 0.6804
3.52741841 0.6882
3.51433186 0.6994
3.49406327 0.7128
3.46989204 0.7270
3.44519138 0.7398
3.42118882 0.7494
3.39992955 0.7537
3.38311627 0.7519
3.37286477 0.7438
3.36891390 0.7310
3.37192765 0.7153
3.38162200 0.6989
3.39438047 0.6844
3.40872963 0.6729
3.42193360 0.6654
3.43182992 0.6615
3.43780881 0.6590
3.43852015 0.6598
3.43170372 0.6644
3.41921580 0.6722
3.40341404 0.6816
3.38562709 0.6920
3.36757763 0.7014
3.34980984 0.7086
3.33473016 0.7146
3.32378572 0.7180
3.31874330 0.7170
3.31800455 0.7108
3.32196371 0.6983
3.32964000 0.6802
3.33826923 0.6602
3.34848944 0.6398
3.35935848 0.6219
3.37106834 0.6075
3.38493921 0.5972
3.39978349 0.5904
3.41512349 0.5860
3.42780028 0.5841
3.43511874 0.5851
3.43555603 0.5897
3.42884646 0.5982
3.41692401 0.6092
3.39960765 0.6218
3.37711804 0.6354
3.35342927 0.6481
3.33059405 0.6593
3.31026995 0.6681
3.29506224 0.6730
3.28561637 0.6730
3.28292530 0.6671
3.28462205 0.6563
3.29116730 0.6424
3.30200099 0.6266
3.31420014 0.6121
3.32543621 0.6009
3.33454651 0.5939
3.34030937 0.5921
3.34543848 0.5957
3.35164309 0.6034
3.35952871 0.6134
3.36833788 0.6249
3.37713438 0.6371
3.38386257 0.6478
3.38666891 0.6563
3.38654220 0.6619
3.38488208 0.6649
3.38339210 0.6653
3.38440799 0.6622
3.38732256 0.6549
3.39337492 0.6416
3.40186300 0.6226
3.41231748 0.5997
3.42393859 0.5770
3.43634044 0.5583
3.44775003 0.5463
3.45629167 0.5424
3.45972664 0.5456
3.45563807 0.5556
3.44345880 0.5717
3.42556361 0.5911
3.40567963 0.6114
3.38528172 0.6312
3.36643203 0.6477
3.35068128 0.6602
3.34102108 0.6684
3.33629381 0.6736
3.33844762 0.6761
3.34555035 0.6771
3.35476689 0.6761
3.36708473 0.6718
3.37959399 0.6628
3.39127345 0.6498
3.40337720 0.6332
3.41425677 0.6157
3.42297666 0.6010
3.42941157 0.5933
3.43273293 0.5946
3.43210296 0.6055
3.42414915 0.6256
3.40853832 0.6512
3.38321464 0.6797
3.34998604 0.7062
3.31058553 0.7288
3.26988034 0.7459
3.23362331 0.7580
3.20678772 0.7670
3.19316070 0.7739
3.19352443 0.7789
3.20451301 0.7820
3.22215655 0.7802
3.24356534 0.7723
3.26684328 0.7582
3.29195253 0.7388
3.31938931 0.7162
3.34822786 0.6935
3.37709398 0.6735
3.40445001 0.6591
3.42874805 0.6507
3.44703239 0.6485
3.45636300 0.6516
3.45559572 0.6569
3.44424039 0.6622
3.42333155 0.6655
3.39493254 0.6671
3.36532855 0.6674
3.34167221 0.6668
3.32809088 0.6674
3.32560626 0.6681
3.33237244 0.6692
3.34580274 0.6685
3.36394137 0.6637
3.38588781 0.6555
3.41262596 0.6446
3.44451222 0.6311
3.48195917 0.6181
3.52409568 0.6072
3.56975245 0.5987
3.61545287 0.5933
3.65823263 0.5920
3.69522438 0.5945
3.72202660 0.5991
3.73557708 0.6041
3.73298442 0.6071
3.71731538 0.6061
3.69137579 0.6003
3.65990427 0.5902
3.62781471 0.5783
3.60090400 0.5670
3.58017151 0.5589
3.56387007 0.5546
3.55009038 0.5535
3.53673083 0.5553
3.52480731 0.5582
3.51667572 0.5618
3.51289737 0.5652
3.51408002 0.5690
3.51920825 0.5716
3.52773655 0.5746
3.53829331 0.5790
3.54941023 0.5859
3.55836264 0.5956
3.56229109 0.6084
3.55993193 0.6227
3.55014076 0.6363
3.53315903 0.6462
3.51052336 0.6503
3.48698784 0.6478
3.46631759 0.6404
3.45276937 0.6304
3.44892239 0.6204
3.45321610 0.6121
3.46104816 0.6068
3.46987373 0.6055
3.47729424 0.6079
3.48225480 0.6143
3.48561776 0.6245
3.48759161 0.6368
3.49061638 0.6497
3.49492055 0.6618
3.50184336 0.6722
3.50948221 0.6812
3.51635323 0.6894
3.52033008 0.6971
3.52071404 0.7031
3.51254009 0.7060
3.49628737 0.7045
3.47360772 0.6979
3.44811105 0.6865
3.42322716 0.6722
3.40587288 0.6565
3.39744621 0.6401
3.40079443 0.6222
3.41465096 0.6032
3.43725777 0.5836
3.46618255 0.5657
3.49885892 0.5514
3.53231263 0.5414
3.56207452 0.5359
3.58551549 0.5350
3.59774329 0.5382
3.60094027 0.5451
3.59582978 0.5541
3.58481494 0.5637
3.56813674 0.5732
3.54876945 0.5819
3.52784117 0.5885
3.50656962 0.5916
3.48654113 0.5899
3.47114253 0.5835
3.46393390 0.5740
3.46702495 0.5628
3.47785263 0.5516
3.49542001 0.5408
3.51851235 0.5313
3.54478704 0.5244
3.57591426 0.5203
3.61061723 0.5191
3.64582392 0.5209
3.68085507 0.5247
3.71179524 0.5294
3.73459112 0.5347
3.74714287 0.5401
3.74836977 0.5459
3.73823660 0.5524
3.71726104 0.5594
3.68607897 0.5667
3.64527274 0.5728
3.59837048 0.5761
3.55115531 0.5757
3.50939886 0.5713
3.47653970 0.5639
3.45353006 0.5540
3.44115013 0.5439
3.43531038 0.5345
3.43660595 0.5267
3.44283873 0.5212
3.45123432 0.5185
3.45908214 0.5182
3.46846731 0.5193
3.47855077 0.5214
3.48861364 0.5248
3.49848890 0.5303
3.50804790 0.5385
3.51483548 0.5496
3.51881385 0.5632
3.52095353 0.5778
3.52044744 0.5916
3.51672642 0.6025
3.51184637 0.6096
3.50818700 0.6132
3.50981833 0.6134
3.51793583 0.6112
3.53361827 0.6076
3.55567994 0.6036
3.58068225 0.5997
3.60551349 0.5963
3.62806161 0.5936
3.64771411 0.5908
3.66395380 0.5883
3.67395924 0.5859
3.67852087 0.5839
3.67531732 0.5824
3.66281644 0.5822
3.64047080 0.5849
3.60988904 0.5910
3.57184467 0.6015
3.53043048 0.6165
3.48991623 0.6350
3.45204512 0.6544
3.41965534 0.6715
3.39593566 0.6855
3.38612755 0.6954
3.38975382 0.7022
3.40539412 0.7059
3.43011459 0.7066
3.45648522 0.7054
3.48095069 0.7026
3.50367524 0.6984
3.52224381 0.6939
3.53680649 0.6894
3.54833588 0.6862
3.55692263 0.6845
3.56430765 0.6850
3.56818168 0.6883
3.56635403 0.6942
3.55614457 0.7030
3.53557704 0.7141
3.50576691 0.7267
3.46904076 0.7412
3.42804632 0.7566
3.38874330 0.7718
3.35645744 0.7851
3.33619186 0.7945
3.32940496 0.7993
3.33710933 0.7995
3.35680564 0.7948
3.38428129 0.7855
3.41517655 0.7718
3.44682600 0.7548
3.47584473 0.7347
3.50038762 0.7117
3.51881158 0.6878
3.53151939 0.6649
3.53864084 0.6450
3.54055718 0.6286
3.53651623 0.6167
3.52411481 0.6095
3.50249814 0.6065
3.47076728 0.6079
3.43216545 0.6129
3.39089961 0.6200
3.35159887 0.6275
3.31805665 0.6337
3.29159134 0.6397
3.27511990 0.6453
3.26967419 0.6499
3.27551031 0.6529
3.29175237 0.6529
3.31511527 0.6494
3.34260001 0.6411
3.37275040 0.6273
3.40128909 0.6096
3.42729345 0.5894
3.45161047 0.5696
3.47702303 0.5520
3.50416185 0.5398
3.53050463 0.5347
3.55409561 0.5364
3.56996337 0.5452
3.57469983 0.5598
3.56647630 0.5779
3.54683054 0.5962
3.51794926 0.6139
3.48774497 0.6304
3.46296298 0.6460
3.44897464 0.6615
3.44835680 0.6765
3.45834223 0.6914
3.47602302 0.7055
3.49664822 0.7173
3.51835503 0.7250
3.53602740 0.7271
3.54647531 0.7221
3.54948081 0.7101
3.54655645 0.6929
3.53948612 0.6732
3.53101151 0.6551
3.52380929 0.6417
3.51685341 0.6353
3.50941665 0.6356
3.50041946 0.6423
3.48852578 0.6541
3.47251804 0.6686
3.45294466 0.6832
3.43093289 0.6973
3.40789152 0.7112
3.38827123 0.7247
3.37430059 0.7370
3.36677789 0.7481
3.36519164 0.7573
3.36968845 0.7648
3.37753725 0.7703
3.38774010 0.7729
3.39620876 0.7712
3.40018816 0.7645
3.39912435 0.7531
3.39245029 0.7387
3.38219459 0.7234
3.36909978 0.7097
3.35589474 0.6996
3.34408247 0.6943
3.33326340 0.6933
3.32454499 0.6939
3.31729816 0.6949
3.31280119 0.6954
3.31177139 0.6956
3.31302054 0.6974
3.31662678 0.7023
3.31890902 0.7108
3.32063867 0.7217
3.32251782 0.7336
3.32608819 0.7448
3.33177064 0.7535
3.33990695 0.7587
3.35024955 0.7594
3.36227042 0.7551
3.37552669 0.7457
3.39025897 0.7327
3.40318549 0.7193
3.41309830 0.7080
3.41909804 0.7010
3.42010415 0.7002
3.41823095 0.7047
3.41425173 0.7112
3.41079330 0.7165
3.40696698 0.7190
3.40330069 0.7188
3.40031799 0.7186
3.39829378 0.7207
3.39592142 0.7260
3.39186209 0.7347
3.38595644 0.7447
3.37840008 0.7550
3.37192169 0.7641
3.36781580 0.7704
3.36651864 0.7726
3.36816860 0.7720
3.37482664 0.7690
3.38720866 0.7646
3.40410009 0.7602
3.42394185 0.7577
3.44527420 0.7587
3.46760240 0.7633
3.48811174 0.7702
3.50497298 0.7772
3.51632727 0.7821
3.52364339 0.7835
3.52631053 0.7810
3.52625090 0.7758
3.52415390 0.7695
3.52034131 0.7637
3.51537375 0.7589
3.51100610 0.7550
3.50655104 0.7521
3.50177677 0.7494
3.49768381 0.7463
3.49568422 0.7416
3.49702251 0.7351
3.50208632 0.7277
3.51179771 0.7201
3.52703948 0.7140
3.54636928 0.7108
3.56927942 0.7102
3.59511796 0.7133
3.62112670 0.7191
3.64579705 0.7249
3.66739512 0.7286
3.68344164 0.7284
3.69236129 0.7240
3.69487506 0.7163
3.69249933 0.7063
3.68334413 0.6963
3.66831647 0.6879
3.64729835 0.6813
3.62367511 0.6766
3.59727807 0.6730
3.57103790 0.6691
3.54404799 0.6658
3.51733151 0.6630
3.49209425 0.6604
3.46868923 0.6587
3.44672924 0.6596
3.42489995 0.6633
3.40501399 0.6691
3.38943436 0.6770
3.37933656 0.6866
3.37259754 0.6967
3.36776520 0.7059
3.36518268 0.7138
3.36410276 0.7196
3.36403805 0.7225
3.36268908 0.7215
3.35934004 0.7176
3.35518117 0.7115
3.34968228 0.7051
3.34412954 0.6992
3.34013207 0.6939
3.34003118 0.6867
3.34393998 0.6772
3.35288619 0.6651
3.36681443 0.6520
3.38437707 0.6394
3.40328849 0.6295
3.41957499 0.6237
3.43125249 0.6219
3.43933108 0.6230
3.44407336 0.6243
3.44473014 0.6244
3.43963272 0.6234
3.43030222 0.6224
3.41831105 0.6218
3.40498768 0.6243
3.39215682 0.6310
3.37839996 0.6418
3.36163201 0.6559
3.34267564 0.6702
3.32312973 0.6822
3.30423502 0.6910
3.28989175 0.6956
3.28366661 0.6973
3.28803852 0.6974
3.30428094 0.6967
3.33111033 0.6956
3.36500222 0.6949
3.40355878 0.6934
3.44269890 0.6920
3.48119833 0.6899
3.51365212 0.6879
3.53824931 0.6864
3.55446212 0.6850
3.56208982 0.6855
3.56171546 0.6880
3.55337290 0.6925
3.54099067 0.6986
3.52527084 0.7060
3.50660973 0.7157
3.48474085 0.7271
3.46055877 0.7389
3.43465227 0.7492
3.40679572 0.7581
3.38066906 0.7634
3.35977696 0.7664
3.34602798 0.7681
3.34215414 0.7689
3.35053019 0.7699
3.37000412 0.7710
3.39875952 0.7723
3.43334573 0.7734
3.46807692 0.7730
3.49720809 0.7700
3.51796194 0.7634
3.52504452 0.7545
3.51769742 0.7429
3.49759221 0.7306
3.46889355 0.7195
3.43768448 0.7117
3.41087875 0.7088
3.39350406 0.7120
3.38551565 0.7200
3.38618031 0.7314
3.39353213 0.7434
3.40234086 0.7536
3.40862425 0.7611
3.41170468 0.7666
3.41123461 0.7707
3.40993940 0.7742
3.40903202 0.7765
3.40995257 0.7789
3.41478326 0.7790
3.42434333 0.7762
3.43624266 0.7697
3.44837233 0.7596
3.45871700 0.7455
3.46348018 0.7308
3.46234411 0.7184
3.45549232 0.7106
3.44393855 0.7084
3.42900379 0.7138
3.41338870 0.7240
3.39686032 0.7370
3.38145754 0.7503
3.36957459 0.7617
3.36220883 0.7705
3.36135859 0.7758
3.36855948 0.7764
