2.87401304 0.9209
2.87117594 0.9019
2.86799888 0.8829
2.85958023 0.8709
2.85065471 0.8629
2.83853819 0.8453
2.82389678 0.8161
2.81429576 0.7808
2.79896725 0.8589
2.74954794 0.8908
2.74176418 0.9056
2.77154504 0.9179
2.81108727 0.9263
2.84559855 0.9272
2.86019439 0.9302
2.84531005 0.9315
2.81901093 0.9158
2.79908385 0.8906
2.79335657 0.8763
2.80388035 0.8755
2.83049321 0.8721
2.86665165 0.8642
2.89377125 0.8524
2.90310181 0.8097
2.89038347 0.8140
2.86638534 0.8372
2.83943191 0.8530
2.81928076 0.8560
2.81777527 0.8574
2.82732608 0.8599
2.83535699 0.8527
2.83036844 0.8456
2.81195585 0.8449
2.80505076 0.8508
2.81866808 0.8668
2.84659746 0.8836
2.86459202 0.8894
2.86995530 0.8919
2.86629435 0.8908
2.86065788 0.8908
2.86175854 0.8880
2.87494358 0.8765
2.89493474 0.8638
2.90737497 0.8532
2.91065489 0.8545
2.91387883 0.8703
2.91570116 0.8831
2.92020776 0.8727
2.93146688 0.8495
2.94885656 0.8184
2.95678163 0.7701
2.95385083 0.7729
2.94957032 0.8075
2.93485912 0.8290
2.91373085 0.8350
2.89709348 0.8471
2.88732081 0.8657
2.88628245 0.8822
2.89397491 0.8896
2.91611188 0.8864
2.94771670 0.8727
2.97197889 0.8239
2.97629852 0.7427
2.96940499 0.8513
2.94148601 0.8692
2.91879189 0.8864
2.90824287 0.9045
2.90355683 0.9133
2.89778591 0.9114
2.89180058 0.9071
2.89134980 0.9156
2.88970473 0.9284
2.87953993 0.9220
2.86373622 0.9054
2.84188958 0.8955
2.83113718 0.8869
2.84111751 0.8775
2.85198292 0.8666
2.84459597 0.8473
2.82995822 0.8281
2.83369553 0.8203
2.85375641 0.8193
2.88563080 0.8176
2.91742505 0.8415
2.88718241 0.8966
2.85108245 0.8980
2.82040080 0.8904
2.80388782 0.8790
2.80118365 0.8701
2.80450624 0.8716
2.81070203 0.8813
2.82183011 0.8920
2.84392537 0.9001
2.87647703 0.9040
2.90730198 0.9051
2.91497007 0.9283
2.90737308 0.9524
2.90628345 0.9478
2.90999822 0.9351
2.90656547 0.9124
2.89166543 0.8857
2.87443656 0.8666
2.86040665 0.8645
2.85005028 0.8814
2.83399775 0.8982
2.82057863 0.9107
2.81519613 0.9123
2.81648756 0.9025
2.81981864 0.8901
2.82462507 0.8849
2.83078936 0.8926
2.83356668 0.9062
2.83467534 0.9178
2.83110842 0.9279
2.83019917 0.9437
2.84516752 0.9619
2.87134377 0.9688
2.88426525 0.9344
2.87552206 0.9062
2.86491363 0.8988
2.85900110 0.8934
2.86250432 0.8799
2.88696532 0.8604
2.93755786 0.8466
2.95630449 0.9216
2.93321254 0.9194
2.93987874 0.9103
2.97077000 0.8924
2.99218382 0.9009
2.97016047 0.9131
2.93336445 0.9313
2.90043086 0.9429
2.88952903 0.9425
2.90034289 0.9350
2.91369870 0.9283
2.92392854 0.9198
2.93311444 0.9060
2.94986107 0.8751
2.95796937 0.8263
2.96567814 0.8316
2.95903776 0.8864
2.92943164 0.9087
2.90740656 0.9201
2.89401075 0.9246
2.88217695 0.9245
2.87176553 0.9235
2.87375329 0.9269
2.89443332 0.9260
2.92567387 0.9093
2.92821649 0.8436
2.89881550 0.8311
2.87807654 0.8268
2.86849704 0.8102
2.87197019 0.7963
2.89871461 0.8206
2.91127503 0.9294
2.90409051 0.9618
2.90702033 0.9716
2.91588784 0.9646
2.91548785 0.9436
2.90712225 0.9427
2.90055898 0.9632
2.89629190 0.9809
2.89478008 0.9776
2.88769598 0.9509
2.87437285 0.9183
2.85810483 0.8938
2.86074674 0.8863
2.87676408 0.8981
2.88327239 0.9039
2.87866725 0.9012
2.87686425 0.9001
2.88043946 0.9092
2.88264858 0.9217
2.87873425 0.9308
2.87265389 0.9376
2.86452555 0.9443
2.86563190 0.9481
2.86961076 0.9564
2.87797189 0.9664
2.88300040 0.9855
2.87897063 1.0014
2.87294195 1.0058
2.86972451 1.0150
2.86406374 1.0215
2.85422152 1.0228
2.85121481 1.0122
2.86443475 0.9985
2.88799981 0.9997
2.90394715 0.9217
2.91266366 0.9235
2.90992967 1.0046
2.88279874 1.0248
2.84921523 1.0344
2.82528653 1.0398
2.81820801 1.0355
2.83036921 1.0163
2.86698164 0.9929
2.90902115 0.9808
2.93615341 0.9664
2.94938709 0.9540
2.96051535 1.0048
2.93931094 1.0325
2.90688362 1.0369
2.88579582 1.0370
2.87505162 1.0189
2.87255927 0.9859
2.88468991 0.9432
2.90289054 0.9057
2.89356702 0.8323
2.88713883 0.7904
2.88740573 0.8319
2.87305553 0.9568
2.86817339 1.0063
2.86566468 1.0261
2.86048224 1.0440
2.84863984 1.0556
2.84039389 1.0468
2.84222687 1.0250
2.84766254 1.0072
2.84965358 1.0118
2.84263073 1.0453
2.82669641 1.0797
2.81609199 1.0880
2.81568600 1.0794
2.81435156 1.0695
2.81454147 1.0671
2.82589418 1.0656
2.85781300 1.0586
2.89311444 1.0421
2.88428433 0.9237
2.85076533 0.7922
2.83176615 0.6699
2.81750303 0.7208
2.81633534 0.8584
2.83994439 0.9185
2.86968482 0.9448
2.89146566 0.9722
2.90540882 0.9977
2.89656656 0.8664
2.87060894 0.8511
2.86721570 0.8447
2.88450633 0.8319
2.88589374 0.9479
2.84779096 0.9780
2.82976411 0.9902
2.82366371 0.9921
2.81967468 0.9799
2.81676497 0.9623
2.81456652 0.9464
2.80716830 0.9314
2.79295492 0.9251
2.77793859 0.9526
2.76232567 0.9947
2.74920585 1.0261
2.75029565 1.0513
2.77185713 1.0686
2.81099349 1.0797
2.85304015 1.0837
2.88012236 1.0568
2.88646310 1.0347
2.87976006 1.0571
2.86493082 1.0885
2.84322953 1.1053
2.82091497 1.1001
2.80018097 1.0926
2.79086787 1.0874
2.79927367 1.0792
2.82818983 1.0510
2.86069448 0.9806
2.87618307 0.8305
2.88256556 0.9536
2.87258914 1.0413
2.85856948 1.0451
2.84582076 1.0379
2.83842883 1.0294
2.84252083 1.0235
2.86332435 1.0149
2.90895269 0.9944
2.96508947 0.9112
2.97111751 0.7844
2.97633966 0.7979
2.98373083 0.8398
2.95978563 0.9474
2.91256997 0.9575
2.87458183 0.9570
2.84913119 0.9529
2.83913591 0.9402
2.84770320 0.9158
2.87493285 0.8891
2.90601358 0.8923
2.90105651 0.8744
2.87302920 0.8669
2.85784631 0.8651
2.87186365 0.8745
2.89921875 0.9091
2.90686833 0.9538
2.88573886 0.9755
2.85260572 0.9695
2.83483240 0.9519
2.83733685 0.9459
2.84276260 0.9644
2.83764087 0.9938
2.83339220 1.0200
2.83414043 1.0254
2.83916282 1.0166
2.84248655 1.0109
2.84897597 1.0096
2.86172512 1.0033
2.88825929 0.9842
2.92287114 0.9774
2.93338270 0.9655
2.93016089 0.9723
2.91904939 1.0115
2.89920038 1.0434
2.88884025 1.0546
2.88625569 1.0475
2.88706035 1.0334
2.88909054 1.0050
2.89097200 0.9501
2.89409011 0.8837
2.89555736 0.8489
2.88826183 0.8360
2.86701168 0.8155
2.84465781 0.8036
2.83484891 0.8108
2.84195105 0.8608
2.85018633 0.9183
2.85316839 0.9568
2.85008687 0.9300
2.83904547 0.9036
2.82524461 0.9123
2.81132184 0.9329
2.79871067 0.9429
2.78767026 0.9417
2.78309886 0.9266
2.78457164 0.9096
2.79679316 0.9032
2.81929381 0.9159
2.85183230 0.9429
2.88835774 0.9873
2.90914663 1.0171
2.91300663 1.0186
2.90731448 1.0127
2.89568892 1.0114
2.88462513 1.0134
2.87684458 1.0151
2.87398797 1.0100
2.86564091 0.9921
2.84734908 0.9637
2.82323030 0.9391
2.80484700 0.9326
2.79210772 0.9199
2.78745278 0.9037
2.78957359 0.8974
2.79990498 0.8979
2.81510834 0.9016
2.83586449 0.9067
2.87014427 0.9064
2.91565821 0.9114
2.96957401 0.9097
3.00692417 0.8222
3.01968540 0.8427
3.01970860 0.8850
3.01029148 0.9093
3.00019698 0.9161
2.99067223 0.9057
2.97351008 0.8893
2.95178153 0.8716
2.93001606 0.8621
2.92018150 0.8594
2.92069417 0.8695
2.92542455 0.8879
2.92212614 0.9140
2.91017121 0.9479
2.90460776 0.9738
2.89944246 0.9804
2.89235617 0.9612
2.87781440 0.9127
2.86577459 0.8521
2.87650136 0.8166
2.92077523 0.8727
2.94888959 0.9878
2.94912175 0.9966
2.93346003 1.0034
2.90688827 1.0062
2.87686682 1.0022
2.84771211 0.9929
2.81971942 0.9814
2.79858045 0.9664
2.79568318 0.9390
2.81053399 0.8993
2.81969540 0.8643
2.81631247 0.8468
2.80981030 0.8590
2.81516662 0.8890
2.83074491 0.9255
2.84298828 0.9548
2.84401377 0.9809
2.83145473 1.0014
2.81878661 1.0150
2.82107420 1.0160
2.84335541 0.9987
2.87608489 0.9683
2.90664436 0.9442
2.92302510 0.9408
2.91969845 0.9585
2.90386248 0.9749
2.88862462 0.9894
2.87680932 1.0018
2.86389111 1.0133
2.85678100 1.0217
2.85349255 1.0188
2.85044251 0.9975
2.84365217 0.9631
2.83326505 0.9282
2.81741097 0.9036
2.78622090 0.8833
2.76650018 0.8915
2.77310552 0.9134
2.78768729 0.9082
2.80055434 0.8845
2.82958692 0.8767
2.86675426 0.8707
2.87960993 0.8481
2.85564831 0.8205
2.81955435 0.7996
2.79465381 0.7929
2.79636951 0.8131
2.80344607 0.8702
2.79829394 0.9039
2.79589264 0.9157
2.81576734 0.9300
2.86475940 0.9340
2.93288657 0.9212
2.98978343 0.9054
3.01278951 0.8988
2.99248654 0.9067
2.95288412 0.9195
2.92549645 0.9174
2.92040571 0.8974
2.92145846 0.8684
2.91529173 0.8605
2.91029994 0.8750
2.92579298 0.8907
2.95238357 0.8881
2.96145611 0.8781
2.93681961 0.8775
2.88159826 0.8826
2.82070894 0.8769
2.78257114 0.8624
2.76539619 0.8508
2.76187821 0.8482
2.76724733 0.8469
2.78919066 0.8428
2.83153178 0.8351
2.87593039 0.8317
2.89472166 0.8410
2.87806726 0.8584
2.84311325 0.8721
2.81165425 0.8761
2.79594818 0.8772
2.79164884 0.8705
2.79552883 0.8585
2.80688534 0.8414
2.82208497 0.8261
2.84471812 0.8139
2.86601102 0.8050
2.87093841 0.8082
2.84944665 0.8293
2.82006763 0.8616
2.79940532 0.8906
2.79851276 0.9108
2.80820078 0.9180
2.81953556 0.9192
2.83191164 0.9193
2.84083121 0.9213
2.85478985 0.9228
2.86936769 0.9143
2.87960390 0.8951
2.87493666 0.8787
2.85910608 0.8796
2.83687596 0.8965
2.81716985 0.9153
2.79048948 0.9219
2.76360526 0.9174
2.74975286 0.9119
2.74682166 0.9017
2.74299167 0.8742
2.72652457 0.8411
2.70737108 0.8280
2.69651597 0.8311
2.70229483 0.8341
2.72887673 0.8386
2.75580218 0.8429
2.76175634 0.8415
2.74156841 0.8352
2.72486032 0.8249
2.72653778 0.8169
2.73506857 0.8252
2.73366238 0.8428
2.73002648 0.8589
2.73680609 0.8741
2.76697093 0.8798
2.81440691 0.8749
2.84565286 0.8614
2.84495007 0.8489
2.80942440 0.8422
2.78402751 0.8426
2.78488886 0.8428
2.81044872 0.8403
2.83919711 0.8499
2.85900971 0.8740
2.87096370 0.9059
2.89335169 0.9342
2.92542496 0.9473
2.95351089 0.9552
2.96101193 0.9589
2.95233201 0.9570
2.94251928 0.9468
2.93924646 0.9352
2.93930663 0.9378
2.93338269 0.9574
2.91748120 0.9800
2.89091493 0.9917
2.86736712 0.9895
2.85568539 0.9780
2.84857153 0.9672
2.83815037 0.9595
2.82232212 0.9467
2.81147899 0.9291
2.81136521 0.9222
2.81459697 0.9339
2.81610331 0.9447
2.80932483 0.9488
2.80018864 0.9467
2.80450680 0.9465
2.82929505 0.9508
2.87073810 0.9589
2.90082956 0.9660
2.90343460 0.9628
2.89589387 0.9550
2.89142227 0.9516
2.88898058 0.9524
2.87874941 0.9513
2.86698713 0.9451
2.86333468 0.9390
2.86997934 0.9409
2.87484237 0.9524
2.87185770 0.9609
2.86020551 0.9607
2.84606719 0.9681
2.83614553 0.9876
2.83085833 1.0134
2.83117335 1.0221
2.84412680 1.0093
2.85061231 0.7330
2.79494997 0.6475
2.76521527 0.6435
2.76963186 0.6558
2.80492821 0.7262
2.82308324 0.8689
2.81367651 0.9376
2.80466341 0.9698
2.79613639 0.9854
2.79759707 0.9741
2.81927674 0.9449
2.83841343 0.6972
2.78775385 0.6968
2.78877836 0.7484
2.82195188 0.7891
2.87297514 0.8045
2.93523832 0.7984
2.97536744 0.8794
2.98069096 0.9461
2.97219328 0.9560
2.95092850 0.9007
2.91190760 0.8286
2.86424002 0.8120
2.83674066 0.8429
2.84262127 0.8901
2.86236057 0.9277
2.88327479 0.9413
2.90832434 0.9381
2.91964558 0.9216
2.89109852 0.9004
2.86068070 0.9010
2.84801137 0.9102
2.85296341 0.9223
2.85653009 0.9255
2.85529205 0.9216
2.85796601 0.9176
2.86265609 0.9092
2.86715603 0.8981
2.86498231 0.8969
2.85352671 0.9090
2.82939330 0.9209
2.80000030 0.9292
2.77671020 0.9295
2.76512331 0.9225
2.76370322 0.9173
2.77090583 0.9076
2.78487829 0.8923
2.80236955 0.8748
2.82490991 0.8650
2.85208342 0.8703
2.87530904 0.8832
2.87266906 0.8853
2.84349722 0.8608
2.80792618 0.8273
2.79280120 0.7943
2.79923255 0.7690
2.82504984 0.7517
2.85985787 0.7459
2.89725290 0.7647
2.92018115 0.8012
2.93223867 0.8345
2.93519228 0.8516
2.93291265 0.8524
2.93151309 0.8509
2.93476402 0.8468
2.94670180 0.8315
2.96178684 0.7998
2.96879085 0.7722
2.97229812 0.7826
2.96715683 0.8227
2.94735113 0.8671
2.92277351 0.8880
2.88991313 0.8797
2.86227624 0.8616
2.84107713 0.8536
2.82262027 0.8539
2.80759958 0.8511
2.79535787 0.8438
2.78787583 0.8401
2.79016525 0.8444
2.81004947 0.8520
2.84133758 0.8669
2.87051988 0.8856
2.89029617 0.8933
2.90910460 0.8930
2.92182971 0.8795
2.92176288 0.8439
2.89743999 0.8347
2.87442531 0.8646
2.87240383 0.8942
2.88866062 0.9139
2.91483980 0.9110
2.91337032 0.8549
2.87943146 0.8727
2.87347151 0.9067
2.89623393 0.9378
2.93137718 0.9489
2.96803392 0.9222
2.99572634 0.8556
2.98434628 0.9035
2.97760977 0.9511
2.97972628 0.9831
2.96853942 0.9847
2.94136295 0.9682
2.91441846 0.9618
2.89840471 0.9706
2.89159278 0.9812
2.88520707 0.9879
2.87587592 0.9820
2.86530616 0.9805
2.86696285 0.9881
2.88102001 0.9919
2.89180032 0.9554
2.89872449 0.8828
2.90912914 0.8250
2.90979905 0.8728
2.89709910 0.8873
2.88302990 0.8921
2.86095360 0.8957
2.83435452 0.8993
2.81619106 0.9081
2.81859813 0.9151
2.83251874 0.9160
2.83424646 0.9070
2.82795967 0.8952
2.83439325 0.8842
2.86161500 0.8771
2.89747276 0.8806
2.91597244 0.8973
2.91927261 0.9108
2.92461745 0.9223
2.93527621 0.9380
2.93986799 0.9494
2.92863843 0.9409
2.90578497 0.9256
2.88955346 0.9150
2.89607486 0.9074
2.90510791 0.9202
2.89258538 0.9367
2.88750110 0.9360
2.89085684 0.9148
2.90258132 0.8775
2.91895578 0.8350
2.92855298 0.7878
2.93705492 0.7890
2.94585461 0.9265
2.94868672 1.0226
2.95831370 1.0584
2.96546761 1.0589
2.95388033 1.0324
2.93328683 0.9972
2.92179994 0.9674
2.92059119 0.9513
2.92086610 0.9477
2.91530715 0.9493
2.89549389 0.9534
2.86491945 0.9513
2.83563109 0.9406
2.82914531 0.9203
2.86402695 0.8808
2.91953617 0.8328
2.92643778 0.8927
2.93024474 0.9316
2.93236117 0.9498
2.92111546 0.9513
2.92107533 0.9400
2.96339565 0.9315
2.96281335 0.9191
2.92973606 0.9584
2.91921073 0.9965
2.92133684 0.9998
2.93314430 0.9617
2.94201310 0.8892
2.92187058 0.8468
2.88267214 0.8583
2.86010886 0.8630
2.86394621 0.8740
2.88105981 0.9392
2.87166364 1.0250
2.85244359 1.0687
2.84887138 1.0775
2.85775269 1.0651
2.87666137 1.0522
2.88807973 1.0438
2.88456439 1.0401
2.86568717 1.0293
2.84652990 1.0130
2.83297243 0.9929
2.82432339 0.9678
2.82252597 0.9397
2.82585721 0.8865
2.83031360 0.8023
2.84487528 0.7530
2.85209061 1.0273
2.83946158 1.0558
2.82890511 1.0765
2.80530071 1.0919
2.77433288 1.0980
2.75076076 1.0882
2.75589730 1.0606
2.79022934 1.0006
2.79932313 0.7692
2.75698626 0.6180
2.74011352 0.5953
2.77159893 0.6371
2.81611020 0.8853
2.81629036 1.0702
2.80818984 1.1124
2.80239593 1.1238
2.80486052 1.1123
2.81715527 1.0782
2.83854170 1.0169
2.85211178 0.8458
2.83445867 0.6669
2.83362401 0.6415
2.85790417 0.8006
2.84295421 1.0091
2.82984357 1.0489
2.82019576 1.0753
2.82066428 1.0815
2.82559477 1.0699
2.83620554 1.0490
2.84747560 1.0346
2.85868473 1.0265
2.86741279 1.0228
2.86970911 1.0226
2.88086102 1.0307
2.90610777 1.0473
2.93019087 1.0652
2.94348101 1.0708
2.95343275 1.0599
2.96864369 1.0344
2.97538568 0.9680
2.95527015 0.8879
2.94125662 0.8914
2.93296276 0.9566
2.89016683 1.0172
2.82798351 1.0480
2.79389746 1.0807
2.79449552 1.0995
2.80894301 1.1013
2.82297665 1.0947
2.83513037 1.0897
2.85390379 1.0777
2.87517680 1.0341
2.89267558 1.0026
2.89170387 0.9987
2.86039619 0.9837
2.82294578 0.9575
2.80818741 0.9351
2.82025684 0.9211
2.83856274 0.9312
2.83781339 0.9413
2.81762151 0.9271
2.80439004 0.9101
2.82102259 0.9077
2.85864927 1.0032
2.85943832 0.9768
2.86023868 0.9546
2.86183236 0.9295
2.85891269 0.9014
2.85905970 0.8840
2.85443503 0.9623
2.81697123 0.9695
2.79696581 1.0021
2.78602205 1.0431
2.76861035 1.0662
2.76013439 1.0802
2.77146278 1.0826
2.79403769 1.0589
2.82206797 1.0174
2.83630055 0.9577
2.82076818 0.8871
2.81178827 0.8596
2.83182441 0.8170
2.84483009 0.9094
2.81910935 0.9876
2.81025199 1.0302
2.81877282 1.0576
2.83324521 1.0660
2.85209819 1.0515
2.88022978 1.0310
2.90980107 0.9593
2.87677602 0.9014
2.87015006 0.9146
2.88833321 0.9156
2.91003137 0.9107
2.91177059 0.9377
2.89335215 0.9650
2.88394949 0.9864
2.89150806 0.9978
2.90354103 0.9807
2.90562913 0.9149
2.89009552 0.8574
2.88210638 0.8533
2.90387531 0.8676
2.94062959 0.8888
2.95879322 0.9556
2.94673557 0.9515
2.94118518 0.9441
2.94095676 0.9560
2.94256190 0.9792
2.93278258 0.9873
2.91864858 0.9619
2.92291619 0.9563
2.95031368 0.9950
2.96688633 1.0089
2.96845211 1.0000
2.95813086 0.9830
2.94764511 0.9653
2.94273171 0.9521
2.94443836 0.9532
2.95297616 0.9581
2.96214784 0.9648
2.96498094 0.9873
2.95125505 1.0244
2.92856754 1.0345
2.91122334 1.0294
2.90460120 1.0173
2.90897882 1.0049
2.91843986 0.9376
2.88904019 0.7784
2.86251396 0.7736
2.85337664 0.7761
2.86339201 0.7837
2.88347445 0.9205
2.85641732 1.0041
2.81973232 0.9898
2.79680915 0.9778
2.79192518 0.9716
2.80513864 0.9699
2.83033486 0.9668
2.85605451 0.9587
2.87859074 0.9506
2.88824334 0.9540
2.89032981 0.9793
2.89328942 1.0056
2.89997152 1.0179
2.90585346 1.0247
2.91162677 1.0247
2.92327238 1.0218
2.89169317 0.8687
2.84807852 0.8579
2.82696012 0.8472
2.83924032 0.8221
2.86885817 0.8193
2.86379214 0.9314
2.85916636 0.9750
2.86318350 0.9855
2.86127552 0.9722
2.84615888 0.9348
2.82844149 0.8774
2.82282708 0.7988
2.82926271 0.7555
2.85011767 0.7591
2.88972830 0.9080
2.87798494 1.0089
2.86620584 1.0005
2.86874437 0.9845
2.88858264 0.9665
2.91011588 0.9516
2.92109483 0.9364
2.91747097 0.9149
2.90821791 0.8827
2.90299391 0.8371
2.90339649 0.8343
2.88940917 0.9040
2.86507089 0.8934
2.84731568 0.8819
2.84202498 0.8789
2.85160021 0.8806
2.86946374 0.8860
2.89486846 0.8891
2.92100475 0.8902
2.94774240 0.8965
2.96214050 0.9312
2.95295751 0.9464
2.93626063 0.9490
2.91680583 0.9393
2.90959036 0.9211
2.90895466 0.9013
2.90305469 0.8722
2.89148924 0.8585
2.88354073 0.8577
2.88056058 0.8541
2.88426399 0.8570
2.89897709 0.8746
2.92015512 0.9117
2.94143556 0.9431
2.97224387 0.9535
3.01212474 0.9411
3.02745051 0.8835
3.03345444 0.9016
3.03040933 0.9095
3.00530720 0.9051
2.97978108 0.9018
2.96134039 0.8936
2.94661678 0.8861
2.92914518 0.8720
2.91471936 0.8515
2.91208564 0.8271
2.92005810 0.8234
2.91300279 0.8525
2.90279648 0.8699
2.89362575 0.8772
2.88929513 0.8783
2.89898468 0.8738
2.91656113 0.8691
2.92902777 0.8636
2.93361342 0.8441
2.93289207 0.8295
2.92188700 0.8457
2.91801051 0.8701
2.92387580 0.8825
2.93776495 0.8818
2.95119219 0.8737
2.95473269 0.8729
2.93244248 0.9115
2.89995840 0.9348
2.87808206 0.9289
2.87291070 0.8982
2.88387437 0.8464
2.87516832 0.8225
2.86135539 0.8451
2.86401573 0.8481
2.87481057 0.8539
2.86475451 0.8737
2.83715171 0.8954
2.81127933 0.9188
2.79996303 0.9412
2.80553107 0.9570
2.82140542 0.9597
2.84377945 0.9519
2.84196258 0.8353
2.81001745 0.8321
2.80404219 0.8266
2.81375949 0.8468
2.81357157 0.8907
2.79889570 0.9221
2.79054340 0.9475
2.79402688 0.9624
2.80851364 0.9722
2.82685678 0.9757
2.84596935 0.9865
2.86403703 0.9926
2.88149926 0.9897
2.89675990 0.9721
2.89513137 0.9458
2.87281860 0.9298
2.84315344 0.9365
2.82730157 0.9421
2.84108523 0.9420
2.86615229 0.9390
2.88670574 0.9408
2.89558436 0.9436
2.89886532 0.9452
2.90409942 0.9467
2.91703010 0.9428
2.93213669 0.9360
2.94413534 0.9225
2.94125457 0.9062
2.93450763 0.8941
2.93317700 0.8877
2.93032549 0.8795
2.92455361 0.8714
2.92197464 0.8829
2.92888853 0.9108
2.93774378 0.9396
2.94321428 0.9559
2.94344999 0.9473
2.94857873 0.8638
2.92362492 0.8272
2.89487828 0.8862
2.88729149 0.9132
2.90398171 0.9051
2.94002713 0.8706
2.98283510 0.8461
2.96973075 0.9376
2.95026802 0.9581
2.93243605 0.9544
2.91278260 0.9384
2.90785398 0.9139
2.93121530 0.8156
2.89421579 0.8506
2.88574754 0.8810
2.89650714 0.9081
2.90461413 0.9396
2.89210758 0.9680
2.87601448 0.9862
2.87962033 0.9934
2.89887404 0.9931
2.91837351 0.9764
2.93370134 0.8719
2.90975758 0.8478
2.89760462 0.8763
2.90379302 0.9049
2.91547770 0.9349
2.91554463 0.9610
2.89039889 0.9767
2.85266059 0.9758
2.83684338 0.9577
2.83959444 0.9368
2.80240633 0.9159
2.77477229 0.9207
2.77225076 0.9253
2.78405018 0.9214
2.80328167 0.8990
2.83018836 0.8663
2.83767216 0.8672
2.80892887 0.9129
2.80489928 0.9400
2.81982282 0.9579
2.83462796 0.9699
2.83949509 0.9590
2.85367962 0.9194
2.89223050 0.8619
2.91106268 0.9494
2.90723314 0.9716
2.90545421 0.9763
2.90406490 0.9733
2.91017834 0.9657
2.92440267 0.9614
2.91608319 0.9336
2.90292644 0.9453
2.90333631 0.9659
2.90847278 0.9758
2.91571974 0.9821
2.92031849 0.9841
2.91561829 0.9861
2.89929909 0.9909
2.87282750 0.9917
2.84568832 0.9799
2.81825900 0.9580
2.79670542 0.9398
2.79068369 0.9280
2.80089009 0.9251
2.81610804 0.9203
2.83019671 0.9042
2.84106870 0.8932
2.85046991 0.8857
2.85753181 0.8815
2.85289385 0.9275
2.84244010 0.9645
2.83729698 0.9830
2.83672718 0.9954
2.83750673 0.9996
2.83648416 0.9835
2.83127157 0.9467
2.82421883 0.9193
2.82019768 0.9088
2.82793252 0.9077
2.84996793 0.9055
2.86782896 0.9120
2.86697128 0.9401
2.86359714 0.9597
2.87704759 0.9784
2.89299011 0.9764
2.88853104 0.9611
2.88775941 0.9496
2.89424750 0.9484
2.90106400 0.9467
2.90193518 0.9388
2.89078693 0.9155
2.86541209 0.8952
2.85183178 0.8988
2.86178649 0.9104
2.88664916 0.9174
2.91934194 0.9354
2.92111064 0.8425
2.91555936 0.8398
2.92172694 0.8518
2.93318119 0.8620
2.94619839 0.8782
2.94823846 0.9223
2.93360826 0.9504
2.91884005 0.9633
2.90541082 0.9647
2.89498482 0.9531
2.89019772 0.9312
2.88681447 0.9067
2.87565771 0.8987
2.86477728 0.8955
2.85605106 0.8835
2.85212698 0.8685
2.85858057 0.8625
2.87884395 0.8712
2.89851871 0.9002
2.90906824 0.9345
2.90520405 0.9556
2.90159493 0.9582
2.90046747 0.9520
2.89662967 0.9447
2.89157799 0.9414
2.88835599 0.9351
2.88517950 0.9214
2.89295457 0.8905
2.91848863 0.8371
2.96167705 0.9392
2.94031575 0.9926
2.93342272 1.0122
2.93420762 1.0410
2.94145783 1.0582
2.94550317 1.0552
2.94362213 1.0421
2.93356717 1.0351
2.92076199 1.0335
2.90949928 1.0311
2.90610883 1.0138
2.90615788 0.9906
2.90326064 0.9611
2.89413968 0.9503
2.88315479 0.9569
2.87248479 0.9671
2.85845133 0.9722
2.83271508 0.9807
2.80355165 0.9985
2.78266949 1.0239
2.77966990 1.0345
2.79136464 1.0214
2.81676282 0.9918
2.84014658 0.9290
2.84518608 0.8831
2.85637590 0.9113
2.87781312 0.9842
2.88006858 1.0427
2.86450837 1.0663
2.85839375 1.0944
2.87193545 1.1102
2.89769406 1.0996
2.91970022 1.0724
2.93706178 1.0470
2.91469296 0.9268
2.86720201 0.9178
2.85243828 0.9554
2.86877867 0.9857
2.89138304 1.0177
2.89342782 1.0520
2.87276060 1.0770
2.85155319 1.0758
2.84580595 1.0524
2.85411823 1.0190
2.85854015 0.9822
2.84764850 0.9386
2.82061539 0.9189
2.80123614 0.9364
2.80622439 0.9593
2.82711685 0.9826
2.84897905 0.9961
2.86428344 0.9965
2.87466638 0.9967
2.88815023 1.0000
2.90850666 0.9930
2.93859266 0.9605
2.94859483 0.8284
2.94289932 0.9079
2.93184145 0.9393
2.92022736 0.9464
2.90849322 0.9510
2.90391638 0.9670
2.90258939 0.9950
2.91320654 1.0292
2.93736868 1.0535
2.96338266 1.0434
2.97300121 0.9148
2.96127302 0.9039
2.94024941 0.9419
2.91641936 0.9525
2.89954595 0.9506
2.89121790 0.9534
2.88179633 0.9681
2.86914389 0.9727
2.85814570 0.9647
2.85297976 0.9423
2.84735742 0.9198
2.84225705 0.9087
2.83669878 0.9077
2.84108544 0.9061
2.86314581 0.9007
2.89474577 0.8956
2.90668635 0.8976
2.89452418 0.8639
2.88820066 0.8355
2.90601146 0.8106
2.94556461 0.8091
2.96325230 0.9331
2.95231820 0.9886
2.94065895 1.0131
2.94097937 1.0109
2.95642181 0.9636
2.93210231 0.7852
2.90426884 0.8102
2.88802866 0.8201
2.87561790 0.8319
2.86821640 0.8411
2.87623917 0.8556
2.88130302 0.8998
2.86577843 0.9236
2.85124657 0.9251
2.85589150 0.9299
2.86479486 0.9273
2.85192782 0.9012
2.83750085 0.9124
2.83630429 0.9377
2.84926081 0.9545
2.87022250 0.9553
2.90098313 0.9442
2.93484598 0.9362
2.90819084 0.8753
2.88956217 0.8687
2.89776600 0.8770
2.91465647 0.8995
2.92603672 0.9209
2.91964984 0.9372
2.88607902 0.9447
2.85306494 0.9492
2.84155514 0.9514
2.85402079 0.9558
2.87713093 0.9606
2.90379443 0.9563
2.92655183 0.9343
2.94217957 0.8965
2.94472406 0.8470
2.93442771 0.8187
2.91995064 0.8341
2.90884494 0.8663
2.89843776 0.8894
2.89157558 0.9038
2.89514355 0.9205
2.90203015 0.9457
2.90441513 0.9683
2.90247284 0.9796
2.90190663 0.9758
2.90595636 0.9687
2.91948290 0.9611
2.93985755 0.9490
2.95548937 0.9396
2.96134857 0.9385
2.95709278 0.9405
2.95051784 0.9433
2.94462629 0.9552
2.92356340 0.9742
2.87356806 0.9795
2.82621029 0.9738
2.80925177 0.9710
2.81833964 0.9579
2.84439036 0.9156
2.82955347 0.8444
2.78677619 0.8568
2.75318038 0.8685
2.74617345 0.8868
2.77259941 0.9188
2.81212673 0.9497
2.83635394 0.9566
2.83805468 0.9438
2.83129337 0.9264
2.82638795 0.9091
2.81935605 0.8831
2.80396629 0.8716
2.79397774 0.8709
2.78692198 0.8806
2.78820119 0.9057
2.79897929 0.9403
2.81015689 0.9620
2.81813077 0.9617
2.82573889 0.9519
2.83510792 0.9470
2.84791933 0.9426
2.87304696 0.9285
2.90200343 0.9233
2.90943327 0.9581
2.89220454 0.9737
2.86867792 0.9780
2.85059474 0.9741
2.84801183 0.9651
2.86590176 0.9592
2.88209366 0.9520
2.86957498 0.9305
2.84243773 0.9024
2.83147466 0.8838
2.84711328 0.8871
2.86728376 0.9279
2.85277115 0.9339
2.82985559 0.9235
2.81733616 0.9143
2.81711182 0.9019
2.84288482 0.8880
2.89246786 0.8924
2.93285391 0.9463
2.92558601 0.9481
2.91780878 0.9322
2.92218821 0.9293
2.93446717 0.9422
2.94695142 0.9512
2.95411752 0.9377
2.95101532 0.9090
2.94685461 0.8949
2.94708856 0.9103
2.95247282 0.9728
2.94536297 0.9992
2.93028576 0.9871
2.91882076 0.9677
2.91919257 0.9551
2.93789154 0.9409
2.96440541 0.9216
2.99086962 0.9039
2.98576053 0.8696
2.97343144 0.8845
2.96024327 0.9813
2.93640608 1.0214
2.91949972 1.0142
2.91073176 1.0002
2.90070873 0.9916
2.88948360 0.9797
2.88789676 0.9617
2.90249566 0.9287
2.91339013 0.7941
2.90083468 0.8242
2.90085984 0.8746
2.90101727 0.9494
2.89589577 1.0072
2.88482251 1.0207
2.87006630 1.0026
2.84046645 0.9719
2.80517901 0.9607
2.78466882 0.9658
2.78066592 0.9654
2.78807030 0.9508
2.79621281 0.9221
2.79902839 0.8928
2.79607626 0.8835
2.78812706 0.9050
2.78535982 0.9368
2.79380157 0.9663
2.80675520 0.9827
2.81754774 0.9882
2.82551919 1.0003
2.83043615 1.0120
2.83254711 1.0111
2.82547840 0.9945
2.81059972 0.9715
2.79887353 0.9491
2.79553086 0.9293
2.79932904 0.9033
2.81023323 0.8660
2.83476581 0.8322
2.87233788 0.8598
2.86845710 0.9509
2.86514450 0.9585
2.87940301 0.9621
2.90340841 0.9714
2.91576197 0.9932
2.91002205 1.0175
2.89547889 1.0224
2.88106721 0.9968
2.87341608 0.9402
2.89112743 0.8657
2.90992988 0.8852
2.87811356 0.9539
2.85727655 1.0008
2.84468306 1.0230
2.85207660 1.0081
2.87924346 0.9619
2.87123576 0.8986
2.83452455 0.8885
2.82706273 0.8884
2.84584930 0.8722
2.87946552 0.8420
2.93935039 0.8197
2.95764145 0.9964
2.93644772 1.0390
2.92084624 1.0497
2.91425053 1.0427
2.92331017 1.0306
2.94747195 1.0146
2.98113451 0.9761
2.94345196 0.7856
2.92748158 0.8048
2.94862833 0.8078
2.98872167 0.8624
2.94550650 0.9824
2.90676418 1.0141
2.88424309 1.0258
2.87849912 1.0256
2.88614727 1.0207
2.90228396 0.9981
2.92607370 0.9487
2.95557546 0.8529
2.94883181 0.8025
2.93315919 0.8163
2.91537489 0.8233
2.90470288 0.8251
2.90309688 0.8155
2.90493339 0.7934
2.89957051 0.7577
2.89546968 0.7319
2.90496721 0.7365
2.92115841 0.7573
2.93056271 0.7808
2.93597226 0.7990
2.94129890 0.8176
2.94712425 0.8399
2.95171217 0.8749
2.95352295 0.9164
2.95567593 0.9006
2.95210339 0.8122
2.94034411 0.8954
2.92824778 0.9300
2.91902515 0.9151
2.91157513 0.8985
2.91018731 0.8740
2.91091444 0.8452
2.90762354 0.8277
2.90379013 0.8311
2.89911371 0.8544
2.89464347 0.8907
2.89513735 0.9126
2.89074934 0.9313
2.88406513 0.9379
2.87971062 0.9423
2.88155024 0.9487
2.88999393 0.9438
2.90546540 0.9394
2.91136900 0.9812
2.89817537 0.9847
2.88906572 0.9882
2.89568411 1.0009
2.89728046 1.0304
2.87725272 1.0250
2.85418491 1.0135
2.85168134 1.0061
2.86952610 0.9889
2.87520886 0.7968
2.84078010 0.8193
2.82953129 0.8434
2.82945731 0.8518
2.83478846 0.8555
2.84793788 0.8637
2.87757292 0.8909
2.88283369 0.9367
2.87117457 0.9493
2.87725938 0.9649
2.90778270 0.9621
2.96401361 0.9128
2.97438099 0.8716
2.97644656 0.9130
2.99437346 0.9277
3.00109986 0.9210
2.98704473 0.8889
2.98177077 0.8371
2.99685169 0.8159
2.96963092 0.9731
2.94769962 1.0241
2.94421955 1.0395
2.95498778 1.0283
2.97405457 0.9895
2.94540431 0.7554
2.88917801 0.7693
2.87048375 0.7837
2.87322431 0.7906
2.88032408 0.7979
2.88328828 0.8552
2.85704764 0.9527
2.84153419 1.0069
2.85799921 1.0379
2.88819132 1.0497
2.91702233 1.0476
2.93336045 1.0324
2.94407901 1.0010
2.95696025 0.9250
2.95615105 0.7776
2.92893521 0.8014
2.91339067 0.8495
2.91191420 0.8892
2.92457319 0.9078
2.94418637 0.9096
2.94459574 0.9145
2.92589094 0.9279
2.91297963 0.9410
2.90373388 0.9481
2.90418889 0.9543
2.90809075 0.9600
2.90243532 0.9679
2.89003486 0.9812
2.88369923 0.9986
2.88794113 1.0023
2.90176482 0.9823
2.92245186 0.9435
2.95628417 0.9008
2.95316493 0.9218
2.92052755 0.9488
2.89347661 0.9664
2.87129724 0.9685
2.85488227 0.9572
2.85123834 0.9383
2.86643664 0.9294
2.88744129 0.9319
2.88310875 0.8888
2.87763353 0.8533
2.88574866 0.8370
2.89483923 0.8771
2.89165265 0.9326
2.88002979 0.9349
2.87021789 0.9128
2.86619224 0.8963
2.87010688 0.8849
2.88237886 0.8820
2.88594637 0.8916
2.87121365 0.8875
2.85499492 0.9020
2.84610812 0.9243
2.85309838 0.9468
2.87251527 0.9526
2.88930908 0.9411
2.88841114 0.9257
2.88122822 0.9259
2.87564063 0.9321
2.88323916 0.9325
2.90414514 0.9224
2.91075942 0.8905
2.88849431 0.8884
2.86530057 0.9073
2.86143033 0.9148
2.87957891 0.9075
2.91301367 0.9062
2.94178846 0.9171
2.94625363 0.9321
2.94900640 0.9536
2.95877764 0.9677
2.97437391 0.9644
2.98422421 0.9353
2.97251645 0.9197
2.95345215 0.9301
2.94271002 0.9342
2.94730750 0.9341
2.96554736 0.9389
2.98197263 0.9401
2.99032992 0.9304
2.98950711 0.9060
2.97192055 0.8914
2.95419312 0.9067
2.95021022 0.9121
2.95731484 0.9102
2.97062996 0.8959
2.95710243 0.8925
2.94102299 0.9114
2.93588821 0.9325
2.93137686 0.9386
2.92581228 0.9263
2.92414618 0.9070
2.93162708 0.9074
2.94350473 0.9397
2.94089378 0.9759
2.93720411 0.9903
2.94421402 0.9837
2.95296878 0.9530
2.95081530 0.9223
2.93199550 0.9022
2.90887415 0.8927
2.89028847 0.8852
2.88007900 0.8885
2.88549223 0.9053
2.89615225 0.9223
2.90298973 0.9293
2.90281470 0.9151
2.89807941 0.8893
2.88851265 0.8760
2.87816222 0.8852
2.86787905 0.8937
2.86004322 0.8966
2.85396738 0.9020
2.85561125 0.9102
2.86252419 0.9139
2.87141558 0.9028
2.88330921 0.8784
2.89204721 0.8748
2.89202754 0.8871
2.88064456 0.9035
2.88031888 0.9450
2.88858465 0.9817
2.89009249 0.9939
2.88975620 0.9907
2.89435652 0.9816
2.90740852 0.9606
2.91986252 0.9420
2.92181148 0.9413
2.91881744 0.9426
2.91327253 0.9372
2.91116781 0.9438
2.90799071 0.9765
2.89085674 0.9743
2.88196642 0.9684
2.88205154 0.9644
2.89254965 0.9594
2.90685036 0.9472
2.90623533 0.9425
2.88094248 0.9641
2.85489127 0.9854
2.84449635 0.9902
2.84976641 0.9862
2.87270177 0.9831
2.89763906 0.9757
2.91293643 0.9519
2.93218051 0.9309
2.95673039 0.9153
2.97159732 0.9270
2.95685436 0.9416
2.92718301 0.9559
2.90191719 0.9556
2.88833298 0.9510
2.89548628 0.9502
2.90956922 0.9623
2.91921131 0.9677
2.92929224 0.9645
2.94514721 0.9529
2.96387529 0.9387
2.97994038 0.9275
2.97875181 0.9149
2.96080673 0.9167
2.94592692 0.9308
2.93637554 0.9498
2.92553145 0.9595
2.91015953 0.9535
2.89881300 0.9464
2.90088051 0.9425
2.90905470 0.9438
2.91691944 0.9475
2.91427511 0.9505
2.90645446 0.9509
2.89488388 0.9461
2.88779142 0.9372
2.89038912 0.9271
2.89323197 0.9170
2.88861030 0.9155
2.88454677 0.9235
2.88266609 0.9295
2.88480907 0.9295
2.88614058 0.9278
2.88859947 0.9199
2.88982179 0.9030
2.89330459 0.8810
2.88624084 0.8619
2.86835368 0.8499
2.84376958 0.8461
2.81974872 0.8500
2.80370302 0.8584
2.79245693 0.8730
2.79058961 0.8984
2.79591577 0.9288
2.80445911 0.9540
2.80781602 0.9610
2.81019465 0.9487
2.81775454 0.9254
2.83298218 0.9030
2.85893257 0.8795
2.88188721 0.8625
2.88074178 0.8799
2.86442479 0.8983
2.85723195 0.9009
2.85371010 0.8921
2.84088050 0.8831
2.81327008 0.8873
2.79966561 0.8899
2.81089495 0.8930
2.84948429 0.8958
2.89429826 0.8846
2.91274551 0.8680
2.90872380 0.8808
2.89323599 0.8898
2.87218614 0.8860
2.84771236 0.8784
2.83201050 0.8790
2.83227898 0.8902
2.83887512 0.9057
2.85135289 0.9238
2.86680306 0.9369
2.88462757 0.9447
2.86859688 0.8870
2.84682530 0.8870
2.83474364 0.8970
2.83535158 0.9104
2.84740333 0.9213
2.87050464 0.9221
2.89658154 0.9076
2.92142783 0.8843
2.94345412 0.8680
2.95948786 0.8682
2.97155479 0.8829
2.98177527 0.8966
2.98115807 0.8951
2.96528552 0.9033
2.94337718 0.9256
2.92418472 0.9409
2.91614797 0.9466
2.91710948 0.9336
2.91031285 0.8546
2.90442264 0.8286
2.91434223 0.8285
2.93274271 0.8576
2.94881135 0.8865
2.96036032 0.8965
2.96377176 0.8824
2.95204790 0.8502
2.93384121 0.8764
2.92267907 0.8979
2.91725165 0.8993
2.90417581 0.8154
2.87592913 0.8564
2.86609131 0.8995
2.87663413 0.9293
2.90161703 0.9378
2.92941752 0.9329
2.95922065 0.9212
2.94223248 0.8739
2.90669010 0.9245
2.89212482 0.9582
2.89338774 0.9710
2.90189128 0.9650
2.91971548 0.9372
2.93228072 0.8828
2.92396342 0.8457
2.91883954 0.8310
2.91669158 0.8320
2.89517174 0.8651
2.88288243 0.9002
2.88766801 0.9282
2.89811622 0.9427
2.90336945 0.9461
2.89957187 0.9421
2.89764894 0.9315
2.90737122 0.9212
2.90119919 0.9434
2.88613414 0.9603
2.86869942 0.9632
2.84746122 0.9634
2.83152458 0.9695
2.83707572 0.9735
2.86535709 0.9600
2.89296221 0.9247
2.91035633 0.8974
2.91713677 0.8999
2.91457230 0.9225
2.91017771 0.9533
2.89139518 0.9190
2.87229672 0.9043
2.86018341 0.9124
2.85471645 0.9204
2.85656907 0.9302
2.87544915 0.9382
2.90557988 0.9393
2.92974134 0.9389
2.92979552 0.9472
2.90818166 0.9639
2.88647470 0.9799
2.87716807 0.9790
2.87555219 0.9655
2.87558404 0.9438
2.87633903 0.9158
2.87719909 0.8840
2.88314971 0.8665
2.88611620 0.8928
2.86420903 0.9268
2.84293553 0.9499
2.83005473 0.9691
2.82473473 0.9825
2.82548684 0.9794
2.83348008 0.9570
2.86063070 0.9305
2.91306155 0.9084
2.97477136 0.9003
3.01795041 0.8804
2.99663190 0.9081
2.98165979 0.9469
2.98694875 0.9899
3.00109213 1.0282
3.00602666 1.0346
2.99186191 1.0050
2.96682246 0.9612
2.94416331 0.9186
2.93117070 0.8865
2.92321498 0.8812
2.90786723 0.8942
2.87964065 0.9155
2.86002922 0.9525
2.85043907 0.9923
2.84205630 1.0237
2.83557070 1.0391
2.83418255 1.0358
2.84270623 1.0210
2.86629314 0.9963
2.89043094 0.9729
2.90545249 0.9546
2.90455721 0.9311
2.90527558 0.9371
2.90079512 0.9745
2.89166697 1.0216
2.87473666 1.0565
2.86098329 1.0608
2.86711109 1.0328
2.89161843 0.9699
2.91434905 0.8660
2.92601786 0.8278
2.91969249 0.8475
2.88339811 0.8571
2.84500800 0.8708
2.81964262 0.9037
2.80867465 0.9456
2.80753186 0.9774
2.82116455 0.9917
2.84603978 0.9986
2.86521172 0.9971
2.86542188 0.9896
2.86816489 1.0027
2.87181990 1.0120
2.87769724 0.9982
2.87215831 0.9794
2.85728926 0.9801
2.83721373 0.9910
2.83069139 0.9951
2.84288692 0.9916
2.86600529 0.9905
2.87512126 0.9702
2.86142657 0.9551
2.84791255 0.9576
2.84423271 0.9601
2.84733514 0.9507
2.85203693 0.9294
2.85525804 0.9074
2.85820903 0.8833
2.86671084 0.8668
2.86973095 0.9017
2.85859604 0.9315
2.84851670 0.9482
2.85141660 0.9514
2.86307448 0.9442
2.87612096 0.9325
2.88787144 0.9219
2.90246378 0.9121
2.92908867 0.8956
2.95822801 0.9774
2.94570083 1.0011
2.92490522 0.9945
2.90872475 0.9834
2.90285572 0.9755
2.91148661 0.9724
2.93127459 0.9738
2.94768823 0.9768
2.95101777 0.9766
2.94754048 0.9701
2.94974660 0.9569
2.95953342 0.9600
2.96497034 0.9735
2.96080967 0.9889
2.94859297 1.0030
2.93306211 1.0129
2.91966791 1.0207
2.91421308 1.0307
2.91891802 1.0358
2.92471835 1.0173
2.92241892 0.9416
2.90299505 0.8897
2.89317077 0.9085
2.89365800 0.9319
2.89786755 0.9417
2.89866133 0.9422
2.89128795 0.9403
2.88126190 0.9413
2.87786470 0.9448
2.88472799 0.9453
2.89851037 0.9333
2.91954031 0.9405
2.92626511 0.9583
2.92415536 0.9813
2.93162013 1.0047
2.94923577 1.0248
2.95903972 1.0411
2.95106100 1.0558
2.93143847 1.0671
2.91867159 1.0660
2.91744179 1.0450
2.92156506 0.9394
2.92155361 0.8355
2.92273799 0.9398
2.90276535 0.9553
2.87771298 0.9480
2.85593928 0.9420
2.83809556 0.9467
2.82925026 0.9617
2.82641647 0.9788
2.82228432 0.9675
2.81287440 0.9303
2.81010833 0.9170
2.81809265 0.9363
2.82687892 0.9696
2.83392448 1.0022
2.83590727 1.0200
2.83247477 1.0258
2.82588753 1.0305
2.82533269 1.0350
2.83291113 1.0310
2.84721458 1.0093
2.85790951 0.9794
2.87290064 0.9766
2.88693753 0.9895
2.89231962 1.0025
2.88472839 1.0069
2.87102192 1.0018
2.86319896 0.9906
2.86935032 0.9779
2.88281008 0.9675
2.88884828 0.9093
2.88720884 0.8593
2.89136442 0.9136
2.89680444 0.9704
2.90149826 1.0080
2.91451468 1.0289
2.93104298 1.0319
2.94535450 1.0233
2.96060978 1.0061
2.94601741 0.8485
2.92072930 0.8830
2.92137119 0.9065
2.93494551 0.9360
2.93141136 0.9707
2.90476161 0.9797
2.88385509 0.9815
2.87156564 0.9707
2.86892509 0.9553
2.87541092 0.9436
2.89611503 0.9445
2.90679008 0.9628
2.88584216 0.9700
2.87024275 0.9854
2.87399321 1.0013
2.89520086 1.0129
2.93434410 1.0176
2.97176242 1.0130
2.96169875 0.9519
2.91770617 0.8957
2.87901226 0.8741
2.86062905 0.8659
2.87122778 0.8803
2.89066647 0.9392
2.89555936 0.9904
2.89437243 1.0080
2.89847651 1.0105
2.90413405 0.9995
2.91014635 0.9855
2.90810169 0.9766
2.89211775 0.9782
2.87263004 0.9804
2.86209003 0.9828
2.85986370 0.9913
2.86089132 1.0024
2.86919754 1.0121
2.89204819 1.0206
2.92437331 1.0322
2.95442523 1.0491
2.97804391 1.0637
2.98849600 1.0723
2.98010914 1.0753
2.95641467 1.0681
2.92366525 1.0597
2.88826279 1.0490
2.84782356 1.0321
2.81263693 1.0007
2.79229022 0.9499
2.78091750 0.8819
2.76887195 0.8401
2.75607347 0.8453
2.74615722 0.8809
2.74562319 0.9205
2.76596983 0.9652
2.80199198 1.0123
2.83325739 1.0469
2.84350152 1.0610
2.85113450 1.0551
2.86788759 1.0288
2.87828719 0.9590
2.86929663 0.8855
2.86742564 0.8900
2.87719705 0.9476
2.88094228 1.0082
2.88252540 1.0375
2.88924559 1.0463
2.89015410 1.0446
2.87631228 1.0330
2.87381190 1.0057
2.89480152 0.9497
2.90136721 0.7716
2.88388419 0.7166
2.88537481 0.7422
2.86273554 0.9324
2.83724628 0.9928
2.83350998 1.0146
2.84927859 1.0179
2.86578521 1.0060
2.85907019 0.9878
2.83226661 0.9653
2.80012504 0.9359
2.77970220 0.9087
2.77949003 0.8986
2.79762492 0.9089
2.81557051 0.9361
2.82802251 0.9623
2.83810541 0.9764
2.84662518 0.9704
2.84317327 0.9430
2.82692575 0.9066
2.81407185 0.8842
2.81883861 0.8843
2.83989052 0.9108
2.85917425 0.9578
2.86511177 1.0025
2.86012316 1.0296
2.85956166 1.0342
2.87316817 1.0119
2.88783391 0.9671
2.89461187 0.9168
2.89584263 0.8804
2.89753671 0.8655
2.90688838 0.8826
2.92109141 0.9287
2.92514924 0.9762
2.91577098 1.0017
2.90364982 1.0037
2.90335117 0.9913
2.91368367 0.9818
2.92062364 0.9845
2.92165037 0.9984
2.92632673 1.0140
2.93080416 1.0232
2.93609602 1.0247
2.93958208 1.0205
2.92723417 1.0119
2.89859440 1.0016
2.87353222 0.9856
2.86323784 0.9606
2.85743642 0.9348
2.84536591 0.9270
2.83056818 0.9355
2.82407607 0.9550
2.83274100 0.9645
2.87505365 0.9690
2.91422222 0.9842
2.89316480 0.9894
2.82939661 0.9811
2.79662343 0.9690
2.81019984 0.9505
2.84431817 0.9369
2.86665528 0.8760
2.83657109 0.8538
2.81798259 0.9024
2.82266626 0.9493
2.85743080 0.9933
2.89746900 1.0305
2.91218653 1.0491
2.91011122 1.0476
2.90736748 1.0420
2.90653402 1.0376
2.90883095 1.0312
2.90294950 1.0158
2.87366245 0.9817
2.83330013 0.9653
2.81228857 0.9730
2.81942379 0.9873
2.83824417 0.9981
2.85062036 0.9975
2.85231035 0.9914
2.84895005 0.9924
2.84452320 1.0010
2.84145858 1.0054
2.83146880 0.9990
2.81132012 0.9880
2.78862166 0.9726
2.77807737 0.9595
2.77919634 0.9371
2.78729078 0.9077
2.79122533 0.8775
2.78530838 0.8515
2.77488881 0.8770
2.77960131 0.9184
2.81090505 0.9533
2.85699703 0.9770
2.88741658 1.0004
2.89962805 1.0292
2.90197885 1.0442
2.91032959 1.0335
2.92536376 1.0137
2.93649183 1.0078
2.93769005 1.0147
2.92709086 1.0205
2.92104759 1.0383
2.93679103 1.0479
2.95855202 1.0567
2.94993125 1.0735
2.92134080 1.0817
2.90920741 1.0671
2.92402587 1.0478
2.93113456 0.9956
2.91235468 0.8971
2.90556379 0.8454
2.92930080 1.0336
2.90294670 1.0068
2.89698972 1.0150
2.89834651 1.0200
2.89751300 1.0116
2.90169602 0.9620
2.90668325 0.8269
2.90001772 0.7154
2.89566799 0.7429
2.89814501 0.7565
2.91426750 0.7468
2.91650155 0.9207
2.90080188 0.9807
2.88860236 0.9844
2.88408148 0.9741
2.88972942 0.9658
2.90532580 0.9560
2.90829151 0.9302
2.89385722 0.8945
2.89061491 0.8709
2.91009690 0.8480
2.92945033 0.9853
2.92476911 0.9970
2.92037200 1.0103
2.91120150 1.0061
2.90408396 0.9882
2.90458259 0.8818
2.86995269 0.7878
2.85290564 0.8139
2.86857281 0.8512
2.88293667 0.9600
2.87889903 0.9987
2.86644869 1.0075
2.85392728 1.0018
2.84900380 0.9867
2.85397117 0.9680
2.86402686 0.9501
2.87104768 0.9338
2.86776356 0.9313
2.85878049 0.9400
2.84383712 0.9332
2.84459184 0.9273
2.85837397 0.9220
2.88254327 0.9368
2.89835922 0.9609
2.88495375 0.9627
2.86007087 0.9380
2.84409902 0.9182
2.83701145 0.9130
2.82180857 0.9072
2.79643115 0.9030
2.78775451 0.9122
2.80518904 0.9381
2.83380832 0.9697
2.85472924 0.9881
2.84979291 0.9813
2.83140201 0.9522
2.81734789 0.9096
2.81071180 0.7642
2.80319646 0.7375
2.82528483 0.7665
2.86374608 0.9079
2.86509749 0.9351
2.86735206 0.9623
2.87217784 0.9964
2.87204822 1.0144
2.86617447 1.0033
2.86236091 0.9804
2.86793486 0.9680
2.88839265 0.9664
2.91096795 0.9639
2.90139779 0.9320
2.86927127 0.9178
2.83995494 0.9198
2.81913557 0.9386
2.80560013 0.9552
2.79939271 0.9617
2.79937875 0.9634
2.80614306 0.9636
2.81790870 0.9604
2.83589288 0.9464
2.86185221 0.9284
2.88239750 0.9152
2.88668782 0.9147
2.87806690 0.9253
2.86986716 0.9421
2.87028315 0.9634
2.87679444 0.9782
2.88237806 0.9851
2.88295821 0.9602
2.88180066 0.9221
2.89422963 0.9149
2.91589666 0.9196
2.92465256 0.9249
2.90965238 0.9284
2.88040614 0.9291
2.86020807 0.9311
2.86816318 0.9451
2.88919536 0.9676
2.91013328 0.9687
2.92788310 0.8105
2.89944368 0.7801
2.87253934 0.8122
2.85647473 0.8529
2.84976561 0.8939
2.84782478 0.9219
2.84749011 0.9332
2.84970487 0.9395
2.85139001 0.9476
2.84561519 0.9448
2.84779691 0.9389
2.85941435 0.9214
2.87395266 0.8993
2.88290940 0.8914
2.87817748 0.8982
2.84091846 0.8943
2.79117533 0.8729
2.75765223 0.8456
2.76502742 0.8401
2.79823485 0.8520
2.82291117 0.8545
2.82980554 0.8512
2.82438676 0.8620
2.81541300 0.8858
2.81030581 0.9101
2.80537425 0.9213
2.79449280 0.9057
2.78046516 0.8798
2.78792752 0.8734
2.82017173 0.8829
2.86821948 0.8865
2.91235001 0.8876
2.93864383 0.9072
2.93680788 0.9249
2.92532598 0.9432
2.91275223 0.9716
2.90696360 0.9925
2.90698178 0.9913
2.90547883 0.9700
2.90605091 0.9468
2.91349061 0.9364
2.92071745 0.9135
2.92462193 0.8743
2.92564094 0.8256
2.92067249 0.8087
2.90455196 0.8491
2.87766372 0.8909
2.86236145 0.9144
2.86758597 0.9224
2.88864397 0.9295
2.91338770 0.9332
2.93280755 0.9271
2.93639087 0.9099
2.91913946 0.8870
2.89188131 0.8733
2.86067202 0.8886
2.83175214 0.9272
2.80570874 0.9626
2.79468676 0.9729
2.80727116 0.9659
2.83635967 0.9590
2.86539943 0.9584
2.88164930 0.9602
2.87784561 0.9558
2.86375560 0.9541
2.85719191 0.9606
2.86047058 0.9779
2.86976897 0.9975
2.88141957 1.0015
2.89740700 0.9914
2.91626235 0.9816
2.93189103 0.9792
2.93105909 0.9821
2.91795050 0.9797
2.89563870 0.9699
2.87811847 0.9680
2.86756788 0.9773
2.86115709 0.9978
2.85341300 1.0087
2.83469304 0.9759
2.82473784 0.9400
2.83506409 0.9213
2.86384736 0.9516
2.87235258 0.9896
2.85651528 0.9786
2.84567473 0.9871
2.84103858 1.0009
2.83362675 1.0143
2.82350105 1.0066
2.82187730 0.9731
2.83190018 0.9358
2.84370670 0.9168
2.84762278 0.9218
2.84871440 0.9340
2.84791592 0.9449
2.85230155 0.9546
2.85031806 0.9746
2.84964786 0.9952
2.85709214 1.0040
2.88122869 0.9918
2.91293341 0.9778
2.89937835 0.8820
2.85196990 0.8774
2.82635098 0.9297
2.81527604 0.9751
2.82677748 0.9956
2.84119811 0.9926
2.82894275 0.9802
2.81186612 0.9874
2.80629456 0.9976
2.81226411 1.0049
2.82032600 1.0083
2.81348260 1.0051
2.79838467 0.9918
2.78417158 0.9693
2.77681322 0.9379
2.78234491 0.9129
2.80311009 0.9151
2.82930625 0.9360
2.84470196 0.9607
2.85839438 0.9921
2.87430514 1.0212
2.88235328 1.0422
2.87489586 1.0555
2.85806466 1.0533
2.83641279 1.0296
2.81779846 0.9942
2.80756592 0.9665
2.80839046 0.9499
2.81686116 0.9498
2.82921766 0.9612
2.84446556 0.9879
2.85849059 1.0182
2.87234015 1.0420
2.88215120 1.0563
2.89117357 1.0574
2.89135763 1.0388
2.87421059 1.0105
2.84826371 0.9823
2.82399130 0.9588
2.81294884 0.9426
2.81822354 0.9316
2.82989502 0.9314
2.84216097 0.9400
2.84906077 0.9558
2.85635244 0.9745
2.86528166 0.9877
2.87057331 0.9962
2.87106057 1.0069
2.86835408 1.0206
2.86342448 1.0369
2.85685744 1.0453
2.85204562 1.0493
2.85854690 1.0503
2.87983803 1.0460
2.90061357 1.0260
2.90543106 0.9939
2.89333220 0.9688
2.87897825 0.9619
2.87008762 0.9813
2.86456431 1.0152
2.86366453 1.0435
2.86641747 1.0631
2.87013448 1.0777
2.87720762 1.0884
2.88024558 1.0924
2.87378122 1.0851
2.85971241 1.0665
2.85262561 1.0522
2.85688859 1.0488
2.86420930 1.0530
2.85916412 1.0465
2.83930498 1.0364
2.81954444 1.0437
2.80759330 1.0579
2.80565125 1.0677
2.80621112 1.0486
2.80689340 1.0114
2.80881482 0.9810
2.82813473 0.9694
2.86823303 0.9866
2.90533570 1.0387
2.89062383 1.0022
2.85503462 0.9495
2.83320091 0.8999
2.83275751 0.8479
2.85849871 0.8053
2.88811690 0.7955
2.89537713 0.8056
2.88877228 0.8101
2.88590959 0.8171
2.89782802 0.8247
2.88923118 0.8894
2.84663825 0.9273
2.82530064 0.9392
2.83660267 0.9369
2.87672022 0.9183
2.92105973 0.8895
2.94552936 0.8625
2.94296763 0.8489
2.93409307 0.8428
2.94525199 0.8424
2.96542915 0.9457
2.94709543 0.9770
2.94746778 1.0033
2.96522182 1.0279
2.98820434 1.0296
3.00196611 0.9926
2.99769925 0.9456
2.97927917 0.9046
2.95230472 0.8676
2.93263364 0.8895
2.90255490 0.9321
2.88007540 0.9279
2.87024039 0.9265
2.86694493 0.9296
2.86723083 0.9260
2.86852071 0.9131
2.86511245 0.9038
2.85850893 0.9074
2.85571709 0.9250
2.86185307 0.9359
2.87275453 0.9252
2.88699918 0.9079
2.89636201 0.9216
2.90779241 0.9269
2.92670262 0.9247
2.94411930 0.9218
2.96097902 0.9187
2.97048075 0.9132
2.97223069 0.9088
2.96069721 0.9286
2.94067339 0.9574
2.91859672 0.9710
2.91003711 0.9736
2.90733585 0.9729
2.90710809 0.9626
2.91351708 0.9524
2.92261519 0.9638
2.92015369 0.9924
2.89713699 0.9987
2.87039530 0.9886
2.85448869 0.9616
2.85466151 0.8973
2.84539788 0.8969
2.86025470 0.9184
2.88552237 0.9280
2.89240246 0.9283
2.89141893 0.9073
2.91875812 0.8595
2.93160103 0.9637
2.90023935 1.0231
2.88022395 1.0418
2.86735285 1.0468
2.86400689 1.0300
2.87116392 0.9702
2.87259766 0.8904
2.86459885 0.8670
2.85507407 0.8670
2.85768813 0.8737
2.88183473 0.8988
2.90625170 0.9584
2.90431493 1.0084
2.88527799 1.0415
2.86497958 1.0525
2.85992475 1.0361
2.86138015 0.9938
2.84666902 0.9459
2.82845917 0.9229
2.82371033 0.9039
2.82682758 0.8825
2.82923921 0.8596
2.84125486 0.8649
2.83427557 0.9360
2.81587761 0.9697
2.81866218 0.9849
2.84683417 0.9980
2.88246481 1.0133
2.90199048 1.0230
2.90733214 1.0272
2.90068871 1.0210
2.87945460 0.9851
2.85828953 0.9413
2.86351639 0.9263
2.88906300 0.9221
2.91234753 0.9220
2.92815997 0.9354
2.92434909 0.9468
2.90536100 0.9394
2.89885048 0.9433
2.90606707 0.9620
2.89799598 0.9814
2.86439890 0.9826
2.83695768 0.9807
2.82699944 0.9719
2.82846753 0.9543
2.83075284 0.9393
2.83592762 0.9401
2.84809986 0.9484
2.86337043 0.9351
2.88525634 0.9176
2.90500385 0.9453
2.91255251 0.9805
2.91502026 0.9870
2.90471889 0.8317
2.89252197 0.8802
2.88868452 0.9640
2.88320793 0.9820
2.88046747 0.9932
2.88420990 1.0072
2.89706886 0.9988
2.91624992 0.9599
2.90926329 0.8143
2.90452944 0.7941
2.91670287 0.7705
2.90886650 0.8619
2.89274448 0.8927
2.87823496 0.9194
2.86254586 0.9481
2.85411929 0.9607
2.85231617 0.9657
2.84350995 0.9451
2.81818464 0.9328
2.81465757 0.9375
2.81279162 0.9187
2.78286733 0.8888
2.75930397 0.9082
2.75329057 0.9394
2.75753495 0.9715
2.76945563 0.9974
2.79043160 1.0128
2.81725585 1.0156
2.84002077 1.0147
2.85039370 1.0149
2.84629972 1.0167
2.83154997 1.0172
2.81313661 1.0146
2.79836709 1.0081
2.79548639 1.0043
2.80519534 1.0039
2.82027588 1.0096
2.84131186 1.0171
2.86146710 1.0205
2.87434911 1.0164
2.88038587 1.0017
2.88046371 0.9916
2.87845376 0.9920
2.87898050 0.9962
2.88736081 0.9935
2.90933716 0.9894
2.93649394 0.9833
2.95490678 0.9744
2.94263792 0.9413
2.91938447 0.9161
2.90338344 0.8981
2.89865491 0.8932
2.90400578 0.8909
2.91435726 0.8875
2.89563291 0.8524
2.88531608 0.8579
2.89291331 0.8697
2.92011941 0.8924
2.95149428 0.9478
2.94897208 0.9216
2.93903222 0.8993
2.93500451 0.8933
2.93968976 0.9051
2.94627228 0.9285
2.93831036 0.9465
2.91462011 0.9471
2.90147057 0.9380
2.91321687 0.9281
2.93121324 0.9098
2.94191572 0.9038
2.94817097 0.9015
2.94745474 0.8941
2.94156551 0.8987
2.93084230 0.9131
2.90154277 0.9136
2.86900571 0.9105
2.84651469 0.9022
2.83792847 0.8975
2.84068903 0.8979
2.85025333 0.9003
2.85872055 0.9060
2.86069719 0.9204
2.86122711 0.9434
2.86312170 0.9599
2.86789102 0.9639
2.87609097 0.9537
2.89012121 0.9386
2.90519130 0.9312
2.92043694 0.9337
2.93090399 0.9335
2.93281871 0.9128
2.93153436 0.8862
2.92660124 0.9053
2.91015578 0.9539
2.88505353 0.9664
2.85676483 0.9392
2.83774143 0.8959
2.82457935 0.8725
2.82160725 0.8660
2.83778408 0.8622
2.86948072 0.8515
2.89160315 0.8413
2.89111108 0.8492
2.88278827 0.8652
2.87845721 0.8834
2.88032651 0.8999
2.88723920 0.9149
2.90571018 0.9149
2.93021436 0.8986
2.95382761 0.8760
2.96154633 0.8685
2.94139189 0.8553
2.90887804 0.8474
2.87796883 0.8572
2.84987599 0.8783
2.82445666 0.8968
2.80234023 0.9027
2.80120666 0.9013
2.82852016 0.8980
2.87382853 0.9071
2.90966039 0.9265
2.91471541 0.9380
2.91480202 0.9534
2.92948548 0.9755
2.94538146 0.9969
2.94367130 1.0137
2.91980254 1.0230
2.88654163 1.0182
2.87496556 0.9863
2.89289567 0.9299
2.89622380 0.8552
2.89716856 0.8557
2.91526295 0.8611
2.92287545 0.8555
2.91573593 0.8581
2.90190067 0.8681
2.89008751 0.8659
2.89325667 0.8516
2.91386103 0.8333
2.95897595 0.8200
3.00946693 0.8894
2.99951861 0.9519
2.98059457 0.9479
2.96618347 0.9441
2.95968954 0.9452
2.94576245 0.9412
2.92261784 0.9131
2.90694732 0.8768
2.90885017 0.8922
2.89398358 0.7913
2.86852546 0.7955
2.84762156 0.8235
2.84287359 0.8536
2.85888027 0.8808
2.88039101 0.9138
2.88289798 0.9525
2.86620742 0.9808
2.84340686 0.9905
2.83052314 0.9906
2.83481648 0.9722
2.84978457 0.9450
2.87714678 0.9094
2.89616867 0.7690
2.87754697 0.7988
2.86131289 0.8513
2.84920448 0.8800
2.83298000 0.8976
2.81227331 0.9088
2.78726741 0.9105
2.77351956 0.9110
2.78763343 0.9234
2.81918667 0.9519
2.84297811 0.9785
2.85636474 0.9789
2.86295255 0.9640
2.86785457 0.9502
2.86639329 0.9385
2.85028656 0.9212
2.82567432 0.9026
2.81120728 0.9011
2.81019616 0.9256
2.82442633 0.9540
2.84170333 0.9543
2.85154824 0.9105
2.85274154 0.8840
2.86191498 0.9069
2.87642876 0.9336
2.88899762 0.9408
2.89240153 0.9177
2.89086809 0.8837
2.90216619 0.8647
2.92906303 0.8686
2.95038147 0.8574
2.94011086 0.8262
2.91985655 0.8033
2.91343041 0.7860
2.93872424 0.7748
2.97501586 0.9183
2.91266593 0.9684
2.86856390 0.9881
2.83815156 1.0019
2.82370572 1.0205
2.82696031 1.0372
2.84683238 1.0413
2.87535258 1.0220
2.89846353 0.9764
2.91440567 0.9289
2.91252280 0.9916
2.88320728 0.9847
2.84363325 0.9672
2.80437898 0.9466
2.77794955 0.9386
2.77692617 0.9511
2.80699933 0.9787
2.86067813 0.9986
2.91484949 0.9973
2.95776086 0.9456
2.95105737 0.7771
2.92835890 0.7935
2.91433374 0.8028
2.90292028 0.8243
2.89070176 0.8561
2.88780322 0.8868
2.88436646 0.9244
2.87527111 0.9504
2.86173043 0.9649
2.84947947 0.9876
2.83574730 1.0232
2.82641726 1.0499
2.82336329 1.0511
2.82165700 1.0301
2.81606462 0.9967
2.81077101 0.9662
2.80335124 0.9422
2.80454840 0.9217
2.82011177 0.9127
2.83984984 0.9127
2.86006910 0.9529
2.87636854 1.0159
2.88627183 1.0666
2.89280690 1.0972
2.89006572 1.1030
2.87283239 1.1027
2.85273734 1.1054
2.84297347 1.1004
2.84780159 1.0780
2.85470091 1.0431
2.85830267 1.0165
2.86153664 1.0068
2.86829917 0.9979
2.88609908 0.9877
2.87227801 0.8331
2.84575286 0.7926
2.83245795 0.7774
2.83438624 0.7608
2.84663687 0.7406
2.86569660 0.7329
2.88488711 0.8092
2.86406199 1.0291
2.83088231 1.0143
2.80884596 0.9897
2.80025166 0.9370
2.79695421 0.8662
2.79578479 0.8008
2.79842627 0.7474
2.81473631 0.7232
2.83951740 0.8044
2.85195833 1.0055
2.84690784 1.0586
2.85008600 1.0754
2.85925999 1.0854
2.86177217 1.0834
2.84408622 1.0650
2.81860588 1.0389
2.79812281 0.9562
2.76500469 0.6177
2.73184651 0.4821
2.74055942 0.4533
2.81320041 0.4857
2.84043104 1.0644
2.81936999 1.0980
2.80614345 1.0921
2.79309817 1.0678
2.78105520 1.0490
2.77275113 1.0395
2.77744730 1.0112
2.78408092 0.9034
2.79509576 0.7704
2.82233030 0.7512
2.85716807 0.9234
2.85156288 1.0530
2.81870143 1.0688
2.78268446 1.0534
2.75955301 1.0376
2.75944290 1.0450
2.77903513 1.0614
2.81691807 1.0669
2.86354189 1.0488
2.90497762 1.0263
2.93589969 1.0284
2.95097081 1.0340
2.96029454 1.0255
2.96273209 1.0142
2.95052715 0.9977
2.92824393 0.9877
2.90945416 0.9971
2.89305743 0.9984
2.88322252 0.9811
2.87019071 0.9274
2.86606246 0.8916
2.87882549 0.9169
2.89156880 0.9943
2.89393824 1.0301
2.88543698 1.0475
2.86600210 1.0649
2.84364548 1.0865
2.83381333 1.1011
2.84323333 1.0943
2.86598468 1.0572
2.88696097 0.9848
2.90141903 0.9121
2.91613522 0.8475
2.92044384 0.7667
2.92032563 0.7750
2.91216848 1.0026
2.88632765 1.0861
2.86439654 1.1029
2.86018195 1.0883
2.87269435 1.0440
2.88301925 0.9312
2.87880296 0.8860
2.88451674 0.8590
2.88272478 0.8139
2.85459952 0.7773
2.82276535 0.7744
2.80755114 0.8174
2.80944817 0.8901
2.81973771 0.9486
2.82027215 0.9798
2.81908722 0.9935
2.83872368 0.9865
2.87871206 0.8258
2.81912621 0.7960
2.77801025 0.8032
2.74999980 0.7995
2.74082005 0.7785
2.75760802 0.7340
2.81767727 0.6949
2.88786980 0.9276
2.89410803 1.0579
2.88022348 1.0708
2.87667485 1.0707
2.88644909 1.0504
2.89943400 1.0174
2.90836391 0.9955
2.91034927 0.9939
2.89840044 0.9643
2.87576702 0.8544
2.86865344 0.7317
2.89319849 1.0895
2.89624201 1.0945
2.90019557 1.0918
2.89602012 1.0678
2.88572464 1.0241
2.87616159 0.9803
2.86740433 0.9529
2.85625589 0.9327
2.83962330 0.8980
2.82928407 0.8731
2.84186752 0.8767
2.87050939 0.9149
2.89309979 0.9544
2.90731440 0.9608
2.91944026 0.9480
2.92477964 0.8821
2.91788779 0.8440
2.90589529 0.8357
2.89518573 0.8322
2.88998473 0.8291
2.88825365 0.8366
2.89081213 0.8619
2.89607550 0.9054
2.90552480 0.9473
2.91503882 0.9703
2.91064962 0.9757
2.89899521 0.9778
2.88233422 0.9840
2.86444538 0.9919
2.85176393 0.9912
2.85596867 0.9791
2.87662996 0.9680
2.90354103 0.9625
2.86953722 0.6989
2.83550951 0.7162
2.82045987 0.7369
2.81868706 0.7582
2.83170700 0.7784
2.86189941 0.8069
2.90109321 0.9111
2.89496592 1.0310
2.86365408 0.9843
2.85059479 0.9425
2.85372080 0.8958
2.87481282 0.8599
2.90897003 0.8657
2.91807722 0.8846
2.90583926 0.9113
2.89446219 0.9436
2.87961432 0.9637
2.86848113 0.9615
2.87792823 0.9465
2.90295130 0.9270
2.88990979 0.8945
2.86514486 0.8890
2.88526275 0.8917
2.91791489 0.8845
2.91775738 0.8733
2.88509441 0.8795
2.87043387 0.8944
2.89697577 0.9405
2.87763540 1.0047
2.85418752 1.0018
2.87161865 0.9828
2.89666027 0.9425
2.88661888 0.9142
2.88427521 0.9124
2.89430513 0.8958
2.88498784 0.8654
2.84792385 0.8396
2.81764355 0.8240
2.83222048 0.8010
2.87782676 0.7767
2.87571799 0.8513
2.86101990 0.8718
2.85463349 0.8877
2.85893216 0.9067
2.87282203 0.9137
2.88781078 0.9038
2.89995375 0.8841
2.90634509 0.8654
2.91250465 0.8627
2.89376215 0.9011
2.85685919 0.8921
2.84302720 0.8775
2.85022267 0.8628
2.84689676 0.8528
2.83097737 0.8654
2.81977206 0.8724
2.81081366 0.8730
2.81341348 0.8697
2.83007285 0.8727
2.86136832 0.8811
2.89228710 0.9058
2.90801898 0.9191
2.92021452 0.9178
2.94192428 0.9222
2.96151253 0.9522
2.96262925 0.9542
2.95595322 0.9471
2.94782812 0.9393
2.93458020 0.8599
2.91100081 0.7188
2.88638289 0.7113
2.86642061 0.7294
2.85245620 0.7361
2.85423599 0.7291
2.87610332 0.7379
2.88883555 0.8840
2.86878004 0.9521
2.84243314 0.9836
2.82027281 1.0112
2.80854416 1.0285
2.81057413 1.0345
2.81947022 1.0296
2.83234915 1.0167
2.84835610 1.0012
2.87328937 1.0008
2.89512389 0.9582
2.89899069 0.8858
2.90409729 0.8720
2.90420812 0.8451
2.89620993 0.7730
2.87834504 0.6815
2.84152012 0.7184
2.81269916 0.7776
2.82458256 0.8283
2.87306681 0.8697
2.93385527 0.8983
2.97729130 0.9229
2.98230266 0.9244
2.96105280 0.9083
2.93037428 0.8998
2.90086133 0.8936
2.87369118 0.8855
2.84987129 0.8774
2.83871688 0.8762
2.85115510 0.8792
2.87801078 0.8891
2.89925418 0.9057
2.89186814 0.9038
2.87826018 0.9085
2.86696406 0.9166
2.84984282 0.8987
2.81913579 0.8533
2.78951493 0.8090
2.78416462 0.7912
2.80865124 0.7998
2.84785772 0.8329
2.88103025 0.8980
2.88836487 0.9512
2.87981093 0.9698
2.87395813 0.9894
2.87383830 1.0012
2.87010963 0.9873
2.86636875 0.9450
2.87522015 0.8856
2.89825034 0.8163
2.92644770 0.7714
2.93743107 0.6707
2.91833373 0.6957
2.89433015 0.7242
2.87034296 0.7428
2.84852980 0.7520
2.82641766 0.7538
2.81089360 0.7494
2.81886989 0.7521
2.84322879 0.8274
2.84325545 0.9306
2.83929247 0.9420
2.84285648 0.9363
2.85541365 0.9168
2.88157405 0.9028
2.90368039 0.8942
2.88711857 0.8428
2.86755620 0.8255
2.86427076 0.8206
2.88296679 0.8833
2.87969451 1.0080
2.87073977 1.0183
2.86414713 1.0110
2.86260236 0.9889
2.86659028 0.9569
2.86368176 0.9203
2.84669542 0.8828
2.81474025 0.8504
2.78999749 0.8473
2.79095638 0.8849
2.81187781 0.9568
2.83043402 1.0071
2.85068837 1.0233
2.87427982 1.0283
2.89783649 1.0256
2.92018757 1.0136
2.92952222 0.9793
2.91422213 0.9299
2.89259200 0.9218
2.87247272 0.9910
2.84490790 0.9934
2.83236232 0.9686
2.84373903 0.9564
2.86311684 0.9502
2.88592435 0.9413
2.90381821 0.9171
2.91132557 0.8794
2.90951005 0.8645
2.90523993 0.8847
2.89725692 0.9233
2.89876252 0.9468
2.91084115 0.9378
2.91632738 0.9157
2.91677305 0.9052
2.91619436 0.9045
2.91600265 0.8863
2.90796457 0.8619
2.90110467 0.8909
2.89212610 0.9245
2.88233483 0.9475
2.86942539 0.9514
2.85505046 0.9371
2.84072792 0.9076
2.82466853 0.8762
2.81529036 0.8529
2.81141344 0.8393
2.81265656 0.8328
2.81610638 0.8379
2.82285361 0.8572
2.83196912 0.8982
2.84503834 0.9415
2.86440685 0.9683
2.89128776 0.9782
2.91547476 0.9820
2.92090675 0.9794
2.90614682 0.9635
2.88258747 0.9454
2.86315069 0.9301
2.84705079 0.9285
2.82996444 0.9412
2.81198535 0.9552
2.79925575 0.9598
2.80087509 0.9481
2.81411528 0.9262
2.83246138 0.9021
2.84836277 0.8893
2.83813483 0.9258
2.80829944 0.9467
2.78601850 0.9518
2.77488127 0.9465
2.77940298 0.9316
2.79977379 0.9100
2.82533194 0.8914
2.85406174 0.8877
2.87647928 0.8966
2.88462650 0.9023
2.88753934 0.8985
2.89410175 0.8826
2.89732870 0.8665
2.89207483 0.8640
2.87658898 0.8733
2.86771574 0.8882
2.86731702 0.9013
2.87466589 0.9089
2.88902072 0.9117
2.90217674 0.9102
2.91118919 0.9209
2.89999721 0.9032
2.88318672 0.8999
2.86465556 0.9106
2.85270082 0.9286
2.85693173 0.9630
2.86279972 0.9989
2.86364498 1.0140
2.86299628 1.0091
2.86128741 0.9968
2.86045983 0.9853
2.86482745 0.9742
2.87540702 0.9619
2.89299978 0.9520
2.90658664 0.9498
2.91209168 0.9470
2.90538814 0.9375
2.89077756 0.9272
2.87927027 0.9213
2.87453913 0.9190
2.87552699 0.9167
2.88395115 0.9190
2.90189461 0.9202
2.92572111 0.9200
2.93976635 0.9201
2.93880851 0.9174
2.93279175 0.9367
2.92530132 0.9605
2.92487207 0.9731
2.93642548 0.9778
2.94957221 0.9742
2.96000893 0.9729
2.96233258 0.9723
2.95689145 0.9550
2.93042525 0.8320
2.87370343 0.6976
2.83913784 0.7057
2.83429286 0.8035
2.84917371 0.8932
2.87015268 0.9257
2.87900095 0.9263
2.87116918 0.9082
2.86671505 0.8819
2.87939794 0.8593
2.89720561 0.8676
2.90471525 0.9042
2.89817184 0.9405
2.89010580 0.9658
2.89679079 0.9802
2.91647261 0.9844
2.92321970 0.9606
2.91851124 0.9554
2.91292604 0.9495
2.91125588 0.9327
2.91150157 0.9064
2.90789298 0.8771
2.89701908 0.8485
2.88337847 0.8349
2.87419539 0.8640
2.86668141 0.8639
2.85730939 0.8839
2.86049811 0.9143
2.86758426 0.9352
2.87552630 0.9422
2.88512037 0.9389
2.89309592 0.9271
2.89595297 0.9050
2.88915098 0.9199
2.85739468 0.9677
2.84465527 0.9932
2.85924512 1.0047
2.89014828 1.0045
2.91533007 0.9996
2.92589471 0.9862
2.92554382 0.9727
2.91740323 0.9847
2.89287708 0.9717
2.84958233 0.9595
2.81201793 0.9655
2.79503786 0.9868
2.80428408 1.0056
2.83076170 1.0120
2.85225275 0.9976
2.86414026 0.9729
2.86120748 0.9630
2.84965053 0.9764
2.83316323 1.0034
2.81793936 1.0340
2.81654577 1.0488
2.84205292 1.0546
2.87875276 1.0384
2.88628224 0.9183
2.86970369 0.8142
2.86862206 0.7904
2.87516871 0.7880
2.88337372 0.8028
2.90586176 0.8229
2.94420612 0.8387
2.93970425 0.9107
2.91530651 0.9115
2.90992876 0.9066
2.91748338 0.9040
2.93261690 0.8998
2.95572411 0.8911
2.98111878 0.8730
2.98945594 0.8467
2.99774514 0.8063
2.94456184 0.9881
2.91315847 0.9986
2.91519916 0.9976
2.93380193 0.9942
2.95072610 0.9891
2.95639575 0.9582
2.95101741 0.9468
2.93633274 0.9954
2.91031641 1.0385
2.87924354 1.0819
2.84669765 1.1099
2.82395497 1.1152
2.81969336 1.1037
2.82950910 1.0793
2.84154707 1.0508
2.84950815 1.0196
2.84715807 0.9805
2.83437588 0.9365
2.82479932 0.9317
2.82702438 0.9782
2.83539050 1.0298
2.83983002 1.0581
2.84393253 1.0671
2.84939387 1.0628
2.86102446 1.0492
2.87729744 1.0298
2.88495405 1.0073
2.88518551 0.9868
2.88945007 0.9772
2.89980770 0.9814
2.90497701 0.9948
2.90312896 0.9997
2.89741127 0.9898
2.88987880 0.9753
2.88170395 0.9533
2.88551638 0.9220
2.89984988 0.9232
2.90235882 1.0145
2.87856685 1.0161
2.83686511 1.0027
2.78802224 0.9828
2.74205390 0.9650
2.72702055 0.9594
2.74318637 0.9687
2.76596125 0.9876
2.78562565 1.0069
2.80168418 1.0321
2.81509286 1.0593
2.82640600 1.0700
2.83419984 1.0649
2.83089122 1.0573
2.81666922 1.0458
2.80785108 1.0199
2.81647735 0.9840
2.83431872 0.9447
2.85096181 0.9305
2.85636639 0.9894
2.84364540 0.9993
2.82122986 0.9945
2.80917011 0.9893
2.80671894 0.9843
2.79838822 0.9758
2.77818816 0.9600
2.76360258 0.9455
2.76571714 0.9438
2.78120352 0.9528
2.80653271 0.9621
2.84054407 0.9607
2.86898947 0.9497
2.87597438 0.9405
2.87807877 0.9366
2.89240954 0.9313
2.91083199 0.9147
2.91117529 0.8859
2.88996781 0.8690
2.85794091 0.8854
2.83301870 0.9251
2.82242056 0.9581
2.81802494 0.9612
2.81436263 0.9439
2.81215751 0.9215
2.81259209 0.9046
2.82635329 0.8879
2.85077034 0.8692
2.87323637 0.8552
2.88145508 0.8587
2.86178613 0.8091
2.85730200 0.8215
2.88243751 0.8443
2.91588920 0.8667
2.93427472 0.9035
2.94209905 0.9105
2.95244663 0.9031
2.96111142 0.8944
2.96677395 0.8840
2.96547673 0.8762
2.93762609 0.9124
2.91071239 0.9274
2.89961069 0.9221
2.89542816 0.9057
2.89490619 0.8791
2.90598715 0.8380
2.92767487 0.8230
2.92896208 0.9047
2.92014137 0.9481
2.90052264 0.9428
2.88616999 0.9087
2.89894978 0.8769
2.93700652 0.8741
2.94441293 0.9026
2.95269257 0.8881
2.96218768 0.8270
2.94099104 0.7447
2.89450488 0.7751
2.86819118 0.8371
2.85808299 0.9009
2.85304355 0.9396
2.85712430 0.9561
2.86816681 0.9657
2.87715222 0.9639
2.89425176 0.9536
2.91331522 0.9311
2.91895844 0.9060
2.90195288 0.8930
2.87686580 0.8881
2.85442987 0.8719
2.84032765 0.8347
2.85174037 0.7950
2.88254476 0.9678
2.86192396 0.9938
2.87093816 1.0026
2.89370106 0.9900
2.91573390 0.9594
2.92169974 0.9288
2.91120515 0.9131
2.90683140 0.9023
2.91679089 0.8883
2.89862030 0.9010
2.87344152 0.9140
2.86657677 0.9199
2.87396290 0.9176
2.89318072 0.9037
2.91981982 0.8948
2.91084071 0.9062
2.85360308 0.9069
2.79739484 0.8976
2.77024813 0.8726
2.77657049 0.8476
2.80181551 0.8459
2.82013906 0.8646
2.83572319 0.8699
2.85168006 0.8609
2.87634213 0.8509
2.90543890 0.8587
2.92389356 0.8887
2.92118662 0.9235
2.90595910 0.9625
2.88996744 0.9938
2.88676311 1.0099
2.88714892 1.0158
2.89337137 1.0114
2.90400562 0.9946
2.91853573 0.9709
2.93212231 0.9521
2.93550987 0.9447
2.92476415 0.9451
2.89996338 0.9514
2.86410594 0.9646
2.83492397 0.9736
2.82626126 0.9768
2.83784573 0.9796
2.85607006 0.9805
2.87718906 0.9733
2.89626039 0.9646
2.90444685 0.9497
2.90349672 0.9198
2.91474790 0.8949
2.93770728 0.9483
2.91771843 0.9066
2.91550498 0.8988
2.92534137 0.8787
2.93831582 0.8393
2.92720785 0.8274
2.89381595 0.8800
2.87884461 0.9110
2.87477201 0.9134
2.88731222 0.8994
2.91518443 0.9046
2.91514092 0.9062
2.90519810 0.8907
2.91745486 0.8865
2.93176485 0.8719
2.92858594 0.8485
2.91756851 0.8091
2.90866603 0.7563
2.90983975 0.7291
2.92002710 0.9755
2.89738127 1.0186
2.87660649 1.0315
2.86668138 1.0323
2.86577572 1.0249
2.86886049 1.0115
2.86146482 1.0004
2.84490743 0.9861
2.83104721 0.9750
2.82825999 0.9751
2.83244269 0.9834
2.83699584 0.9922
2.84135939 1.0086
2.85110400 1.0333
2.86390713 1.0598
2.87370497 1.0767
2.87617619 1.0794
2.87192435 1.0646
2.86765883 1.0419
2.86497107 1.0140
2.86400708 0.9885
2.86431973 0.9701
2.86326611 0.9528
2.86265740 0.9434
2.86825070 0.9537
2.87491172 0.9712
2.87398674 0.9807
2.86941125 0.9833
2.86708277 0.9821
2.86714200 0.9780
2.87245310 0.9789
2.87421606 0.9868
2.86337410 0.9637
2.84245210 0.9242
2.82477918 0.9132
2.81918262 0.9392
2.82835494 0.9923
2.84707407 1.0284
2.86447916 1.0275
2.87526116 1.0341
2.87705465 1.0442
2.86546974 1.0425
2.83794029 1.0369
2.80660296 1.0392
2.78365293 1.0613
2.78428462 1.0931
2.80190040 1.1083
2.82102919 1.1023
2.83485156 1.0601
2.84307256 0.9188
2.84708074 0.6637
2.86982608 0.5549
2.87459083 1.0234
2.85243234 1.0170
2.82456985 1.0036
2.79840980 0.9964
2.77610765 0.9884
2.76925747 0.9833
2.77746211 0.9768
2.79433930 0.9742
2.81288524 0.9731
2.83137104 0.9747
2.84030957 0.9800
2.84218770 0.9819
2.84910312 0.9782
2.86052758 0.9827
2.88027985 0.9982
2.87643449 0.9418
2.86609035 0.9391
2.88446628 0.9454
2.91393501 0.9223
2.94619190 0.8959
2.96611616 0.9538
2.93471848 0.9948
2.89137413 1.0144
2.85682808 1.0255
2.82894636 1.0284
2.81329969 1.0153
2.82087282 0.9982
2.85621891 0.9789
2.90617243 0.9579
2.94951341 0.9338
2.96728217 0.8961
2.96743543 0.9293
2.95546615 0.9846
2.93301554 1.0189
2.91241169 1.0171
2.89765628 1.0027
2.89980508 0.9853
2.91641473 0.9549
2.91320177 0.9008
2.90250592 0.8921
2.88939288 0.9124
2.87502851 0.9441
2.85273406 0.9685
2.82965586 0.9741
2.82161487 0.9728
2.81964432 0.9553
2.82908268 0.9342
2.86211798 0.9168
2.91408206 0.9042
2.95842392 0.9171
2.95778665 0.9624
2.93963121 1.0099
2.91688706 1.0418
2.89407700 1.0575
2.87886779 1.0625
2.88239133 1.0660
2.89585626 1.0786
2.89245591 1.0141
2.88941301 0.9937
2.87770884 0.9733
2.86036766 0.9792
2.84208021 1.0092
2.83037050 1.0386
2.82306044 1.0599
2.82184866 1.0773
2.81677572 1.0962
2.81320498 1.1066
2.82158515 1.0980
2.84432533 1.0672
2.86988920 1.0357
2.88420119 1.0214
2.88809934 1.0197
2.88471135 1.0276
2.87951468 1.0401
2.86978629 1.0513
2.85641472 1.0642
2.84433782 1.0743
2.83828655 1.0743
2.84746900 1.0654
2.86213831 1.0543
2.88134630 1.0357
2.89703317 1.0138
2.90077212 0.9904
2.88830335 0.9686
2.87414924 0.9427
2.87342725 0.9000
2.88446385 0.8099
2.90028203 0.7653
2.91374120 0.8408
2.91311256 0.9476
2.90357939 0.9808
2.88714372 1.0033
2.87250882 1.0128
2.85802163 1.0136
2.83922238 1.0204
2.82595929 1.0213
2.81922718 0.9990
2.82692117 0.9574
2.85309317 0.9346
2.89335331 0.9421
2.92998078 0.9685
2.93529670 0.9979
2.90788089 0.9942
2.87058223 0.9859
2.85344200 0.9817
2.85838674 0.9788
2.88014649 0.9682
2.89814160 0.9502
2.88959306 0.9332
2.84748380 0.9322
2.79321245 0.9542
2.75715969 0.9851
2.74676802 1.0073
2.75651670 1.0213
2.78436155 1.0362
2.81900962 1.0537
2.84801253 1.0676
2.86222197 1.0635
2.87707951 1.0464
2.90372780 1.0252
2.92663463 1.0156
2.92845712 1.0157
2.91184592 1.0128
2.88447017 0.9989
2.86072350 0.9885
2.84532897 0.9963
2.82930905 1.0031
2.81484989 1.0023
2.80727534 1.0013
2.81070115 1.0071
2.82194723 1.0192
2.82829891 1.0271
2.83377866 1.0300
2.84019033 1.0250
2.84862577 1.0166
2.85675883 1.0076
2.85706399 0.9969
2.85084064 0.9887
2.84117502 0.9982
2.82528854 1.0193
2.80544359 1.0350
2.78598956 1.0360
2.77417787 1.0284
2.77055176 1.0172
2.77623662 1.0004
2.79043852 0.9765
2.80684256 0.9501
2.81881321 0.9339
2.82784803 0.9237
2.83511127 0.8736
2.83245366 0.4854
2.83301268 0.6421
2.84500021 0.9185
2.85792798 0.9870
2.87129690 1.0166
2.87812176 1.0302
2.88388051 1.0342
2.88508738 1.0347
2.87661128 1.0454
2.86531194 1.0590
2.85944599 1.0641
2.87008661 1.0598
2.88846962 1.0435
2.89915433 1.0291
2.90095313 1.0245
2.89612638 1.0239
2.88462705 1.0214
2.87400546 1.0209
2.86619429 1.0307
2.86015726 1.0447
2.84445253 1.0548
2.82534203 1.0476
2.82535670 1.0248
2.84506258 0.9971
2.86675180 0.9731
2.87713081 0.9677
2.88354290 0.9745
2.88666857 0.9848
2.88731834 1.0013
2.88599003 1.0267
2.88801082 1.0570
2.89215516 1.0795
2.89585930 1.0626
2.90165529 1.0239
2.90900205 1.0051
2.90471381 0.9864
2.88775152 0.9646
2.87436363 0.9387
2.87388407 0.9158
2.87153840 0.9055
2.85616506 0.8999
2.84749127 0.8851
2.85660154 0.8408
2.89689677 0.8053
2.94653541 0.9812
2.96662262 1.0203
2.96413071 1.0200
2.92666572 1.0189
2.87912937 1.0047
2.85196691 0.9700
2.84686099 0.9233
2.83766760 0.8961
2.82778701 0.8887
2.83544593 0.8752
2.86335325 0.8520
2.89700763 0.8691
2.90172993 0.9502
2.89557998 0.9917
2.88318461 1.0154
2.86113909 1.0250
2.84540511 1.0217
2.85022908 1.0102
2.86891555 0.9855
2.88580226 0.9440
2.89297368 0.8960
2.89503957 0.8695
2.89171940 0.8755
2.88211583 0.9028
2.86822548 0.9335
2.85288514 0.9638
2.84160473 0.9937
2.83886397 1.0178
2.84499118 1.0150
2.85102056 0.9967
2.85276698 0.9809
2.85742122 0.9760
2.87659771 0.9797
2.90081120 0.9877
2.91729632 0.9919
2.92316674 0.9745
2.91403757 0.9093
2.90016076 0.8816
2.90242098 0.8979
2.91503539 0.9232
2.92550719 0.9424
2.93008500 0.9522
2.93761868 0.9539
2.94739643 0.9454
2.95359351 0.9108
2.93520676 0.8527
2.89517811 0.8519
2.87156872 0.8517
2.87160238 0.8464
2.89324860 0.8433
2.91848070 0.8544
2.94376405 0.8736
2.97456256 0.8859
2.99515593 0.8676
2.98535065 0.8761
2.97146102 0.8893
2.95788965 0.8697
2.94785124 0.8164
2.94550655 0.7705
2.95206961 0.7550
2.97138583 0.7957
2.97413116 0.9130
2.94447468 0.8838
2.90701646 0.8935
2.88197895 0.9178
2.87919479 0.9398
2.88264917 0.9606
2.88918004 0.9827
2.89187391 1.0040
2.89442956 0.9852
2.90363404 0.9643
2.91769401 0.9558
2.92501869 0.9656
2.92500202 0.9867
2.91706786 1.0008
2.90722587 0.9947
2.90168004 0.9767
2.89925501 0.9617
2.90088908 0.9432
2.90004612 0.9290
2.89902065 0.9213
2.89816940 0.9270
2.89510230 0.9433
2.89284204 0.9702
2.89094191 0.9886
2.89241682 0.9905
2.90395490 0.9649
2.93464865 0.9271
2.94793096 0.9057
2.93147814 0.8876
2.91654855 0.8783
2.89988442 0.8767
2.88908500 0.8757
2.88708042 0.8671
2.89440378 0.8449
2.91170792 0.9136
2.90687643 0.9964
2.89912438 0.9871
2.89168777 0.9747
2.88576356 0.9683
2.88522632 0.9501
2.87683714 0.9224
2.86427313 0.9146
2.85479607 0.9286
2.85255943 0.9413
2.85744385 0.9414
2.88161713 0.9303
2.91473523 0.9766
2.90553911 0.9195
2.89839085 0.9325
2.89281333 0.9618
2.88332505 0.9914
2.87449318 1.0005
2.86881434 0.9906
2.86840986 0.9723
2.87240036 0.9477
2.88759194 0.9018
2.92121847 0.8291
2.91751465 0.8563
2.91518111 0.8804
2.92168664 0.9182
2.92783545 0.9654
2.92347631 1.0007
2.91397765 1.0063
2.91346458 0.9989
2.91752044 0.9919
2.92202374 0.9795
2.92175470 0.9647
2.91040617 0.9319
2.88390542 0.8872
2.85472430 0.8832
2.83715051 0.9094
2.83018196 0.9536
2.83603290 0.9872
2.85620929 1.0006
2.88612156 0.9929
2.91841026 0.9802
2.93894319 0.9632
2.94962449 0.9447
2.95740905 0.9316
2.96233462 0.9333
2.96045611 0.9472
2.95409064 0.9728
2.94808021 0.9827
2.94011062 0.9482
2.92958524 0.9116
2.93176509 0.8866
2.94982366 0.8760
2.96551700 0.9043
2.96458653 0.9579
2.94992302 1.0030
2.93360269 1.0324
2.92711492 1.0377
2.93353072 1.0214
2.94577253 0.9701
2.94333392 0.8366
2.93537505 0.7908
2.94227976 0.7653
2.95411491 0.7539
2.96614305 0.7598
2.96523931 0.8576
2.93934207 1.0050
2.91377929 1.0455
2.89885859 1.0509
2.89374338 1.0393
2.89511358 1.0123
2.89923434 0.9780
2.89884917 0.9504
2.89102705 0.9445
2.88360731 0.9620
2.87518115 0.9870
2.86624533 1.0183
2.86207549 1.0470
2.86402393 1.0499
2.87530814 1.0036
2.88533466 0.8027
2.86439208 0.8266
2.84770839 0.8477
2.84305577 0.8809
2.84169970 0.9241
2.83563256 0.9818
2.80762452 1.0389
2.77590368 1.0758
2.77476959 1.0765
2.80815494 1.0342
2.83910947 0.9477
2.85313656 0.8736
2.86295229 0.8059
2.88600921 0.7252
2.90275901 0.7754
2.87454804 0.9743
2.86420649 1.0553
2.85625011 1.0987
2.84107638 1.1043
2.84251636 1.0728
2.86384877 1.0097
2.88054620 0.9461
2.88411707 0.9207
2.88737625 0.9276
2.89638481 0.9506
2.89940884 0.9856
2.87033927 1.0135
2.82392678 1.0124
2.79910879 1.0115
2.79903625 0.9986
2.81864483 0.9731
2.85098562 0.9409
2.88716006 0.9239
2.91085630 0.9358
2.88117571 0.9068
2.83202203 0.9150
2.79855179 0.9261
2.78794112 0.9385
2.79900401 0.9602
2.82288805 0.9805
2.84674396 0.9826
2.85925420 0.9706
2.86120227 0.9651
2.85575212 0.9765
2.84698513 0.9950
2.83639336 0.9946
2.82404352 0.9704
2.81498426 0.9459
2.80855802 0.9310
2.80462246 0.9082
2.80339490 0.8669
2.79780504 0.8386
2.79563027 0.8408
2.80078232 0.8573
2.81102159 0.8730
2.82632182 0.9016
2.82262599 0.9350
2.81411233 0.9422
2.81991448 0.9556
2.84297395 0.9519
2.86658160 0.9191
2.87167734 0.8950
2.86486290 0.8942
2.85420447 0.9025
2.84389065 0.9056
2.84100346 0.9070
2.84552915 0.9099
2.84381412 0.9147
2.83876973 0.9134
2.84090522 0.8954
2.84616467 0.8634
2.84637840 0.8456
2.84396708 0.8549
2.83477756 0.9043
2.81425013 0.9646
2.79372299 0.9965
2.78177176 1.0012
2.78104681 0.9891
2.79099898 0.9615
2.81457647 0.9363
2.84752234 0.9236
2.87606083 0.9162
2.88669075 0.9274
2.87214835 0.9714
2.85455671 1.0170
2.84817610 1.0495
2.84620500 1.0605
2.84260453 1.0472
2.83911934 1.0048
2.84639144 0.9389
2.87338244 0.8650
2.88313504 0.8395
