2.98780937 0.8314
3.00154913 0.8352
3.00872642 0.8412
3.00798787 0.8431
2.99221607 0.8454
2.96593866 0.8468
2.92691650 0.8588
2.87262520 0.8782
2.82966599 0.7858
2.86037722 0.7348
2.90593819 0.7021
2.93913308 0.6856
2.95579300 0.6929
2.95865198 0.7289
2.96169628 0.7650
2.98915321 0.7831
3.03236167 0.7889
3.04362490 0.7990
3.01774499 0.8115
2.96785842 0.8212
2.93062810 0.8219
2.92209565 0.8047
2.92968835 0.7840
2.93930454 0.8211
2.95492958 0.8426
2.97131662 0.8547
2.98385248 0.8591
2.98963827 0.8565
2.97272210 0.8510
2.93561527 0.8436
2.90735545 0.8363
2.90859437 0.8094
2.93970412 0.7719
2.97126884 0.7437
2.99517889 0.7357
3.01309474 0.7446
3.03167480 0.7589
3.04555276 0.7581
3.03854545 0.7446
3.01801096 0.7265
2.99714985 0.7138
2.99018330 0.7159
3.00718484 0.7310
3.02671812 0.7575
3.04145097 0.7862
3.04322612 0.8059
3.04512222 0.8200
3.03594939 0.8378
3.01202874 0.8433
2.98545617 0.8446
2.98400490 0.8703
3.00237026 0.8572
3.02405876 0.8275
3.05006926 0.8115
3.08471543 0.8133
3.12251952 0.8115
3.15489493 0.8073
3.16234342 0.8088
3.13571805 0.8037
3.08722506 0.7882
3.03806188 0.7668
3.00490040 0.7758
2.98996492 0.8307
2.98087607 0.7202
2.99667169 0.7162
3.03722828 0.7193
3.08484099 0.7126
3.10640085 0.7066
3.08799748 0.7037
3.04448165 0.6953
3.00272918 0.6745
2.98954156 0.6433
2.99749129 0.6300
3.00429976 0.6388
3.01155645 0.6626
3.01957105 0.6918
3.03198804 0.7063
3.05193241 0.7104
3.06026102 0.7229
3.05214263 0.7466
3.02821794 0.7807
2.99791907 0.8216
2.96084332 0.8615
2.92790140 0.8612
2.95012772 0.8204
2.97600542 0.8260
2.99405402 0.8205
3.01005874 0.7986
3.01032148 0.7671
3.00965995 0.7355
3.01775220 0.7220
3.02600433 0.7373
3.01571020 0.7744
2.98152055 0.8272
2.94225251 0.8848
2.93346746 0.9069
2.95579404 0.9036
2.97808981 0.8976
2.99197538 0.8830
2.99200633 0.8680
2.98912897 0.8503
2.98549636 0.8328
2.97782510 0.8155
2.95889732 0.7990
2.93907462 0.7969
2.92608118 0.8052
2.92611234 0.8149
2.93309699 0.8230
2.94923397 0.8239
2.96087069 0.8241
2.96526885 0.8199
2.97986055 0.8082
3.00329536 0.7954
3.02814598 0.7877
3.03253346 0.7887
3.01101192 0.8000
2.98703332 0.8185
3.00227332 0.8589
3.05069226 0.8712
3.09092376 0.8627
3.10046951 0.8671
3.08351119 0.8878
3.04561689 0.9076
2.99863118 0.9167
2.99992782 0.8421
3.03787151 0.8493
3.03844499 0.8614
3.02309469 0.8696
3.02485222 0.8408
3.05731027 0.8173
3.08419556 0.8101
3.10120043 0.8260
3.10586496 0.8450
3.10248731 0.8551
3.09584660 0.8568
3.07551567 0.8552
3.04084594 0.8592
3.00588366 0.8713
2.99548794 0.8914
3.00203070 0.8645
3.01536092 0.8038
3.04314381 0.7935
3.06453364 0.7975
3.08005454 0.7998
3.10534634 0.8005
3.12285160 0.8044
3.11553601 0.8039
3.06786995 0.8040
3.00443974 0.8125
2.98019549 0.8713
2.98769005 0.8848
2.98616053 0.8982
2.97934323 0.9226
2.96979553 0.9355
2.96100497 0.9059
2.98412376 0.7949
3.02843916 0.7622
3.05969438 0.7533
3.07055308 0.7608
3.07781042 0.7840
3.08482523 0.8001
3.08743088 0.8076
3.09170400 0.8140
3.09342010 0.8230
3.09056282 0.8350
3.08941396 0.8386
3.09472647 0.8275
3.08870477 0.8034
3.07581391 0.7748
3.05877633 0.7706
3.03961655 0.7927
3.01253137 0.8201
2.99547324 0.8345
2.99925875 0.8425
3.01683200 0.8459
3.03354815 0.8383
3.04870521 0.8154
3.05156498 0.7859
3.04648227 0.7525
3.02263035 0.7256
2.99357082 0.7030
2.98597320 0.6849
2.99881168 0.6770
3.01485590 0.6637
3.01648248 0.6585
3.00040075 0.6659
2.97063694 0.6827
2.94139126 0.6914
2.92973798 0.6812
2.93426373 0.7521
2.94866709 0.7544
2.97679485 0.6812
3.03857039 0.6661
3.11913065 0.6549
3.19572042 0.6509
3.23272186 0.6609
3.21933149 0.6776
3.17340529 0.6897
3.12503121 0.6982
3.09191355 0.7279
3.06105579 0.7701
3.02839160 0.7482
3.04492656 0.7298
3.08505063 0.7283
3.11405605 0.7254
3.10330826 0.7389
3.06540369 0.7529
3.00414356 0.7622
2.96337526 0.7659
2.96457172 0.8206
2.95771413 0.8712
2.94426888 0.8567
2.98604588 0.7474
3.06320374 0.6931
3.14772322 0.6676
3.21209563 0.6607
3.24141867 0.6650
3.22854717 0.6728
3.18296393 0.6750
3.12426114 0.6661
3.07174856 0.6487
3.03938168 0.6162
3.05728417 0.5797
3.11894958 0.5493
3.18535002 0.5241
3.21964486 0.5155
3.21215363 0.5296
3.16389377 0.5635
3.08765032 0.6028
3.01964183 0.6346
2.98759624 0.7566
2.95136635 0.8931
2.89705117 1.0262
2.88409150 0.9808
2.91670310 0.8313
2.95420040 0.7495
2.97189788 0.7201
2.96678948 0.7092
2.93717507 0.7111
2.92958261 0.8623
2.95219102 0.8870
2.95768895 0.9024
2.93186333 0.9293
2.91685051 0.8210
2.95193860 0.7791
2.97543769 0.7318
2.98889054 0.6886
2.98360145 0.6632
2.96632152 0.6638
2.93508069 0.6807
2.91010886 0.7080
2.90252415 0.7301
2.91268577 0.7205
2.94103970 0.6968
2.97466663 0.6807
2.98904344 0.6668
2.97718121 0.6538
2.95677210 0.6403
2.95022089 0.6317
2.95839012 0.6528
2.97911354 0.6702
2.99016664 0.6345
3.01274293 0.5776
3.05276730 0.5286
3.08975602 0.5029
3.10513911 0.4940
3.07942994 0.4965
3.02303950 0.5107
2.95333117 0.5476
2.90776573 0.6330
2.89976929 0.8042
2.91011352 0.7037
2.95234257 0.6294
3.01550709 0.6258
3.08704405 0.6239
3.13259454 0.6277
3.12681660 0.6391
3.08499535 0.6621
3.03093604 0.7017
2.99534641 0.7999
3.02834356 0.9351
3.04566547 0.9216
3.02927180 0.8728
3.04197241 0.7497
3.09908865 0.7110
3.16142008 0.6844
3.19567233 0.6727
3.17846181 0.6767
3.11564753 0.6881
3.03638969 0.7058
2.98570409 0.7019
2.99969072 0.7208
3.04797410 0.7191
3.10161182 0.6970
3.13306383 0.6632
3.13899891 0.6186
3.11790635 0.5941
3.08470285 0.6029
3.03486514 0.6278
2.98321083 0.6464
2.96157365 0.6491
2.98802227 0.6356
3.06020973 0.6140
3.15676875 0.5861
3.23540009 0.5662
3.27305657 0.5663
3.26134202 0.5919
3.21159944 0.6376
3.14626347 0.6912
3.07386902 0.7345
3.03117378 0.7435
3.03435181 0.7469
3.04745985 0.7301
3.06446562 0.6794
3.10439388 0.6287
3.14641868 0.5975
3.16167017 0.5975
3.14245023 0.6285
3.09433977 0.6904
3.04214878 0.7719
3.00259526 0.8455
2.97865495 0.8775
2.95569128 0.8873
2.92988079 0.8976
2.91362255 0.8957
2.90849645 0.8695
2.90943655 0.8015
2.90419415 0.7341
2.89806283 0.6987
2.89113980 0.7342
2.90031465 0.7687
2.92583112 0.7629
2.95738337 0.7311
2.98325818 0.6933
2.99763461 0.6620
3.00504363 0.6533
2.99818769 0.6700
2.98452356 0.6927
2.96633692 0.7126
2.96143722 0.7218
2.97300354 0.7112
3.00072685 0.7090
3.03111007 0.7246
3.04716927 0.7283
3.04335879 0.7139
3.02106206 0.6994
2.99376865 0.6969
2.97261455 0.7076
2.95963684 0.7190
2.95667279 0.7202
2.96127147 0.7020
2.97459310 0.6718
3.00533273 0.6612
3.04920521 0.6665
3.08331927 0.6657
3.08847571 0.6697
3.07668472 0.6876
3.05881655 0.7167
3.03239127 0.7569
3.01489496 0.7832
3.00459784 0.8056
3.01721735 0.9078
3.05352158 0.9061
3.09687200 0.8760
3.13539548 0.8392
3.15739552 0.7999
3.15294205 0.7813
3.13426884 0.7831
3.11140378 0.7945
3.09342610 0.7940
3.08507734 0.7806
3.10162409 0.7560
3.12632886 0.7295
3.14649793 0.6940
3.15862830 0.6432
3.14424618 0.5938
3.10816412 0.5682
3.06951906 0.5876
3.04082854 0.6540
3.02529011 0.7366
3.01030288 0.7867
3.00517578 0.7358
3.05952217 0.6160
3.14639954 0.6020
3.21407677 0.5901
3.24355520 0.5790
3.23955286 0.5766
3.22049861 0.5964
3.18072229 0.6429
3.13416912 0.7034
3.07847901 0.7653
3.03436999 0.8118
3.02304665 0.8305
3.03386871 0.8223
3.06613776 0.7900
3.10260289 0.7455
3.13346851 0.6976
3.15328512 0.6683
3.16268176 0.6496
3.15915237 0.6362
3.13972247 0.6268
3.10572271 0.6387
3.07718598 0.6750
3.06063865 0.7262
3.05199138 0.7700
3.03613326 0.7879
3.02513120 0.7796
3.02284821 0.7740
3.02971273 0.7611
3.04847184 0.7327
3.08133804 0.6814
3.11771885 0.6248
3.14422512 0.5865
3.14574942 0.5826
3.10730855 0.6106
3.02788482 0.6488
2.95062868 0.6762
2.91884068 0.6970
2.91355764 0.6905
2.91051420 0.6686
2.93950031 0.6646
3.02524733 0.6674
3.14331321 0.6451
3.25635945 0.6314
3.32395884 0.6407
3.31495138 0.6691
3.22952513 0.7073
3.10690660 0.7533
3.01145346 0.7684
2.97187205 0.7275
2.97972650 0.6818
3.02721038 0.6419
3.11121851 0.5948
3.22109915 0.5504
3.32657766 0.5218
3.39144237 0.5152
3.40571800 0.5250
3.36221858 0.5493
3.27523367 0.5922
3.18329909 0.6518
3.11628897 0.7071
3.08703096 0.7427
3.09423431 0.7360
3.13737220 0.6861
3.21132175 0.6221
3.29149048 0.5771
3.33435022 0.5566
3.31383304 0.5506
3.22822226 0.5574
3.12520154 0.5737
3.04756829 0.5888
3.01301096 0.5864
3.03013630 0.5661
3.09496334 0.5351
3.17686935 0.5045
3.26321090 0.4794
3.32600381 0.4709
3.33801987 0.4810
3.28588379 0.5061
3.19213666 0.5473
3.10185312 0.5897
3.04963385 0.6108
3.03189011 0.6082
3.04420255 0.5872
3.07792720 0.5609
3.12133215 0.5373
3.17282447 0.5138
3.21467705 0.4936
3.22228013 0.4844
3.18763237 0.4971
3.13430234 0.5355
3.08829128 0.5902
3.07606882 0.6381
3.07711959 0.6721
3.09475921 0.6840
3.11641898 0.6837
3.14604969 0.6663
3.18316763 0.6327
3.22187299 0.5905
3.25260644 0.5552
3.26769246 0.5368
3.28489955 0.5359
3.29822882 0.5348
3.29564099 0.5242
3.25540174 0.5122
3.17443266 0.5099
3.07955606 0.5161
2.99316075 0.5286
2.93361778 0.5501
2.90814800 0.5681
2.90476521 0.5575
2.92665898 0.5349
2.99776586 0.5225
3.09701440 0.5151
3.17518362 0.5079
3.19750042 0.5089
3.14365474 0.5299
3.05744136 0.5578
2.95842061 0.5790
2.90081201 0.5739
2.89612828 0.5626
2.93285231 0.5567
3.00125310 0.5592
3.10290507 0.5597
3.20812462 0.5656
3.27597602 0.5864
3.29345798 0.6193
3.25959961 0.6653
3.20362710 0.7031
3.14041341 0.7319
3.08897445 0.7550
3.06251142 0.7706
3.06813499 0.7805
3.10103513 0.7738
3.15453194 0.7444
3.20640917 0.7047
3.23192945 0.6779
3.21871687 0.6744
3.17463808 0.6875
3.12733619 0.6995
3.08427741 0.7052
3.05533071 0.6985
3.04002494 0.6827
3.04143030 0.6656
3.05666416 0.6497
3.07941847 0.6324
3.08507555 0.6234
3.07676702 0.6255
3.05546559 0.6382
3.03392634 0.6600
3.02661518 0.6855
3.04566403 0.6996
3.09926686 0.6939
3.15122691 0.6800
3.19529682 0.6626
3.21457564 0.6527
3.21169378 0.6545
3.18746091 0.6695
3.15237869 0.6893
3.12067175 0.7021
3.09562155 0.7116
3.07264154 0.7290
3.04793698 0.7464
3.02219078 0.7561
3.00653557 0.7433
3.00278559 0.7139
3.00119561 0.6767
2.99999569 0.6458
3.00264984 0.6162
3.01048644 0.5902
3.02280764 0.5670
3.04822762 0.5473
3.05811097 0.5413
3.05563915 0.5432
3.00760587 0.5587
2.93822596 0.5752
2.88678813 0.8370
2.93409944 0.9015
2.97615303 0.8906
2.99000567 0.8650
2.98615118 0.7762
3.02776519 0.6112
3.11458349 0.5325
3.16614980 0.5072
3.15189194 0.5048
3.06810130 0.5256
2.95199507 0.5668
2.87524122 0.8367
2.94362590 0.8716
3.01230527 0.8602
3.04861451 0.8573
3.04918309 0.8694
3.03861931 0.8875
3.06995274 0.8027
3.12840717 0.7245
3.15311413 0.7013
3.14147018 0.7466
3.13322693 0.8261
3.15384712 0.8589
3.18491058 0.8426
3.20312496 0.7946
3.19218217 0.7396
3.14959482 0.6975
3.10373516 0.6742
3.07660249 0.6728
3.09386342 0.6811
3.10752714 0.6650
3.09385049 0.6478
3.05367104 0.6431
3.01799664 0.6529
3.00014229 0.6698
2.99893976 0.6738
3.01383467 0.6688
3.03921024 0.6651
3.06918579 0.6682
3.10165213 0.6711
3.13238186 0.6693
3.15480489 0.6518
3.15810612 0.6263
3.14861689 0.6125
3.14461552 0.6176
3.14350094 0.6439
3.14039680 0.6727
3.12385364 0.6969
3.09025846 0.7157
3.05352326 0.7305
3.02190575 0.7477
3.01425469 0.7674
3.00901108 0.7998
3.00214181 0.8388
2.98613891 0.8751
2.97374425 0.8936
2.97355872 0.8920
2.98347084 0.8791
3.00408772 0.8638
3.03010338 0.8533
3.05443251 0.8517
3.07701125 0.8545
3.09369388 0.8631
3.09693685 0.8790
3.08531982 0.8996
3.06828420 0.9262
3.05453066 0.9471
3.04914999 0.9487
3.04615238 0.9234
3.04819104 0.8834
3.05302701 0.8341
3.05485815 0.7845
3.05802052 0.7460
3.05709001 0.7274
3.04350819 0.7260
3.01647184 0.7352
2.99148184 0.7418
2.98069306 0.7412
2.97729385 0.7430
2.97599784 0.7519
2.96831664 0.7637
2.97763063 0.7558
3.00256008 0.7257
3.04060402 0.7042
3.06109269 0.7169
3.04640215 0.7723
3.01472318 0.8398
3.00541457 0.8511
3.02209590 0.8101
3.03798770 0.7839
3.02526365 0.7871
2.97982754 0.8126
2.96046582 0.8732
3.00274790 0.8469
3.05735835 0.8159
3.10397903 0.8056
3.11281404 0.8222
3.08197608 0.8627
3.04222797 0.9307
3.05796233 0.8866
3.08739505 0.8506
3.09581830 0.8369
3.08417272 0.8457
3.06497436 0.8578
3.04475654 0.8508
3.02273996 0.8304
2.99083680 0.8112
2.96060694 0.7945
2.94046244 0.7919
2.93800849 0.7896
2.94538665 0.7799
2.94875630 0.7706
2.94666464 0.7960
2.93754561 0.8565
2.93019601 0.9083
2.94529437 0.8604
2.98020504 0.8437
3.01041148 0.8403
3.04307577 0.8404
3.08339985 0.8435
3.13918358 0.8360
3.19338903 0.8149
3.24086703 0.7833
3.26935315 0.7631
3.25226249 0.7700
3.19606446 0.8015
3.13160434 0.8379
3.09273301 0.8563
3.08606423 0.8554
3.08009239 0.8606
3.06667976 0.8681
3.05024834 0.8651
3.03750445 0.8503
3.03271893 0.8402
3.03358460 0.8331
3.02587286 0.8297
2.99838864 0.8375
2.99068227 0.8258
3.01581908 0.8041
3.03609724 0.7996
3.03544181 0.8234
3.01967537 0.8721
2.99904019 0.9202
2.98632682 0.9682
2.98373418 0.9702
3.00466515 0.8453
3.06617632 0.7651
3.14111229 0.7373
3.18510019 0.7320
3.19204519 0.7488
3.19005042 0.7808
3.19422679 0.8095
3.20290305 0.8151
3.20368252 0.7936
3.19749283 0.7613
3.19522790 0.7347
3.18782241 0.7315
3.16342456 0.7443
3.11045224 0.7755
3.03292394 0.8254
2.98425102 0.8762
3.03676601 0.8043
3.11033322 0.7411
3.15172141 0.7041
3.14437904 0.7093
3.09864787 0.7429
3.04078877 0.7797
3.07574442 0.8112
3.16925629 0.7869
3.22692210 0.7615
3.20472871 0.7671
3.13668682 0.8100
3.06407338 0.8863
3.04007890 0.9198
3.05442259 0.8952
3.06060329 0.8872
3.05232074 0.8804
3.05474042 0.8121
3.10437742 0.7099
3.16290885 0.6466
3.17162099 0.6186
3.14048724 0.6203
3.10077139 0.6389
3.05627287 0.6674
3.01687848 0.6920
2.97639519 0.7190
2.93598765 0.7441
2.90599514 0.7628
2.88509952 0.7759
2.87738527 0.7849
2.87948725 0.8174
2.87795541 0.8816
2.86869781 0.9182
2.89069187 0.6367
2.96164870 0.5959
3.03753564 0.5627
3.09515082 0.5411
3.11245992 0.5283
3.08841962 0.5266
3.03434964 0.5286
2.96418875 0.5524
2.92969945 0.7588
2.95215737 0.9050
2.95581473 0.9445
2.93469058 0.9255
2.94450407 0.6952
3.05055565 0.5202
3.15749280 0.4825
3.20596046 0.4806
3.18942430 0.5011
3.11422876 0.5417
3.01182596 0.6050
2.93082418 0.7834
2.91437190 0.9690
2.89998081 1.0017
2.88290982 0.8415
2.93992288 0.6279
3.03355433 0.5787
3.12951155 0.5456
3.20359153 0.5238
3.23416267 0.5197
3.20434937 0.5368
3.15383916 0.5747
3.11331162 0.6231
3.10979572 0.6677
3.14790068 0.6982
3.21163913 0.7010
3.27148488 0.6831
3.31349288 0.6590
3.31232991 0.6421
3.26233614 0.6350
3.18484295 0.6391
3.12806496 0.6883
3.13797912 0.7550
3.16695819 0.7381
3.16988067 0.6642
3.18785498 0.6022
3.23295335 0.5834
3.30210472 0.5660
3.36005104 0.5478
3.37541252 0.5321
3.31750400 0.5268
3.20702852 0.5377
3.10159280 0.5718
3.06853247 0.6362
3.10362545 0.6762
3.12813542 0.6817
3.11225637 0.6965
3.06537733 0.7281
3.02676661 0.7561
3.00311701 0.7663
2.99897447 0.7423
3.01699097 0.7239
3.03608867 0.7441
3.00732612 0.7815
2.94065127 0.8055
2.89902054 0.7125
2.94239210 0.7274
2.98115196 0.7351
2.98501579 0.7548
2.96936132 0.7781
2.92905392 0.7919
2.89418362 0.7121
2.91462407 0.7023
2.94597267 0.6578
2.99284298 0.5926
3.04900257 0.5586
3.09038916 0.5520
3.08841798 0.5694
3.03626879 0.6136
2.96746960 0.6665
2.92219960 0.7301
2.91961745 0.8023
2.91231719 0.8430
2.88235429 0.9106
2.88543817 0.8387
2.96426320 0.7616
3.04757691 0.7091
3.10066428 0.6785
3.10090411 0.6766
3.05871380 0.7082
2.99268094 0.7522
2.94847364 0.8435
3.01125779 0.9000
3.06171002 0.8741
3.06431909 0.8548
3.03071905 0.8337
3.00961557 0.7748
3.02003693 0.7207
3.03596543 0.6923
3.03779714 0.6975
3.03339297 0.7464
3.02854846 0.8460
3.03725778 0.9298
3.04784393 0.9535
3.03934354 0.9430
3.01622734 0.9014
3.01420359 0.7975
3.04398947 0.7677
3.06689533 0.7574
3.07634086 0.7481
3.06358148 0.7375
3.04456977 0.7406
3.03834535 0.7708
3.03675018 0.7842
3.04801229 0.7577
3.10180250 0.7516
3.16987770 0.7642
3.19993796 0.7801
3.19511411 0.8016
3.17581449 0.8260
3.16581440 0.8343
3.15331585 0.8242
3.12822022 0.7963
3.09674038 0.7454
3.09194415 0.6807
3.10916206 0.6478
3.11438588 0.6376
3.08659711 0.6467
3.02817079 0.6708
2.96323196 0.7668
2.95220051 0.9597
2.95454833 0.9882
2.95131346 0.9895
2.93916725 0.9685
2.91988686 0.8037
2.96319474 0.6862
3.02739366 0.6672
3.06900523 0.6618
3.06997968 0.6748
3.04692672 0.7011
3.01853452 0.7365
3.00156198 0.7692
3.00014956 0.7989
3.01857661 0.8182
3.05234658 0.8082
3.09011998 0.7775
3.11201715 0.7464
3.10672450 0.7233
3.05521235 0.7223
2.97907517 0.7350
2.96621958 0.8916
2.98356338 0.8940
2.97463579 0.8884
2.94342893 0.9073
2.91942996 0.9141
2.96734638 0.8042
3.03726960 0.7481
3.08656539 0.7189
3.09617407 0.7294
3.06046456 0.7867
3.00390058 0.8711
2.95184975 0.9662
2.93091745 1.0090
2.91943108 0.9957
2.90819208 0.8323
2.96105229 0.7152
3.02820408 0.7066
3.07364632 0.7079
3.08673803 0.7309
3.07238644 0.7685
3.04949245 0.8114
3.01374389 0.8434
2.97464824 0.8679
2.94093952 0.8983
2.92078392 0.8786
2.93404754 0.7751
2.96909325 0.7453
2.99490704 0.7289
3.00995728 0.7353
3.01377322 0.7637
3.01410596 0.7982
3.00766678 0.8297
2.99990946 0.8465
2.99216436 0.8493
2.99589768 0.8162
3.01354036 0.7900
3.02444787 0.7596
3.01951231 0.7330
2.99955168 0.7157
2.97836403 0.7118
2.97588676 0.7225
2.99498487 0.7202
3.01468609 0.7033
3.02255653 0.6962
3.02746190 0.6971
3.03104475 0.7016
3.04679081 0.7035
3.06175325 0.7213
3.05779619 0.7625
3.03961812 0.8174
3.04836229 0.8976
3.05626592 0.8812
3.06093136 0.8607
3.08618935 0.8401
3.11757336 0.8067
3.14299818 0.7739
3.16362802 0.7451
3.15924309 0.7334
3.12391039 0.7450
3.06341789 0.7810
3.01404835 0.8033
3.01464558 0.7863
3.03155231 0.7728
3.03249966 0.7730
3.02086982 0.7868
3.01792859 0.8052
3.02577101 0.8174
3.04017677 0.8229
3.04025375 0.8426
3.03870173 0.8646
3.05785322 0.8667
3.08652955 0.8653
3.11018843 0.8634
3.09923247 0.8646
3.06415593 0.8702
3.01902211 0.8722
3.00984013 0.8267
3.02756356 0.7896
3.02729053 0.7783
2.99104663 0.8024
2.94155013 0.8605
2.93904457 0.8923
2.96084530 0.8615
2.96677326 0.8351
2.96831473 0.8129
2.97814858 0.7987
2.99030602 0.7965
2.99623352 0.7950
2.99555656 0.7864
2.98268768 0.7845
2.94801216 0.7953
2.89073526 0.8119
2.86333399 0.9246
2.87398007 0.9018
2.87499056 0.8678
2.87433293 0.8119
2.89476671 0.7485
2.93852827 0.7156
2.97434340 0.6980
2.98962748 0.6875
2.98463603 0.6794
2.96915792 0.6815
2.96474077 0.6900
2.96690239 0.7076
2.97212785 0.7296
2.97728010 0.7517
2.98740573 0.7774
3.00474253 0.7963
3.02555090 0.7962
3.03544766 0.8006
3.02774952 0.8125
3.01568637 0.8225
3.01487451 0.8237
3.02660771 0.8234
3.04387280 0.8260
3.06045392 0.8211
3.06064140 0.8158
3.04835462 0.8143
3.02697837 0.8235
3.01174742 0.8379
2.99854747 0.8432
2.98782254 0.8336
2.98931596 0.8129
3.01528241 0.7845
3.06154815 0.7437
3.09575254 0.7117
3.10307627 0.6930
3.07670149 0.6942
3.03351820 0.7323
2.98690168 0.8493
3.00990312 0.9150
3.08320214 0.8728
3.13911845 0.8474
3.13150939 0.8430
3.07556336 0.8579
3.01817219 0.8653
3.03995202 0.7598
3.06777241 0.7159
3.07071468 0.6999
3.04851716 0.7100
2.99471259 0.7488
2.94023098 0.8619
2.99677796 0.8272
3.04418448 0.7865
3.05433910 0.7617
3.04157558 0.7523
3.03256819 0.7638
3.03101707 0.7815
3.02459293 0.7878
3.00788492 0.7868
2.98217281 0.8012
2.96141428 0.9030
3.00555927 0.9115
3.07198165 0.8494
3.11879356 0.7879
3.13814692 0.7359
3.13616998 0.7077
3.10345511 0.7174
3.03911573 0.7558
2.96096880 0.7933
2.90813493 0.8070
2.93747941 0.8040
2.97983632 0.7711
3.00196792 0.7441
3.00681886 0.7301
2.97549799 0.7471
2.91552206 0.7967
2.88528431 0.8267
2.92029875 0.8153
2.94977364 0.8137
2.96369476 0.8185
2.96968510 0.8367
2.97326034 0.8715
2.95657421 0.9187
2.93609284 0.9614
2.95855848 0.8507
3.00565239 0.8148
3.02948180 0.8148
3.02469501 0.8280
2.99472666 0.8320
2.95919439 0.8163
2.98322415 0.8376
3.03928951 0.8393
3.08109433 0.8421
3.08436084 0.8502
3.06473220 0.8503
3.04484700 0.8516
3.04138936 0.8532
3.05545023 0.8464
3.08245569 0.8186
3.09841201 0.7835
3.08475232 0.7666
3.05064071 0.7723
3.00280892 0.7865
2.96031952 0.7909
2.94015424 0.7939
2.93646753 0.8120
2.93508089 0.8358
2.92290395 0.8675
2.91061332 0.8882
2.92055471 0.8338
2.95201238 0.7689
2.98256732 0.7259
2.99871657 0.7040
3.00174306 0.6952
3.01585037 0.6934
3.03612529 0.7111
3.04926388 0.7404
3.04186176 0.7791
3.01682488 0.8195
2.98184404 0.8559
2.95035230 0.8628
2.94569437 0.8389
2.95206951 0.8307
2.95597139 0.8325
2.96267894 0.8405
2.99221358 0.8382
3.02115054 0.8277
3.03377315 0.8169
3.02245807 0.8148
2.98693192 0.8126
2.95571011 0.8180
2.95592706 0.8268
2.96928699 0.8311
2.96870170 0.8338
2.95660263 0.8363
2.93626578 0.8171
2.95234083 0.9069
2.98870865 0.9141
3.01655866 0.9078
3.02675799 0.8920
3.01938198 0.8678
3.01672092 0.8224
3.03618132 0.8038
3.04806378 0.8001
3.04440983 0.7877
3.03100641 0.7742
3.02702917 0.7784
3.04391667 0.8060
3.08581572 0.8203
3.13217829 0.8194
3.16652266 0.8058
3.17463094 0.7972
3.16192185 0.7997
3.13112360 0.8068
3.09938336 0.7876
3.07932485 0.7424
3.06910582 0.7075
3.06912969 0.7130
3.07850583 0.7465
3.10254832 0.7741
3.12641225 0.7828
3.13547067 0.7893
3.11761213 0.8165
3.07298895 0.8639
3.01118742 0.9142
2.96589515 0.7807
3.01697802 0.6861
3.06473374 0.6459
3.10766817 0.6271
3.14196439 0.6219
3.16451267 0.6232
3.17536997 0.6290
3.16080839 0.6513
3.13030279 0.6871
3.08874483 0.7168
3.04546469 0.7257
3.01980642 0.7119
3.01421775 0.7034
3.02424691 0.7011
3.04415513 0.6889
3.06182548 0.6525
3.07003683 0.6026
3.07606779 0.5633
3.07163222 0.5496
3.04347607 0.5505
3.00200804 0.5607
2.96301547 0.5779
2.93925137 0.6114
2.94436146 0.6954
2.98651198 0.7694
3.02063924 0.7554
3.04315891 0.6662
3.08315167 0.5906
3.13779732 0.5713
3.17750464 0.5619
3.18172761 0.5561
3.15367423 0.5610
3.09331302 0.5860
3.02824835 0.6336
3.02036309 0.7950
3.07463161 0.8356
3.13732776 0.8070
3.17584294 0.7660
3.16929887 0.7265
3.13811108 0.7003
3.09360969 0.6868
3.04179912 0.6777
3.00387381 0.6670
2.97764545 0.6638
2.95327953 0.6792
2.94337926 0.7291
2.95609069 0.7610
2.99247758 0.7509
3.02812460 0.7312
3.05573563 0.7125
3.06801649 0.7066
3.06169744 0.7132
3.03760979 0.7221
3.01059252 0.7221
2.98145790 0.7289
2.95831997 0.7593
2.96255800 0.8947
2.98201717 0.8240
3.00428734 0.8009
3.02820125 0.7960
3.04371058 0.7869
3.04971971 0.7671
3.04925639 0.7404
3.04938791 0.7094
3.04075842 0.6871
3.01405729 0.6938
3.00247827 0.8111
3.00638882 0.8074
3.00865266 0.7551
3.00773722 0.7368
3.00253177 0.7328
2.99911891 0.7268
2.99139415 0.7136
2.98990551 0.7121
2.99807189 0.7200
3.01084906 0.7404
3.02606109 0.7578
3.03840455 0.7665
3.04673583 0.7692
3.03783250 0.7680
3.01192586 0.7659
2.98083046 0.7578
2.97022896 0.7464
2.97645869 0.7759
2.98810135 0.8067
2.98821096 0.8467
2.98615225 0.8723
3.00409000 0.7706
3.04324966 0.7350
3.06458047 0.7272
3.03794420 0.7439
2.98402503 0.7949
2.98531290 0.9659
3.01116980 0.9235
3.02878059 0.8878
3.03772618 0.8531
3.03054321 0.8233
3.00434218 0.7917
2.98759896 0.7304
3.00350112 0.6915
3.01874157 0.6831
2.99839559 0.6831
2.97875937 0.7038
3.01110996 0.7527
3.07176612 0.7634
3.12122008 0.7497
3.14354405 0.7358
3.12614269 0.7379
3.05991396 0.7585
2.99949280 0.7715
3.03438323 0.8187
3.08573381 0.7978
3.11039956 0.7673
3.11487281 0.7358
3.09978028 0.7219
3.09026778 0.7184
3.10998577 0.7196
3.15301738 0.7151
3.18405218 0.7161
3.17835478 0.7192
3.14291030 0.7212
3.09152116 0.7263
3.04190942 0.7415
3.00536663 0.7734
2.98677494 0.8225
2.98835756 0.8535
3.00308490 0.8488
3.02952114 0.8305
3.05927342 0.8203
3.09590033 0.8098
3.12222385 0.7900
3.15593764 0.7640
3.18280277 0.7453
3.20034976 0.7358
3.18796826 0.7408
3.14955234 0.7472
3.09943704 0.7555
3.07204786 0.7689
3.07164622 0.7812
3.09191516 0.7828
3.13127221 0.7716
3.17175017 0.7515
3.20677051 0.7250
3.22449406 0.7078
3.21362278 0.7156
3.17303307 0.7349
3.09644906 0.7554
3.00527040 0.7799
2.92646869 0.8220
2.92630595 0.8803
2.98236229 0.8430
3.05571262 0.8042
3.13615341 0.7676
3.19103348 0.7373
3.20152968 0.7178
3.16501546 0.7184
3.10311076 0.7382
3.02604024 0.7649
2.96043779 0.7960
2.92301911 0.8291
2.93202744 0.8383
2.97168663 0.8245
3.03933900 0.8007
3.10330890 0.7741
3.14629961 0.7526
3.16886529 0.7398
3.16511779 0.7375
3.14661082 0.7463
3.10943910 0.7704
3.05934918 0.8103
3.00868459 0.8509
2.97911264 0.8593
2.99364676 0.8046
3.03493884 0.7690
3.07792437 0.7503
3.10781724 0.7361
3.12126398 0.7101
3.12327243 0.6710
3.11697232 0.6375
3.10428673 0.6350
3.08977822 0.6574
3.05982919 0.6858
3.01392286 0.7083
2.98988181 0.6984
3.02935842 0.7187
3.08746896 0.7458
3.12734942 0.7675
3.13407078 0.7861
3.11233408 0.7967
3.08501816 0.7711
3.08933493 0.6850
3.13807478 0.6617
3.17803777 0.6747
3.17366445 0.6919
3.13551092 0.7072
3.09554540 0.7221
3.07492308 0.7515
3.06882133 0.7905
3.06504692 0.8112
3.06523644 0.7971
3.08062259 0.7337
3.12703124 0.7031
3.17159215 0.7110
3.17207705 0.7338
3.13046989 0.7716
3.08256936 0.8148
3.04241194 0.8525
3.00879804 0.8673
3.00722234 0.8957
3.00454931 0.8752
3.00064475 0.7693
3.02389448 0.7177
3.05049322 0.7173
3.06068738 0.7315
3.04615096 0.7475
3.02284763 0.7653
2.99157050 0.7831
2.95217714 0.8061
2.94001005 0.9252
2.97094270 0.8796
2.99149973 0.8161
3.00027209 0.7307
3.00772927 0.6707
3.01438693 0.6687
3.01221953 0.7140
3.02601076 0.7736
3.04398760 0.8005
3.05994716 0.7857
3.05535491 0.7590
3.02467184 0.7472
2.98632445 0.7515
2.94622690 0.7629
2.91590836 0.7577
2.92262904 0.7311
2.96130431 0.7130
3.00234001 0.7109
3.02861046 0.7252
3.04653236 0.7374
3.06101261 0.7318
3.07662122 0.7155
3.08957908 0.7080
3.09795525 0.7104
3.09403948 0.7215
3.07254691 0.7431
3.04192956 0.7764
2.99922566 0.8229
2.95037453 0.8800
2.91235639 0.9246
2.89005844 0.9021
2.93202814 0.8197
2.97904856 0.8239
3.01162555 0.8253
3.04537721 0.8088
3.09856834 0.7782
3.16913331 0.7517
3.20455600 0.7533
3.17580217 0.7851
3.09811182 0.8305
3.00053819 0.8797
2.96918884 0.8302
3.05503117 0.7413
3.13373764 0.6891
3.16593701 0.6646
3.13865371 0.6763
3.08442794 0.7281
3.07987161 0.8154
3.11907748 0.8561
3.14176201 0.8726
3.12208251 0.8865
3.06637167 0.9067
3.01145106 0.9210
3.06619156 0.7325
3.20070810 0.6684
3.30737194 0.6274
3.33867797 0.6156
3.27338293 0.6408
3.14555171 0.6904
3.01895760 0.7527
3.01481329 0.9442
3.03361704 0.9156
3.02561799 0.9168
2.99642935 0.8846
3.06738560 0.7827
3.16308345 0.7436
3.25135439 0.7000
3.28759549 0.6792
3.24729604 0.6889
3.14915574 0.7317
3.05158447 0.7854
2.99588366 0.8683
3.01618979 0.9039
3.05411335 0.8852
3.07441994 0.8846
3.07288629 0.8883
3.05983708 0.8965
3.03945809 0.9089
3.01268001 0.9342
2.98613940 0.9542
2.96939289 0.9484
2.96647052 0.9211
2.97742894 0.8898
2.99601853 0.8734
3.00697602 0.8705
3.00075909 0.8756
2.98633978 0.8725
2.97588361 0.8607
2.96606640 0.8979
2.96151578 0.9960
2.97009756 0.9075
2.98633335 0.8521
2.99275451 0.8417
2.98437868 0.8347
2.97020206 0.8389
2.96166407 0.8528
2.96304447 0.8662
2.96639324 0.8778
2.97303946 0.8859
2.97897486 0.8779
2.97969138 0.8706
2.98718331 0.8504
2.99515586 0.8394
2.99752290 0.8374
2.99358815 0.8367
2.98140445 0.8413
2.96392025 0.8276
2.95781196 0.7660
2.97668670 0.7560
2.99495645 0.7539
2.99598709 0.7367
2.99769523 0.6850
3.01537468 0.6673
3.02462222 0.6722
2.99290573 0.6961
2.93827722 0.7327
2.91017875 0.9287
2.96063233 0.8905
3.02852547 0.8428
3.08058266 0.8171
3.09139988 0.8107
3.05889307 0.8007
3.01076404 0.7636
3.02172694 0.7126
3.06610666 0.7179
3.07875305 0.7402
3.05157026 0.7854
3.01139480 0.8639
3.05950713 0.9150
3.15729195 0.8653
3.24005972 0.8331
3.25761290 0.8255
3.19843153 0.8481
3.10986469 0.8924
3.04208243 0.9154
3.07365165 0.7751
3.11983608 0.7373
3.13976420 0.7227
3.10921018 0.7226
3.03731250 0.7459
3.00733007 0.9573
3.03660340 0.9159
3.05028473 0.8753
3.02884667 0.8536
2.98043129 0.8523
2.93847746 0.8226
2.96853778 0.7591
3.04968759 0.7214
3.12677081 0.6848
3.18282093 0.6498
3.18417913 0.6385
3.14289076 0.6528
3.08205773 0.6913
3.02424995 0.7713
3.00568403 0.9259
3.02381885 0.9129
3.02909880 0.8779
3.02646991 0.8513
3.01989708 0.8371
3.00482994 0.8348
3.00840034 0.8286
3.03767261 0.8135
3.06996653 0.8010
3.08845800 0.7999
3.08114571 0.8097
3.05386598 0.8214
3.03063350 0.8279
3.01965973 0.8271
3.03099760 0.8179
3.05541482 0.8177
3.06179002 0.8337
3.04092518 0.8603
2.99819358 0.8921
3.00472187 0.8587
3.04719791 0.8198
3.06666102 0.7894
3.06345307 0.7747
3.04636980 0.7765
3.01179314 0.7920
2.96947121 0.8060
2.93643913 0.8040
2.94026169 0.8467
2.94592987 0.8858
2.93734183 0.9142
2.93408925 0.8912
2.94607779 0.8442
2.96200091 0.8263
2.97080692 0.8167
2.97120399 0.8011
2.96313015 0.7884
2.94734159 0.7692
2.94811763 0.7401
2.97830988 0.7385
3.01590236 0.7443
3.04627587 0.7550
3.05431877 0.7691
3.04158668 0.7802
3.05162853 0.7743
3.09127641 0.7615
3.13824220 0.7403
3.14446987 0.7248
3.10387955 0.7232
3.05007007 0.7367
3.02678883 0.7799
3.05589986 0.8070
3.08926942 0.8113
3.10295940 0.8151
3.09319780 0.8132
3.08832834 0.7953
3.10026647 0.7784
3.12302590 0.7704
3.13855654 0.7627
3.13212036 0.7611
3.11372555 0.7759
3.09870288 0.8116
3.12545462 0.8276
3.18421133 0.8054
3.24841795 0.7708
3.28899937 0.7340
3.28168840 0.7021
3.22183651 0.6937
3.13257444 0.7164
3.06201267 0.7620
3.04997241 0.8011
3.07062822 0.8109
3.08310214 0.8263
3.07893253 0.8400
3.07412654 0.8563
3.12670107 0.8430
3.20375747 0.7981
3.25833089 0.7526
3.27591826 0.7281
3.25964543 0.7321
3.21486718 0.7604
3.15852240 0.7832
3.11665658 0.7814
3.11103019 0.7710
3.12206470 0.7656
3.12663696 0.7678
3.12322678 0.7866
3.12170356 0.8000
3.11843075 0.8027
3.12055344 0.8071
3.12392320 0.8198
3.11431405 0.8295
3.08139082 0.8309
3.04438397 0.8259
3.02134499 0.8204
3.00216677 0.8208
2.98462417 0.8275
2.97316291 0.8278
2.96567446 0.8228
2.96123061 0.8283
2.96185057 0.8365
2.95905489 0.8348
2.94784019 0.8177
2.93142771 0.7931
2.92098342 0.7819
2.91605885 0.7932
2.90973290 0.8005
2.91290605 0.8064
2.93366907 0.8222
2.95729630 0.8147
2.98556944 0.8136
3.01163297 0.8360
3.02675482 0.8673
3.02519476 0.8880
3.00958488 0.8972
2.99602535 0.8924
2.99135289 0.8735
2.98419443 0.8666
2.97546791 0.8668
2.96611503 0.8423
2.96718516 0.7881
3.01193967 0.7743
3.04797548 0.7837
3.05653448 0.8000
3.03490228 0.8159
2.99806461 0.8333
2.98310667 0.8418
3.00522966 0.8313
3.04345211 0.8273
3.06413516 0.8318
3.06504478 0.8260
3.04431225 0.8091
3.03489480 0.8014
3.04198685 0.8215
3.04468281 0.8339
3.03096661 0.8344
3.01946661 0.8144
3.03197623 0.8083
3.05149335 0.8162
3.05801535 0.8360
3.05670743 0.8437
3.05122722 0.8322
3.06813002 0.7992
3.10371916 0.7732
3.13114965 0.7551
3.12409474 0.7452
3.09100687 0.7479
3.05247927 0.7710
3.03180860 0.8137
3.03058979 0.8395
3.03405518 0.8377
3.04480360 0.8160
3.07125796 0.7923
3.11947931 0.7795
3.17292639 0.7627
3.19979308 0.7466
3.19898091 0.7350
3.16880748 0.7363
3.11981604 0.7499
3.08009339 0.7682
3.05936560 0.7819
3.05221150 0.7869
3.05040374 0.7889
3.06263684 0.7979
3.09731223 0.8040
3.13821230 0.8030
3.17188787 0.7968
3.18261656 0.7938
3.16966808 0.7945
3.12470029 0.8056
3.07769689 0.8212
3.04099782 0.8312
3.02289287 0.8303
3.01372254 0.8254
3.00426992 0.8234
2.99852878 0.8205
3.00268048 0.8175
3.02753315 0.8103
3.07129424 0.8025
3.10606193 0.7942
3.11757308 0.7886
3.11057323 0.7874
3.09523274 0.7863
3.06977693 0.7864
3.03291808 0.7893
2.99079434 0.8035
2.95524303 0.8157
2.94965786 0.7958
2.96286106 0.7796
2.96392344 0.7959
2.95364261 0.8381
2.95095060 0.8700
2.97414666 0.8596
3.00611752 0.8410
3.02414794 0.8278
3.01376876 0.8349
2.99682201 0.8571
3.00129338 0.8752
3.02242191 0.8503
3.04186138 0.8219
3.05818538 0.8094
3.06829198 0.8087
3.07700518 0.8028
3.08072050 0.7903
3.06459628 0.7805
3.02386712 0.7802
2.96729398 0.7908
2.91848135 0.8055
2.93332790 0.8735
2.98090469 0.8725
3.03305931 0.8496
3.06404309 0.8158
3.06660538 0.7741
3.03543701 0.7415
3.00055923 0.7368
2.98899715 0.7618
2.99662028 0.7970
3.01564881 0.8230
3.04388249 0.8365
3.06679640 0.8452
3.07375620 0.8559
3.07118298 0.8552
3.05872530 0.8246
3.03159062 0.7848
2.99034013 0.7525
2.95871451 0.7552
2.96053951 0.8405
2.97728523 0.8717
2.99079960 0.8673
3.00486653 0.8393
3.01283656 0.8139
3.00208074 0.8131
2.97830854 0.8345
2.96874271 0.8688
2.97163351 0.8361
2.96291910 0.8092
2.94287509 0.8044
2.93386531 0.8791
2.97904646 0.8227
3.04932033 0.7611
3.10662107 0.7203
3.10877662 0.7155
3.07018708 0.7351
3.00479358 0.7740
2.99688829 0.8505
3.03168287 0.8200
3.05985189 0.7960
3.06752651 0.7895
3.04676491 0.8017
3.00708884 0.8253
2.97721360 0.8537
2.97454877 0.8550
2.96501580 0.8366
2.95492404 0.8116
2.98301164 0.7661
3.03786101 0.7256
3.09167315 0.6931
3.11526289 0.6785
3.10951872 0.6841
3.07685740 0.7212
3.02440835 0.7861
2.97787427 0.8405
2.97633700 0.8301
2.99932259 0.7889
3.00833549 0.7478
3.00631376 0.7256
3.00229840 0.7152
3.00168988 0.7071
3.01712693 0.6952
3.05810775 0.6998
3.09926755 0.7102
3.09452554 0.7249
3.04079824 0.7417
2.97955134 0.7439
2.96597988 0.7888
2.98408588 0.8022
3.01513991 0.8035
3.04523412 0.8132
3.07979531 0.8078
3.12062146 0.7729
3.16578791 0.7302
3.19680438 0.7055
3.19900330 0.6983
3.15679002 0.7035
3.09042852 0.7194
3.02916107 0.7422
3.00411656 0.7657
3.00570911 0.7879
3.01607966 0.8123
3.01366685 0.8378
2.99143994 0.8515
2.97831970 0.8260
3.01583071 0.7866
3.08054941 0.7524
3.13400879 0.7215
3.16994350 0.7058
3.18496529 0.7152
3.17284752 0.7432
3.13497953 0.7810
3.08411521 0.8208
3.04559387 0.8549
3.01943681 0.8997
3.04859078 0.8920
3.07722489 0.8599
3.09550471 0.8094
3.11574193 0.7564
3.13689211 0.7392
3.15301652 0.7575
3.15274891 0.7862
3.13273668 0.8167
3.10440957 0.8432
3.08147052 0.8538
3.07238521 0.8485
3.08060593 0.8286
3.09630878 0.7856
3.10547016 0.7337
3.11854673 0.6905
3.12999707 0.6704
3.12273829 0.6735
3.09523682 0.6866
3.04152224 0.7065
2.99443927 0.7266
2.97350228 0.7443
2.97736564 0.7676
2.99522320 0.7638
3.01697912 0.7375
3.03888038 0.7111
3.05787985 0.6979
3.05950038 0.7077
3.02641440 0.7462
2.98335958 0.8176
2.96566027 0.9238
2.96874340 0.9513
2.97047085 0.9081
2.98183484 0.8691
2.98820891 0.8340
2.98709007 0.7990
2.98318740 0.7684
2.97903484 0.7482
2.97575190 0.7421
2.96886843 0.7433
2.96457954 0.7624
2.97687222 0.7899
2.98766372 0.7917
2.99347766 0.7844
2.99227642 0.7913
2.99324046 0.7988
2.99853563 0.7920
3.00782915 0.7674
3.01316939 0.7442
3.01008526 0.7234
3.00591567 0.7115
3.01968986 0.7349
3.05134856 0.7641
3.07368677 0.7734
3.08100215 0.7773
3.06890948 0.7940
3.03495671 0.8257
2.99130543 0.8519
2.95423585 0.8678
2.93098907 0.8676
2.93378213 0.8145
2.97487385 0.7643
3.03318268 0.7237
3.08809542 0.6977
3.12213371 0.6982
3.12952663 0.7291
3.10027829 0.7813
3.05150439 0.8344
2.99976080 0.8752
2.97149746 0.7977
2.99723994 0.7720
3.03313260 0.7655
3.06750949 0.7495
3.09802983 0.7160
3.12440816 0.6829
3.14425723 0.6707
3.15973381 0.6849
3.16005034 0.7133
3.13787768 0.7354
3.11470234 0.7538
3.11769213 0.7558
3.14400713 0.7504
3.17898188 0.7375
3.20438180 0.7106
3.21381099 0.6758
3.20556211 0.6468
3.17955835 0.6344
3.13158390 0.6393
3.06943341 0.6617
3.03183532 0.7307
3.05566196 0.7709
3.11219258 0.7452
3.17428198 0.7152
3.21437722 0.6935
3.20656842 0.6828
3.15796342 0.6883
3.09121350 0.7125
3.03339143 0.7415
2.98822027 0.7661
2.95989960 0.7830
2.95986549 0.7717
3.00664027 0.7572
3.08679319 0.7387
3.16812571 0.7109
3.21812445 0.6854
3.22189117 0.6737
3.19081903 0.6804
3.13370613 0.6983
3.06047885 0.7181
2.99103645 0.7321
2.95016723 0.8205
2.94578292 0.9104
2.96092930 0.7943
2.98371118 0.7634
3.00297166 0.7431
3.01002643 0.7192
3.00353832 0.7016
2.98379526 0.6945
2.95686161 0.6980
2.93963955 0.7253
2.94906472 0.7684
2.97763420 0.7893
3.00507744 0.7886
3.01661408 0.7804
3.02039543 0.7596
3.01950244 0.7343
3.01106155 0.7164
3.00582496 0.7033
2.99747089 0.6913
2.98930351 0.6713
3.00220161 0.6491
3.05624734 0.6373
3.13033242 0.6252
3.18827356 0.6278
3.21224118 0.6407
3.18680515 0.6576
3.12430316 0.6829
3.04778021 0.7195
2.97729554 0.7657
2.92651959 0.8005
2.90894208 0.8603
2.91908267 0.8985
2.94977626 0.8246
2.99808230 0.7615
3.05886767 0.7252
3.10036423 0.7065
3.09436243 0.7084
3.05369199 0.7304
2.99886408 0.7773
2.97886952 0.9608
2.99492792 0.9329
2.99968480 0.8993
2.99827824 0.8550
3.01921275 0.8110
3.08790819 0.7871
3.17233320 0.7524
3.23312387 0.7170
3.23378600 0.7014
3.17293556 0.7077
3.09164880 0.7186
3.06470447 0.7023
3.12567532 0.6834
3.20690878 0.6654
3.24229287 0.6720
3.22663150 0.6978
3.17539361 0.7163
3.12915117 0.7131
3.12936084 0.7439
3.13381215 0.7756
3.11495113 0.7909
3.08618901 0.7972
3.05714176 0.7788
3.05215364 0.7138
3.08046448 0.6642
3.11008923 0.6581
3.12244677 0.6682
3.11892538 0.6726
3.11969703 0.6621
3.11210365 0.6433
3.10044866 0.6327
3.09608536 0.6394
3.10637496 0.6567
3.13076692 0.6699
3.14834349 0.6873
3.15046180 0.7121
3.14608146 0.7377
3.14244231 0.7515
3.14663965 0.7402
3.16524416 0.7082
3.19312703 0.6701
3.22576898 0.6396
3.24352943 0.6271
3.23488019 0.6260
3.20368310 0.6291
3.14537814 0.6347
3.06210990 0.6460
2.97530413 0.6671
2.90720429 0.6977
2.87960518 0.7099
2.88412437 0.6907
2.92702801 0.6591
3.00054032 0.6342
3.08566545 0.6197
3.16863739 0.6162
3.21258336 0.6333
3.19152229 0.6630
3.12535821 0.6907
3.04814845 0.7134
3.00337442 0.7580
3.01421490 0.8027
3.03665037 0.7768
3.06099782 0.7061
3.10903930 0.6342
3.17683103 0.6005
3.22472311 0.5998
3.22429389 0.6272
3.15767980 0.6715
3.06514317 0.7144
2.98173782 0.7596
2.94639079 0.9160
2.94456686 0.9473
2.92567439 0.9019
2.95406345 0.6965
3.02275153 0.6185
3.09298497 0.5764
3.14245160 0.5509
3.15387837 0.5373
3.11811108 0.5282
3.05942564 0.5201
3.00823839 0.5194
2.98921127 0.5269
3.01057118 0.5400
3.06378981 0.5492
3.11258293 0.5500
3.14683670 0.5450
3.15843080 0.5412
3.15264355 0.5434
3.13938527 0.5533
3.12790988 0.5738
3.10999687 0.6005
3.08624853 0.6209
3.07277550 0.6350
3.07188782 0.6393
3.08854770 0.6356
3.09534540 0.6385
3.09664786 0.6464
3.09462264 0.6643
3.10633334 0.6838
3.11092238 0.6954
3.10228239 0.6959
3.09119006 0.7007
3.09299204 0.7029
3.11270514 0.6943
3.13895241 0.6845
3.14641750 0.6880
3.13599041 0.7095
3.13050087 0.7357
3.14536417 0.7404
3.16411625 0.7156
3.18909487 0.6715
3.22722357 0.6286
3.27379649 0.5984
3.32606140 0.5814
3.35632530 0.5762
3.34565847 0.5817
3.28330303 0.5966
3.19246656 0.6164
3.12450583 0.6326
3.10448750 0.6317
3.11602604 0.6122
3.14661745 0.5899
3.18778053 0.5752
3.23159447 0.5691
3.25554261 0.5597
3.25878076 0.5395
3.24417519 0.5429
3.19449473 0.5703
3.10443803 0.5964
3.00268493 0.6252
2.93079829 0.6581
2.90334274 0.7531
2.95870711 0.8157
3.02945532 0.8098
3.09964309 0.7958
3.15400773 0.7719
3.18552882 0.7375
3.18202057 0.7093
3.15736039 0.6855
3.12104130 0.6558
3.09116936 0.6329
3.06646215 0.6308
3.04952272 0.6516
3.04321923 0.6962
3.06550105 0.7172
3.09901234 0.7155
3.12442676 0.7116
3.12463859 0.7137
3.10520381 0.7204
3.07821103 0.7212
3.06745621 0.7093
3.07721239 0.6928
3.09109551 0.6827
3.09056589 0.6786
3.07531686 0.6710
3.03881698 0.6670
2.99964794 0.6659
2.95492145 0.6734
2.90956379 0.6817
2.87241402 0.6946
2.85796881 0.7127
2.88565812 0.6886
2.95802803 0.6494
3.05564693 0.6115
3.14698172 0.5833
3.19310807 0.5759
3.19506462 0.5880
3.15184214 0.6175
3.09583974 0.6560
3.04917065 0.6926
3.02808253 0.7180
3.02827302 0.7376
3.06886946 0.7575
3.15976881 0.7415
3.26193739 0.7094
3.32595756 0.6762
3.31159740 0.6604
3.23482740 0.6659
3.13304960 0.6893
3.04081231 0.7052
3.00195849 0.7532
2.99974359 0.8532
2.97380606 0.9072
2.93287789 0.7129
2.99358497 0.7248
3.06331907 0.7020
3.10380672 0.6857
3.08795187 0.6946
3.03842478 0.7514
2.99313308 0.8984
2.98055992 1.0241
2.98906954 1.0155
2.98855262 1.0148
2.96880497 1.0220
2.98012139 0.8296
3.03320891 0.7438
3.08788243 0.7234
3.10786212 0.7320
3.08557414 0.7468
3.03817531 0.7685
2.99607963 0.8087
2.97497596 0.8567
2.95917602 0.8874
2.94173981 0.9126
2.94717752 0.7653
2.99089576 0.7332
3.02746382 0.7037
3.02689025 0.7079
2.98784239 0.7382
2.93519739 0.8600
2.92864105 0.9709
2.91984508 0.9619
2.90709915 0.9425
2.91402568 0.8418
2.94849688 0.7873
2.99710833 0.7413
3.07733526 0.7076
3.15392654 0.7032
3.18067779 0.7215
3.13926589 0.7488
3.05809164 0.7730
2.98190786 0.7781
2.93396155 0.7651
2.94186447 0.7538
2.97995748 0.7288
3.02707854 0.6959
3.07089303 0.6576
3.09416768 0.6349
3.07561040 0.6636
3.02507037 0.7381
2.97847760 0.8090
2.95045591 0.8528
2.95095759 0.8727
2.98926633 0.8656
3.04500513 0.8298
3.09994528 0.7695
3.13656728 0.7025
3.13637955 0.6553
3.09684455 0.6388
3.01198791 0.6631
2.91290064 0.7243
2.85272290 0.9046
2.85799884 0.9621
2.86785533 0.9428
2.88840362 0.7882
2.95643787 0.7503
3.01591817 0.7302
3.05648070 0.7196
3.07370175 0.7205
3.06811424 0.7466
3.04702202 0.7902
3.02254779 0.8316
2.99568230 0.8534
2.97700280 0.8461
2.99823277 0.8374
3.04258900 0.8028
3.06972625 0.7686
3.08678048 0.7428
3.07539820 0.7286
3.04522761 0.7201
3.01213154 0.7150
2.98702996 0.7114
2.98945415 0.7109
3.01912884 0.7054
3.05488012 0.6885
3.08073632 0.6751
3.09074782 0.6772
3.07012473 0.6962
3.03287486 0.7217
2.99981353 0.7385
2.97936541 0.7447
2.97297815 0.7440
2.97923786 0.7602
3.01425659 0.7732
3.06887009 0.7366
3.11483215 0.6812
3.13319021 0.6441
3.11705629 0.6430
3.07086749 0.6729
3.00389624 0.7127
2.95218086 0.7320
2.94078911 0.7239
2.94397289 0.7228
2.94088455 0.8716
2.97800676 0.8867
3.02648597 0.8396
3.08258387 0.7927
3.13535761 0.7582
3.16047051 0.7438
3.12776798 0.7447
3.07009408 0.7470
3.02611441 0.7523
3.02567112 0.7623
3.04253403 0.7471
3.04808324 0.7218
3.04265726 0.7077
3.03456535 0.7040
3.04667545 0.6955
3.10428493 0.6796
3.15671691 0.6533
3.17583184 0.6331
3.16356751 0.6350
3.12972000 0.6554
3.08842525 0.6743
3.05894455 0.6673
3.03869900 0.6391
3.03979581 0.6201
3.05204938 0.6253
3.05987702 0.6422
3.06626143 0.6590
3.06514375 0.6759
3.05908653 0.6943
3.04389183 0.7210
3.02678942 0.7418
3.02581038 0.7321
3.04597414 0.6893
3.07721688 0.6743
3.09566385 0.6982
3.09916945 0.7274
3.07719398 0.7317
3.05097541 0.7089
3.05029394 0.6844
3.06299272 0.6843
3.06999472 0.6988
3.05752041 0.7271
3.03255352 0.7522
3.00573745 0.7843
2.99548712 0.8131
3.00564462 0.8169
3.03054154 0.8065
3.05812327 0.7749
3.09373329 0.7303
3.12954999 0.6956
3.15158976 0.6882
3.15092332 0.7082
3.13141138 0.7368
3.10128943 0.7509
3.06974642 0.7580
3.05934822 0.7598
3.07027375 0.7555
3.09688951 0.7291
3.12785399 0.6761
3.14764870 0.6198
3.15176289 0.5846
3.15028478 0.5782
3.15314142 0.5951
3.13874914 0.6267
3.11126772 0.6608
3.07984345 0.6911
3.04419668 0.7158
3.01656338 0.7265
3.00543356 0.7216
3.01889040 0.7073
3.04519882 0.6936
3.06857338 0.6925
3.08724789 0.7088
3.08729860 0.7333
3.07626997 0.7561
3.04980314 0.7724
3.02036354 0.7814
2.99288610 0.7694
2.97923011 0.7435
2.98623618 0.7433
2.98177716 0.7541
2.95752305 0.7699
2.93322885 0.7541
2.94359153 0.7281
2.99499802 0.7334
3.06240525 0.7149
3.11946076 0.7007
3.14244170 0.7034
3.11886024 0.7177
3.05854710 0.7371
2.99849063 0.7494
2.96288565 0.7662
2.96079614 0.7879
2.96708556 0.8084
2.97387469 0.8139
2.98753171 0.8039
3.03361751 0.7760
3.09134596 0.7366
3.12275141 0.6991
3.09370973 0.6747
3.02153318 0.6547
2.98451532 0.7450
2.99501581 0.7766
2.99452962 0.7683
2.99191997 0.7483
2.98877200 0.7292
3.01494293 0.7247
3.09304920 0.7182
3.18081594 0.6774
3.23570948 0.6313
3.23327878 0.5946
3.17886403 0.5781
3.11077095 0.5958
3.04777614 0.6407
2.99510576 0.6852
2.95479858 0.7135
2.93681781 0.7222
2.94479578 0.7108
2.97657264 0.6906
3.03019166 0.6660
3.09643693 0.6332
3.14825756 0.6084
3.17387898 0.6065
3.17542116 0.6280
3.18598241 0.6594
3.19406392 0.6877
3.19080882 0.6982
3.18547253 0.6905
3.17628219 0.6804
3.17559035 0.6700
3.16365719 0.6581
3.15098588 0.6402
3.14111199 0.6261
3.13167721 0.6270
3.13256136 0.6428
3.15056574 0.6632
3.18597154 0.6820
3.21497120 0.6937
3.21303498 0.7009
3.18957865 0.7104
3.16765710 0.7225
3.15066609 0.7339
3.13838105 0.7401
3.12939965 0.7452
3.13719013 0.7420
3.15772168 0.7317
3.18774542 0.7137
3.21749871 0.6939
3.23156385 0.6756
3.22461863 0.6606
3.21203543 0.6521
3.19789217 0.6516
3.18245123 0.6583
3.15969539 0.6720
3.13301611 0.6942
3.11944543 0.7192
3.12763054 0.7342
3.14256185 0.7255
3.14342475 0.7019
3.13223422 0.6679
3.12871586 0.6294
3.14285712 0.5953
3.18188096 0.5666
3.23382384 0.5482
3.27654632 0.5472
3.31003257 0.5583
3.32747722 0.5697
3.31067982 0.5767
3.28046909 0.5726
3.25022829 0.5634
3.23844307 0.5557
3.22110704 0.5571
3.19265983 0.5598
3.16466593 0.5509
3.13314600 0.5458
3.12235724 0.5527
3.13769187 0.5840
3.16189607 0.6282
3.16805441 0.6721
3.13100857 0.7160
3.06895866 0.7425
3.02510826 0.7219
3.03319163 0.7664
3.05396358 0.8101
3.04660477 0.8533
3.03615530 0.8931
3.03336235 0.9144
3.04843650 0.9032
3.07559270 0.8853
3.07552776 0.8969
3.03876885 0.9206
2.97817550 0.9369
2.95388715 0.8702
2.98393459 0.8121
3.01355786 0.7732
3.03335533 0.7527
3.04843417 0.7569
3.06423838 0.7830
3.08138022 0.8206
3.08489459 0.8555
3.05626599 0.8930
3.00777676 0.9278
2.98345606 0.8481
3.03061508 0.8123
3.07362203 0.7632
3.09955744 0.7127
3.11155659 0.6859
3.11274833 0.6970
3.09467744 0.7313
3.05143449 0.7766
2.99742811 0.8315
2.95235019 0.8247
2.95391240 0.7879
2.99627791 0.7852
3.06178022 0.7733
3.12064585 0.7505
3.16005759 0.7314
3.17605789 0.7250
3.17329142 0.7296
3.14565736 0.7448
3.08862115 0.7742
3.01871062 0.8144
2.96147128 0.8591
2.93273945 0.8866
2.94047333 0.8614
2.96773778 0.8379
2.99377605 0.8221
3.01284751 0.8068
3.02343225 0.8062
3.02826339 0.8235
3.01632282 0.8534
3.00092912 0.8638
2.99687045 0.8558
3.01050535 0.8450
3.02994177 0.8329
3.04289853 0.8163
3.04554381 0.8131
3.04241626 0.8170
3.04278622 0.8052
3.05187058 0.7801
3.06122531 0.7776
3.04542808 0.8004
2.98905638 0.8480
2.93773668 0.9226
2.97503844 0.9037
3.05508411 0.8437
3.11479908 0.8134
3.12039873 0.8253
3.07304370 0.8764
3.00610076 0.9476
3.01670925 0.8416
3.11807547 0.7601
3.18995237 0.7204
3.19486624 0.7103
3.14562939 0.7298
3.06872276 0.7827
3.03732231 0.8394
3.05851481 0.8349
3.09043470 0.8140
3.09875987 0.8078
3.09689025 0.7977
3.14004664 0.7505
3.20976395 0.7119
3.24725485 0.6888
3.22343743 0.6886
3.16411126 0.7015
3.09530741 0.7366
3.07376381 0.7791
3.08074205 0.7994
3.06838697 0.8156
3.02796794 0.8328
2.97301993 0.8480
2.92744701 0.8320
2.94008879 0.7447
3.01526051 0.6896
3.10557492 0.6548
3.17428615 0.6279
3.20979241 0.6124
3.21880884 0.6113
3.18510390 0.6232
3.11819121 0.6481
3.06187719 0.7070
3.03175563 0.7748
3.02442597 0.8118
3.02250869 0.8267
3.01766571 0.8235
3.00748666 0.8065
3.01587407 0.8054
3.04817376 0.8265
3.07422500 0.8278
3.07261667 0.8031
3.06719170 0.7732
3.06943387 0.7642
3.05490248 0.7576
3.03164509 0.7508
3.01956432 0.7533
3.01820506 0.7631
3.01336822 0.7794
3.00110336 0.7938
2.98401498 0.8194
2.96538006 0.8318
2.94850676 0.7960
2.93987225 0.7621
2.92801554 0.7666
2.91974964 0.9246
2.92063858 0.8641
2.92208230 0.7622
2.92317863 0.7352
2.93205859 0.7320
2.94621759 0.7328
2.95206121 0.7504
2.93682455 0.7848
2.94492923 0.9222
2.94837081 0.9477
2.93872828 0.9837
2.94318350 0.8960
2.94540639 0.8534
2.93507729 0.8154
2.92131266 0.7862
2.90395902 0.7919
2.88540106 0.8020
2.87747015 0.8250
2.88478315 0.8223
2.87474776 0.8064
2.86554063 0.8243
2.89792333 0.8553
2.95265459 0.8302
3.00849513 0.7902
3.06859563 0.7564
3.11288062 0.7480
3.12494983 0.7578
3.09856319 0.7725
3.05562028 0.7712
3.02542398 0.7576
3.02610090 0.7428
3.04718381 0.7250
3.07940358 0.6992
3.10851871 0.6638
3.13322600 0.6366
3.15943550 0.6296
3.17584539 0.6412
3.16329922 0.6521
3.12970058 0.6566
3.09435807 0.6697
3.07658651 0.7002
3.07222579 0.7318
3.06934852 0.7559
3.06911449 0.7708
3.05708933 0.7928
3.04236408 0.8207
3.02315496 0.8437
3.00818744 0.8513
3.01290172 0.8570
3.01938679 0.8475
3.01143802 0.8452
2.98637913 0.8460
2.95089100 0.8486
2.92013741 0.8436
2.93019955 0.8724
2.94279269 0.8716
2.95413067 0.8801
2.96309231 0.8786
2.97827227 0.8275
3.02308305 0.8416
3.06071294 0.8508
3.08350182 0.8606
3.08757609 0.8584
3.07628822 0.8314
3.05207600 0.7958
3.02184422 0.7768
2.98775783 0.7822
2.96889918 0.8060
2.98063605 0.8327
3.00421127 0.8261
3.01348070 0.8031
3.00801788 0.7944
2.99398433 0.7923
2.98074699 0.7932
2.98481711 0.8026
2.98478484 0.8038
2.97315471 0.8074
2.97430778 0.8218
2.98960471 0.8326
3.00573307 0.8216
3.01385119 0.7927
3.02536660 0.7607
3.03866495 0.7480
3.04702947 0.7600
3.03876882 0.7880
3.01811338 0.8098
2.99299496 0.8191
2.98065665 0.8259
2.98445847 0.8345
2.99897762 0.8422
3.00471841 0.8492
2.99634759 0.8556
2.97790853 0.8380
2.96058555 0.8150
2.93567416 0.8257
2.90706231 0.8510
2.88643898 0.8691
2.88914246 0.8647
2.90855687 0.8555
2.93039837 0.8555
2.94545386 0.8584
2.95041799 0.8525
2.95309744 0.8399
2.94717646 0.8441
2.94124235 0.8631
2.93933598 0.8766
2.94990086 0.8730
2.95829657 0.8779
2.96355356 0.8954
2.97077231 0.9151
2.97803529 0.8985
2.99930675 0.8720
3.01646787 0.8470
3.01974462 0.8298
3.00643185 0.8162
2.98511981 0.8017
2.97926033 0.7876
2.99237732 0.7803
2.99764456 0.7857
2.99940270 0.7860
3.02321142 0.7588
3.08936702 0.7217
3.18853233 0.6724
3.28409226 0.6326
3.33054449 0.6129
3.32196268 0.6165
3.26141129 0.6341
3.16616606 0.6593
3.06633469 0.6935
2.98327113 0.7423
2.97791076 0.8117
3.01004028 0.8119
3.02313005 0.8099
3.02935111 0.8256
3.03196922 0.8416
3.02723077 0.8524
3.03164501 0.8618
3.04717149 0.8702
3.05987858 0.8788
3.05339602 0.8930
3.04461459 0.8319
3.08493920 0.7730
3.10494257 0.7707
3.10187805 0.7728
3.07975768 0.7828
3.04930309 0.7947
3.00195889 0.8091
2.95266557 0.8077
2.91730898 0.7532
2.92508946 0.8279
2.96400221 0.8131
3.01308402 0.7809
3.04768379 0.7435
3.04224689 0.7118
3.01288047 0.6876
2.97730579 0.6811
2.95511236 0.6955
2.96783408 0.7048
2.99829521 0.6904
3.01151805 0.6800
2.98946102 0.6915
2.94946725 0.7343
2.93106118 0.8861
2.95658957 0.8577
2.98396701 0.7863
2.99072663 0.7373
2.97240506 0.7133
2.94975297 0.6964
2.96670270 0.6723
3.02366769 0.6417
3.08294913 0.6215
3.11358553 0.6191
3.11362812 0.6443
3.08486243 0.6918
3.05639125 0.7383
3.03522797 0.7653
3.01870656 0.7771
3.00025806 0.7829
2.98360260 0.7772
2.96366046 0.7481
2.94628377 0.6965
2.93333906 0.6617
2.93344954 0.6718
2.94764556 0.7354
2.96841886 0.7804
2.98984974 0.7719
3.00069058 0.7617
3.00513371 0.7607
2.99992644 0.7779
2.99823839 0.7983
2.99785894 0.8107
2.99914231 0.8132
3.01516756 0.8321
3.05452577 0.8591
3.08881122 0.8703
3.08089542 0.8864
3.04023103 0.9121
2.99120903 0.7795
3.05960838 0.7195
3.13295522 0.6729
3.20144054 0.6342
3.24552842 0.6078
3.23507606 0.5940
3.16580081 0.5887
3.06298874 0.6006
2.97895686 0.6511
2.94739480 0.7275
2.96865743 0.6966
3.02797594 0.7141
3.09190660 0.7117
3.14332121 0.7056
3.17158061 0.7033
3.17447103 0.6996
3.16301065 0.6965
3.12443231 0.7059
3.06741220 0.7344
3.00547081 0.8132
3.00043010 1.0004
3.01631814 0.9919
3.02703401 0.9708
3.02870907 0.9317
3.02431991 0.8884
3.00881215 0.8576
3.00723624 0.8238
3.02479176 0.7917
3.03713576 0.7586
3.03767485 0.7331
3.03505178 0.7101
3.02982273 0.6940
3.01233501 0.6881
2.99026176 0.6888
2.96504857 0.6980
2.94895543 0.7121
2.94558820 0.7270
2.93785048 0.7428
2.92116077 0.7495
2.90533547 0.7533
2.91242353 0.7433
2.93951814 0.7263
2.97481707 0.7071
2.99645953 0.6740
3.01010423 0.6430
3.01598621 0.6334
3.02116571 0.6427
3.01307808 0.6640
2.99788285 0.6851
2.97631433 0.7068
2.96480254 0.7255
2.95812605 0.7464
2.94447822 0.7653
2.91841075 0.7657
2.92760818 0.8841
2.96175791 0.8968
2.98469070 0.9168
2.98855823 0.9638
2.97271310 1.0078
2.94344420 1.0150
2.90770071 0.9228
2.92104242 0.6946
2.94533380 0.7081
2.94723401 0.7327
2.93183645 0.7795
2.91486062 0.8377
2.90467339 0.8930
2.89740474 0.9368
2.89395322 0.9502
2.90566316 0.8556
2.95185253 0.6379
3.03173226 0.5753
3.09618372 0.5602
3.11950073 0.5507
3.09839720 0.5429
3.03681864 0.5454
2.95932438 0.5624
2.88591044 0.6427
2.84590134 0.9706
2.85460014 1.0890
2.86830534 1.0991
2.86773509 1.0591
2.92372520 0.4866
3.01543915 0.4638
3.06973762 0.4677
3.09450576 0.4771
3.10007324 0.4908
3.08002687 0.5156
3.04040074 0.5650
2.99293298 0.6843
2.97316147 0.8080
2.97412421 0.8134
2.99436300 0.6394
3.04861252 0.5194
3.09939398 0.5096
3.12356283 0.5168
3.13240244 0.5277
3.14389827 0.5419
3.14999025 0.5594
3.15267345 0.5679
3.15514296 0.5739
3.15778302 0.5796
3.15886803 0.5779
3.16959883 0.5952
3.17009279 0.6301
3.14317490 0.6560
3.10069407 0.6742
3.06627480 0.6949
3.04155131 0.7082
3.00920432 0.7135
2.97435702 0.7081
2.95621444 0.7261
2.95857725 0.7330
2.95585892 0.6963
2.96324082 0.6150
2.99008715 0.5725
3.02719763 0.5500
3.07579253 0.5377
3.11967951 0.5454
3.12786570 0.5685
3.10342664 0.5976
3.06210417 0.6378
3.03302092 0.7058
3.01366582 0.7788
2.99277155 0.8500
2.97577427 0.9355
2.96208459 0.9235
2.96785701 0.6900
3.00553549 0.6073
3.02676096 0.5976
3.00813336 0.6152
2.97305353 0.6590
2.97544501 0.7665
3.01612151 0.8009
3.04047498 0.8055
3.05362948 0.8331
3.05047333 0.8654
3.02557023 0.8811
3.01115086 0.8529
3.03159660 0.7816
3.05857751 0.7169
3.04953113 0.6877
3.00602244 0.6901
2.94591869 0.7149
2.89054540 0.8782
2.95652363 0.8872
3.01151866 0.8571
3.03733915 0.8613
3.01580155 0.9068
2.96805867 0.9766
2.93449182 1.0092
2.96512912 0.7418
3.08050803 0.5901
3.19056076 0.5930
3.24923509 0.6173
3.23850812 0.6481
3.18042278 0.6751
3.11187195 0.6949
3.05648755 0.7053
3.00161889 0.7425
2.94847300 0.8458
2.90896821 0.9490
2.91270939 0.5715
2.99784020 0.5697
3.07375621 0.5909
3.09906094 0.6235
3.08212149 0.6591
3.04932101 0.6947
3.01747215 0.7230
2.99440796 0.7465
2.97505145 0.7794
2.95508295 0.8001
2.93692164 0.8001
2.92279139 0.7775
2.93187517 0.7553
2.94754001 0.7566
2.95041736 0.7659
2.94528524 0.8299
2.94669367 0.8740
2.94941249 0.8894
2.95696939 0.8906
2.96822051 0.8776
2.97510072 0.8519
2.97349081 0.8225
2.97615681 0.7906
2.98827036 0.7664
3.00750325 0.7527
3.04108979 0.7476
3.06401643 0.7477
3.07416588 0.7452
3.06692028 0.7347
3.05093687 0.7150
3.02333697 0.6943
2.97578693 0.6805
2.92334601 0.6818
2.94122249 0.9540
2.98322841 0.9426
3.02218680 0.9263
3.04609922 0.9174
3.04133925 0.9140
3.01255318 0.8962
2.97543577 0.7902
2.97318462 0.6626
2.98501888 0.7006
2.97653128 0.7381
2.95827838 0.7826
2.94118371 0.8137
2.93826823 0.8045
2.96647743 0.7884
3.01581818 0.7744
3.05796245 0.7529
3.10093242 0.7308
3.12553344 0.7247
3.12187254 0.7301
3.09610417 0.7478
3.09850000 0.7796
3.14721351 0.7764
3.20179242 0.7539
3.23060939 0.7501
3.21719123 0.7782
3.16955786 0.8203
3.09469593 0.8557
3.02366556 0.8243
3.04997196 0.7477
3.10377951 0.7282
3.09209507 0.7305
3.05258417 0.7590
3.08745262 0.7633
3.15771777 0.7249
3.20457039 0.7027
3.19340241 0.7236
3.13532470 0.7705
3.06086812 0.8198
2.98030291 0.8681
2.93297709 0.9040
2.96847117 0.8428
3.02207332 0.8388
3.07059066 0.8356
3.10918993 0.8152
3.12133093 0.7945
3.10330225 0.7950
3.05592941 0.8204
2.99929574 0.8579
2.95072076 0.8744
2.93580876 0.8343
2.94274165 0.8261
2.93038002 0.8199
2.90948221 0.8182
2.91274968 0.8137
2.94609746 0.7876
2.98414262 0.7768
3.02733071 0.7832
3.04692469 0.8035
3.04127311 0.8207
3.02590767 0.8292
3.02041521 0.8163
3.03070304 0.8140
3.03148858 0.8273
3.01994780 0.8321
3.01373697 0.8032
3.01950150 0.7980
3.01056222 0.7957
2.98287145 0.7830
2.95331755 0.8309
2.93862130 0.9422
2.94383452 0.9364
2.95792391 0.9234
2.96950609 0.9211
2.96309288 0.9281
2.94418272 0.9137
2.95033337 0.7596
2.99957298 0.6898
3.04342207 0.6568
3.07081351 0.6216
3.07908652 0.5912
3.07039637 0.5713
3.04781250 0.5687
3.02141153 0.5856
2.98516005 0.6188
2.94947758 0.6313
2.95266492 0.6752
2.99383376 0.7461
3.01472029 0.7621
2.99869237 0.7962
2.96400765 0.8762
2.93811443 0.9713
2.94886623 0.9371
2.99394911 0.8841
3.04835907 0.8535
3.08328201 0.8378
3.07935484 0.8223
3.06987059 0.7981
3.07740988 0.7892
3.09890023 0.7920
3.12497681 0.7861
3.13988216 0.7826
3.14230809 0.7789
3.12989042 0.7791
3.12003874 0.7728
3.10525630 0.7614
3.07029856 0.7370
3.03107364 0.7078
3.02507021 0.7052
3.04173802 0.7048
3.06668599 0.6968
3.09089133 0.7042
3.09165677 0.7278
3.07514151 0.7534
3.05927851 0.7675
3.05347321 0.7639
3.04419632 0.7293
3.03625717 0.6599
3.04694712 0.6113
3.07288957 0.6048
3.09913876 0.6062
3.10358113 0.6165
3.07683044 0.6482
3.03194832 0.6999
2.98979686 0.7700
2.97081821 0.8541
2.96751570 0.9112
2.96153317 1.0132
2.95995473 0.9805
2.95344518 0.9440
2.95108220 0.9236
2.95192725 0.9134
2.94635281 0.9151
2.92726783 0.9214
2.89985825 0.9213
2.88812577 0.8464
2.92229640 0.7369
2.95794338 0.7186
2.96953708 0.7189
2.95777820 0.7370
2.93766600 0.7543
2.92919154 0.7679
2.95366327 0.8340
2.96042477 0.8762
2.94507134 0.9116
2.92580767 0.8681
2.96409239 0.7450
3.02636339 0.7146
3.07470683 0.6903
3.10240283 0.6731
3.12347944 0.6549
3.12824666 0.6320
3.11188806 0.6241
3.07016021 0.6523
3.01754797 0.6885
2.97154490 0.7006
2.95539110 0.6773
2.99651921 0.6587
3.04817699 0.6625
3.06494590 0.6766
3.04973195 0.6955
3.02318044 0.7070
3.00218751 0.7217
2.99278448 0.7455
2.96522524 0.7360
2.93869511 0.6591
2.95037114 0.6491
2.98802300 0.6615
3.02600954 0.6668
3.03745173 0.6789
3.01992994 0.7061
2.99784416 0.7566
2.98399723 0.8152
2.97584995 0.8406
2.96547680 0.8233
2.96088824 0.7853
2.96604307 0.7589
2.97931478 0.7573
3.00071273 0.7621
3.01193443 0.7571
3.00211932 0.7493
2.97346359 0.7703
2.96071101 0.8034
2.97423456 0.7948
3.00218686 0.7842
3.03577175 0.7845
3.05538352 0.7849
3.06133805 0.7786
3.05057681 0.7733
3.02762655 0.7669
2.99871844 0.7612
2.97885985 0.7590
2.98466904 0.7688
3.00389829 0.7771
3.02183328 0.7761
3.04560837 0.7623
3.07971756 0.7482
3.10531921 0.7412
3.10469288 0.7403
3.09020660 0.7411
3.06753067 0.7452
3.05116105 0.7557
3.03322152 0.7677
3.01031026 0.7798
2.99179485 0.7831
2.98576816 0.7685
3.00412356 0.7480
3.03405228 0.7337
3.04894663 0.7453
3.03567056 0.7786
2.98814468 0.8218
2.93298031 0.8377
2.90998954 0.7875
2.92263954 0.7523
2.93756702 0.7442
2.94445965 0.7561
2.94262497 0.7796
2.93578216 0.8059
2.93546339 0.8236
2.93871207 0.8333
2.94552463 0.8438
2.95247515 0.8695
2.96362370 0.8989
2.96929128 0.9321
2.97011584 0.9541
2.96390162 0.9545
2.96438697 0.9366
2.97548361 0.9102
2.99274177 0.8866
3.00394957 0.8639
2.99502661 0.8367
2.96864080 0.8106
2.94355693 0.7770
2.93807403 0.7774
2.94743013 0.7701
2.96837054 0.7546
2.98842003 0.7402
3.00776846 0.7241
3.03526720 0.7228
3.07136123 0.7470
3.09613638 0.7740
3.09941973 0.7892
3.08691616 0.7911
3.06836924 0.7806
3.04927545 0.7643
3.04001018 0.7514
3.03901751 0.7392
3.03927589 0.7332
3.03978424 0.7452
3.04037699 0.7687
3.04465992 0.7910
3.05093548 0.7996
3.05771274 0.8004
3.07142265 0.7940
3.07190305 0.7895
3.05727108 0.7863
3.02792009 0.7829
3.00558684 0.7817
2.99583085 0.7564
3.01438615 0.7337
3.06010801 0.7315
3.10588500 0.7320
3.13266152 0.7309
3.13343297 0.7247
3.10912960 0.7101
3.05602845 0.7056
3.00116494 0.8023
2.96722139 0.9065
2.94554778 0.8647
2.94911447 0.7326
2.98732077 0.6289
3.03520483 0.6038
3.06878772 0.6230
3.06503182 0.6541
3.04331110 0.6846
3.01900902 0.7130
3.00605596 0.7227
3.00354079 0.7237
3.00147887 0.7291
2.99512676 0.7376
2.98016179 0.7522
2.98335663 0.7620
3.02923828 0.7808
3.08940624 0.7607
3.11656986 0.7346
3.10692810 0.7273
3.06993853 0.7518
3.02860170 0.7992
2.98068725 0.8504
2.93178702 0.8745
2.89510997 0.8470
2.88548244 0.8485
2.91214558 0.8277
2.95615520 0.7866
2.99826440 0.7453
3.02058521 0.7226
3.01996307 0.7258
2.99969316 0.7584
2.95974083 0.8108
2.91813425 0.8111
2.91405689 0.7534
2.92466441 0.7090
2.93953485 0.6816
2.96195116 0.6724
2.98304504 0.6755
2.98318863 0.7020
2.96548120 0.7429
2.93779183 0.7543
2.92600621 0.7685
2.94790719 0.7619
2.97817761 0.7313
3.00524337 0.6863
3.01139030 0.6410
3.01376809 0.6003
3.03007963 0.5819
3.05411150 0.5997
3.07223659 0.6366
3.07924406 0.6767
3.06170275 0.6997
3.04218668 0.6929
3.03479358 0.6810
3.03440062 0.6688
3.02077045 0.6783
3.01743730 0.7929
3.04671109 0.8834
3.07967759 0.8921
3.09046572 0.8908
3.07437877 0.9037
3.03825593 0.9271
2.99762243 0.9380
3.02398743 0.8624
3.08535271 0.8424
3.13570082 0.8323
3.16695256 0.8289
3.18184807 0.8330
3.17321738 0.8404
3.13645996 0.8655
3.07810461 0.9117
3.00552383 0.9780
3.02076382 0.8029
3.05065092 0.7657
3.06464344 0.7183
3.04705790 0.6737
3.01086278 0.6453
2.98159664 0.6610
2.97461870 0.6686
2.99743639 0.6266
3.06079515 0.5916
3.16119948 0.5494
3.28807854 0.5113
3.37836264 0.4811
3.38998744 0.4532
3.31199781 0.4328
3.20073721 0.4276
3.08307033 0.4488
3.00310368 0.4980
2.97433884 0.5665
2.99568313 0.6029
3.04694678 0.5953
3.12137195 0.5806
3.20093448 0.5763
3.25090611 0.5711
3.24634492 0.5578
3.20371748 0.5441
3.15304358 0.5488
3.10990535 0.5777
3.07756833 0.6263
3.05669971 0.6677
3.05441057 0.6803
3.07002357 0.6708
3.08230789 0.6663
3.08623530 0.6752
3.07245479 0.6890
3.02736270 0.7114
2.97317855 0.7471
2.93708961 0.7453
2.93053409 0.6562
2.93915084 0.6525
2.93451813 0.6428
2.93090626 0.6216
2.92875582 0.5881
2.93358977 0.5478
2.94110686 0.5036
2.94930506 0.4679
2.96028600 0.4547
2.98713656 0.4500
3.03805167 0.4363
3.11061742 0.4246
3.16251080 0.4305
3.16135997 0.4439
3.10615114 0.4570
3.02583736 0.4698
2.95614466 0.4814
2.91687024 0.5022
2.89971652 0.5185
2.91318740 0.4891
2.95876068 0.5103
3.05034767 0.5384
3.16010385 0.5631
3.24887031 0.5908
3.28407068 0.6138
3.26143590 0.6327
3.20847615 0.6479
3.16297850 0.6607
3.12943858 0.6721
3.10221956 0.6876
3.07897598 0.7063
3.06914463 0.7253
3.08734020 0.7308
3.11721506 0.7306
3.14371709 0.7357
3.14384978 0.7473
3.11977477 0.7687
3.08799034 0.7942
3.07408890 0.8082
3.08626764 0.8078
3.11040170 0.7967
3.13596402 0.7769
3.16443836 0.7498
3.18107043 0.7283
3.18639530 0.7176
3.16075335 0.7185
3.09684010 0.7269
3.00861192 0.7327
2.92868156 0.7311
2.90450545 0.8071
2.91774490 0.8357
2.93452583 0.8514
2.95047002 0.8512
2.98082246 0.8150
3.02946438 0.8004
3.06427266 0.7989
3.06768941 0.8109
3.03951061 0.8351
2.99383012 0.8601
2.98014826 0.8380
2.99692924 0.8346
3.02577477 0.8417
3.03815491 0.8482
3.01818843 0.8582
2.99165970 0.8780
2.98514671 0.8853
3.02115978 0.8099
3.05343225 0.7830
3.05514726 0.8013
3.02240184 0.8438
2.97821563 0.8823
2.96112371 0.8836
3.01019605 0.8370
3.03967107 0.8150
3.03051872 0.8348
3.02455129 0.8912
3.04147519 0.8579
3.05106744 0.8176
3.04698547 0.7892
3.02674437 0.7880
3.00243467 0.8038
3.01710677 0.8074
3.08032884 0.7936
3.14310198 0.7570
3.17410577 0.7231
3.18593734 0.7133
3.17753584 0.7285
3.13448236 0.7572
3.07015399 0.7966
2.99877622 0.8498
2.93434587 0.9057
2.91599736 0.7519
3.02728704 0.7306
3.13519343 0.7023
3.19038456 0.6877
3.18658358 0.7039
3.16947148 0.7453
3.13886069 0.7912
3.06853310 0.8365
2.99351224 0.8675
2.99287346 0.8579
3.02170402 0.8455
3.04714818 0.8348
3.07833420 0.8197
3.09067086 0.8079
3.06814932 0.8006
3.05546302 0.7924
3.06441350 0.8051
3.04266864 0.8192
2.98228976 0.8302
2.93210860 0.8339
2.92645712 0.8184
2.96308700 0.7876
3.00243613 0.7666
3.02883007 0.7586
3.03490288 0.7657
3.02433612 0.7846
3.02398705 0.8058
3.03349857 0.8267
3.04946003 0.8220
3.07275370 0.7971
3.09252160 0.7683
3.10458803 0.7397
3.09622824 0.7170
3.08591919 0.7001
3.08433292 0.6888
3.09512764 0.6873
3.10875558 0.7009
3.11229295 0.7302
3.10007834 0.7540
3.09095493 0.7613
3.09500207 0.7587
3.09578103 0.7501
3.08547600 0.7379
3.07613251 0.7279
3.07218819 0.7234
3.06915139 0.7206
3.06016890 0.7337
3.03402029 0.7773
2.98946683 0.8223
2.94950291 0.7860
2.98814749 0.8309
3.02383712 0.8238
3.02711879 0.8240
2.99711129 0.8562
2.99365401 0.8732
3.03471776 0.8341
3.06071895 0.8151
3.05071286 0.8157
3.01126828 0.8248
2.96556839 0.8063
2.97304607 0.7835
3.02850896 0.7638
3.06255476 0.7291
3.05712359 0.7220
3.02797400 0.7527
2.98896816 0.8231
2.95643874 0.9149
2.93835421 0.9704
2.93378622 0.7363
2.97971072 0.6896
3.04976865 0.6663
3.11146895 0.6457
3.15495400 0.6305
3.16097540 0.6275
3.14850440 0.6294
3.12253562 0.6405
3.10220722 0.6462
3.08611332 0.6411
3.07698312 0.6232
3.07454765 0.6026
3.08253925 0.5798
3.09310015 0.5607
3.10097025 0.5520
3.09087464 0.5648
3.08036959 0.5989
3.06779245 0.6544
3.06111841 0.7095
3.05130668 0.7437
3.03453593 0.7496
3.01577741 0.7355
3.00850849 0.7213
3.00916082 0.7116
3.00796120 0.6990
2.99804877 0.6914
2.99166939 0.7034
2.98314245 0.7285
2.97560657 0.7551
2.97145441 0.7664
2.96701488 0.7525
2.95959939 0.7192
2.94968974 0.7094
2.93547479 0.7146
2.91561905 0.6977
2.90011725 0.6687
2.90425586 0.6406
2.91518889 0.6385
2.92309481 0.6578
2.93249172 0.6574
2.95257816 0.6443
2.98590792 0.6360
3.01296847 0.6298
3.01253366 0.6157
2.99132299 0.5873
2.97829569 0.5464
2.97735660 0.5183
2.97356472 0.5132
2.94084000 0.5609
2.90403279 0.7092
2.89095737 0.9610
2.88625818 1.0608
2.91493914 0.5933
2.94864025 0.6172
2.95253306 0.6598
2.94436507 0.6987
2.96756617 0.7141
3.02135384 0.6984
3.06541388 0.6738
3.07992444 0.6611
3.06152203 0.6684
3.04095298 0.6759
3.03346596 0.6794
3.04320147 0.6918
3.03059818 0.7243
2.98885211 0.7618
2.93570219 0.7803
2.93730412 0.8441
2.99369351 0.8322
3.04361842 0.7951
3.06860330 0.7799
3.06357962 0.7777
3.05264573 0.7130
3.09236179 0.6943
3.13707154 0.7032
3.14491907 0.7177
3.13269479 0.7305
3.11603395 0.7480
3.10644495 0.7572
3.09337215 0.7548
3.07448460 0.7435
3.05525941 0.7383
3.04588600 0.7639
3.05020440 0.7519
3.05050529 0.7361
3.05161072 0.7371
3.03593592 0.7560
3.01732252 0.7720
2.99618525 0.7744
2.98877042 0.7754
3.02859838 0.7893
3.07416607 0.7635
3.10229553 0.7261
3.10469636 0.7024
3.09602952 0.7024
3.07040067 0.7251
3.03883223 0.7478
3.03068141 0.7730
3.05578032 0.7895
3.06880349 0.7975
3.06367279 0.8002
3.06429155 0.7869
3.10139396 0.7521
3.13764889 0.7216
3.14682238 0.7084
3.12123101 0.7106
3.05735794 0.7278
2.98970529 0.7323
2.95263707 0.7019
2.96853181 0.7342
2.99988875 0.7231
3.03715548 0.7237
3.07855251 0.7160
3.12263987 0.6981
3.15790028 0.6761
3.18250539 0.6530
3.17825688 0.6277
3.14982205 0.6066
3.11435236 0.5985
3.08988360 0.5967
3.07447283 0.6044
3.06412553 0.6213
3.05555885 0.6453
3.04007175 0.6788
3.01987104 0.7090
3.00019955 0.7255
2.98848100 0.7184
2.98336415 0.6873
2.99821206 0.6393
3.02696920 0.6005
3.05544879 0.5849
3.07257963 0.5906
3.08509702 0.6248
3.10467513 0.6801
3.10396556 0.7427
3.07080384 0.7861
3.01244322 0.8122
2.95960186 0.8319
2.93017826 0.8864
2.92627902 0.8899
2.93053847 0.7895
2.95338706 0.6826
2.98832306 0.6706
3.02475775 0.6819
3.05177981 0.6992
3.05972360 0.7042
3.04351821 0.6904
3.01700895 0.6731
3.00431464 0.6679
3.01069140 0.6718
3.02834768 0.6697
3.04523306 0.6643
3.04729469 0.6633
3.03540731 0.6576
3.02910516 0.6724
3.05332082 0.6589
3.09119978 0.6135
3.14428459 0.5507
3.20224656 0.4987
3.24722792 0.4734
3.25685722 0.4757
3.22149728 0.4916
3.15253828 0.5172
3.08809011 0.5401
3.05002097 0.5526
3.05418666 0.5499
3.07936980 0.5341
3.12129259 0.5144
3.17685567 0.4953
3.21916717 0.4855
3.25661864 0.4902
3.28984263 0.5051
3.30568985 0.5292
3.28626947 0.5535
3.23741774 0.5759
3.17661428 0.5951
3.13269096 0.5994
3.11997716 0.5796
3.14239262 0.5552
3.18684821 0.5413
3.23813489 0.5379
3.27347999 0.5445
3.29862235 0.5602
3.30076825 0.5832
3.27552633 0.5989
3.22006388 0.5973
3.14645607 0.5703
3.07665549 0.5280
3.02721413 0.4843
3.00389623 0.4513
2.99641833 0.4266
2.97347183 0.4123
2.96298522 0.4154
2.97874554 0.4304
3.00882391 0.4446
3.02805191 0.4446
3.01608707 0.4382
2.99044864 0.4303
2.95765099 0.4283
2.92941870 0.4346
2.89975355 0.4601
2.86052336 0.5493
2.84297119 0.9888
2.85301502 0.8878
2.89543650 0.6537
2.97438968 0.6040
3.05814459 0.5697
3.11789449 0.5320
3.15557502 0.5065
3.17339875 0.4979
3.17207435 0.5015
3.12429368 0.5200
3.04676327 0.5473
3.00055914 0.5737
2.99725211 0.6031
3.04371778 0.6206
3.11426871 0.6085
3.18363954 0.5733
3.23916798 0.5347
3.27188791 0.5099
3.29248768 0.5002
3.26962460 0.5026
3.20033513 0.5055
3.10153101 0.5106
3.01203884 0.5218
2.97450140 0.5330
2.98293732 0.5401
3.01448091 0.5324
3.05185393 0.5207
3.07739897 0.5187
3.09046715 0.5317
3.09170202 0.5532
3.06589436 0.5783
3.02604780 0.5968
2.99434126 0.6235
2.99681218 0.6503
3.02988905 0.6415
3.07213755 0.6245
3.10299097 0.6069
3.12390208 0.5956
3.13743721 0.6083
3.13014432 0.6436
3.09482758 0.6994
3.03810378 0.7661
2.98793892 0.8382
2.96297201 0.8752
2.98962886 0.6804
3.07369182 0.6176
3.14616566 0.6078
3.17948359 0.6259
3.16375302 0.6720
3.12996782 0.7288
3.09374569 0.7847
3.07948111 0.8088
3.06755859 0.8058
3.04783308 0.8024
3.01926249 0.8117
2.99512536 0.7830
3.02159702 0.6918
3.06636835 0.6455
3.10015067 0.6335
3.10870644 0.6469
3.10117863 0.6776
3.08403667 0.7108
3.07557354 0.7443
3.07469881 0.7725
3.08619066 0.7874
3.09686437 0.7848
3.09461712 0.7676
3.07640070 0.7429
3.04896537 0.7212
3.03007630 0.7030
3.02487901 0.6879
3.05382225 0.6691
3.09905261 0.6608
3.14603754 0.6584
3.16167218 0.6583
3.15215529 0.6602
3.12447973 0.6628
3.09055639 0.6690
3.05045603 0.6785
3.00675901 0.7080
2.99496673 0.7900
3.02102089 0.8285
3.05881076 0.8060
3.09707538 0.7621
3.12560024 0.7352
3.12791454 0.7332
3.10769063 0.7500
3.06882381 0.7813
3.02806825 0.8356
3.01344129 0.9083
3.03253754 0.9169
3.06248364 0.9027
3.09867835 0.8722
3.12154411 0.8303
3.12485178 0.7952
3.10797359 0.7834
3.06611517 0.8092
3.03745128 0.8690
3.04654085 0.8857
3.04514604 0.8845
3.02654516 0.9045
3.00290972 0.9493
2.99619204 0.9647
2.99734482 0.9260
2.99425438 0.8348
2.99302571 0.7054
3.00231080 0.7595
3.00832267 0.7892
3.01904262 0.7950
3.02079201 0.7840
3.00470204 0.7629
2.97156443 0.7354
2.96746867 0.6990
2.99958492 0.6857
3.04303868 0.6699
3.08127718 0.6688
3.09723608 0.6897
3.08810488 0.7256
3.06849260 0.7547
3.05518126 0.7603
3.03581585 0.7540
3.00897431 0.7436
2.99117307 0.7333
3.00016477 0.7199
3.02092551 0.7099
3.04772409 0.7123
3.06850571 0.7321
3.07701178 0.7576
3.06309362 0.7892
3.03340795 0.8115
3.00124743 0.8317
2.97221671 0.8481
2.98179082 0.8349
3.02689149 0.8111
3.06140994 0.7977
3.06797385 0.8127
3.04062126 0.8556
2.99477001 0.9101
2.95086821 0.9604
2.93044570 0.8884
2.95283396 0.7725
2.97290737 0.7357
2.97803546 0.7063
2.98170673 0.6861
2.98361734 0.6964
3.00179604 0.7403
3.02526249 0.7808
3.03948609 0.8075
3.03154648 0.8294
3.00396860 0.8456
2.96168081 0.8463
2.94019822 0.7688
2.98525805 0.7931
3.03789161 0.7612
3.07322709 0.7366
3.08273299 0.7323
3.06148149 0.7564
3.02569486 0.7912
2.99127164 0.8194
2.97033296 0.8349
2.94913935 0.8509
2.93173129 0.8824
2.96516660 0.8240
3.01600744 0.7876
3.05848940 0.7576
3.08327658 0.7288
3.09403864 0.7166
3.10285677 0.7246
3.10956978 0.7286
3.11146190 0.7131
3.09145026 0.6892
3.06050612 0.6661
3.02925046 0.6709
3.01428854 0.7108
3.01425203 0.7345
3.01006396 0.7432
3.00047102 0.7415
2.99229198 0.7413
2.99658960 0.7335
3.01546947 0.7215
3.03707880 0.6995
3.05003281 0.6841
3.04993214 0.6868
3.04507694 0.7078
3.04420666 0.7371
3.03948719 0.7602
3.02718289 0.7694
3.01158554 0.7861
3.01019636 0.8291
3.02578977 0.8478
3.04479945 0.8376
3.05826599 0.8154
3.07121316 0.7730
3.08164490 0.7296
3.08963294 0.7121
3.08847681 0.7142
3.06822404 0.7312
3.02975749 0.7643
2.99289964 0.8171
2.98700090 0.9302
3.00207026 0.9381
3.00950862 0.9311
3.01028471 0.9363
2.99942251 0.9459
2.98696609 0.8827
2.99231022 0.7655
3.00143641 0.7387
3.00718895 0.7350
3.01417015 0.7296
3.02414243 0.7134
3.04548044 0.6874
3.07133092 0.6587
3.09125372 0.6443
3.09512395 0.6445
3.07075956 0.6616
3.02642203 0.6776
2.98206428 0.6856
2.94559718 0.7008
2.91443606 0.7425
2.90575573 0.9126
2.95675140 0.8402
3.01916953 0.7687
3.07780543 0.6999
3.11698142 0.6481
3.12466346 0.6132
3.09209200 0.6058
3.04155024 0.6202
3.00442355 0.6485
3.00249726 0.6928
3.02583438 0.7667
3.05072072 0.8240
3.03438573 0.8878
2.98586257 0.9835
2.96178337 0.9625
3.02050388 0.7903
3.08008276 0.7245
3.10912286 0.6955
3.10187907 0.7017
3.07469846 0.7312
3.05331070 0.7679
3.06521968 0.7895
3.09564558 0.7847
3.10843983 0.7835
3.07941309 0.7966
3.02355741 0.7986
2.99711482 0.7872
3.01375388 0.7873
3.04765381 0.7788
3.07507512 0.7678
3.07572569 0.7586
3.04572530 0.7530
3.00759718 0.7479
2.96834357 0.7430
2.98563241 0.8027
3.03021706 0.8278
3.06346297 0.8304
3.07125977 0.8174
3.04931178 0.7913
3.01981676 0.7572
3.00404122 0.7252
3.00366646 0.7022
3.01641553 0.6906
3.03477549 0.6911
3.06370238 0.7029
3.10504480 0.7301
3.13647686 0.7615
3.14462659 0.7836
3.11063534 0.7987
3.05706885 0.8124
3.00810616 0.8249
2.98445477 0.8184
2.97779355 0.7960
2.95812024 0.7888
2.91824530 0.8058
2.87856914 0.8111
2.88586249 0.8008
2.92405339 0.7922
2.96154460 0.7665
2.98689815 0.7568
3.01743551 0.7856
3.05275918 0.8118
3.07037276 0.8236
3.07400638 0.8312
3.05283222 0.8482
3.01702033 0.8584
2.97214485 0.8483
2.94833934 0.8129
2.94734314 0.7651
2.95972362 0.7388
2.98025105 0.7515
2.98854539 0.7717
2.97474262 0.7792
2.95301284 0.7558
2.95002675 0.7291
2.97018195 0.7373
2.99583901 0.7531
3.01603553 0.7561
3.01956388 0.7531
3.01310404 0.7488
3.00982239 0.7510
3.00530304 0.7626
3.00477450 0.7679
3.03036061 0.7441
3.08631534 0.7210
3.13995792 0.7082
3.17344391 0.7025
3.17839868 0.6991
3.15075226 0.7089
3.09108359 0.7432
3.03921248 0.8025
3.05167764 0.8285
