2.76834623 0.9585
2.76224977 0.9602
2.75946339 0.9620
2.76013580 0.9621
2.76372316 0.9594
2.76780363 0.9529
2.77277091 0.9447
2.77726486 0.9348
2.78181454 0.9249
2.78719525 0.9170
2.79446833 0.9120
2.80365504 0.9095
2.81421989 0.9087
2.82564549 0.9086
2.83601654 0.9085
2.84421072 0.9095
2.84922284 0.9130
2.84978888 0.9180
2.84678010 0.9253
2.84133937 0.9341
2.83467365 0.9440
2.82872986 0.9540
2.82489243 0.9624
2.82346390 0.9674
2.82407325 0.9691
2.82504165 0.9664
2.82494986 0.9595
2.82269399 0.9497
2.81797801 0.9382
2.81047730 0.9259
2.80195151 0.9138
2.79326943 0.9011
2.78560489 0.8885
2.77996198 0.8759
2.77583396 0.8644
2.77250273 0.8547
2.76951382 0.8476
2.76543243 0.8442
2.76103596 0.8452
2.75637675 0.8499
2.75235410 0.8573
2.74946696 0.8669
2.74903151 0.8781
2.75252025 0.8896
2.76019121 0.8991
2.77253861 0.9067
2.78764413 0.9098
2.80528521 0.9108
2.82260343 0.9095
2.83719493 0.9073
2.84866124 0.9041
2.85812084 0.8999
2.86667258 0.8951
2.87566173 0.8899
2.88551710 0.8833
2.89451467 0.8761
2.90014822 0.8706
2.89979871 0.8660
2.89242350 0.8639
2.87819657 0.8656
2.85790340 0.8714
2.83396028 0.8817
2.80871390 0.8951
2.78541753 0.9095
2.76784264 0.9223
2.75931249 0.9324
2.76088909 0.9381
2.77154393 0.9394
2.78810266 0.9376
2.80737879 0.9358
2.82510395 0.9349
2.83906042 0.9353
2.84803905 0.9378
2.85233969 0.9406
2.85315827 0.9440
2.85139000 0.9471
2.84809455 0.9496
2.84354395 0.9509
2.83741836 0.9506
2.83036832 0.9498
2.82303739 0.9480
2.81674078 0.9464
2.81276683 0.9464
2.81138067 0.9477
2.81312360 0.9483
2.81870920 0.9471
2.82887794 0.9434
2.84423448 0.9367
2.86363547 0.9273
2.88533805 0.9170
2.90642965 0.9077
2.92419179 0.9000
2.93691556 0.8944
2.94394513 0.8917
2.94461889 0.8911
2.93991934 0.8936
2.92989641 0.8986
2.91580905 0.9045
2.89766087 0.9115
2.87708708 0.9191
2.85653124 0.9271
2.83723448 0.9341
2.82152014 0.9396
2.81023460 0.9430
2.80279283 0.9428
2.79932070 0.9397
2.79837540 0.9326
2.79915903 0.9227
2.80097875 0.9106
2.80385073 0.8978
2.80775358 0.8855
2.81196774 0.8743
2.81697588 0.8652
2.82246716 0.8599
2.82725472 0.8570
2.83017705 0.8564
2.82999355 0.8573
2.82613881 0.8596
2.81802541 0.8629
2.80442730 0.8652
2.78755273 0.8682
2.76816884 0.8715
2.74767224 0.8755
2.72812600 0.8794
2.71019118 0.8830
2.69415733 0.8859
2.68086522 0.8871
2.67164379 0.8873
2.66713474 0.8868
2.66812698 0.8860
2.67382082 0.8840
2.68444947 0.8825
2.69880343 0.8825
2.71574457 0.8842
2.73370975 0.8864
2.75193179 0.8895
2.77044588 0.8943
2.78789909 0.8989
2.80451502 0.9047
2.81912353 0.9108
2.83142907 0.9161
2.84150632 0.9212
2.84771359 0.9247
2.85097884 0.9265
2.85167541 0.9271
2.84983903 0.9268
2.84554817 0.9246
2.84081541 0.9223
2.83634267 0.9198
2.83212718 0.9164
2.82938102 0.9133
2.82833212 0.9090
2.83021621 0.9053
2.83198249 0.8995
2.83313596 0.8932
2.83221693 0.8862
2.82921824 0.8782
2.82447750 0.8700
2.81936444 0.8621
2.81356702 0.8539
2.80919843 0.8484
2.80714651 0.8461
2.80674763 0.8467
2.80748422 0.8509
2.80669288 0.8568
2.80418202 0.8640
2.79961435 0.8699
2.79304123 0.8738
2.78488533 0.8744
2.77575146 0.8721
2.76672917 0.8671
2.75886971 0.8611
2.75365548 0.8561
2.75137580 0.8530
2.75298407 0.8530
2.75891062 0.8559
2.76871890 0.8609
2.78197846 0.8676
2.79762453 0.8742
2.81369896 0.8801
2.83057146 0.8854
2.84778486 0.8897
2.86488801 0.8929
2.88087624 0.8954
2.89407442 0.8971
2.90310944 0.8984
2.90602665 0.8987
2.90210196 0.8970
2.89242658 0.8932
2.87752181 0.8846
2.85859412 0.8703
2.83813369 0.8517
2.81851623 0.8311
2.80148244 0.8095
2.78973991 0.7913
2.78320426 0.7784
2.78058065 0.7712
2.78053934 0.7699
2.78141475 0.7739
2.78115322 0.7817
2.77850737 0.7915
2.77366536 0.8021
2.76949290 0.8126
2.76821565 0.8222
2.77184886 0.8306
2.78135737 0.8375
2.79579724 0.8434
2.81292449 0.8492
2.82957816 0.8557
2.84372723 0.8623
2.85335867 0.8678
2.85635258 0.8704
2.85215491 0.8695
2.84196242 0.8650
2.82785326 0.8578
2.81205184 0.8492
2.79693607 0.8401
2.78510414 0.8326
2.77759777 0.8269
2.77508409 0.8227
2.77607474 0.8202
2.77776017 0.8179
2.77924942 0.8164
2.78095712 0.8165
2.78400736 0.8181
2.78976936 0.8220
2.79840702 0.8283
2.81038643 0.8368
2.82372343 0.8469
2.83654735 0.8574
2.84725369 0.8676
2.85400698 0.8753
2.85547117 0.8786
2.85148469 0.8766
2.84193028 0.8700
2.82750546 0.8606
2.80966201 0.8499
2.79039655 0.8395
2.77246639 0.8304
2.75689900 0.8223
2.74428222 0.8138
2.73465174 0.8037
2.72759675 0.7931
2.72286327 0.7832
2.71991246 0.7748
2.71917612 0.7690
2.72043187 0.7666
2.72356221 0.7676
2.72874736 0.7723
2.73570936 0.7800
2.74351096 0.7900
2.75261990 0.8022
2.76172550 0.8155
2.77029487 0.8295
2.77637417 0.8426
2.77894223 0.8541
2.77821173 0.8637
2.77527762 0.8728
2.77094070 0.8812
2.76668175 0.8885
2.76404728 0.8944
2.76440048 0.8987
2.76713836 0.9008
2.77167339 0.9003
2.77729500 0.8968
2.78322294 0.8906
2.78891848 0.8822
2.79459373 0.8720
2.79967874 0.8609
2.80432042 0.8499
2.80725473 0.8394
2.80903796 0.8306
2.80949124 0.8245
2.80746939 0.8204
2.80245299 0.8174
2.79584478 0.8169
2.78827961 0.8181
2.78080828 0.8203
2.77337604 0.8224
2.76680201 0.8230
2.76121738 0.8213
2.75736845 0.8174
2.75546940 0.8110
2.75534206 0.8030
2.75647374 0.7952
2.76019760 0.7895
2.76655001 0.7869
2.77537059 0.7891
2.78521212 0.7941
2.79581048 0.8007
2.80531599 0.8068
2.81390860 0.8117
2.82052984 0.8157
2.82503094 0.8192
2.82714376 0.8230
2.82713565 0.8284
2.82525929 0.8352
2.82216211 0.8438
2.81804977 0.8526
2.81392713 0.8607
2.81104447 0.8660
2.80866516 0.8657
2.80777703 0.8601
2.80831912 0.8489
2.81051948 0.8343
2.81472326 0.8193
2.82069384 0.8082
2.82692189 0.8043
2.83300690 0.8086
2.83827799 0.8195
2.84185776 0.8329
2.84437780 0.8451
2.84591079 0.8525
2.84621640 0.8531
2.84432933 0.8473
2.83896337 0.8369
2.83076952 0.8254
2.82026301 0.8165
2.80786308 0.8119
2.79606507 0.8114
2.78626168 0.8139
2.77969104 0.8171
2.77667340 0.8182
2.77749330 0.8158
2.78257125 0.8103
2.79023086 0.8029
2.79927022 0.7956
2.80860472 0.7921
2.81594154 0.7931
2.82363345 0.8010
2.82976948 0.8109
2.83584415 0.8201
2.84220069 0.8256
2.84879023 0.8253
2.85521983 0.8198
2.85818464 0.8094
2.85649494 0.7987
2.85071430 0.7933
2.84268622 0.7958
2.83396458 0.8051
2.82645363 0.8181
2.82081315 0.8334
2.81718808 0.8477
2.81640855 0.8595
2.81820781 0.8662
2.82292063 0.8674
2.82859674 0.8634
2.83460558 0.8559
2.84021382 0.8484
2.84332074 0.8417
2.84324914 0.8382
2.83850733 0.8374
2.82861241 0.8378
2.81403997 0.8376
2.79668434 0.8356
2.77860113 0.8306
2.76166848 0.8231
2.74707063 0.8135
2.73719769 0.8035
2.73162710 0.7941
2.73098772 0.7864
2.73463944 0.7809
2.74084540 0.7772
2.74914912 0.7758
2.75942265 0.7764
2.77182031 0.7781
2.78696272 0.7810
2.80453434 0.7859
2.82276910 0.7925
2.84137511 0.8020
2.86092819 0.8144
2.87872597 0.8283
2.89319676 0.8423
2.90176959 0.8556
2.90264223 0.8664
2.89591864 0.8733
2.88158493 0.8760
2.86159153 0.8741
2.83796056 0.8669
2.81421149 0.8552
2.79537184 0.8420
2.78215854 0.8279
2.77450555 0.8138
2.77112385 0.8007
2.77001778 0.7891
2.77155519 0.7789
2.77408796 0.7694
2.77837225 0.7632
2.78449065 0.7629
2.79226300 0.7693
2.80094579 0.7823
2.81023234 0.7997
2.81982447 0.8191
2.82855642 0.8380
2.83527842 0.8550
2.83942129 0.8682
2.83995461 0.8771
2.83707663 0.8817
2.83129709 0.8818
2.82353838 0.8784
2.81561003 0.8720
2.80883772 0.8626
2.80345749 0.8503
2.80030073 0.8356
2.79864569 0.8192
2.79806611 0.8018
2.79610463 0.7845
2.79191051 0.7672
2.78569807 0.7507
2.77853657 0.7365
2.77165830 0.7257
2.76656007 0.7196
2.76288232 0.7178
2.75864822 0.7210
2.75456826 0.7299
2.75015250 0.7432
2.74556797 0.7596
2.74156081 0.7774
2.73902962 0.7951
2.73826675 0.8097
2.74023765 0.8193
2.74729621 0.8246
2.75886067 0.8263
2.77379726 0.8257
2.79072312 0.8250
2.80853422 0.8256
2.82576549 0.8287
2.83914569 0.8337
2.84697284 0.8397
2.84882248 0.8457
2.84517008 0.8511
2.83773018 0.8557
2.82782062 0.8600
2.81726799 0.8642
2.80725293 0.8688
2.79942851 0.8744
2.79269850 0.8804
2.78615755 0.8864
2.78003886 0.8918
2.77553774 0.8949
2.77405788 0.8944
2.77656894 0.8896
2.78444689 0.8806
2.79679640 0.8692
2.81287645 0.8570
2.83101980 0.8458
2.84970642 0.8383
2.86724504 0.8369
2.88201214 0.8417
2.89348994 0.8506
2.90194884 0.8603
2.90634739 0.8677
2.90628690 0.8710
2.90185079 0.8713
2.89188427 0.8696
2.87697655 0.8681
2.85915392 0.8687
2.84023624 0.8714
2.82331664 0.8757
2.80811424 0.8790
2.79646900 0.8799
2.78856246 0.8767
2.78491576 0.8697
2.78530150 0.8594
2.78993558 0.8468
2.79814438 0.8340
2.80788108 0.8221
2.81755061 0.8124
2.82620194 0.8066
2.83224752 0.8056
2.83522611 0.8090
2.83574045 0.8149
2.83533540 0.8215
2.83395750 0.8266
2.83107439 0.8291
2.82657431 0.8290
2.82077709 0.8281
2.81388065 0.8270
2.80684645 0.8266
2.80119951 0.8266
2.79810857 0.8255
2.79792925 0.8217
2.80056820 0.8153
2.80627679 0.8061
2.81361384 0.7951
2.82015102 0.7826
2.82472995 0.7701
2.82656639 0.7590
2.82527600 0.7495
2.82225140 0.7434
2.81781859 0.7393
2.81236550 0.7372
2.80671141 0.7370
2.80121058 0.7371
2.79664639 0.7376
2.79292451 0.7364
2.78942012 0.7328
2.78785335 0.7275
2.78841061 0.7216
2.79175398 0.7155
2.79690037 0.7103
2.80361298 0.7054
2.81240908 0.7004
2.82174938 0.6963
2.83036518 0.6942
2.83700189 0.6948
2.84143170 0.6993
2.84333287 0.7062
2.84270402 0.7156
2.84052620 0.7277
2.83807535 0.7421
2.83649331 0.7588
2.83466624 0.7756
2.83248081 0.7925
2.82773779 0.8076
2.81949030 0.8193
2.80674333 0.8259
2.78931477 0.8264
2.76909779 0.8207
2.74901808 0.8096
2.73218981 0.7943
2.71992060 0.7763
2.71247247 0.7563
2.70879593 0.7357
2.70742163 0.7160
2.70620237 0.7000
2.70325816 0.6893
2.69780052 0.6856
2.69273484 0.6899
2.69095120 0.7018
2.69405301 0.7191
2.70354626 0.7395
2.71994332 0.7626
2.74106832 0.7855
2.76379848 0.8073
2.78405379 0.8259
2.79938050 0.8406
2.80716577 0.8501
2.80708909 0.8552
2.80017748 0.8553
2.78952894 0.8513
2.77869915 0.8442
2.76763308 0.8324
2.75714606 0.8143
2.74783824 0.7905
2.73930170 0.7643
2.73066587 0.7386
2.72131380 0.7167
2.71041253 0.7011
2.69757099 0.6917
2.68414986 0.6891
2.67242776 0.6930
2.66601791 0.7043
2.66694504 0.7227
2.67674751 0.7480
2.69454229 0.7789
2.71682129 0.8118
2.74026939 0.8434
2.76139519 0.8701
2.77783918 0.8902
2.78984651 0.9038
2.79741535 0.9109
2.80041728 0.9122
2.80008253 0.9094
2.79575750 0.9038
2.78826856 0.8972
2.77780616 0.8910
2.76462827 0.8861
2.74928757 0.8822
2.73207739 0.8776
2.71490925 0.8714
2.69957556 0.8632
2.68757954 0.8545
2.68099731 0.8478
2.67921345 0.8450
2.68272762 0.8475
2.69072029 0.8551
2.70313454 0.8667
2.71716644 0.8772
2.73270306 0.8856
2.74676022 0.8890
2.75983899 0.8877
2.76991542 0.8812
2.77728620 0.8711
2.78186029 0.8594
2.78328230 0.8484
2.78175862 0.8409
2.77691412 0.8378
2.76853003 0.8390
2.75714054 0.8430
2.74282864 0.8470
2.72621108 0.8480
2.70828149 0.8443
2.69139205 0.8374
2.67767626 0.8290
2.66810835 0.8221
2.66488858 0.8204
2.66558166 0.8236
2.66991625 0.8305
2.67698351 0.8396
2.68436690 0.8471
2.69166293 0.8505
2.69896613 0.8500
2.70582719 0.8451
2.71359668 0.8388
2.72158434 0.8331
2.72899754 0.8304
2.73644259 0.8338
2.74259860 0.8432
2.74694579 0.8569
2.74976765 0.8730
2.74899378 0.8858
2.74535012 0.8939
2.74011630 0.8961
2.73544047 0.8943
2.73258652 0.8907
2.73160882 0.8879
2.73406370 0.8882
2.73817469 0.8911
2.74386169 0.8958
2.74916939 0.9005
2.75428922 0.9039
2.76008638 0.9050
2.76708945 0.9037
2.77521356 0.8992
2.78622213 0.8937
2.80046636 0.8885
2.81919399 0.8873
2.84090565 0.8915
2.86160767 0.8989
2.87980427 0.9084
2.89380907 0.9181
2.90187112 0.9242
2.90580294 0.9269
2.90640601 0.9267
2.90470623 0.9252
2.90310709 0.9255
2.90181760 0.9303
2.90049655 0.9390
2.89952820 0.9509
2.89967181 0.9631
2.90170706 0.9732
2.90709908 0.9801
2.91659548 0.9819
2.93046631 0.9803
2.94788390 0.9757
2.96746319 0.9690
2.98961825 0.9620
3.01139021 0.9553
3.03098019 0.9518
3.04546926 0.9501
3.05459079 0.9501
3.05452049 0.9507
3.04341691 0.9503
3.02194290 0.9478
2.99256925 0.9425
2.95961368 0.9353
2.92688001 0.9282
2.89645293 0.9224
2.87025630 0.9183
2.85052066 0.9167
2.83565666 0.9159
2.82754932 0.9161
2.82743717 0.9169
2.83479873 0.9190
2.84917752 0.9227
2.86895998 0.9289
2.89081780 0.9370
2.91209154 0.9462
2.92943694 0.9542
2.94073485 0.9592
2.94493366 0.9589
2.94219823 0.9537
2.93132807 0.9430
2.91421873 0.9287
2.89107744 0.9106
2.86489112 0.8909
2.83900772 0.8715
2.81508489 0.8532
2.79560297 0.8368
2.78073246 0.8226
2.77045807 0.8115
2.76440932 0.8034
2.76174423 0.7980
2.76435358 0.7965
2.77213392 0.7987
2.78285108 0.8047
2.79481990 0.8149
2.80667699 0.8297
2.81600734 0.8468
2.82222471 0.8641
2.82574097 0.8789
2.82849362 0.8892
2.83133796 0.8950
2.83547758 0.8976
2.83944195 0.8959
2.84216558 0.8918
2.84238443 0.8870
2.84051525 0.8844
2.83669481 0.8830
2.83187011 0.8832
2.82743703 0.8852
2.82413605 0.8879
2.82519586 0.8916
2.83195412 0.8962
2.84434839 0.9013
2.86266759 0.9085
2.88620525 0.9184
2.91118893 0.9285
2.93546300 0.9385
2.95786773 0.9456
2.97786731 0.9481
2.99548931 0.9461
3.01029360 0.9416
3.02220313 0.9369
3.02878394 0.9331
3.02782835 0.9297
3.01620533 0.9264
2.99559796 0.9228
2.96766480 0.9192
2.93789917 0.9156
2.91075713 0.9124
2.88949935 0.9103
2.87757196 0.9097
2.87465120 0.9100
2.87966326 0.9103
2.89294403 0.9104
2.91236596 0.9099
2.93687963 0.9093
2.96451994 0.9101
2.99113420 0.9103
3.01545445 0.9097
3.03584291 0.9072
3.05198906 0.9023
3.06176569 0.8954
3.06235630 0.8864
3.05243489 0.8750
3.02981836 0.8629
2.99778549 0.8530
2.95993907 0.8474
2.92019231 0.8459
2.88311903 0.8481
2.85170079 0.8531
2.83006984 0.8598
2.81753784 0.8681
2.81384989 0.8776
2.81888666 0.8885
2.83299734 0.8998
2.85547653 0.9104
2.88493138 0.9195
2.91930973 0.9258
2.95608333 0.9293
2.99211014 0.9293
3.02274176 0.9267
3.04270896 0.9226
3.05078832 0.9176
3.04526273 0.9119
3.02774917 0.9054
3.00219164 0.8974
2.97210082 0.8891
2.94076037 0.8810
2.91178893 0.8733
2.88507937 0.8662
2.86102307 0.8600
2.83942393 0.8548
2.82082211 0.8513
2.80551475 0.8505
2.79353818 0.8520
2.78490636 0.8553
2.78003862 0.8607
2.78055956 0.8687
2.78733481 0.8787
2.80019792 0.8904
2.81783098 0.9022
2.83926954 0.9138
2.86037725 0.9230
2.87928310 0.9292
2.89495537 0.9326
2.90577209 0.9329
2.91169176 0.9305
2.91381572 0.9266
2.91422367 0.9224
2.91397880 0.9192
2.91264111 0.9175
2.90907909 0.9177
2.90193131 0.9192
2.89154779 0.9209
2.87720948 0.9221
2.86015544 0.9217
2.84178329 0.9187
2.82403307 0.9135
2.80944261 0.9071
2.79738368 0.9013
2.78945492 0.8970
2.78604279 0.8951
2.78697396 0.8960
2.79166484 0.8998
2.79873225 0.9052
2.80917514 0.9115
2.82226384 0.9170
2.83783644 0.9213
2.85558981 0.9250
2.87516034 0.9278
2.89518675 0.9301
2.91346554 0.9319
2.92849248 0.9338
2.93910578 0.9351
2.94377038 0.9358
2.94277540 0.9348
2.93714053 0.9315
2.92609070 0.9249
2.91137719 0.9150
2.89437981 0.9030
2.87603356 0.8908
2.85832296 0.8807
2.84052858 0.8730
2.82421370 0.8675
2.81069647 0.8643
2.80116606 0.8626
2.79809309 0.8616
2.80225489 0.8612
2.81337579 0.8612
2.83362665 0.8627
2.86313966 0.8670
2.90010256 0.8749
2.94134157 0.8859
2.98375095 0.8998
3.02340014 0.9145
3.05494011 0.9283
3.07749757 0.9402
3.09027964 0.9494
3.09293792 0.9564
3.08508093 0.9611
3.06752514 0.9649
3.04275166 0.9681
3.01281743 0.9708
2.97963214 0.9729
2.94558805 0.9735
2.91386014 0.9721
2.88873037 0.9679
2.87306124 0.9610
2.86921346 0.9523
2.87694948 0.9428
2.89576873 0.9343
2.92180011 0.9279
2.95222314 0.9247
2.98183185 0.9241
3.00595395 0.9253
3.02288783 0.9278
3.03043928 0.9306
3.02938844 0.9331
3.02159859 0.9354
3.00750266 0.9364
2.98931723 0.9354
2.96843096 0.9332
2.94678693 0.9302
2.92381302 0.9265
2.90272924 0.9236
2.88466797 0.9212
2.87152158 0.9194
2.86476384 0.9182
2.86567763 0.9184
2.87483860 0.9201
2.89008227 0.9231
2.90886468 0.9270
2.92892899 0.9311
2.94495756 0.9336
2.95615049 0.9350
2.96005098 0.9342
2.95575998 0.9304
2.94384364 0.9240
2.92590461 0.9142
2.90444277 0.9018
2.88222464 0.8870
2.86033177 0.8712
2.83838978 0.8552
2.81736117 0.8405
2.79778256 0.8280
2.77987574 0.8186
2.76494073 0.8131
2.75399747 0.8118
2.74847706 0.8160
2.74927904 0.8266
2.75798338 0.8429
2.77406820 0.8628
2.79770279 0.8840
2.82890842 0.9026
2.86507188 0.9160
2.90501833 0.9231
2.94534043 0.9249
2.98341341 0.9243
3.01560284 0.9229
3.03670263 0.9215
3.04294271 0.9196
3.03331519 0.9172
3.01038741 0.9132
2.97771653 0.9075
2.93896399 0.8995
2.89802343 0.8895
2.85885767 0.8782
2.82308463 0.8665
2.79291011 0.8563
2.76938412 0.8496
2.75407911 0.8492
2.74790454 0.8557
2.75090610 0.8690
2.76428093 0.8878
2.78742608 0.9090
2.81911016 0.9291
2.85999255 0.9451
2.90867613 0.9542
2.96187782 0.9562
3.01629180 0.9522
3.06695585 0.9446
3.10825552 0.9350
3.13427809 0.9260
3.14142162 0.9208
3.13144400 0.9198
3.10773277 0.9224
3.07363033 0.9267
3.03376503 0.9325
2.99229871 0.9357
2.95213030 0.9373
2.91609835 0.9363
2.88644258 0.9344
2.86520046 0.9317
2.85273655 0.9297
2.84942403 0.9284
2.85558725 0.9282
2.86946103 0.9278
2.89093231 0.9287
2.91645114 0.9286
2.94345607 0.9277
2.97040856 0.9262
2.99343822 0.9234
3.01243817 0.9192
3.02544356 0.9148
3.03200609 0.9108
3.03300853 0.9084
3.02958477 0.9078
3.02359356 0.9097
3.01368542 0.9141
3.00033712 0.9196
2.98584042 0.9262
2.97114071 0.9336
2.95488854 0.9406
2.93856259 0.9475
2.92486557 0.9528
2.91556509 0.9560
2.91196972 0.9566
2.91482049 0.9548
2.92266591 0.9521
2.93291823 0.9475
2.94399683 0.9407
2.95338779 0.9317
2.95920798 0.9215
2.96099829 0.9116
2.95866221 0.9038
2.95302212 0.8995
2.94512775 0.8994
2.93591774 0.9023
2.92568144 0.9076
2.91450207 0.9140
2.90307496 0.9213
2.89234415 0.9298
2.88179398 0.9392
2.87164218 0.9481
2.86264932 0.9558
2.85487093 0.9604
2.84917284 0.9612
2.84761941 0.9582
2.85079146 0.9521
2.85789326 0.9427
2.86878068 0.9303
2.88260852 0.9156
2.89686559 0.8978
2.90923305 0.8790
2.91836638 0.8611
2.92409561 0.8461
2.92771095 0.8369
2.92970547 0.8338
2.93130855 0.8356
2.93275541 0.8406
2.93404888 0.8479
2.93356968 0.8561
2.93070683 0.8664
2.92496346 0.8786
2.91681580 0.8916
2.90655947 0.9032
2.89618051 0.9120
2.88789075 0.9169
2.88184505 0.9177
2.87911900 0.9160
2.88035717 0.9120
2.88508364 0.9072
2.89407407 0.9046
2.90605534 0.9048
2.91996722 0.9084
2.93457103 0.9152
2.94864555 0.9244
2.96169116 0.9347
2.97230108 0.9440
2.97981921 0.9506
2.98399524 0.9530
2.98535676 0.9516
2.98342654 0.9469
2.97836571 0.9410
2.96991252 0.9353
2.95790524 0.9306
2.94381637 0.9277
2.92771337 0.9255
2.91161556 0.9236
2.89564159 0.9198
2.88192628 0.9142
2.87118987 0.9072
2.86493132 0.9000
2.86401177 0.8935
2.86988908 0.8903
2.88154969 0.8917
2.89868408 0.8990
2.92010183 0.9111
2.94486515 0.9271
2.97138243 0.9449
2.99835718 0.9622
3.02533340 0.9745
3.05275314 0.9813
3.07995274 0.9830
3.10390917 0.9817
3.12282709 0.9795
3.13438179 0.9772
3.13640141 0.9751
3.12885679 0.9730
3.11184271 0.9702
3.08772528 0.9657
3.05808663 0.9572
3.02524790 0.9445
2.99163948 0.9289
2.96020184 0.9125
2.93170429 0.8974
2.90873672 0.8870
2.89195628 0.8832
2.88173873 0.8865
2.87834043 0.8964
2.87963266 0.9105
2.88592661 0.9261
2.89808353 0.9407
2.91604419 0.9503
2.93873846 0.9545
2.96507679 0.9550
2.99162238 0.9534
3.01495177 0.9513
3.03284931 0.9496
3.04261181 0.9488
3.04277985 0.9483
3.03267279 0.9466
3.01304608 0.9429
2.98708369 0.9369
2.95976043 0.9290
2.93239548 0.9205
2.90809856 0.9128
2.88832149 0.9068
2.87499097 0.9040
2.86702918 0.9048
2.86421285 0.9083
2.86702165 0.9136
2.87457959 0.9187
2.88697311 0.9220
2.90286811 0.9232
2.92285270 0.9219
2.94485591 0.9187
2.96804504 0.9149
2.99019027 0.9115
3.00894649 0.9089
3.02329486 0.9072
3.03218438 0.9073
3.03381123 0.9084
3.02926421 0.9099
3.01849559 0.9112
3.00449713 0.9124
2.98846107 0.9138
2.97381292 0.9166
2.96064706 0.9213
2.95052019 0.9280
2.94364974 0.9364
2.93976543 0.9452
2.93824001 0.9526
2.93991995 0.9577
2.94462749 0.9601
2.95037097 0.9584
2.95727874 0.9542
2.96157536 0.9472
2.96262588 0.9392
2.96035298 0.9318
2.95434834 0.9264
2.94615928 0.9238
2.93758860 0.9234
2.92911737 0.9243
2.92270764 0.9249
2.91912467 0.9245
2.91900212 0.9234
2.92274489 0.9230
2.93108739 0.9248
2.94351306 0.9289
2.95802547 0.9356
2.97290711 0.9437
2.98834835 0.9507
3.00383399 0.9553
3.01792468 0.9564
3.02978595 0.9542
3.04015175 0.9493
3.04942207 0.9416
3.05636836 0.9325
3.06020736 0.9230
3.06204446 0.9144
3.06278437 0.9072
3.06065719 0.9011
3.05776867 0.8971
3.05282987 0.8944
3.04615665 0.8926
3.03618346 0.8898
3.02442746 0.8859
3.01246470 0.8802
3.00308744 0.8734
2.99754777 0.8660
2.99592702 0.8597
3.00003669 0.8560
3.00667250 0.8558
3.01642393 0.8593
3.02723694 0.8661
3.03556171 0.8744
3.03904797 0.8819
3.03666624 0.8875
3.02798915 0.8910
3.01428879 0.8926
2.99806184 0.8928
2.98015638 0.8925
2.96483725 0.8918
2.95197349 0.8916
2.94240945 0.8921
2.93652880 0.8915
2.93413852 0.8908
2.93439948 0.8898
2.93746249 0.8881
2.94367034 0.8865
2.95348724 0.8850
2.96685444 0.8835
2.98283673 0.8829
3.00081762 0.8823
3.01836047 0.8828
3.03269838 0.8848
3.04237595 0.8867
3.04609419 0.8879
3.04244300 0.8884
3.03383840 0.8884
3.01968049 0.8883
3.00283087 0.8887
2.98714131 0.8890
2.97445075 0.8895
2.96627232 0.8904
2.96236101 0.8912
2.96319071 0.8921
2.96730140 0.8927
2.97381287 0.8928
2.98200415 0.8927
2.99023790 0.8919
2.99740753 0.8909
3.00332913 0.8885
3.00719327 0.8850
3.00999586 0.8814
3.01118216 0.8780
3.01051307 0.8754
3.00802938 0.8737
3.00182091 0.8725
2.99185797 0.8717
2.97913704 0.8710
2.96456438 0.8704
2.94869932 0.8698
2.93413554 0.8701
2.92245106 0.8713
2.91440397 0.8738
2.90973631 0.8769
2.90670202 0.8797
2.90588702 0.8814
2.90830977 0.8825
2.91382216 0.8826
2.92250943 0.8820
2.93273598 0.8805
2.94462359 0.8778
2.95661920 0.8737
2.96731994 0.8690
2.97491784 0.8642
2.97752992 0.8593
2.97548835 0.8538
2.96764775 0.8478
2.95584299 0.8412
2.94147323 0.8336
2.92561303 0.8254
2.91058293 0.8176
2.89880128 0.8122
2.89171302 0.8096
2.89148940 0.8108
2.89662359 0.8159
2.90714017 0.8242
2.92023082 0.8338
2.93669199 0.8432
2.95740099 0.8521
2.98040354 0.8595
3.00571590 0.8654
3.03223253 0.8697
3.05720792 0.8729
3.07662612 0.8761
3.09013827 0.8799
3.09674817 0.8850
3.09795337 0.8902
3.09396806 0.8952
3.08718036 0.8983
3.07853678 0.8990
3.06671819 0.8967
3.05234527 0.8924
3.03551074 0.8874
3.01753423 0.8825
2.99944813 0.8792
2.98227900 0.8770
2.96849452 0.8762
2.95980330 0.8761
2.95706563 0.8758
2.96077151 0.8748
2.97052038 0.8735
2.98345139 0.8717
2.99678973 0.8702
3.00789297 0.8706
3.01291701 0.8729
3.01102571 0.8776
3.00257570 0.8855
2.98980838 0.8952
2.97488177 0.9049
2.96114596 0.9122
2.94932450 0.9159
2.93979987 0.9159
2.93185234 0.9125
2.92654072 0.9065
2.92278597 0.8994
2.91875280 0.8926
2.91475972 0.8862
2.90939479 0.8804
2.90423321 0.8756
2.90088188 0.8719
2.90238449 0.8691
2.90749586 0.8670
2.91473367 0.8649
2.92137035 0.8626
2.92551254 0.8612
2.92557267 0.8615
2.92076368 0.8644
2.91165730 0.8687
2.90015586 0.8739
2.88869881 0.8783
2.87891719 0.8804
2.87104414 0.8796
2.86514996 0.8757
2.86148052 0.8696
2.85983112 0.8638
2.86132391 0.8608
2.86549600 0.8611
2.87123695 0.8646
2.87850575 0.8709
2.88706029 0.8780
2.89594437 0.8842
2.90507897 0.8882
2.91268734 0.8891
2.91836328 0.8871
2.92207855 0.8835
2.92390957 0.8797
2.92243187 0.8770
2.91739698 0.8770
2.90902789 0.8792
2.89899606 0.8827
2.88906933 0.8860
2.88144634 0.8882
2.87684472 0.8884
2.87546044 0.8870
2.87728241 0.8845
2.88129965 0.8834
2.88656084 0.8840
2.89474295 0.8881
2.90538295 0.8950
2.91809835 0.9028
2.93281919 0.9111
2.94872714 0.9177
2.96303704 0.9209
2.97618848 0.9202
2.98807237 0.9159
2.99803445 0.9094
3.00468520 0.9025
3.00735958 0.8962
3.00653077 0.8922
3.00342563 0.8911
2.99805922 0.8929
2.99181747 0.8942
2.98486193 0.8941
2.97760450 0.8910
2.97148930 0.8852
2.96645890 0.8764
2.96311980 0.8674
2.96261441 0.8606
2.96411241 0.8577
2.96684630 0.8590
2.97074916 0.8632
2.97401178 0.8688
2.97395600 0.8743
2.96952977 0.8775
2.96195329 0.8780
2.94986594 0.8750
2.93489790 0.8711
2.91647986 0.8674
2.89731155 0.8657
2.87948134 0.8669
2.86386508 0.8707
2.85092926 0.8751
2.84066276 0.8787
2.83367011 0.8793
2.83124484 0.8776
2.83304965 0.8725
2.84020106 0.8665
2.85133654 0.8617
2.86646373 0.8596
2.88535480 0.8604
2.90761376 0.8634
2.92979207 0.8675
2.94872830 0.8714
2.96353415 0.8744
2.97260015 0.8745
2.97500355 0.8728
2.97195161 0.8695
2.96531747 0.8660
2.95564742 0.8629
2.94522288 0.8620
2.93550343 0.8635
2.92763385 0.8674
2.92162573 0.8714
2.91672204 0.8749
2.91371150 0.8769
2.91235072 0.8775
2.91291697 0.8780
2.91641311 0.8805
2.92128291 0.8848
2.92780751 0.8914
2.93665700 0.8994
2.94847697 0.9072
2.96296780 0.9134
2.97933889 0.9168
2.99569132 0.9171
3.00916415 0.9142
3.01855818 0.9088
3.02433755 0.9031
3.02280847 0.8965
3.01512432 0.8897
3.00303430 0.8837
2.98748260 0.8785
2.97049975 0.8732
2.95273815 0.8675
2.93390506 0.8606
2.91487010 0.8536
2.89531687 0.8459
2.87583176 0.8393
2.85770065 0.8353
2.84254583 0.8351
2.83140302 0.8398
2.82584662 0.8484
2.82482396 0.8591
2.83003136 0.8706
2.84206206 0.8821
2.85832018 0.8928
2.87794069 0.9025
2.89885538 0.9106
2.91714969 0.9162
2.93171644 0.9191
2.94176262 0.9193
2.94625488 0.9168
2.94658227 0.9125
2.94226389 0.9061
2.93439790 0.8990
2.92365684 0.8911
2.91102699 0.8825
2.89598654 0.8737
2.87872727 0.8651
2.86006985 0.8577
2.84101126 0.8530
2.82349504 0.8517
2.80924322 0.8542
2.79823821 0.8588
2.79192300 0.8643
2.79062427 0.8699
2.79427483 0.8745
2.80216230 0.8777
2.81298817 0.8795
2.82505136 0.8800
2.83652589 0.8796
2.84599170 0.8785
2.85275230 0.8770
2.85795302 0.8762
2.86134735 0.8756
2.86212723 0.8751
2.86175016 0.8748
2.85888381 0.8737
2.85330699 0.8716
2.84395635 0.8678
2.83176676 0.8627
2.81708756 0.8575
2.80151103 0.8535
2.78703405 0.8520
2.77482016 0.8531
2.76542895 0.8564
2.75915865 0.8598
2.75580558 0.8619
2.75310229 0.8613
2.74980348 0.8575
2.74607653 0.8504
2.74201543 0.8408
2.73690759 0.8293
2.73072538 0.8174
2.72299633 0.8055
2.71369886 0.7940
2.70387665 0.7840
2.69385775 0.7760
2.68431886 0.7698
2.67541187 0.7648
2.66771664 0.7609
2.66312101 0.7591
2.66033177 0.7588
2.65977960 0.7607
2.66043310 0.7647
2.66211844 0.7704
2.66557239 0.7776
2.67034176 0.7845
2.67663746 0.7899
2.68427485 0.7932
2.69399263 0.7943
2.70583234 0.7930
2.71844393 0.7893
2.73163024 0.7840
2.74362523 0.7783
2.75349735 0.7734
2.75989022 0.7704
2.76279355 0.7702
2.76160704 0.7728
2.75664078 0.7772
2.74823136 0.7824
2.73855664 0.7878
2.72758470 0.7919
2.71695469 0.7951
2.70669384 0.7971
2.69802577 0.7993
2.69138875 0.8019
2.68780137 0.8052
2.68839533 0.8095
2.69410880 0.8148
2.70407408 0.8202
2.71792971 0.8254
2.73399279 0.8295
2.75223870 0.8332
2.77120269 0.8367
2.79122754 0.8404
2.80929372 0.8433
2.82642558 0.8460
2.84140841 0.8480
2.85389525 0.8485
2.86360315 0.8478
2.87003641 0.8451
2.87180407 0.8410
2.86865539 0.8372
2.85979279 0.8340
2.84544895 0.8314
2.82670698 0.8298
2.80522528 0.8294
2.78241956 0.8294
2.76165679 0.8299
2.74432184 0.8303
2.73106809 0.8302
2.72256540 0.8294
2.72032872 0.8297
2.72487456 0.8320
2.73582901 0.8370
2.75254770 0.8442
2.77308062 0.8532
2.79652713 0.8626
2.82161241 0.8712
2.84691991 0.8772
2.87022191 0.8787
2.89064317 0.8767
2.90503996 0.8716
2.91451186 0.8655
2.91510103 0.8587
2.90709749 0.8520
2.88950386 0.8453
2.86391598 0.8383
2.83408543 0.8316
2.80416912 0.8254
2.77554653 0.8188
2.74834491 0.8115
2.72279366 0.8027
2.70044253 0.7932
2.68109785 0.7833
2.66566898 0.7748
2.65460309 0.7697
2.64729417 0.7684
2.64451567 0.7710
2.64558702 0.7760
2.65103691 0.7823
2.66144638 0.7894
2.67554092 0.7956
2.69210442 0.8003
2.70917483 0.8033
2.72367872 0.8039
2.73567858 0.8035
2.74337652 0.8015
2.74705987 0.7983
2.74880497 0.7947
2.74988754 0.7910
2.75048667 0.7872
2.75155611 0.7845
2.75126601 0.7818
2.75012119 0.7794
2.74800553 0.7771
2.74513987 0.7752
2.74243900 0.7742
2.73964401 0.7746
2.73596929 0.7755
2.73196928 0.7780
2.72798142 0.7812
2.72520782 0.7854
2.72551436 0.7910
2.73026015 0.7981
2.73974730 0.8072
2.75226937 0.8160
2.76610608 0.8234
2.78002653 0.8280
2.79280114 0.8290
2.80434714 0.8255
2.81389720 0.8191
2.82129030 0.8097
2.82655867 0.7987
2.82961588 0.7886
2.83051244 0.7805
2.82956426 0.7748
2.82632638 0.7713
2.82139116 0.7703
2.81467941 0.7716
2.80705916 0.7753
2.79809473 0.7806
2.78860430 0.7858
2.77788175 0.7878
2.76769472 0.7862
2.75904668 0.7811
2.75331210 0.7736
2.75052722 0.7651
2.75011678 0.7565
2.75172692 0.7495
2.75511028 0.7443
2.76025480 0.7419
2.76747412 0.7429
2.77675105 0.7475
2.78968633 0.7562
2.80610258 0.7666
2.82458376 0.7766
2.84441107 0.7863
2.86460482 0.7945
2.88337314 0.8017
2.90018932 0.8087
2.91352843 0.8158
2.92268086 0.8240
2.92699251 0.8332
2.92495905 0.8414
2.91609700 0.8474
2.89954840 0.8497
2.87770529 0.8485
2.85146513 0.8441
2.82365157 0.8383
2.79640017 0.8327
2.77186482 0.8288
2.75169204 0.8272
2.73878316 0.8287
2.73265177 0.8329
2.73357367 0.8391
2.74147988 0.8459
2.75465020 0.8512
2.77160404 0.8536
2.79057835 0.8524
2.81012870 0.8479
2.83066836 0.8425
2.85132793 0.8380
2.87077569 0.8348
2.88812358 0.8329
2.90045263 0.8317
2.90785892 0.8301
2.90947294 0.8274
2.90605784 0.8227
2.89879136 0.8161
2.88834968 0.8087
2.87689963 0.8012
2.86619053 0.7951
2.85811869 0.7916
2.85511256 0.7916
2.85772774 0.7955
2.86543159 0.8020
2.87685842 0.8099
2.89126585 0.8182
2.90462859 0.8252
2.91554198 0.8299
2.92277575 0.8322
2.92512601 0.8316
2.92374373 0.8294
2.91879527 0.8268
2.91032137 0.8241
2.89876047 0.8210
2.88501692 0.8178
2.87004471 0.8136
2.85298203 0.8072
2.83568332 0.7993
2.81891987 0.7904
2.80316774 0.7808
2.79031361 0.7725
2.78155405 0.7676
2.77773894 0.7668
2.77857500 0.7703
2.78323075 0.7766
2.79107109 0.7840
2.79959655 0.7902
2.80621699 0.7936
2.80938382 0.7937
2.80871317 0.7907
2.80666099 0.7869
2.80281896 0.7821
2.79740219 0.7767
2.79073829 0.7709
2.78274070 0.7647
2.77412484 0.7580
2.76472972 0.7515
2.75461041 0.7451
2.74500815 0.7376
2.73754183 0.7290
2.73236101 0.7187
2.73072495 0.7092
2.73210507 0.7022
2.73685028 0.6998
2.74523331 0.7031
2.75721814 0.7122
2.77130700 0.7240
2.78738718 0.7371
2.80344033 0.7486
2.81773031 0.7571
2.82861106 0.7623
2.83718264 0.7651
2.84375547 0.7670
2.84867170 0.7687
2.85258165 0.7712
2.85550282 0.7747
2.85538443 0.7790
2.85177539 0.7837
2.84435768 0.7881
2.83191145 0.7917
2.81594809 0.7940
2.79873846 0.7936
2.78204903 0.7908
2.76780340 0.7861
2.75616937 0.7810
2.74937768 0.7779
2.74687257 0.7784
2.74898839 0.7821
2.75555973 0.7886
2.76403108 0.7953
2.77316853 0.7999
2.78218281 0.8035
2.78807952 0.8029
2.79114150 0.7999
2.79119634 0.7959
2.78860521 0.7919
2.78462595 0.7892
2.77943157 0.7889
2.77181891 0.7890
2.76226966 0.7888
2.75154187 0.7874
2.73892456 0.7836
2.72601944 0.7785
2.71288810 0.7725
2.70090761 0.7665
2.69198565 0.7617
2.68572051 0.7575
2.68265419 0.7534
2.68236904 0.7484
2.68482483 0.7415
2.68992043 0.7332
2.69665199 0.7243
2.70363387 0.7151
2.71188708 0.7083
2.72106294 0.7054
2.73152444 0.7079
2.74344116 0.7166
2.75569947 0.7303
2.76861494 0.7480
2.78110570 0.7669
2.79258939 0.7836
2.80210718 0.7954
2.80893611 0.8012
2.81329599 0.8014
2.81545578 0.7986
2.81451347 0.7954
2.81009572 0.7935
2.80220582 0.7935
2.79121181 0.7947
2.77716468 0.7949
2.76110308 0.7924
2.74454410 0.7860
2.72809508 0.7756
2.71284390 0.7622
2.69964118 0.7476
2.68820940 0.7334
2.67978106 0.7223
2.67436317 0.7154
2.67234359 0.7133
2.67363181 0.7145
2.67797520 0.7174
2.68476975 0.7198
2.69400970 0.7204
2.70533814 0.7183
2.71803909 0.7149
2.73084919 0.7117
2.74322915 0.7108
2.75430005 0.7136
2.76320480 0.7192
2.76842738 0.7254
2.77094809 0.7307
2.77062650 0.7322
2.76861038 0.7291
2.76506363 0.7216
2.76081126 0.7105
2.75619935 0.6980
2.75176248 0.6863
2.74743377 0.6769
2.74477079 0.6715
2.74512746 0.6708
2.74817081 0.6741
2.75314773 0.6796
2.76041040 0.6866
2.76993002 0.6949
2.78057105 0.7039
2.79069215 0.7140
2.79888022 0.7247
2.80517459 0.7364
2.81026771 0.7492
2.81443681 0.7619
2.81774259 0.7727
2.82062393 0.7801
2.82335952 0.7833
2.82673333 0.7824
2.82948220 0.7778
2.82988874 0.7699
2.82709237 0.7615
2.82077351 0.7545
2.81142847 0.7499
2.80055242 0.7477
2.79117064 0.7483
2.78587106 0.7506
2.78554664 0.7533
2.79061215 0.7553
2.80216271 0.7576
2.81915053 0.7609
2.83917997 0.7658
2.86008135 0.7737
2.87871264 0.7844
2.89371614 0.7976
2.90495939 0.8121
2.91218135 0.8249
2.91729518 0.8350
2.91858061 0.8393
2.91584964 0.8378
2.90947252 0.8320
2.89889581 0.8222
2.88589729 0.8115
2.86976014 0.8008
2.85103764 0.7921
2.83206859 0.7856
2.81538786 0.7820
2.80028522 0.7790
2.78885037 0.7770
2.78119865 0.7753
2.77892665 0.7751
2.78196981 0.7768
2.78941993 0.7809
2.79940367 0.7880
2.81070299 0.7981
2.82139910 0.8097
2.83015469 0.8211
2.83620748 0.8304
2.83919510 0.8356
2.83880621 0.8354
2.83417363 0.8284
2.82487464 0.8140
2.81022242 0.7945
2.79124028 0.7731
2.76849909 0.7533
2.74248371 0.7367
2.71472535 0.7246
2.68736313 0.7162
2.66162356 0.7098
2.63728692 0.7039
2.61531838 0.6983
2.59629701 0.6939
2.58104580 0.6916
2.57057831 0.6919
2.56529377 0.6949
2.56665837 0.7009
2.57392329 0.7096
2.58665842 0.7205
2.60316426 0.7324
2.62194036 0.7441
2.64045367 0.7539
2.65863471 0.7613
2.67388851 0.7654
2.68416514 0.7661
2.68878781 0.7641
2.68927803 0.7617
2.68611463 0.7599
2.68062131 0.7596
2.67281505 0.7601
2.66299448 0.7602
2.65272177 0.7596
2.64247791 0.7574
2.63275655 0.7537
2.62480059 0.7504
2.62014768 0.7486
2.62077897 0.7502
2.62656810 0.7549
2.63758307 0.7621
2.65299918 0.7715
2.67225643 0.7817
2.69324812 0.7913
2.71464054 0.7990
2.73461527 0.8037
2.75253908 0.8060
2.76838122 0.8068
2.78074421 0.8070
2.79021463 0.8084
2.79622104 0.8111
2.79887731 0.8160
2.79904009 0.8232
2.79630444 0.8310
2.78988394 0.8369
2.77904008 0.8389
2.76282348 0.8355
2.74302702 0.8272
2.72064571 0.8150
2.69726697 0.8008
2.67437374 0.7863
2.65430774 0.7731
2.63743022 0.7615
2.62406424 0.7511
2.61525823 0.7419
2.61094758 0.7343
2.61094510 0.7273
2.61601579 0.7214
2.62561947 0.7164
2.63916360 0.7124
2.65606226 0.7100
2.67619271 0.7101
2.69769894 0.7125
2.71949839 0.7189
2.73894511 0.7287
2.75431908 0.7420
2.76537058 0.7569
2.77105273 0.7713
2.77117628 0.7816
2.76748459 0.7867
2.76250687 0.7875
2.75779439 0.7843
2.75427360 0.7795
2.75135584 0.7742
2.74882397 0.7688
2.74623217 0.7627
2.74272247 0.7554
2.73872486 0.7471
2.73428765 0.7379
2.73096257 0.7292
2.72855657 0.7210
2.72742376 0.7142
2.72634205 0.7090
2.72401159 0.7062
2.71943291 0.7057
2.71342642 0.7084
2.70534899 0.7136
2.69715897 0.7205
2.69011638 0.7282
2.68555122 0.7350
2.68430169 0.7397
2.68778795 0.7427
2.69612608 0.7460
2.70699876 0.7494
2.71976152 0.7540
2.73134202 0.7586
2.74140757 0.7634
2.74889093 0.7676
2.75300085 0.7692
2.75557180 0.7689
2.75709785 0.7665
2.76057726 0.7634
2.76647492 0.7599
2.77476860 0.7565
2.78359606 0.7523
2.79030840 0.7473
2.79329044 0.7420
2.78992926 0.7375
2.78044911 0.7358
2.76460574 0.7357
2.74536658 0.7374
2.72647205 0.7400
2.71060969 0.7431
2.70033080 0.7469
2.69505556 0.7514
2.69429919 0.7566
2.69793562 0.7623
2.70284870 0.7669
2.70663256 0.7687
2.70806620 0.7673
2.70520578 0.7629
2.69861547 0.7556
2.69019026 0.7473
2.68228673 0.7402
2.67396060 0.7332
2.66536489 0.7259
2.65567286 0.7176
2.64454282 0.7074
2.63324743 0.6958
2.62174157 0.6833
2.61179499 0.6721
2.60572534 0.6648
2.60285153 0.6610
2.60421220 0.6617
2.61060790 0.6679
2.62020780 0.6783
2.63192847 0.6925
2.64401535 0.7086
2.65627325 0.7257
2.66766581 0.7408
2.67756550 0.7536
2.68619838 0.7641
2.69217109 0.7715
2.69700284 0.7777
2.70043492 0.7834
2.70085470 0.7885
2.69889331 0.7937
2.69441359 0.7976
2.68807821 0.8003
2.67860433 0.7993
2.66646415 0.7945
2.65382176 0.7870
2.64254024 0.7788
2.63405446 0.7713
2.62958642 0.7660
2.63094991 0.7654
2.63651931 0.7671
2.64828811 0.7729
2.66405190 0.7806
2.68263438 0.7893
2.70318547 0.7985
2.72403375 0.8067
2.74448122 0.8150
2.76379633 0.8244
2.78082192 0.8358
2.79478189 0.8484
2.80487888 0.8608
2.81174130 0.8713
2.81619502 0.8788
2.81561755 0.8810
2.81078047 0.8786
2.80287633 0.8725
2.79329195 0.8637
2.78262537 0.8550
2.77157878 0.8472
2.76185909 0.8424
2.75366870 0.8405
2.74933965 0.8418
2.74903912 0.8454
2.75332273 0.8502
2.76125496 0.8553
2.77144263 0.8590
2.78325829 0.8606
2.79499353 0.8590
2.80581267 0.8546
2.81453651 0.8492
2.82095854 0.8456
2.82319271 0.8440
2.82128775 0.8447
2.81314463 0.8446
2.79914185 0.8418
2.78044236 0.8357
2.75979460 0.8272
2.73868227 0.8174
2.71817425 0.8075
2.69910239 0.7982
2.68288481 0.7908
2.67047724 0.7852
2.66317939 0.7816
2.66220546 0.7798
2.66804374 0.7795
2.67940689 0.7803
2.69414355 0.7814
2.71006601 0.7819
2.72582399 0.7821
2.74061686 0.7828
2.75446820 0.7836
2.76679997 0.7847
2.77812382 0.7864
2.78788862 0.7892
2.79594127 0.7937
2.80133413 0.7987
2.80400993 0.8025
2.80433880 0.8046
2.80247852 0.8050
2.79916482 0.8049
2.79411885 0.8049
2.78785215 0.8062
2.78009318 0.8088
2.77166037 0.8126
2.76260333 0.8168
2.75401192 0.8213
2.74665581 0.8253
2.74081825 0.8282
2.73713473 0.8298
2.73572578 0.8304
2.73730208 0.8316
2.74194423 0.8346
2.74977421 0.8394
2.76013649 0.8451
2.77244219 0.8517
2.78702218 0.8588
2.80207091 0.8654
2.81795368 0.8705
2.83399086 0.8732
2.85051880 0.8742
2.86707925 0.8739
2.88219957 0.8733
2.89483167 0.8725
2.90207269 0.8718
2.90362998 0.8717
2.90029102 0.8726
2.89234964 0.8744
2.88043715 0.8761
2.86640256 0.8769
2.85281112 0.8764
2.84194270 0.8745
2.83337040 0.8705
2.82896632 0.8661
2.82697980 0.8609
2.82827083 0.8564
2.83257932 0.8542
2.83977593 0.8551
2.84905243 0.8586
2.86016796 0.8642
2.87266685 0.8714
2.88627784 0.8796
2.89828341 0.8869
2.90957953 0.8937
2.91820931 0.8998
2.92437449 0.9049
2.92793861 0.9088
2.92973008 0.9117
2.92817277 0.9135
2.92342682 0.9144
2.91685767 0.9144
2.90873204 0.9137
2.89875979 0.9121
2.88926831 0.9095
2.88059000 0.9061
2.87321836 0.9025
2.86713484 0.8995
2.86231762 0.8979
2.86064642 0.8984
2.86109756 0.9006
2.86342128 0.9033
2.86691267 0.9056
2.86961986 0.9063
2.87104252 0.9054
2.87016451 0.9029
2.86832651 0.8997
2.86485919 0.8962
2.86021555 0.8926
2.85356661 0.8885
2.84611451 0.8842
2.83759125 0.8794
2.82789156 0.8739
2.81647143 0.8674
2.80311299 0.8603
2.78835794 0.8528
2.77380566 0.8462
2.76020992 0.8412
2.74871794 0.8389
2.74062315 0.8405
2.73658014 0.8460
2.73735160 0.8548
2.74336768 0.8657
2.75340754 0.8770
2.76598870 0.8874
2.78114744 0.8968
2.79859064 0.9052
2.81841834 0.9132
2.84023272 0.9210
2.86282191 0.9284
2.88477730 0.9352
2.90394105 0.9412
2.91904897 0.9456
2.92774577 0.9481
2.92866511 0.9481
2.92294442 0.9463
2.90962977 0.9439
2.88964488 0.9423
2.86422630 0.9433
2.83651650 0.9474
2.80904882 0.9541
2.78302216 0.9619
2.76040341 0.9691
2.74157280 0.9736
2.72762375 0.9750
2.71884833 0.9746
2.71435136 0.9733
2.71397339 0.9719
2.71782606 0.9707
2.72613688 0.9704
2.73940257 0.9703
2.75679383 0.9702
2.77835386 0.9699
2.80305138 0.9691
2.82891684 0.9680
2.85416108 0.9664
2.87660800 0.9646
2.89382841 0.9634
2.90583746 0.9630
2.91189399 0.9647
2.91297170 0.9706
2.90941122 0.9806
2.90255400 0.9933
2.89380204 1.0073
2.88224279 1.0198
2.87004701 1.0295
2.85987687 1.0356
2.85133402 1.0379
2.84645928 1.0387
2.84482079 1.0387
2.84551744 1.0391
2.84824379 1.0398
2.85260460 1.0404
2.85850471 1.0402
2.86659208 1.0383
2.87666111 1.0339
2.88837506 1.0269
2.90053137 1.0180
2.91157012 1.0081
2.92231519 0.9993
2.93125201 0.9927
2.93837018 0.9897
2.94173526 0.9905
2.94214025 0.9947
2.93961725 1.0012
2.93367424 1.0086
2.92495384 1.0164
2.91339749 1.0220
2.90002443 1.0258
2.88638759 1.0272
2.87401791 1.0271
2.86251088 1.0263
2.85344912 1.0255
2.84512332 1.0245
2.83632674 1.0225
2.82805665 1.0195
2.81999705 1.0152
2.81121086 1.0087
2.80376773 1.0012
2.79835911 0.9931
2.79612277 0.9857
2.79952392 0.9799
2.80810832 0.9765
2.81904022 0.9745
2.83225843 0.9738
2.84625222 0.9741
2.85990576 0.9754
2.87318392 0.9771
2.88504463 0.9790
2.89522478 0.9811
2.90249301 0.9824
2.90617492 0.9829
2.90734917 0.9833
2.90582331 0.9837
2.90237709 0.9848
2.89600431 0.9862
2.88854457 0.9878
2.87958074 0.9891
2.86939520 0.9892
2.85933295 0.9894
2.85137253 0.9892
2.84753014 0.9888
2.84824061 0.9889
2.85389313 0.9904
2.86431170 0.9928
2.87954678 0.9947
2.89739748 0.9961
2.91586337 0.9955
2.93269699 0.9939
2.94768864 0.9921
2.95862542 0.9907
2.96404979 0.9914
2.96391296 0.9928
2.95972623 0.9954
2.95182727 0.9981
2.94069379 1.0004
2.92791056 1.0020
2.91316638 1.0018
2.89679940 0.9999
2.87853564 0.9957
2.85997008 0.9900
2.84237826 0.9834
2.82865844 0.9782
2.82026438 0.9759
2.81794614 0.9756
2.82183543 0.9773
2.83054186 0.9804
2.84413525 0.9841
2.86059626 0.9868
2.87906273 0.9887
2.89813141 0.9905
2.91638110 0.9933
2.93190792 0.9970
2.94402632 1.0015
2.95148319 1.0062
2.95414803 1.0107
2.95277663 1.0150
2.94889486 1.0188
2.94208660 1.0207
2.93253963 1.0203
2.92202912 1.0178
2.91083207 1.0134
2.90235772 1.0100
2.89744930 1.0063
2.89705880 1.0038
2.90294615 1.0034
2.91430728 1.0044
2.93130399 1.0064
2.95055825 1.0075
2.97098113 1.0071
2.99015687 1.0036
3.00674180 0.9986
3.01823909 0.9926
3.02341343 0.9873
3.02142376 0.9831
3.01052148 0.9806
2.99141064 0.9797
2.96567946 0.9805
2.93504629 0.9816
2.90090661 0.9814
2.86583617 0.9784
2.83162476 0.9716
2.80129181 0.9618
2.77764069 0.9512
2.76278689 0.9426
2.75687611 0.9371
2.76059153 0.9354
2.77460283 0.9401
2.79726512 0.9492
2.82644912 0.9610
2.86010824 0.9726
2.89770059 0.9827
2.93731385 0.9897
2.97622523 0.9936
3.00955457 0.9945
3.03511688 0.9945
3.04981615 0.9953
3.05291190 0.9977
3.04192044 1.0015
3.01891723 1.0054
2.98639651 1.0076
2.94723212 1.0066
2.90504865 1.0010
2.86422488 0.9922
2.82885609 0.9816
2.80056416 0.9707
2.78172434 0.9619
2.77392925 0.9570
2.77603858 0.9565
2.78720094 0.9599
2.80525798 0.9664
2.82716388 0.9736
2.85157144 0.9804
2.87635490 0.9852
2.90084737 0.9885
2.92280114 0.9907
2.93970919 0.9922
2.95029566 0.9953
2.95299939 1.0005
2.94698164 1.0066
2.93207869 1.0118
2.91008867 1.0136
2.88234848 1.0098
2.85167615 0.9996
2.82141516 0.9851
2.79438014 0.9687
2.77215432 0.9521
2.75768290 0.9392
2.75240460 0.9331
2.75593168 0.9336
2.76663617 0.9402
2.78367070 0.9518
2.80420905 0.9647
2.82631517 0.9778
2.84836071 0.9883
2.86793285 0.9950
2.88493641 0.9981
2.89903851 0.9987
2.91061471 0.9990
2.91891062 1.0002
2.92274320 1.0033
2.92118964 1.0075
2.91448677 1.0115
2.90348517 1.0137
2.88957926 1.0123
2.87500429 1.0069
2.86156370 0.9992
2.85166105 0.9919
2.84524802 0.9869
2.84221224 0.9863
2.84392533 0.9906
2.84989344 0.9987
2.85981701 1.0084
2.87213162 1.0177
2.88668349 1.0237
2.90091839 1.0248
2.91340093 1.0206
2.92296956 1.0119
2.93013565 1.0009
2.93496077 0.9902
2.93584554 0.9819
2.93330381 0.9775
2.92731594 0.9774
2.91752883 0.9805
2.90485894 0.9848
2.89109839 0.9878
2.87885205 0.9882
2.86686598 0.9859
2.85697652 0.9819
2.85112714 0.9767
2.84954930 0.9730
2.85061259 0.9707
2.85452984 0.9704
2.86123550 0.9716
2.87067450 0.9739
2.88173991 0.9755
2.89455060 0.9752
2.90865170 0.9717
2.92410080 0.9657
2.93933416 0.9584
2.95258520 0.9513
2.96174887 0.9467
2.96519587 0.9441
2.96327541 0.9460
2.95542768 0.9519
2.94297681 0.9592
2.92737194 0.9655
2.91234866 0.9709
2.89919166 0.9741
2.89105499 0.9757
2.89035905 0.9771
2.89646627 0.9801
2.90727144 0.9848
2.92210872 0.9920
2.93968056 1.0007
2.95835447 1.0093
2.97777438 1.0170
2.99695334 1.0217
3.01558380 1.0219
3.03187415 1.0174
3.04419854 1.0087
3.05132804 0.9979
3.05100659 0.9862
3.04247650 0.9746
3.02588545 0.9643
3.00139715 0.9555
2.97188057 0.9480
2.93984409 0.9420
2.90882781 0.9373
2.88193639 0.9328
2.86059707 0.9287
2.84634775 0.9258
2.83954690 0.9255
2.83844171 0.9281
2.84243901 0.9332
2.85050291 0.9392
2.86021697 0.9453
2.87117455 0.9503
2.88350241 0.9527
2.89694083 0.9517
2.91125029 0.9467
2.92570574 0.9382
2.93828413 0.9273
2.94618875 0.9156
2.94831699 0.9053
2.94237511 0.8972
2.92984651 0.8922
2.91346740 0.8905
2.89686427 0.8919
2.88220944 0.8948
2.87113393 0.8983
2.86583109 0.9017
2.86604421 0.9049
2.87119014 0.9080
2.87909184 0.9117
2.88797873 0.9164
2.89645344 0.9223
2.90307160 0.9276
2.90814312 0.9318
2.91298416 0.9332
2.91835372 0.9315
2.92317850 0.9258
2.92795062 0.9166
2.93232372 0.9052
2.93512606 0.8928
2.93565649 0.8814
2.93234382 0.8728
2.92571337 0.8680
2.91754597 0.8675
2.90881084 0.8718
2.90124612 0.8795
2.89636726 0.8897
2.89494361 0.9012
2.89563884 0.9123
2.89776220 0.9225
2.90019240 0.9319
2.90086732 0.9399
2.89996556 0.9457
2.89817038 0.9500
2.89655577 0.9518
2.89617519 0.9509
2.89732967 0.9469
2.90080083 0.9406
2.90745073 0.9331
2.91575358 0.9251
2.92466326 0.9184
2.93414131 0.9136
2.94156600 0.9110
2.94545581 0.9094
2.94571960 0.9080
2.94278894 0.9061
2.93806270 0.9041
2.93311901 0.9019
2.92972047 0.9007
2.92850247 0.9004
2.92766313 0.9010
2.92665593 0.9029
2.92453871 0.9055
2.92009195 0.9084
2.91324541 0.9104
2.90548073 0.9116
2.89757642 0.9117
2.89007806 0.9096
2.88472352 0.9045
2.88294542 0.8985
2.88486952 0.8923
2.88899003 0.8872
2.89489706 0.8838
2.90111134 0.8820
2.90590326 0.8807
2.91077877 0.8799
2.91542679 0.8795
2.92058082 0.8796
2.92651723 0.8799
2.93409671 0.8801
2.94266741 0.8805
2.95072614 0.8808
2.95749500 0.8825
2.96176750 0.8857
2.96186402 0.8901
2.95795421 0.8956
2.95062618 0.9002
2.93880769 0.9023
2.92360245 0.9013
2.90852169 0.8980
2.89603596 0.8930
2.88764202 0.8885
2.88377690 0.8844
2.88500776 0.8818
2.89026911 0.8807
2.89741859 0.8795
2.90519679 0.8777
2.91328667 0.8746
2.92229924 0.8712
2.93247381 0.8684
2.94497023 0.8664
2.95784782 0.8657
2.97005512 0.8658
2.98051991 0.8670
2.98712905 0.8687
2.98845278 0.8701
2.98540025 0.8708
2.97799254 0.8698
2.96487278 0.8655
2.94942708 0.8592
2.93168983 0.8513
2.91631898 0.8437
2.90640548 0.8380
2.90331060 0.8360
2.90897478 0.8376
2.92308148 0.8415
2.94244809 0.8451
2.96361640 0.8469
2.98214219 0.8449
2.99606905 0.8401
3.00335409 0.8341
3.00236741 0.8291
2.99465754 0.8272
2.98150810 0.8295
2.96512743 0.8350
2.94614879 0.8412
2.92698284 0.8459
2.90687413 0.8468
2.88619845 0.8435
2.86605455 0.8366
2.84945187 0.8276
2.83799499 0.8194
2.83324291 0.8137
2.83514298 0.8118
2.84424447 0.8142
2.85975521 0.8202
2.88148527 0.8287
2.90609384 0.8367
2.93098904 0.8420
2.95355167 0.8431
2.97134904 0.8405
2.98319711 0.8359
2.98768973 0.8317
2.98621975 0.8303
2.97970010 0.8328
2.96781790 0.8380
2.95045408 0.8426
2.92913778 0.8441
2.90444825 0.8407
2.87876406 0.8310
2.85381558 0.8179
2.83321072 0.8053
2.81905129 0.7960
2.81350484 0.7922
2.81741936 0.7948
2.82978844 0.8015
2.84907323 0.8117
2.87395251 0.8219
2.90180196 0.8293
2.93187988 0.8311
2.96243530 0.8262
2.99212499 0.8163
3.01944361 0.8051
3.04124793 0.7943
3.05481509 0.7861
3.05863197 0.7817
3.05341925 0.7804
3.04008187 0.7804
3.01934848 0.7806
2.99104954 0.7792
2.95613573 0.7753
2.91725728 0.7695
2.87762730 0.7628
2.84069929 0.7566
2.81118587 0.7522
2.79175981 0.7501
2.78341210 0.7505
2.78523729 0.7522
2.79653716 0.7545
2.81386574 0.7557
2.83607455 0.7554
2.86189421 0.7531
2.89099263 0.7508
2.92163142 0.7490
2.95269133 0.7497
2.98069871 0.7532
3.00265663 0.7589
3.01534500 0.7651
3.01943742 0.7706
3.01565597 0.7737
3.00563665 0.7741
2.99090766 0.7731
2.97371532 0.7719
2.95659199 0.7719
2.94228711 0.7740
2.93265616 0.7775
2.92878383 0.7816
2.93120293 0.7857
2.93916820 0.7894
2.95125224 0.7914
2.96731452 0.7923
2.98687738 0.7917
3.00912784 0.7904
3.03185239 0.7893
3.05360438 0.7898
3.07082115 0.7924
3.08181071 0.7979
3.08436667 0.8064
3.07857048 0.8150
3.06470107 0.8207
3.04385625 0.8210
3.01738999 0.8151
2.98653167 0.8044
2.95528822 0.7923
2.92726715 0.7819
2.90562109 0.7762
2.89202459 0.7749
2.88815904 0.7778
2.89263932 0.7821
2.90231958 0.7858
2.91533367 0.7875
2.93036342 0.7866
2.94629505 0.7828
2.96162452 0.7789
2.97519574 0.7757
2.98490723 0.7743
2.99138510 0.7760
2.99400583 0.7812
2.99199780 0.7894
2.98589280 0.7996
2.97613049 0.8100
2.96227362 0.8188
2.94568176 0.8246
2.92656377 0.8269
2.90574907 0.8263
2.88490510 0.8234
2.86612315 0.8187
2.85176166 0.8138
2.84302783 0.8091
2.84174219 0.8047
2.84689581 0.7998
2.85853685 0.7936
2.87485542 0.7855
2.89437858 0.7762
2.91508640 0.7672
2.93512783 0.7592
2.95372782 0.7543
2.97024425 0.7531
2.98299175 0.7560
2.99070790 0.7631
2.99418670 0.7738
2.99221018 0.7859
2.98482143 0.7976
2.97281883 0.8064
2.95617944 0.8104
2.93624906 0.8091
2.91519807 0.8037
2.89469212 0.7961
2.87607402 0.7876
2.86072435 0.7797
2.84965133 0.7728
2.84246041 0.7675
2.83836222 0.7632
2.83688737 0.7594
2.83850032 0.7576
2.84345304 0.7578
2.85254813 0.7616
2.86576959 0.7683
2.88208924 0.7787
2.90111330 0.7919
2.92060570 0.8069
2.93898153 0.8228
2.95382355 0.8382
2.96357017 0.8514
2.96661521 0.8609
2.96246236 0.8662
2.95304073 0.8673
2.94084387 0.8648
2.92687700 0.8586
2.91228414 0.8507
2.89819246 0.8421
2.88668869 0.8353
2.87841478 0.8306
2.87472175 0.8289
2.87578267 0.8299
2.88146727 0.8337
2.89081237 0.8391
2.90255034 0.8451
2.91431400 0.8508
2.92632960 0.8569
2.93876385 0.8638
2.95080799 0.8726
2.96230655 0.8835
2.97173201 0.8954
2.97846463 0.9070
2.98239816 0.9176
2.98361376 0.9270
2.98261187 0.9351
2.97988046 0.9415
2.97635003 0.9463
2.97202524 0.9491
2.96734098 0.9501
2.96163601 0.9498
2.95609796 0.9504
2.95125503 0.9524
2.94808988 0.9551
2.94523295 0.9581
2.94370437 0.9601
2.94387856 0.9610
2.94429273 0.9597
2.94308199 0.9559
2.93986203 0.9495
2.93513363 0.9398
2.92899047 0.9289
2.92253365 0.9180
2.91717891 0.9078
2.91383631 0.9000
2.91299829 0.8950
2.91477198 0.8923
2.92081280 0.8919
2.92960777 0.8939
2.94051188 0.8982
2.95215001 0.9054
2.96384166 0.9160
2.97438024 0.9288
2.98337518 0.9423
2.99259776 0.9553
3.00207475 0.9675
3.01178490 0.9784
3.02024488 0.9870
3.02637691 0.9923
3.02863195 0.9932
3.02780333 0.9895
3.02412126 0.9817
3.01958825 0.9714
3.01285258 0.9595
3.00321741 0.9496
2.98905930 0.9411
2.97007949 0.9339
2.94883545 0.9288
2.92614307 0.9237
2.90550526 0.9185
2.88957817 0.9123
2.87899656 0.9061
2.87518220 0.8998
2.87632003 0.8953
2.88064992 0.8924
2.88781205 0.8911
2.89643764 0.8921
2.90733314 0.8961
2.91924100 0.9017
2.93088092 0.9076
2.94073504 0.9134
2.94822460 0.9174
2.95296176 0.9196
2.95526160 0.9198
2.95647263 0.9192
2.95637204 0.9191
2.95436628 0.9195
2.94942863 0.9206
2.94123411 0.9208
2.92935253 0.9185
2.91408323 0.9128
2.89917216 0.9041
2.88624413 0.8938
2.87672430 0.8826
2.87294401 0.8735
2.87429562 0.8680
2.87956836 0.8664
2.88694195 0.8680
2.89589818 0.8720
2.90475510 0.8763
2.91255741 0.8797
2.91842142 0.8806
2.92171808 0.8791
2.92205290 0.8754
2.92016298 0.8706
2.91587228 0.8664
2.90972554 0.8642
2.90301934 0.8644
2.89750422 0.8675
2.89382539 0.8714
2.89190354 0.8750
2.89028495 0.8760
2.89053150 0.8749
2.89228635 0.8723
2.89460280 0.8694
2.89724786 0.8679
2.89947194 0.8691
2.90145321 0.8740
2.90298565 0.8823
2.90323606 0.8923
2.90096522 0.9006
2.89637539 0.9052
2.88959628 0.9050
2.88146333 0.9001
2.87370559 0.8915
2.86697148 0.8818
2.86242652 0.8737
2.86027341 0.8693
2.86238294 0.8700
2.86873736 0.8753
2.87881272 0.8848
2.89136960 0.8958
2.90515503 0.9064
2.91906928 0.9155
2.93125964 0.9231
2.94175492 0.9305
2.94866980 0.9390
2.95373482 0.9504
2.95823958 0.9651
2.96297327 0.9812
2.96913557 0.9978
2.97448404 1.0104
2.97875045 1.0186
2.98047834 1.0199
2.97751357 1.0142
2.97098835 1.0029
2.96178991 0.9889
2.95025682 0.9750
2.94006219 0.9645
2.93213546 0.9566
2.92767558 0.9524
2.92645553 0.9512
2.92813590 0.9510
2.93031724 0.9495
2.93323078 0.9460
2.93439276 0.9403
2.93389192 0.9342
2.93040235 0.9296
2.92576079 0.9286
2.92082030 0.9325
2.91683332 0.9412
2.91325770 0.9523
2.91052226 0.9636
2.90697636 0.9722
2.90194617 0.9749
2.89387865 0.9706
2.88191672 0.9622
2.86618030 0.9504
2.84836602 0.9386
2.83114490 0.9299
2.81690601 0.9257
2.80772213 0.9262
2.80483740 0.9309
2.80852001 0.9381
2.81721482 0.9460
2.82849888 0.9530
2.84005975 0.9579
2.85083257 0.9609
2.85825873 0.9621
2.86350072 0.9632
2.86682798 0.9645
2.86747371 0.9663
2.86609140 0.9672
2.86269641 0.9656
2.85710853 0.9609
2.84960316 0.9519
2.84051050 0.9391
2.83006971 0.9237
2.82076499 0.9084
2.81315293 0.8961
2.80910144 0.8895
2.80887101 0.8896
2.81279343 0.8958
2.81940649 0.9067
2.82705426 0.9196
2.83499577 0.9314
2.84333867 0.9407
2.85111593 0.9451
2.85856034 0.9468
2.86522000 0.9459
2.87122392 0.9455
2.87542643 0.9463
2.87757577 0.9487
2.87580226 0.9519
2.87121947 0.9557
2.86230717 0.9582
2.85123851 0.9591
2.83887130 0.9580
2.82616915 0.9531
2.81569693 0.9468
2.80967348 0.9411
2.80953890 0.9368
2.81614284 0.9366
2.82721413 0.9414
2.84119710 0.9511
2.85424790 0.9639
2.86398991 0.9768
2.86932984 0.9863
2.87285249 0.9915
2.87813141 0.9936
2.88745529 0.9952
2.89858628 0.9971
2.90972784 0.9998
2.91824869 1.0030
2.92139988 1.0068
2.91746076 1.0112
2.90701399 1.0158
2.89082141 1.0185
2.87016886 1.0184
2.84801178 1.0138
2.82802221 1.0043
2.81230281 0.9917
2.80215686 0.9792
2.79855969 0.9660
2.80143684 0.9551
2.80834788 0.9463
2.81997925 0.9399
2.83463350 0.9368
2.84907780 0.9354
2.86231227 0.9379
2.87348081 0.9417
2.88511838 0.9488
2.89690406 0.9578
2.90953880 0.9684
2.92303595 0.9785
2.93583810 0.9879
2.94414280 0.9934
2.94721274 0.9971
2.94469238 1.0008
2.93597424 1.0036
2.92388857 1.0068
2.90940168 1.0093
2.89547614 1.0123
2.88423018 1.0159
2.87550827 1.0181
2.86951388 1.0206
2.86689263 1.0214
2.86535254 1.0196
2.86513592 1.0147
2.86655731 1.0090
2.86829530 1.0019
2.86945005 0.9955
2.86915084 0.9896
2.87005821 0.9868
2.87240155 0.9855
2.87555361 0.9845
2.88037930 0.9838
2.88732340 0.9826
2.89552750 0.9808
2.90499819 0.9793
2.91575146 0.9789
2.92849570 0.9810
2.94252899 0.9851
2.95781900 0.9914
2.96984471 0.9978
2.97910638 1.0039
2.98411688 1.0084
2.98606150 1.0118
2.98206165 1.0133
2.97323329 1.0132
2.96058725 1.0116
2.94499413 1.0085
2.92899839 1.0056
2.91265058 1.0031
2.89700050 1.0004
2.88228643 0.9964
2.86864967 0.9902
2.85807926 0.9815
2.85099046 0.9712
2.84765361 0.9597
2.84883042 0.9501
2.85474299 0.9433
2.86500023 0.9413
2.88004043 0.9444
2.89871383 0.9515
2.91828242 0.9585
2.93693831 0.9650
2.95212988 0.9700
2.96296214 0.9734
2.96829608 0.9765
2.96936426 0.9814
2.96625055 0.9893
2.96065152 1.0008
2.95327614 1.0152
2.94352168 1.0308
2.93152704 1.0450
2.91617924 1.0548
2.89751193 1.0581
2.87823897 1.0547
2.85842447 1.0451
2.84009818 1.0318
2.82630972 1.0179
2.82036365 1.0066
2.82066323 0.9978
2.82809939 0.9929
2.84035259 0.9900
2.85405624 0.9864
2.86613349 0.9810
2.87584378 0.9739
2.88291126 0.9661
2.88516782 0.9578
2.88490026 0.9522
2.88370978 0.9513
2.88104931 0.9561
2.87746348 0.9664
2.87202270 0.9803
2.86437792 0.9950
2.85461000 1.0081
2.84239261 1.0169
2.82871910 1.0197
2.81451359 1.0174
2.79986850 1.0109
2.78726814 1.0021
2.77958236 0.9939
2.77826508 0.9882
2.78534972 0.9859
2.80099126 0.9868
2.82289121 0.9898
2.84775604 0.9930
2.87215303 0.9953
2.89223613 0.9970
2.90520149 0.9971
2.91034699 0.9980
2.90865086 1.0018
2.89973298 1.0077
2.88384859 1.0154
2.86417607 1.0236
2.84252510 1.0313
2.81998707 1.0363
2.79904408 1.0374
2.78142393 1.0332
2.76953846 1.0257
2.76177798 1.0162
2.76050348 1.0080
2.76532263 1.0033
2.77563175 1.0028
2.79033462 1.0056
2.81019493 1.0102
2.83336659 1.0143
2.85942815 1.0162
2.88575549 1.0150
2.90902342 1.0114
2.92625951 1.0072
2.93604613 1.0048
2.93698113 1.0069
2.92932482 1.0146
2.91325174 1.0258
2.89151125 1.0396
2.86622650 1.0530
2.84093498 1.0635
2.81857818 1.0682
2.80045489 1.0671
2.78529604 1.0603
2.77319765 1.0500
2.76587930 1.0391
2.76455455 1.0292
2.76966177 1.0222
2.78287328 1.0193
2.80277529 1.0190
2.82969118 1.0204
2.86250972 1.0219
2.89770451 1.0217
2.93349826 1.0209
2.96804672 1.0207
2.99764373 1.0233
3.01941540 1.0303
3.03100973 1.0409
3.03033187 1.0543
3.01620998 1.0688
2.98965646 1.0819
2.95532508 1.0907
2.91645135 1.0934
2.87716745 1.0889
2.84167288 1.0778
2.81299222 1.0635
2.79347472 1.0497
2.78489599 1.0395
2.78928123 1.0347
2.80559201 1.0354
2.83157198 1.0402
2.86591918 1.0469
2.90641005 1.0530
2.94832567 1.0571
2.98819082 1.0590
3.02289078 1.0597
3.05042254 1.0603
3.06847436 1.0615
3.07607424 1.0636
3.07352068 1.0660
3.06270388 1.0679
3.04341203 1.0690
3.01703901 1.0686
2.98657918 1.0663
2.95502780 1.0618
2.92370079 1.0558
2.89328672 1.0494
2.86666106 1.0432
2.84568306 1.0383
2.83107233 1.0354
2.82375382 1.0349
2.82220454 1.0353
2.82514226 1.0365
2.83056206 1.0369
2.83674251 1.0377
2.84481247 1.0389
2.85262569 1.0408
2.86057998 1.0438
2.86721288 1.0477
2.87178949 1.0514
2.87193801 1.0534
2.86717086 1.0521
2.85682074 1.0467
2.84281378 1.0383
2.82812256 1.0279
2.81563261 1.0175
2.80544755 1.0091
2.79705278 1.0035
2.79117381 1.0023
2.78737223 1.0045
2.78605579 1.0110
2.78567555 1.0197
2.78552604 1.0293
2.78506770 1.0387
2.78348127 1.0459
2.78184151 1.0517
2.77998782 1.0562
2.77899320 1.0602
2.77737789 1.0637
2.77477387 1.0657
2.77385451 1.0662
2.77246347 1.0636
2.76935754 1.0573
2.76553406 1.0474
2.75962968 1.0334
2.75227639 1.0172
2.74481449 1.0009
2.73808752 0.9863
2.73418470 0.9757
2.73433230 0.9700
2.73939166 0.9697
2.74870908 0.9726
2.76222876 0.9778
2.77714449 0.9830
2.79142582 0.9871
2.80306523 0.9905
2.81090864 0.9944
2.81468293 0.9996
2.81519890 1.0063
2.81216558 1.0135
2.80754596 1.0211
2.80259816 1.0268
2.79768091 1.0299
2.79370166 1.0305
2.79057217 1.0289
2.78754235 1.0261
2.78393857 1.0232
2.77964006 1.0211
2.77472637 1.0204
2.76984019 1.0219
2.76545170 1.0259
2.76337478 1.0322
2.76403439 1.0391
2.76733878 1.0453
2.77202259 1.0494
2.77780404 1.0510
2.78420215 1.0501
2.79113945 1.0475
2.79812496 1.0429
2.80343860 1.0369
2.80769459 1.0300
2.81017899 1.0231
2.81089280 1.0156
2.80955102 1.0080
2.80567592 0.9998
2.79977084 0.9897
2.79077865 0.9776
2.77736032 0.9638
2.76083638 0.9511
2.74209511 0.9414
2.72336848 0.9370
2.70651860 0.9390
2.69168514 0.9460
2.67953115 0.9551
2.66999517 0.9634
2.66312546 0.9687
2.65938912 0.9712
2.66013736 0.9717
2.66581754 0.9716
2.67748123 0.9723
2.69462215 0.9741
2.71666032 0.9769
2.74376783 0.9825
2.77199161 0.9885
2.79905810 0.9940
2.82343335 0.9993
2.84374826 1.0034
2.85825625 1.0059
2.86736846 1.0075
2.87000223 1.0083
2.86736072 1.0103
2.85981734 1.0136
2.84828218 1.0193
2.83374033 1.0265
2.81612342 1.0345
2.79577232 1.0409
2.77422726 1.0454
2.75538630 1.0481
2.74171579 1.0506
2.73461177 1.0536
2.73535640 1.0582
2.74336212 1.0637
2.75824242 1.0687
2.77799176 1.0693
2.80248614 1.0663
2.82863841 1.0582
2.85572348 1.0467
2.88340910 1.0342
2.90971616 1.0232
2.93135490 1.0152
2.94623252 1.0107
2.95333004 1.0087
2.95188790 1.0098
2.94195916 1.0118
2.92518993 1.0142
2.90291426 1.0161
2.87846389 1.0175
2.85397331 1.0195
2.83239952 1.0233
2.81424111 1.0284
2.80218511 1.0351
2.79689998 1.0428
2.79856494 1.0511
2.80561605 1.0587
2.81737288 1.0666
2.83135664 1.0716
2.84635583 1.0747
2.85990520 1.0750
2.87158497 1.0735
2.87952353 1.0705
2.88291982 1.0666
2.88148477 1.0627
2.87694166 1.0599
2.86974708 1.0591
2.86089107 1.0595
2.85203804 1.0622
2.84213053 1.0660
2.83295607 1.0696
2.82547813 1.0736
2.82024824 1.0767
2.81782756 1.0798
2.81894557 1.0824
2.82556413 1.0845
2.83935851 1.0859
2.85911339 1.0857
2.88463462 1.0835
2.91275969 1.0792
2.93877950 1.0719
2.96018752 1.0632
2.97534427 1.0545
2.98334125 1.0468
2.98444397 1.0406
2.98012378 1.0364
2.97084193 1.0343
2.95655206 1.0336
2.93885831 1.0335
2.91927617 1.0321
2.90039541 1.0296
2.88338283 1.0265
2.87007863 1.0234
2.86112990 1.0231
2.85878430 1.0258
2.86134958 1.0317
2.87039349 1.0402
2.88511788 1.0500
2.90599420 1.0588
2.93134662 1.0658
2.95911320 1.0706
2.98764247 1.0737
3.01769772 1.0767
3.04392435 1.0798
3.06315223 1.0853
3.07373175 1.0931
3.07277534 1.1040
3.06120807 1.1166
3.03894661 1.1293
3.00907274 1.1396
2.97390868 1.1458
2.93784491 1.1475
2.90354685 1.1440
2.87295925 1.1388
2.84655604 1.1324
2.82766274 1.1274
2.81563551 1.1233
2.81161517 1.1192
2.81512794 1.1135
2.82517079 1.1057
2.84056975 1.0956
2.86022759 1.0847
2.88267310 1.0745
2.90515954 1.0660
2.92714585 1.0599
2.94624202 1.0566
2.95892456 1.0562
2.96415602 1.0594
2.95949823 1.0650
2.94578586 1.0721
2.92339881 1.0784
2.89419100 1.0826
2.86176654 1.0844
2.82859677 1.0846
2.79801572 1.0828
2.77245307 1.0804
2.75201581 1.0770
2.73797752 1.0732
2.73014805 1.0681
2.72732882 1.0607
2.72874141 1.0514
2.73272080 1.0403
2.74122299 1.0308
2.75439708 1.0242
2.77135267 1.0221
2.79229466 1.0233
2.81502888 1.0279
2.83591920 1.0328
2.85349877 1.0369
2.86707693 1.0384
2.87448013 1.0363
2.87657222 1.0327
2.87530995 1.0288
2.87132974 1.0267
2.86444750 1.0276
2.85551059 1.0315
2.84436509 1.0375
2.83157329 1.0430
2.81756911 1.0463
2.80367270 1.0456
2.78805336 1.0391
2.77325391 1.0300
2.75919754 1.0188
2.74620860 1.0072
2.73614125 0.9981
2.73046769 0.9936
2.73001606 0.9933
2.73418324 0.9962
2.74211376 1.0001
2.75077287 1.0026
2.75907285 1.0018
2.76471599 0.9968
2.77043420 0.9900
2.77920257 0.9835
2.79323546 0.9809
2.81117010 0.9828
2.83055063 0.9885
2.84783767 0.9953
2.86100761 1.0009
2.86829545 1.0042
2.87067816 1.0049
2.87050408 1.0047
2.86874043 1.0035
2.86728705 1.0036
2.86745176 1.0055
2.86932367 1.0097
2.87291707 1.0163
2.87876137 1.0250
2.88572844 1.0348
2.89071365 1.0438
2.89286947 1.0509
2.89298266 1.0542
2.88952188 1.0523
2.88397930 1.0459
2.87774727 1.0376
2.87463919 1.0298
2.87440098 1.0245
2.87613583 1.0214
2.87757251 1.0194
2.87683404 1.0171
2.87439284 1.0124
2.87173000 1.0043
2.87061920 0.9933
2.87102398 0.9811
2.87539332 0.9697
2.88351249 0.9614
2.89594303 0.9574
2.91229368 0.9583
2.92884889 0.9615
2.94375642 0.9669
2.95451835 0.9725
2.95761112 0.9768
2.95426365 0.9782
2.94508641 0.9770
2.93254725 0.9730
2.92000152 0.9694
2.91063305 0.9678
2.90448812 0.9692
2.90053750 0.9732
2.89711781 0.9789
2.89626149 0.9855
2.89779947 0.9909
2.90061555 0.9948
2.90266379 0.9967
2.90233167 0.9965
2.90076016 0.9951
2.89882699 0.9938
2.90098084 0.9950
2.91055316 1.0005
2.92613777 1.0095
2.94883279 1.0214
2.97402334 1.0343
2.99631441 1.0457
3.01208311 1.0534
3.01940606 1.0565
3.01808682 1.0560
3.01117508 1.0521
3.00089116 1.0489
2.98766694 1.0454
2.97328690 1.0444
2.95612828 1.0450
2.93701743 1.0467
2.91697051 1.0480
2.89467669 1.0458
2.87157928 1.0405
2.84692226 1.0301
2.82277588 1.0157
2.80129021 0.9994
2.78595396 0.9846
2.77928058 0.9745
2.78211153 0.9707
2.79100866 0.9708
2.80237888 0.9742
2.81206173 0.9777
2.81655192 0.9796
2.81598364 0.9790
2.81244037 0.9777
2.80825469 0.9759
2.80550034 0.9743
2.80511922 0.9735
2.80705443 0.9738
2.81075274 0.9742
2.81685967 0.9758
2.82360697 0.9766
2.83068543 0.9777
2.83687543 0.9772
2.84160445 0.9762
2.84665811 0.9761
2.85360359 0.9779
2.86450819 0.9836
2.88211899 0.9935
2.90447923 1.0062
2.92841571 1.0198
2.95081061 1.0310
2.96722023 1.0384
2.97270137 1.0410
2.96566790 1.0400
2.94724148 1.0357
2.92045082 1.0280
2.88854152 1.0182
2.85634618 1.0067
2.82886529 0.9951
2.80850744 0.9856
2.79850345 0.9795
2.79812420 0.9762
2.80478550 0.9757
2.81555577 0.9770
2.82879502 0.9782
2.84314218 0.9794
2.86034511 0.9814
2.88146018 0.9833
2.90650953 0.9849
2.93688375 0.9856
2.96916735 0.9848
3.00044363 0.9828
3.02686231 0.9804
3.04427599 0.9794
3.04924464 0.9812
3.04162098 0.9861
3.02284467 0.9932
2.99413030 1.0002
2.95762060 1.0044
2.91705066 1.0044
2.87592859 0.9999
2.83734161 0.9927
2.80346989 0.9844
2.77577381 0.9762
2.75403526 0.9681
2.73867971 0.9615
2.73107792 0.9575
2.73068839 0.9562
2.73978149 0.9581
2.75728028 0.9622
2.78200548 0.9667
2.81112812 0.9696
2.84380936 0.9714
2.87556047 0.9713
2.90308086 0.9700
2.92328613 0.9689
2.93467699 0.9683
2.93432576 0.9672
2.92354453 0.9667
2.90459010 0.9652
2.88211978 0.9638
2.85796725 0.9617
2.83368292 0.9599
2.80977596 0.9585
2.78724390 0.9580
2.76640291 0.9591
2.74642825 0.9607
2.73015822 0.9656
2.71742865 0.9714
2.70893873 0.9784
2.70776510 0.9850
2.71491555 0.9908
2.73115260 0.9953
2.75389563 0.9959
2.78076523 0.9936
2.80666640 0.9883
2.82794831 0.9813
2.84293216 0.9746
2.85077046 0.9691
2.85265124 0.9648
2.85161093 0.9611
2.85168117 0.9584
2.85504136 0.9564
2.86223290 0.9559
2.87283313 0.9560
2.88285064 0.9564
2.88950154 0.9563
2.89017632 0.9557
2.88231246 0.9546
2.86740157 0.9540
2.84692469 0.9542
2.82553666 0.9559
2.80768201 0.9588
2.79577656 0.9625
2.78959724 0.9666
2.78724202 0.9694
2.78759502 0.9691
2.78752324 0.9662
2.78456895 0.9603
2.77691108 0.9523
2.76592076 0.9423
2.75397343 0.9318
2.74401626 0.9214
2.73973989 0.9133
2.74222418 0.9075
2.75042359 0.9050
2.76209082 0.9033
2.77468112 0.9019
2.78625085 0.9003
2.79376222 0.8984
2.79621912 0.8952
2.79447251 0.8920
2.79024713 0.8893
2.78437147 0.8862
2.77928011 0.8846
2.77274269 0.8819
2.76524667 0.8782
2.75697298 0.8741
2.74710737 0.8699
2.73434403 0.8650
2.71971380 0.8602
2.70544289 0.8548
2.69588384 0.8511
2.69570681 0.8517
2.70964467 0.8584
2.73988976 0.8725
2.78531056 0.8936
2.83737533 0.9169
2.89037101 0.9402
2.93815171 0.9606
2.97456483 0.9761
2.99850257 0.9868
3.00970559 0.9929
3.01154011 0.9949
3.00646035 0.9937
2.99616625 0.9898
2.98496126 0.9846
2.97243476 0.9782
2.95716000 0.9709
2.93774790 0.9629
2.91472805 0.9553
2.88921283 0.9479
2.86229574 0.9410
2.83932169 0.9351
2.82448637 0.9316
2.82226356 0.9313
2.83394850 0.9357
2.85956802 0.9437
2.89467100 0.9546
2.93216623 0.9666
2.96658633 0.9767
2.99124785 0.9835
3.00347381 0.9862
3.00311572 0.9853
2.99135396 0.9818
2.97137059 0.9757
2.94732966 0.9664
2.92092798 0.9549
2.89434310 0.9407
2.86814174 0.9240
2.84088742 0.9061
2.81232372 0.8874
2.78343804 0.8690
2.75533118 0.8513
2.73243212 0.8371
2.71896172 0.8278
2.71788640 0.8250
2.73083086 0.8292
2.75449659 0.8384
2.78589651 0.8513
2.82034529 0.8648
2.85282683 0.8763
2.88023958 0.8850
2.90043673 0.8901
2.91287296 0.8928
2.91756515 0.8939
2.91562030 0.8945
2.90780001 0.8951
2.89524951 0.8960
2.87875205 0.8971
2.85950755 0.8982
2.83807889 0.8987
2.81495458 0.8975
2.79084499 0.8936
2.76726281 0.8878
2.74600797 0.8807
2.73077142 0.8749
2.72318105 0.8711
2.72316296 0.8696
2.72977849 0.8705
2.74108595 0.8734
2.75318202 0.8772
2.76251769 0.8805
2.76767929 0.8838
2.76786607 0.8861
2.76292627 0.8873
2.75454318 0.8872
2.74507466 0.8865
2.73614823 0.8860
2.72917829 0.8866
2.72593710 0.8893
2.72456022 0.8932
2.72375578 0.8969
2.72182130 0.8990
2.71777885 0.8986
2.71185880 0.8955
2.70705621 0.8915
2.70582888 0.8876
2.71059435 0.8848
2.72248513 0.8835
2.74021091 0.8830
2.76256157 0.8829
2.78628426 0.8821
2.80746602 0.8802
2.82347251 0.8774
2.83283481 0.8750
2.83632527 0.8742
2.83473919 0.8758
2.82852388 0.8794
2.81883263 0.8841
2.80687333 0.8893
2.79297052 0.8933
2.77781497 0.8951
2.76268864 0.8946
2.74745839 0.8910
2.73218543 0.8841
2.71703529 0.8752
2.70375337 0.8661
2.69495844 0.8592
2.69385304 0.8570
2.70099567 0.8595
2.71565251 0.8664
2.73422060 0.8741
2.75172768 0.8798
2.76428417 0.8811
2.76989230 0.8779
2.76850073 0.8725
2.76172407 0.8677
2.75136526 0.8652
2.73973908 0.8652
2.72803644 0.8668
2.71746418 0.8688
2.70882223 0.8701
2.70399446 0.8703
2.70259455 0.8689
2.70510168 0.8661
2.71144857 0.8624
2.71994230 0.8585
2.73048188 0.8549
2.74463070 0.8529
2.76370267 0.8538
2.78853190 0.8583
2.81840811 0.8647
2.85056876 0.8704
2.88067926 0.8727
2.90533852 0.8699
2.92109411 0.8631
2.92760552 0.8543
2.92571956 0.8466
2.91837302 0.8427
2.90814010 0.8429
2.89742159 0.8472
2.88723557 0.8546
2.87859938 0.8635
2.87167687 0.8714
2.86727028 0.8788
2.86352075 0.8837
2.85979140 0.8856
2.85473625 0.8843
2.84804967 0.8806
2.84216025 0.8766
2.83867974 0.8745
2.83886313 0.8747
2.84456739 0.8781
2.85453850 0.8836
2.86674881 0.8896
2.87786750 0.8943
2.88538681 0.8971
2.88723254 0.8977
2.88251037 0.8968
2.87238173 0.8949
2.85857659 0.8918
2.84226258 0.8871
2.82481956 0.8795
2.80788537 0.8690
2.79151345 0.8558
2.77624713 0.8407
2.76327360 0.8260
2.75429157 0.8148
2.75156505 0.8088
2.75759851 0.8096
2.77349151 0.8169
2.79873248 0.8285
2.83154623 0.8416
2.86878420 0.8534
2.90617207 0.8619
2.94044398 0.8662
2.96694074 0.8664
2.98236978 0.8649
2.98495462 0.8642
2.97666162 0.8672
2.96165922 0.8735
2.94487068 0.8809
2.92877762 0.8873
2.91473930 0.8893
2.90349436 0.8857
2.89605040 0.8797
2.89097766 0.8719
2.88739538 0.8645
2.88732153 0.8606
2.89159468 0.8606
2.90127938 0.8644
2.91813027 0.8710
2.94268551 0.8789
2.97426179 0.8858
3.00967441 0.8883
3.04370704 0.8836
3.07035040 0.8715
3.08412798 0.8551
3.08402092 0.8397
3.06986548 0.8302
3.04620388 0.8287
3.01734064 0.8348
2.98629128 0.8452
2.95595726 0.8562
2.92903877 0.8641
2.90393969 0.8655
2.88037452 0.8607
2.85748297 0.8520
2.83588453 0.8422
2.81803399 0.8352
2.80385769 0.8325
2.79700613 0.8346
2.79992055 0.8418
2.81279688 0.8518
2.83273003 0.8617
2.85865128 0.8687
2.88620608 0.8705
2.91023715 0.8666
2.92939571 0.8594
2.94112581 0.8515
2.94638986 0.8466
2.94541887 0.8466
2.93990292 0.8515
2.92993129 0.8572
2.91669993 0.8610
2.89948447 0.8588
2.87777350 0.8499
2.85517230 0.8372
2.83305419 0.8241
2.81292983 0.8135
2.79746932 0.8080
2.78855466 0.8082
2.78686158 0.8131
2.79206822 0.8207
2.80473448 0.8289
2.82245527 0.8354
2.84245645 0.8376
2.86125618 0.8340
2.87545918 0.8260
2.88073198 0.8162
2.87882534 0.8083
2.87076090 0.8044
2.85864699 0.8048
2.84405375 0.8091
2.82819308 0.8158
2.81147377 0.8212
2.79238190 0.8237
2.77179498 0.8233
2.74959233 0.8207
2.72738847 0.8171
2.70697227 0.8144
2.69042395 0.8139
2.67991461 0.8161
2.67644291 0.8210
2.68209613 0.8283
2.69696486 0.8362
2.71815729 0.8427
2.74439218 0.8470
2.77170861 0.8474
2.79751940 0.8439
2.82012425 0.8382
2.83800006 0.8322
2.85195576 0.8279
2.86397376 0.8270
2.87593460 0.8313
2.88675257 0.8413
2.89629347 0.8557
2.90270407 0.8728
2.90440808 0.8898
2.89975640 0.9047
2.88857672 0.9147
2.87117732 0.9191
2.84893361 0.9188
2.82591445 0.9152
2.80329929 0.9096
2.78628868 0.9050
2.77551198 0.9014
2.77171299 0.8993
2.77449235 0.8979
2.78143855 0.8961
2.79066339 0.8933
2.80188594 0.8893
2.81351762 0.8843
2.82485891 0.8783
2.83660290 0.8730
2.84772196 0.8692
2.85780427 0.8664
2.86555713 0.8660
2.86983551 0.8664
2.87082384 0.8697
2.86815612 0.8724
2.86371169 0.8764
2.85588006 0.8804
2.84433601 0.8839
2.83002182 0.8869
2.81431912 0.8889
2.79941801 0.8893
2.78733091 0.8895
2.77932075 0.8902
2.77615693 0.8914
2.77929216 0.8936
2.78882724 0.8969
2.80524938 0.9017
2.82997483 0.9077
2.86195497 0.9146
2.89914664 0.9220
2.93957214 0.9303
2.97909740 0.9402
3.01270534 0.9519
3.03761610 0.9637
3.05292128 0.9733
3.06026564 0.9805
3.06107399 0.9847
3.05710798 0.9865
3.04894734 0.9862
3.03555964 0.9840
3.01576807 0.9794
2.99249910 0.9729
2.96905451 0.9664
2.94889928 0.9599
2.93326254 0.9535
2.92608665 0.9482
2.92623411 0.9438
2.93469163 0.9414
2.94994270 0.9414
2.96954905 0.9440
2.99237737 0.9498
3.01600433 0.9576
3.03673241 0.9659
3.05283593 0.9724
3.06256118 0.9760
3.06529474 0.9760
3.06302966 0.9726
3.05578194 0.9664
3.04374268 0.9578
3.02364175 0.9468
2.99805372 0.9354
2.96689611 0.9239
2.93240381 0.9148
2.89654859 0.9066
2.86440813 0.9000
2.83814433 0.8951
2.81892747 0.8917
2.80640850 0.8904
2.79933336 0.8918
2.79695393 0.8964
2.79822028 0.9036
2.80330882 0.9138
2.81213154 0.9263
2.82467363 0.9403
2.84129063 0.9543
2.86233303 0.9665
2.88709714 0.9760
2.91391998 0.9816
2.94141365 0.9834
2.96662615 0.9815
2.98792735 0.9773
3.00125396 0.9712
3.00535511 0.9638
3.00124324 0.9563
2.98822937 0.9494
2.96928865 0.9426
2.94725102 0.9368
2.92483511 0.9325
2.90414129 0.9304
2.88659194 0.9308
2.87189351 0.9325
2.85984316 0.9341
2.84942607 0.9340
2.84075371 0.9321
2.83355446 0.9278
2.82749662 0.9224
2.82166986 0.9159
2.81856917 0.9106
2.81736907 0.9072
2.81695298 0.9052
2.81946312 0.9055
2.82578511 0.9076
2.83409431 0.9107
2.84282589 0.9134
2.85177861 0.9150
2.85878067 0.9149
2.86479520 0.9134
2.86894840 0.9116
2.87112803 0.9111
2.87019981 0.9127
2.86700615 0.9174
2.86262335 0.9236
2.85734531 0.9291
2.84972316 0.9315
2.83667825 0.9296
2.81812443 0.9238
2.79530743 0.9153
2.77054898 0.9065
2.74603278 0.8986
2.72236486 0.8916
2.70239377 0.8857
2.68767413 0.8802
2.67904337 0.8754
2.67741125 0.8715
2.68188023 0.8689
2.68983776 0.8674
2.69902170 0.8668
2.70951080 0.8671
2.72090763 0.8682
2.73344131 0.8701
2.74663181 0.8729
2.75918238 0.8761
2.76812474 0.8792
2.77329452 0.8804
2.77482547 0.8787
2.77179003 0.8736
2.76471480 0.8663
2.75386967 0.8579
2.74049164 0.8501
2.72484911 0.8432
2.70920093 0.8377
2.69503523 0.8334
2.68414717 0.8289
2.67825812 0.8242
2.67716799 0.8189
2.68052298 0.8142
2.68674392 0.8105
2.69673878 0.8104
2.70836460 0.8136
2.72148237 0.8214
2.73651101 0.8345
2.75163234 0.8504
2.76763729 0.8686
2.78447987 0.8863
2.80149990 0.9021
2.81618010 0.9127
2.82720890 0.9183
2.83378117 0.9194
2.83589536 0.9178
2.83380087 0.9150
2.82874992 0.9121
2.82144843 0.9099
2.81371345 0.9078
2.80680703 0.9062
2.80239113 0.9049
2.79840206 0.9028
2.79646539 0.9009
2.79254517 0.8979
2.78807298 0.8947
2.78295984 0.8913
2.77646661 0.8873
2.76904673 0.8824
2.76314644 0.8772
2.75998157 0.8718
2.75955615 0.8656
2.76107667 0.8582
2.76218853 0.8489
2.76282826 0.8390
2.76204365 0.8294
2.75966941 0.8209