3.50154561 0.6179
3.52469904 0.6201
3.54451730 0.6246
3.55758589 0.6316
3.56073493 0.6404
3.55099205 0.6515
3.53081091 0.6634
3.50086486 0.6766
3.46355654 0.6913
3.42410430 0.7072
3.38681477 0.7236
3.35408487 0.7392
3.32871657 0.7530
3.31124032 0.7637
3.30084380 0.7698
3.29858964 0.7700
3.30273001 0.7648
3.31106775 0.7549
3.32425833 0.7427
3.34057513 0.7289
3.35913883 0.7161
3.37935566 0.7048
3.39962867 0.6961
3.41885710 0.6888
3.43482005 0.6826
3.44672040 0.6772
3.45099026 0.6739
3.44782178 0.6725
3.43805206 0.6741
3.42331957 0.6786
3.40710478 0.6840
3.39008895 0.6908
3.37499931 0.6969
3.36178715 0.7018
3.35023445 0.7045
3.33952482 0.7051
3.32998042 0.7042
3.32199974 0.7031
3.31521966 0.7020
3.30876834 0.7026
3.30159797 0.7058
3.29455432 0.7115
3.28764203 0.7186
3.28068609 0.7248
3.27366652 0.7290
3.26689054 0.7311
3.25898660 0.7306
3.25202907 0.7290
3.24675729 0.7287
3.24325063 0.7312
3.24278717 0.7368
3.24613228 0.7440
3.25541776 0.7508
3.27072860 0.7545
3.28913273 0.7550
3.30832101 0.7524
3.32838170 0.7466
3.34870452 0.7394
3.36757667 0.7329
3.38428963 0.7270
3.39852049 0.7226
3.40904874 0.7204
3.41471107 0.7198
3.41674266 0.7199
3.41613233 0.7176
3.41488031 0.7130
3.41243052 0.7059
3.40754467 0.6975
3.40157848 0.6894
3.39648213 0.6824
3.39097636 0.6785
3.38690510 0.6770
3.38465224 0.6792
3.38382570 0.6843
3.38745628 0.6917
3.39431443 0.6986
3.40257220 0.7049
3.41288467 0.7099
3.42387625 0.7127
3.43389128 0.7151
3.43865421 0.7190
3.43880581 0.7245
3.43548017 0.7321
3.42818482 0.7418
3.41582153 0.7529
3.39915082 0.7634
3.38008938 0.7720
3.36057812 0.7783
3.34233921 0.7821
3.32675655 0.7840
3.31429949 0.7856
3.30515615 0.7882
3.29879894 0.7924
3.29644484 0.7974
3.29693993 0.8024
3.29915786 0.8066
3.30274167 0.8083
3.30718281 0.8076
3.31131984 0.8043
3.31566605 0.7990
3.32002246 0.7934
3.32421708 0.7893
3.32845968 0.7878
3.33259071 0.7893
3.33475476 0.7935
3.33181765 0.8008
3.32493664 0.8081
3.31419286 0.8148
3.29913265 0.8197
3.28121900 0.8231
3.26409083 0.8248
3.24963658 0.8250
3.23916560 0.8235
3.23378472 0.8206
3.23265020 0.8168
3.23492544 0.8108
3.23971816 0.8022
3.24471796 0.7923
3.24826697 0.7818
3.24789936 0.7718
3.24539523 0.7631
3.24125362 0.7563
3.23727388 0.7529
3.23227845 0.7516
3.22740052 0.7516
3.22360776 0.7525
3.21967636 0.7546
3.21645205 0.7572
3.21531258 0.7604
3.21626516 0.7642
3.22018189 0.7687
3.22853444 0.7740
3.24187121 0.7804
3.25884623 0.7870
3.27753458 0.7931
3.29686624 0.7977
3.31608280 0.7997
3.33327732 0.7987
3.34658176 0.7939
3.35592072 0.7860
3.36138357 0.7761
3.36303366 0.7658
3.36197809 0.7572
3.35871892 0.7511
3.35407700 0.7471
3.34697490 0.7448
3.33679028 0.7429
3.32720709 0.7400
3.31863116 0.7369
3.31029800 0.7343
3.30341993 0.7330
3.29832575 0.7331
3.29794214 0.7350
3.30246472 0.7398
3.31228930 0.7464
3.32738853 0.7544
3.34672947 0.7616
3.36885246 0.7663
3.39120163 0.7679
3.41021689 0.7659
3.42485254 0.7602
3.43383612 0.7525
3.43478749 0.7439
3.42908952 0.7371
3.41878015 0.7334
3.40487363 0.7336
3.39034850 0.7371
3.37648073 0.7429
3.36416998 0.7501
3.35684140 0.7577
3.35267138 0.7657
3.35140218 0.7745
3.35435142 0.7840
3.36116320 0.7946
3.37301878 0.8050
3.38770686 0.8164
3.40431077 0.8279
3.42115304 0.8392
3.43544487 0.8498
3.44654594 0.8603
3.45376263 0.8675
3.45664619 0.8714
3.45489311 0.8707
3.44891744 0.8657
3.43945933 0.8566
3.42647859 0.8445
3.40935748 0.8329
3.39049402 0.8236
3.37185067 0.8180
3.35427870 0.8174
3.33794337 0.8214
3.32363264 0.8286
3.31011506 0.8379
3.29704521 0.8465
3.28696228 0.8528
3.28062147 0.8552
3.27823967 0.8533
3.27866482 0.8483
3.28304727 0.8416
3.29011999 0.8361
3.29743561 0.8332
3.30229260 0.8343
3.30637699 0.8387
3.30964745 0.8447
3.31209387 0.8498
3.31448533 0.8515
3.31677632 0.8483
3.31813351 0.8401
3.32001226 0.8278
3.32259527 0.8151
3.32490682 0.8051
3.32521220 0.8023
3.32232580 0.8079
3.31486606 0.8214
3.30353974 0.8410
3.28882249 0.8636
3.27316323 0.8852
3.26050205 0.9018
3.25157075 0.9120
3.24573937 0.9165
3.24205172 0.9174
3.23740171 0.9171
3.23070826 0.9163
3.22310344 0.9152
3.21450050 0.9127
3.20585052 0.9064
3.19821889 0.8942
3.19231466 0.8757
3.18968231 0.8509
3.18932876 0.8227
3.19217170 0.7962
3.19690859 0.7769
3.20025790 0.7690
3.20170807 0.7735
3.20060412 0.7892
3.19876571 0.8114
3.19770530 0.8354
3.20047933 0.8564
3.20742379 0.8712
3.21786423 0.8803
3.22929896 0.8863
3.24047681 0.8907
3.24946022 0.8950
3.25684490 0.8991
3.26239880 0.9016
3.26611628 0.9025
3.26776405 0.8997
3.26828997 0.8922
3.26839378 0.8799
3.26921993 0.8635
3.27015819 0.8454
3.27360585 0.8273
3.27864783 0.8103
3.28443537 0.7984
3.28943431 0.7931
3.29362094 0.7959
3.29707039 0.8058
3.29995205 0.8198
3.30270604 0.8344
3.30633850 0.8481
3.31096623 0.8570
3.31614813 0.8624
3.32139380 0.8643
3.32515054 0.8642
3.32627884 0.8640
3.32621418 0.8621
3.32555200 0.8582
3.32394550 0.8535
3.32255874 0.8481
3.32304478 0.8414
3.32574237 0.8345
3.33068811 0.8287
3.33706280 0.8251
3.34348190 0.8240
3.34879838 0.8245
3.35347616 0.8262
3.35573097 0.8299
3.35497624 0.8351
3.34907823 0.8420
3.33910975 0.8499
3.32578848 0.8577
3.30898914 0.8655
3.29086434 0.8730
3.27450112 0.8792
3.26065490 0.8829
3.25259123 0.8829
3.25044440 0.8785
3.25399954 0.8702
3.26105529 0.8586
3.27010171 0.8459
3.27955728 0.8346
3.29121531 0.8265
3.30420742 0.8238
3.31825885 0.8268
3.33253532 0.8353
3.34686823 0.8470
3.35942719 0.8594
3.36992838 0.8702
3.37618342 0.8783
3.37440410 0.8846
3.36564244 0.8897
3.34974123 0.8942
3.32954272 0.8986
3.30612201 0.9050
3.28426620 0.9114
3.26666915 0.9160
3.25548599 0.9152
3.25226314 0.9063
3.25659104 0.8881
3.26526798 0.8630
3.27518357 0.8347
3.28321420 0.8081
3.28867356 0.7873
3.29194579 0.7750
3.29422629 0.7725
3.29725941 0.7787
3.30253517 0.7906
3.31008970 0.8035
3.31840483 0.8160
3.32570467 0.8254
3.33009303 0.8318
3.32980796 0.8351
3.32223750 0.8351
3.30790105 0.8339
3.29074409 0.8306
3.27214272 0.8262
3.25607296 0.8196
3.24506046 0.8094
3.23946905 0.7962
3.23835872 0.7809
3.23875200 0.7683
3.23755766 0.7583
3.23411387 0.7558
3.22822486 0.7599
3.22236373 0.7720
3.21837470 0.7920
3.21994147 0.8158
3.23217267 0.8395
3.25620500 0.8598
3.28894255 0.8756
3.32561773 0.8868
3.36193871 0.8928
3.39487922 0.8947
3.42271675 0.8915
3.44328336 0.8839
3.45836900 0.8730
3.46886653 0.8599
3.47514663 0.8462
3.47830337 0.8327
3.47691480 0.8192
3.47309582 0.8066
3.46562391 0.7956
3.45466694 0.7872
3.44082900 0.7834
3.42408521 0.7867
3.40565468 0.7975
3.38679254 0.8137
3.36806426 0.8333
3.35057345 0.8524
3.33344151 0.8701
3.31715443 0.8844
3.30145057 0.8943
3.28585015 0.9006
3.27145180 0.9041
3.26033881 0.9046
3.25318824 0.9028
3.25210661 0.8992
3.26014748 0.8923
3.27449275 0.8824
3.29336363 0.8705
3.31562481 0.8581
3.33774325 0.8464
3.35670605 0.8378
3.37163700 0.8331
3.38092191 0.8333
3.38413207 0.8393
3.38037007 0.8499
3.36941199 0.8625
3.35128016 0.8767
3.32861698 0.8905
3.30328299 0.9033
3.27636952 0.9146
3.24906463 0.9245
3.22332486 0.9323
3.19911277 0.9395
3.17841478 0.9454
3.16180979 0.9496
3.15236146 0.9490
3.15124229 0.9430
3.15898443 0.9300
3.17455100 0.9113
3.19536086 0.8903
3.21915311 0.8703
3.24311217 0.8535
3.26493482 0.8413
3.28450567 0.8339
3.30061360 0.8307
3.31220896 0.8323
3.31688894 0.8374
3.31379558 0.8453
3.30247798 0.8546
3.28218937 0.8650
3.25426237 0.8761
3.22413929 0.8862
3.19467180 0.8955
3.16874523 0.9038
3.14747189 0.9103
3.12990807 0.9143
3.11495540 0.9155
3.10299351 0.9143
3.09510295 0.9113
3.09257436 0.9085
3.09647928 0.9070
3.10801333 0.9051
3.12597640 0.9033
3.14769388 0.9012
3.17036519 0.8985
3.19331792 0.8961
3.21581607 0.8949
3.23669403 0.8954
3.25516535 0.8970
3.26930884 0.9003
3.27882289 0.9032
3.28402513 0.9048
3.28530635 0.9038
3.28382544 0.8992
3.28382525 0.8902
3.28670138 0.8778
3.29347000 0.8645
3.30326781 0.8519
3.31490250 0.8422
3.32596714 0.8352
3.33585729 0.8308
3.34346459 0.8280
3.34966869 0.8254
3.35644507 0.8217
3.36181832 0.8173
3.36585569 0.8138
3.36793010 0.8120
3.36656322 0.8126
3.36025497 0.8164
3.34727897 0.8242
3.32877606 0.8337
3.30901285 0.8423
3.28942681 0.8482
3.27152243 0.8499
3.25962341 0.8459
3.25744344 0.8347
3.26643934 0.8174
3.28557851 0.7971
3.30977173 0.7785
3.33381764 0.7647
3.35429371 0.7575
3.37058447 0.7573
3.38368875 0.7619
3.39485341 0.7688
3.40449547 0.7756
3.41328473 0.7803
3.42085270 0.7822
3.42559741 0.7828
3.42823809 0.7828
3.42663919 0.7849
3.42197036 0.7904
3.41309174 0.8001
3.39958247 0.8132
3.38112622 0.8274
3.35944578 0.8408
3.33699899 0.8506
3.31795177 0.8556
3.30798599 0.8537
3.30528264 0.8471
3.30582873 0.8396
3.30659763 0.8342
3.30394434 0.8348
3.29733804 0.8412
3.29000116 0.8529
3.28426850 0.8679
3.28178504 0.8823
3.28401654 0.8932
3.29060113 0.8983
3.29959609 0.8976
3.30944251 0.8921
3.31927457 0.8852
3.32809398 0.8787
3.33579361 0.8724
3.34204511 0.8684
3.34644386 0.8665
3.34619711 0.8650
3.34099500 0.8632
3.32954289 0.8615
3.31420883 0.8594
3.29672559 0.8579
3.27830976 0.8574
3.25894566 0.8586
3.24002069 0.8621
3.22043020 0.8697
3.19919253 0.8814
3.17712408 0.8971
3.15592137 0.9139
3.13692102 0.9297
3.12202751 0.9411
3.11105144 0.9481
3.10469646 0.9505
3.10333341 0.9490
3.10700961 0.9442
3.11611548 0.9377
3.13150105 0.9304
3.15214180 0.9225
3.17832260 0.9135
3.21049753 0.9020
3.24700808 0.8873
3.28522025 0.8695
3.32245050 0.8487
3.35611795 0.8263
3.38254600 0.8041
3.40097555 0.7861
3.40911192 0.7747
3.40615206 0.7718
3.39208523 0.7787
3.36874072 0.7933
3.33773381 0.8126
3.30149372 0.8340
3.26353377 0.8550
3.22740043 0.8736
3.19651609 0.8886
3.17352168 0.8995
3.15924204 0.9069
3.15524603 0.9116
3.16312656 0.9138
3.18403142 0.9145
3.21748933 0.9129
3.26176099 0.9063
3.31494367 0.8928
3.37126619 0.8713
3.42404411 0.8429
3.46759761 0.8119
3.49957016 0.7831
3.51752333 0.7620
3.52121683 0.7522
3.51012135 0.7557
3.48418158 0.7696
3.44643965 0.7910
3.39923727 0.8164
3.34607317 0.8411
3.29169205 0.8639
3.24184161 0.8813
3.20010016 0.8944
3.16824014 0.9035
3.14777059 0.9100
3.13805659 0.9166
3.13933655 0.9237
3.15178009 0.9294
3.17646846 0.9319
3.21261691 0.9280
3.25938775 0.9159
3.31394017 0.8953
3.37041307 0.8690
3.42342193 0.8394
3.46851698 0.8101
3.50265718 0.7852
3.52631476 0.7659
3.53785931 0.7535
3.53637747 0.7477
3.52193654 0.7483
3.49413252 0.7541
3.45673719 0.7630
3.41523050 0.7732
3.37504781 0.7826
3.34258812 0.7904
3.31899015 0.7979
3.30532272 0.8054
3.29800617 0.8125
3.29517340 0.8208
3.29704380 0.8293
3.30334523 0.8372
3.31435020 0.8428
3.32883525 0.8439
3.34305944 0.8403
3.35509675 0.8331
3.36262934 0.8240
3.36521348 0.8155
3.36440754 0.8096
3.35900903 0.8064
3.34909427 0.8076
3.33397540 0.8126
3.31545694 0.8196
3.29443378 0.8267
3.27210916 0.8326
3.25135303 0.8362
3.23533274 0.8373
3.22499605 0.8366
3.21871088 0.8361
3.21452532 0.8358
3.21114850 0.8361
3.21009317 0.8367
3.21287334 0.8366
3.22016782 0.8346
3.23161730 0.8317
3.24525166 0.8274
3.25920967 0.8228
3.27094785 0.8182
3.27899914 0.8134
3.28233335 0.8090
3.28150316 0.8043
3.27881412 0.8011
3.27511990 0.7999
3.27113928 0.8015
3.26877888 0.8047
3.26958293 0.8076
3.27383681 0.8101
3.28076130 0.8116
3.28889077 0.8131
3.29576962 0.8152
3.30034660 0.8175
3.30240527 0.8189
3.30318438 0.8189
3.30333737 0.8159
3.30699077 0.8097
3.31420848 0.8019
3.32549909 0.7929
3.33874341 0.7843
3.35256889 0.7753
3.36844705 0.7664
3.38511942 0.7570
3.40202704 0.7466
3.41896542 0.7369
3.43756573 0.7282
3.45733256 0.7223
3.47727221 0.7199
3.49548315 0.7209
3.51029555 0.7234
3.52229418 0.7284
3.53250278 0.7341
3.54201442 0.7395
3.55118968 0.7435
3.56102557 0.7459
3.57100597 0.7458
3.57968266 0.7440
3.58621242 0.7408
3.59037224 0.7358
3.59325744 0.7301
3.59370589 0.7242
3.59376422 0.7170
3.59555457 0.7082
3.59871882 0.6964
3.60374896 0.6824
3.61058960 0.6678
3.62174553 0.6538
3.63527594 0.6422
3.64921494 0.6357
3.66139273 0.6348
3.67054370 0.6382
3.67256266 0.6475
3.66588724 0.6601
3.65071740 0.6737
3.63103579 0.6865
3.60972318 0.6958
3.58875838 0.7015
3.56880636 0.7035
3.54812282 0.7043
3.52739139 0.7044
3.50466112 0.7050
3.48150920 0.7072
3.45971046 0.7106
3.44064055 0.7135
3.42733200 0.7129
3.42146148 0.7066
3.42423304 0.6960
3.43626869 0.6837
3.45425291 0.6734
3.47409875 0.6686
3.49109105 0.6708
3.50101789 0.6797
3.49934420 0.6951
3.48767670 0.7133
3.46684954 0.7313
3.44215853 0.7460
3.41878356 0.7544
3.40020303 0.7563
3.38962478 0.7523
3.38421657 0.7460
3.38095438 0.7408
3.37606516 0.7394
3.36825584 0.7423
3.35750272 0.7484
3.34469825 0.7560
3.33166886 0.7619
3.32205271 0.7634
3.31833471 0.7588
3.32039026 0.7492
3.32605704 0.7380
3.33217237 0.7284
3.33774753 0.7226
3.34123107 0.7219
3.34430674 0.7260
3.34877081 0.7335
3.35566176 0.7412
3.36516795 0.7454
3.37651636 0.7440
3.38864295 0.7351
3.40010114 0.7214
3.41079895 0.7062
3.42095968 0.6919
3.42996094 0.6802
3.43807617 0.6717
3.44234643 0.6666
3.44419464 0.6632
3.44684071 0.6586
3.45297617 0.6515
3.46482551 0.6428
3.48459554 0.6332
3.50869090 0.6252
3.53136865 0.6209
3.54816752 0.6201
3.55450790 0.6211
3.54927426 0.6244
3.53462366 0.6284
3.51200415 0.6332
3.48623262 0.6370
3.45908821 0.6390
3.43536543 0.6381
3.41645146 0.6344
3.40529936 0.6295
3.40313622 0.6236
3.40899949 0.6178
3.42043649 0.6125
3.43608539 0.6067
3.45354760 0.6000
3.47171767 0.5909
3.48906065 0.5789
3.50529744 0.5658
3.52136694 0.5538
3.53656768 0.5461
3.54913229 0.5437
3.55700060 0.5482
3.55760523 0.5590
3.55198352 0.5744
3.53848842 0.5922
3.51685260 0.6086
3.48613696 0.6219
3.45104468 0.6319
3.41581214 0.6388
3.38525148 0.6443
3.36411568 0.6479
3.35316328 0.6516
3.35352688 0.6551
3.36514151 0.6572
3.38813239 0.6561
3.42159241 0.6501
3.46357482 0.6393
3.51012782 0.6250
3.55807060 0.6091
3.60371636 0.5945
3.64180102 0.5834
3.66905796 0.5773
3.68729527 0.5758
3.69500616 0.5797
3.69301182 0.5891
3.68039032 0.6013
3.65573090 0.6160
3.61696040 0.6313
3.56761701 0.6446
3.50956708 0.6565
3.45009248 0.6681
3.39588414 0.6806
3.35050380 0.6953
3.31825870 0.7113
3.29970130 0.7267
3.29118726 0.7398
3.29376801 0.7492
3.30638204 0.7542
3.32707574 0.7558
3.35432196 0.7562
3.38494307 0.7556
3.41688836 0.7535
3.44700885 0.7497
3.47403048 0.7432
3.49694862 0.7339
3.51325151 0.7229
3.52361411 0.7120
3.52654183 0.7024
3.52061045 0.6944
3.50584220 0.6884
3.48371081 0.6831
3.45835700 0.6785
3.43407101 0.6749
3.41368469 0.6712
3.39766583 0.6684
3.38443135 0.6654
3.37325698 0.6624
3.36439945 0.6592
3.35931254 0.6556
3.35839051 0.6540
3.36385803 0.6535
3.37447536 0.6556
3.38962979 0.6605
3.40977492 0.6677
3.43350855 0.6756
3.45949653 0.6806
3.48371645 0.6816
3.50378974 0.6779
3.52001732 0.6693
3.53241744 0.6575
3.54033801 0.6439
3.54308050 0.6319
3.54127713 0.6226
3.53800501 0.6168
3.53305688 0.6151
3.52677540 0.6168
3.52028945 0.6198
3.51395232 0.6231
3.50927176 0.6248
3.50710788 0.6247
3.50892861 0.6242
3.51573268 0.6233
3.52550345 0.6232
3.53684301 0.6234
3.54847292 0.6237
3.56028744 0.6230
3.57311605 0.6197
3.58461807 0.6134
3.59440423 0.6038
3.60292740 0.5907
3.61118526 0.5739
3.62058473 0.5550
3.63125999 0.5365
3.64382991 0.5211
3.65932513 0.5111
3.67664566 0.5073
3.69412928 0.5103
3.70864692 0.5191
3.71967555 0.5328
3.72668614 0.5494
3.73060994 0.5680
3.73377881 0.5860
3.73850027 0.6014
3.74496453 0.6140
3.75098182 0.6219
3.75471198 0.6254
3.75653167 0.6238
3.75340729 0.6168
3.74698065 0.6051
3.73839193 0.5898
3.72927163 0.5732
3.71883620 0.5575
3.70801577 0.5453
3.69798524 0.5382
3.68759364 0.5375
3.67760090 0.5426
3.66666358 0.5528
3.65357032 0.5657
3.63711105 0.5795
3.61600261 0.5933
3.59058261 0.6064
3.56349814 0.6197
3.53603738 0.6337
3.50918812 0.6499
3.48501949 0.6682
3.46494603 0.6875
3.45018987 0.7061
3.44032489 0.7224
3.43763164 0.7349
3.44161037 0.7411
3.44950077 0.7406
3.45976502 0.7336
3.47186746 0.7222
3.48198899 0.7098
3.49159439 0.6994
3.49876623 0.6926
3.50302504 0.6909
3.50236283 0.6943
3.49532151 0.7007
3.48246684 0.7075
3.46529676 0.7116
3.44435844 0.7136
3.41874499 0.7149
3.39104731 0.7171
3.36386918 0.7207
3.33813907 0.7265
3.31547117 0.7338
3.29652517 0.7414
3.28310126 0.7460
3.27539023 0.7451
3.27642845 0.7367
3.28832788 0.7201
3.31297274 0.6969
3.35172366 0.6702
3.40196103 0.6449
3.45995407 0.6233
3.51972895 0.6076
3.57525341 0.5970
3.62143494 0.5912
3.65167848 0.5893
3.66254629 0.5910
3.65261435 0.5964
3.62458331 0.6038
3.58451938 0.6145
3.53797562 0.6281
3.48986275 0.6452
3.44455738 0.6638
3.40407666 0.6830
3.37039975 0.7005
3.34404279 0.7147
3.32631322 0.7234
3.31780666 0.7264
3.31967760 0.7229
3.33515982 0.7126
3.36461475 0.6973
3.40589495 0.6777
3.46027787 0.6558
3.52378116 0.6322
3.59114228 0.6089
3.65865687 0.5879
3.72214999 0.5708
3.77525397 0.5581
3.81310336 0.5497
3.83195019 0.5468
3.83140949 0.5479
3.81357250 0.5525
3.78069735 0.5607
3.73575908 0.5722
3.68272211 0.5844
3.62653375 0.5968
3.57269963 0.6065
3.52746041 0.6125
3.49418656 0.6142
3.47600333 0.6136
3.47328618 0.6113
3.48511521 0.6081
3.50771113 0.6043
3.53804030 0.5992
3.57202722 0.5932
3.60704382 0.5874
3.64060808 0.5825
3.66872639 0.5803
3.69206301 0.5808
3.70825580 0.5847
3.71641058 0.5920
3.71607224 0.6035
3.70667129 0.6168
3.68855506 0.6321
3.66140021 0.6493
3.62556086 0.6660
3.58713220 0.6806
3.55016470 0.6898
3.51699634 0.6918
3.49273920 0.6876
3.48094418 0.6780
3.47982563 0.6671
3.48732174 0.6565
3.50058460 0.6471
3.51533956 0.6380
3.52766227 0.6286
3.53675778 0.6183
3.54117991 0.6072
3.54115535 0.5978
3.53730939 0.5922
3.52969123 0.5906
3.52046838 0.5946
3.50827877 0.6042
3.49267168 0.6184
3.47341394 0.6360
3.44968275 0.6552
3.42461812 0.6741
3.40071103 0.6899
3.38014362 0.7015
3.36441466 0.7071
3.35443244 0.7073
3.34973549 0.7034
3.34954552 0.6975
3.35454225 0.6910
3.36338441 0.6851
3.37172111 0.6804
3.37932761 0.6769
3.38451346 0.6744
3.38685062 0.6725
3.38552004 0.6716
3.38132076 0.6724
3.37496557 0.6747
3.36610125 0.6784
3.35487039 0.6836
3.34154103 0.6913
3.32526383 0.7009
3.30863471 0.7105
3.29374961 0.7172
3.28256172 0.7193
3.27752375 0.7163
3.27990117 0.7108
3.28846566 0.7071
3.30197076 0.7072
3.31807889 0.7123
3.33522307 0.7224
3.35254999 0.7349
3.37049839 0.7464
3.38664032 0.7553
3.40142046 0.7594
3.41418404 0.7583
3.42542806 0.7528
3.43498523 0.7442
3.44504867 0.7341
3.45582574 0.7237
3.46686698 0.7134
3.47515936 0.7039
3.48028497 0.6956
3.48266565 0.6869
3.48271446 0.6784
3.48027583 0.6692
3.47636240 0.6596
3.47244181 0.6499
3.47072533 0.6408
3.47081470 0.6339
3.47369887 0.6303
3.47805524 0.6310
3.48124159 0.6353
3.48065772 0.6446
3.47629365 0.6584
3.46757795 0.6740
3.45643863 0.6894
3.44484466 0.7030
3.43587270 0.7126
3.43217195 0.7172
3.43436255 0.7163
3.44421403 0.7107
3.46220027 0.7019
3.48912591 0.6900
3.52286957 0.6759
3.55902709 0.6615
3.59227689 0.6465
3.61975664 0.6315
3.64009538 0.6181
3.65162668 0.6079
3.65519710 0.6005
3.64996105 0.5968
3.63638889 0.5969
3.61401713 0.5997
3.58378887 0.6047
3.54688794 0.6124
3.50676973 0.6230
3.46686573 0.6365
3.42987706 0.6511
3.39689067 0.6645
3.37092862 0.6750
3.35394263 0.6798
3.34685496 0.6772
3.35186457 0.6679
3.36970820 0.6527
3.39792373 0.6339
3.43241544 0.6138
3.47067913 0.5943
3.50656552 0.5780
3.53758464 0.5666
3.56319497 0.5600
3.58105368 0.5594
3.59021699 0.5647
3.58965631 0.5753
3.57852032 0.5905
3.55827326 0.6082
3.53195986 0.6260
3.50035018 0.6437
3.46702480 0.6609
3.43661630 0.6764
3.41368163 0.6885
3.39922252 0.6969
3.39386658 0.7005
3.39869065 0.6988
3.41163067 0.6931
3.43044984 0.6843
3.45112846 0.6736
3.47254372 0.6608
3.49249919 0.6482
3.51043579 0.6354
3.52554603 0.6243
3.53689659 0.6159
3.54470983 0.6113
3.54851329 0.6104
3.54462033 0.6137
3.53220409 0.6199
3.50990740 0.6288
3.48163705 0.6384
3.45111163 0.6484
3.42459006 0.6579
3.40477720 0.6668
3.39453855 0.6736
3.39471936 0.6777
3.40328165 0.6784
3.41791845 0.6749
3.43684660 0.6670
3.45750514 0.6546
3.47683594 0.6401
3.49449235 0.6265
3.50972049 0.6165
3.52473369 0.6119
3.54070614 0.6134
3.55731210 0.6211
3.57348995 0.6330
3.58683089 0.6468
3.59345739 0.6614
3.59161085 0.6736
3.58088704 0.6819
3.56205249 0.6861
3.54017756 0.6856
3.52298975 0.6798
3.51474189 0.6693
3.51603772 0.6552
3.52715361 0.6398
3.54799145 0.6239
3.57467990 0.6079
3.60315244 0.5927
3.62880695 0.5776
3.65136868 0.5623
3.66975885 0.5469
3.68305036 0.5333
3.69069398 0.5234
3.69364583 0.5178
3.69370015 0.5176
3.68890568 0.5234
3.68171366 0.5327
3.67024818 0.5435
3.65485442 0.5538
3.63383379 0.5623
3.60931660 0.5687
3.58650149 0.5722
3.56781081 0.5725
3.55703028 0.5703
3.55380488 0.5665
3.56120328 0.5615
3.57565068 0.5570
3.59874252 0.5513
3.62790049 0.5452
3.65948739 0.5373
3.68883390 0.5269
3.71505470 0.5144
3.73464089 0.5020
3.74519250 0.4907
3.74470045 0.4821
3.73337680 0.4772
3.71469475 0.4755
3.69057298 0.4756
3.66337315 0.4768
3.63541776 0.4783
3.60872152 0.4793
3.58550577 0.4806
3.56809620 0.4814
3.55971513 0.4820
3.55962130 0.4829
3.56790168 0.4835
3.58440733 0.4841
3.60684704 0.4847
3.63264551 0.4868
3.65871847 0.4916
3.68286528 0.4991
3.70295694 0.5093
3.71557135 0.5224
3.72016845 0.5367
3.71312818 0.5526
3.69601690 0.5694
3.67205023 0.5858
3.64289436 0.6012
3.61087834 0.6152
3.57832073 0.6271
3.54912814 0.6347
3.52602164 0.6377
3.50987152 0.6362
3.50308385 0.6299
3.50477607 0.6202
3.51269106 0.6095
3.52556735 0.5979
3.53882190 0.5880
3.55128822 0.5803
3.56150844 0.5750
3.56857000 0.5718
3.57335293 0.5706
3.57392909 0.5733
3.57151844 0.5799
3.56676704 0.5908
3.55968890 0.6051
3.54977186 0.6213
3.53607315 0.6374
3.51947265 0.6511
3.50262088 0.6619
3.48811847 0.6693
3.47822679 0.6737
3.47612104 0.6745
3.48335519 0.6719
3.49835918 0.6674
3.51896277 0.6601
3.54175797 0.6511
3.56447551 0.6408
3.58389609 0.6300
3.59807953 0.6189
3.60566312 0.6093
3.60616969 0.6020
3.60170840 0.5975
3.59253239 0.5968
3.57991876 0.5992
3.56416295 0.6044
3.54406820 0.6119
3.52100040 0.6196
3.49533703 0.6258
3.46816921 0.6279
3.44329206 0.6256
3.42441422 0.6191
3.41585257 0.6092
3.41791912 0.5991
3.43312675 0.5911
3.46097070 0.5854
3.49744612 0.5828
3.53976356 0.5828
3.58401208 0.5838
3.62608093 0.5843
3.65946245 0.5842
3.68296245 0.5823
3.69439937 0.5803
3.69628109 0.5787
3.68964262 0.5800
3.67855685 0.5848
3.66434512 0.5947
3.64549067 0.6089
3.62192927 0.6256
3.59276577 0.6414
3.56024660 0.6528
3.52718997 0.6576
3.49758724 0.6541
3.47665737 0.6441
3.46659555 0.6296
3.46886694 0.6143
3.48396436 0.6013
3.51004739 0.5927
3.54446185 0.5888
3.58372914 0.5888
3.62457140 0.5912
3.66196182 0.5943
3.69203978 0.5969
3.71182843 0.5990
3.72133097 0.6009
3.72296744 0.6033
3.71896962 0.6080
3.70863175 0.6161
3.69303281 0.6278
3.67094403 0.6417
3.64285735 0.6548
3.60881429 0.6656
3.57066053 0.6723
3.53539445 0.6743
3.50575427 0.6725
3.48579368 0.6681
3.47658411 0.6636
3.47703247 0.6599
3.48305989 0.6595
3.49160216 0.6630
3.49795790 0.6709
3.50056179 0.6811
3.49783751 0.6913
3.48999796 0.7002
3.47783857 0.7075
3.46374092 0.7132
3.45055933 0.7186
3.43894462 0.7259
3.42794722 0.7365
3.41840888 0.7488
3.40905407 0.7608
3.39869202 0.7708
3.39144682 0.7753
3.38681756 0.7727
3.38659495 0.7632
3.39229968 0.7470
3.40560280 0.7267
3.42551116 0.7051
3.44984665 0.6848
3.47377286 0.6678
3.49466649 0.6558
3.50942784 0.6488
3.51715399 0.6456
3.51567125 0.6451
3.50461814 0.6462
3.48598821 0.6481
3.46283907 0.6508
3.44064766 0.6541
3.42395857 0.6586
3.41345665 0.6643
3.40946378 0.6710
3.41085302 0.6780
3.41577088 0.6842
3.42232937 0.6887
3.43273840 0.6903
3.44731117 0.6883
3.46647558 0.6825
3.49031785 0.6749
3.51837785 0.6662
3.54589250 0.6590
3.57288501 0.6528
3.59836312 0.6477
3.61864478 0.6441
3.63003536 0.6418
3.63034120 0.6401
3.62072636 0.6385
3.60427860 0.6363
3.58348049 0.6337
3.56253262 0.6308
3.54348446 0.6286
3.52802500 0.6273
3.51770868 0.6268
3.51243206 0.6265
3.51066872 0.6258
3.51298958 0.6241
3.51777446 0.6212
3.52420320 0.6170
3.53233651 0.6112
3.54116420 0.6042
3.54876820 0.5973
3.55447420 0.5908
3.55947314 0.5849
3.56233099 0.5811
3.56230307 0.5799
3.55623866 0.5806
3.54352013 0.5819
3.52672684 0.5832
3.50742620 0.5844
3.48706695 0.5857
3.46764174 0.5882
3.45128614 0.5922
3.43929283 0.5976
3.43320973 0.6042
3.43293645 0.6108
3.43675027 0.6159
3.44523191 0.6181
3.45906096 0.6166
3.47795113 0.6118
3.49966227 0.6060
3.52154099 0.6012
3.54189797 0.5991
3.56008650 0.6008
3.57375875 0.6075
3.58227226 0.6181
3.58462419 0.6318
3.57965920 0.6465
3.56708329 0.6614
3.54730931 0.6748
3.52232410 0.6865
3.49467038 0.6956
3.46582417 0.7033
3.43836609 0.7095
3.41542069 0.7144
3.40090471 0.7171
3.39697093 0.7163
3.40389355 0.7110
3.41971293 0.7029
3.44337925 0.6925
3.47107334 0.6808
3.49783802 0.6693
3.52196876 0.6596
3.54057281 0.6521
3.55305202 0.6479
3.55872582 0.6471
3.55864027 0.6468
3.55032084 0.6479
3.53537346 0.6492
3.51589621 0.6518
3.49323005 0.6556
3.46961169 0.6608
3.44604733 0.6682
3.42217239 0.6768
3.39925583 0.6866
3.37824374 0.6970
3.36052939 0.7081
3.34650960 0.7186
3.33799539 0.7264
3.33453013 0.7322
3.33672053 0.7360
3.34221782 0.7391
3.35144038 0.7412
3.36574896 0.7424
3.38379485 0.7436
3.40736259 0.7444
3.43588410 0.7444
3.46564799 0.7437
3.49398437 0.7412
3.51855100 0.7382
3.53585320 0.7357
3.54332453 0.7333
3.54114107 0.7320
3.52899323 0.7320
3.50717675 0.7333
3.47838419 0.7348
3.44277852 0.7372
3.40373806 0.7399
3.36417407 0.7420
3.32717778 0.7429
3.29695739 0.7409
3.27469303 0.7374
3.25828176 0.7337
3.24850242 0.7302
3.24536133 0.7282
3.24901306 0.7283
3.25983540 0.7292
3.27713646 0.7307
3.30048211 0.7311
3.32750040 0.7302
3.35712369 0.7281
3.38760427 0.7258
3.41760281 0.7227
3.44666913 0.7190
3.47175753 0.7164
3.49099772 0.7146
3.50169108 0.7145
3.50386275 0.7163
3.49678671 0.7210
3.48264201 0.7271
3.46409426 0.7339
3.44489140 0.7406
3.42587838 0.7465
3.40629332 0.7520
3.38628061 0.7570
3.36820687 0.7623
3.35247331 0.7672
3.33930378 0.7726
3.32840795 0.7790
3.32034598 0.7864
3.31421909 0.7945
3.30913260 0.8041
3.30585657 0.8139
3.30424921 0.8240
3.30409756 0.8330
3.30578755 0.8397
3.30809332 0.8432
3.30908224 0.8443
3.30720405 0.8441
3.30246891 0.8428
3.29608082 0.8401
3.28923706 0.8354
3.28246039 0.8282
3.27392235 0.8191
3.26272675 0.8078
3.24922537 0.7944
3.23290615 0.7805
3.21500396 0.7678
3.19727305 0.7576
3.18136355 0.7511
3.16823906 0.7496
3.15845883 0.7530
3.15255033 0.7613
3.15023423 0.7733
3.15164105 0.7874
3.15656683 0.8017
3.16568817 0.8138
3.17888268 0.8219
3.19585313 0.8266
3.21467781 0.8282
3.23399100 0.8275
3.25176921 0.8271
3.26651125 0.8274
3.27661172 0.8286
3.28264895 0.8296
3.28428975 0.8302
3.28274431 0.8293
3.28041190 0.8257
3.27980264 0.8194
3.28167923 0.8112
3.28702781 0.8009
3.29386793 0.7896
3.30337190 0.7777
3.31497006 0.7655
3.32929234 0.7536
3.34397165 0.7431
3.35804945 0.7338
3.36974473 0.7259
3.37995940 0.7200
3.38829078 0.7169
3.39325958 0.7167
3.39510222 0.7205
3.39440958 0.7272
3.38904315 0.7360
3.37885691 0.7454
3.36318093 0.7542
3.34348919 0.7615
3.32000680 0.7675
3.29670127 0.7712
3.27551593 0.7734
3.25869043 0.7742
3.24713159 0.7744
3.24132146 0.7739
3.24217175 0.7732
3.24977424 0.7711
3.26563208 0.7661
3.28763949 0.7579
3.31410353 0.7458
3.34351245 0.7312
3.37400152 0.7168
3.40288444 0.7057
3.42917087 0.6998
3.44888290 0.7005
3.46275652 0.7072
3.46817161 0.7204
3.46539721 0.7366
3.45347812 0.7536
3.43382337 0.7704
3.41018417 0.7862
3.38895443 0.7997
3.37205430 0.8106
3.35842742 0.8205
3.34751993 0.8307
3.33897195 0.8409
3.33072636 0.8514
3.32250273 0.8613
3.31320491 0.8687
3.30384606 0.8716
3.29585383 0.8691
3.29040316 0.8610
3.28850289 0.8480
3.29141459 0.8314
3.29770154 0.8130
3.30516273 0.7951
3.31310450 0.7789
3.31994245 0.7643
3.32628873 0.7520
3.32822395 0.7413
3.32471607 0.7329
3.31734793 0.7269
3.30835090 0.7247
3.30040344 0.7264
3.29553186 0.7322
3.29289795 0.7414
3.29214458 0.7535
3.29220274 0.7680
3.29122941 0.7840
3.28830849 0.7982
3.28226987 0.8095
3.27368693 0.8174
3.26215531 0.8226
3.24925003 0.8252
3.23604371 0.8264
3.22424454 0.8246
3.21337820 0.8213
3.20410025 0.8166
3.19653819 0.8103
3.18931914 0.8034
3.18287473 0.7958
3.17710290 0.7889
3.17245757 0.7843
3.17114972 0.7830
3.17458600 0.7855
3.18373067 0.7909
3.19825294 0.7965
3.21650169 0.8008
3.23620023 0.8033
3.25270056 0.8038
3.26238331 0.8017
3.26351404 0.7970
3.25672895 0.7910
3.24341096 0.7849
3.22591243 0.7811
3.20356526 0.7807
3.17896026 0.7843
3.15347552 0.7917
3.12842034 0.8008
3.10464481 0.8096
3.08282154 0.8164
3.06428149 0.8201
3.05024469 0.8201
3.04167101 0.8173
3.03956775 0.8136
3.04427157 0.8097
3.05880697 0.8064
3.08332876 0.8040
3.11623961 0.8014
3.15677326 0.7972
3.20333778 0.7900
3.25382538 0.7793
3.30579681 0.7664
3.35486716 0.7540
3.39901487 0.7449
3.43574846 0.7399
3.46309122 0.7400
3.47832904 0.7439
3.48166652 0.7528
3.47445393 0.7644
3.45805956 0.7779
3.43556364 0.7912
3.40956716 0.8037
3.38122313 0.8146
3.35544468 0.8234
3.33514659 0.8281
3.32137085 0.8295
3.31577104 0.8276
3.31796109 0.8228
3.32790929 0.8168
3.34290012 0.8095
3.36325820 0.8009
3.38791387 0.7908
3.41523930 0.7790
3.44333233 0.7674
3.46925939 0.7571
3.49078567 0.7478
3.50413389 0.7411
3.50906950 0.7358
3.50560681 0.7335
3.49487131 0.7333
3.47881571 0.7358
3.45817488 0.7411
3.43445318 0.7478
3.40974266 0.7557
3.38680727 0.7632
3.36810038 0.7689
3.35367131 0.7722
3.34302506 0.7728
3.33630208 0.7709
3.33496743 0.7665
3.33689051 0.7619
3.34053102 0.7586
3.34299238 0.7586
3.34369644 0.7630
3.34401438 0.7731
3.34283367 0.7876
3.33915779 0.8054
3.33455492 0.8243
3.33080180 0.8419
3.32900113 0.8557
3.32917695 0.8660
3.33272034 0.8711
3.33981015 0.8726
3.34743859 0.8721
3.35620643 0.8695
3.36320637 0.8662
3.36673187 0.8633
3.36639211 0.8607
3.36250540 0.8580
3.35605430 0.8551
3.34887410 0.8504
3.34282451 0.8437
3.33898185 0.8356
3.33714057 0.8277
3.33770104 0.8212
3.33860855 0.8188
3.33832451 0.8214
3.33492622 0.8303
3.32848933 0.8443
3.32135731 0.8612
3.31560294 0.8780
3.31316411 0.8925
3.31488747 0.9031
3.32184913 0.9089
3.33231393 0.9119
3.34229725 0.9133
3.34972343 0.9130
3.35238432 0.9113
3.34914428 0.9090
3.34095643 0.9069
3.32899433 0.9058
3.31577613 0.9046
3.30236826 0.9025
3.29139930 0.8971
3.28402823 0.8881
3.28083228 0.8766
3.28237295 0.8629
3.28780930 0.8494
3.29557713 0.8379
3.30450214 0.8303
3.31295058 0.8281
3.32014301 0.8292
3.32602109 0.8322
3.33063488 0.8363
3.33539598 0.8397
3.34016150 0.8415
3.34575605 0.8430
3.35038038 0.8450
3.35161068 0.8474
3.34908020 0.8507
3.34223451 0.8549
3.33090678 0.8596
3.31758296 0.8635
3.30463055 0.8656
3.29516409 0.8652
3.29083390 0.8617
3.29032998 0.8554
3.29193740 0.8479
3.29312949 0.8397
3.29313977 0.8313
3.29247552 0.8236
3.28973837 0.8163
3.28716072 0.8102
3.28734731 0.8053
3.29046533 0.8028
3.29511977 0.8029
3.30147099 0.8040
3.30869700 0.8068
3.31482563 0.8110
3.32048967 0.8156
3.32293940 0.8228
3.32281265 0.8315
3.31895399 0.8418
3.31354312 0.8530
3.30855775 0.8641
3.30634510 0.8742
3.30747709 0.8839
3.31266187 0.8925
3.31990196 0.8993
3.32711817 0.9054
3.33185844 0.9099
3.33366031 0.9122
3.33510546 0.9106
3.33622259 0.9056
3.33855435 0.8981
3.34325275 0.8887
3.35017828 0.8796
3.36014959 0.8710
3.37121640 0.8619
3.38200482 0.8538
3.39040674 0.8448
3.39645910 0.8367
3.40026023 0.8293
3.40266863 0.8247
3.40533135 0.8235
3.40863454 0.8252
3.41338257 0.8306
3.41863546 0.8385
3.42213482 0.8478
3.42071484 0.8580
3.41185918 0.8674
3.39608445 0.8751
3.37370037 0.8802
3.34466021 0.8831
3.31229420 0.8843
3.27790281 0.8823
3.24506721 0.8779
3.21723415 0.8719
3.19695727 0.8639
3.18437181 0.8535
3.17987925 0.8404
3.18421216 0.8254
3.19699456 0.8106
3.21546793 0.7977
3.23833536 0.7879
3.26293379 0.7825
3.28721393 0.7817
3.31064342 0.7849
3.33243987 0.7911
3.35144536 0.7994
3.36601414 0.8098
3.37397085 0.8223
3.37496246 0.8361
3.36984271 0.8506
3.35788799 0.8642
3.34063438 0.8768
3.32208460 0.8867
3.30482861 0.8932
3.29083824 0.8952
3.28077061 0.8915
3.27596965 0.8822
3.27707032 0.8681
3.28393945 0.8515
3.29501217 0.8348
3.30833331 0.8210
3.32292783 0.8105
3.33951236 0.8035
3.35919169 0.7991
3.38236128 0.7967
3.40799267 0.7966
3.43468174 0.7969
3.45966862 0.7974
3.48001016 0.7978
3.49254756 0.7986
3.49785148 0.7994
3.49588156 0.8008
3.48543412 0.8035
3.46754435 0.8082
3.44525831 0.8142
3.42195971 0.8197
3.39933175 0.8222
3.38116629 0.8192
3.36881054 0.8102
3.36292945 0.7962
3.36433239 0.7794
3.37123552 0.7662
3.38190507 0.7587
3.39414288 0.7608
3.40713995 0.7716
3.42032940 0.7880
3.43366973 0.8093
3.44633515 0.8304
3.45603485 0.8507
3.46038898 0.8684
3.45948896 0.8823
3.45299353 0.8919
3.44090084 0.8986
3.42627296 0.9008
3.41146604 0.8984
3.39928490 0.8906
3.38980584 0.8768
3.38408578 0.8576
3.38205486 0.8333
3.38340374 0.8071
3.38683302 0.7809
3.39001733 0.7582
3.39172998 0.7423
3.39041390 0.7353
3.38371294 0.7377
3.37055134 0.7502
3.35143830 0.7723
3.32911865 0.8005
3.30721782 0.8308
3.28752104 0.8590
3.27125203 0.8826
3.25891768 0.9004
3.24991940 0.9133
3.24449345 0.9222
3.24014467 0.9283
3.23707695 0.9319
3.23441463 0.9319
3.23248828 0.9269
3.23122061 0.9160
3.23018176 0.8990
3.22918138 0.8766
3.22832562 0.8514
3.22809950 0.8260
3.22874493 0.8027
3.23000026 0.7827
3.23206832 0.7659
3.23511152 0.7533
3.23589798 0.7460
3.23264632 0.7446
3.22587734 0.7485
3.21751661 0.7567
3.20881362 0.7675
3.19985725 0.7801
3.18987527 0.7937
3.17873538 0.8079
3.16758069 0.8206
3.15435572 0.8316
3.14027132 0.8398
3.12824768 0.8443
3.11936842 0.8446
3.11578113 0.8414
3.11645876 0.8359
3.12076398 0.8292
3.12815981 0.8227
3.13841008 0.8175
3.15009487 0.8135
3.16332597 0.8103
3.17502394 0.8082
3.18530571 0.8055
3.19371098 0.8014
3.19765864 0.7962
3.19779238 0.7908
3.19580226 0.7856
3.19314306 0.7815
3.19367638 0.7771
3.19957410 0.7735
3.21143830 0.7725
3.22728425 0.7736
3.24359370 0.7763
3.25939022 0.7802
3.27327305 0.7863
3.28433130 0.7943
3.29189630 0.8050
3.29529179 0.8192
3.29592499 0.8356
3.29332879 0.8537
3.28783235 0.8723
3.27975924 0.8896
3.26737154 0.9043
3.25164414 0.9168
3.23205619 0.9260
3.20934035 0.9328
3.18353219 0.9379
3.15860839 0.9413
3.13593196 0.9424
3.11915911 0.9407
3.10984354 0.9363
3.10831704 0.9278
3.11532566 0.9153
3.12809033 0.8994
3.14207263 0.8825
3.15405293 0.8677
3.16295443 0.8547
3.16942192 0.8457
3.17523924 0.8404
3.18116198 0.8390
3.18797291 0.8406
3.19536373 0.8445
3.20234943 0.8512
3.20675657 0.8596
3.20580118 0.8675
3.19817563 0.8740
3.18361988 0.8801
3.16417380 0.8844
3.14153310 0.8873
3.11784951 0.8886
3.09407698 0.8870
3.07534160 0.8834
3.06370424 0.8785
3.06013024 0.8717
3.06458117 0.8634
3.07430534 0.8546
3.08735317 0.8481
3.10372029 0.8441
3.12263612 0.8405
3.14444474 0.8379
3.17183790 0.8375
3.20298148 0.8388
3.23761492 0.8399
3.27278470 0.8408
3.30477289 0.8422
3.32910838 0.8439
3.34233190 0.8477
3.34465349 0.8533
3.33564510 0.8617
3.31574843 0.8732
3.28613063 0.8879
3.24952746 0.9045
3.21153530 0.9201
3.17861051 0.9297
3.15295689 0.9316
3.13477051 0.9259
3.12342537 0.9148
3.11744215 0.9007
3.11510794 0.8861
3.11513772 0.8739
3.11965538 0.8647
3.12833582 0.8590
3.14377667 0.8570
3.16625100 0.8565
3.19459547 0.8566
3.22623309 0.8552
3.25752127 0.8522
3.28525617 0.8478
3.30867211 0.8427
3.32659946 0.8375
3.33871117 0.8341
3.34275993 0.8336
3.33712069 0.8362
3.32324937 0.8425
3.30200945 0.8517
3.27649449 0.8630
3.25095654 0.8744
3.22899563 0.8849
3.20930756 0.8934
3.19346301 0.8994
3.18118210 0.9028
3.17081664 0.9037
3.16366463 0.9038
3.16012025 0.9024
3.16004364 0.9010
3.16310337 0.8977
3.16908450 0.8929
3.17690305 0.8853
3.18521886 0.8758
3.19476585 0.8660
3.20527107 0.8556
3.21629258 0.8459
3.22895927 0.8367
3.24383324 0.8279
3.25852625 0.8204
3.27114010 0.8150
3.28037334 0.8108
3.28717570 0.8070
3.28924072 0.8025
3.28851039 0.7978
3.28448778 0.7921
3.27733075 0.7845
3.26758111 0.7780
3.25596992 0.7718
3.24375492 0.7671
3.23115502 0.7634
3.22060231 0.7593
3.21343302 0.7549
3.21123512 0.7501
3.21394825 0.7442
3.22238706 0.7378
3.23562633 0.7326
3.25122113 0.7303
3.26624748 0.7312
3.27779152 0.7376
3.28468954 0.7486
3.28830839 0.7632
3.29126627 0.7787
3.29478757 0.7935
3.29968265 0.8056
3.30740884 0.8152
3.31798072 0.8203
3.32980263 0.8214
3.34235994 0.8200
3.35327987 0.8174
3.36245734 0.8156
3.36791301 0.8147
3.36903897 0.8151
3.36505442 0.8161
3.35552865 0.8179
3.34236042 0.8186
3.32680172 0.8173
3.31070715 0.8152
3.29595650 0.8114
3.28416498 0.8076
3.27350590 0.8053
3.26364664 0.8060
3.25507924 0.8101
3.24924832 0.8168
3.24634153 0.8267
3.24752723 0.8391
3.25318251 0.8522
3.26349324 0.8643
3.27743546 0.8725
3.29375346 0.8765
3.31203764 0.8757
3.33064101 0.8710
3.34689311 0.8640
3.35773635 0.8571
3.35935740 0.8522
3.35118718 0.8510
3.33520389 0.8529
3.31514450 0.8561
3.29531003 0.8589
3.27979450 0.8588
3.26975715 0.8543
3.26713936 0.8442
3.26984249 0.8310
3.27599276 0.8176
3.28332924 0.8061
3.29064498 0.7988
3.29739237 0.7970
3.30303966 0.7990
3.30800968 0.8043
3.31188484 0.8121
3.31476166 0.8203
3.31632094 0.8282
3.31759300 0.8344
3.32021201 0.8383
3.32322416 0.8401
3.32754885 0.8396
3.33139131 0.8378
3.33465119 0.8354
3.33814811 0.8319
3.34288237 0.8263
3.35038087 0.8176
3.36122300 0.8052
3.37598608 0.7896
3.39198208 0.7713
3.40881484 0.7519
3.42291978 0.7333
3.43421186 0.7171
3.44107331 0.7038
3.44439317 0.6936
3.44476943 0.6861
3.44104376 0.6825
3.43209380 0.6821
3.41842099 0.6839
3.40074136 0.6871
3.37867763 0.6913
3.35289588 0.6963
3.32557188 0.7025
3.30137464 0.7091
3.28054180 0.7174
3.26489236 0.7262
3.25579338 0.7368
3.25465129 0.7489
3.26052533 0.7611
3.27197983 0.7725
3.28684137 0.7820
3.30477236 0.7886
3.32363574 0.7913
3.34404568 0.7904
3.36387687 0.7879
3.38481005 0.7832
3.40630844 0.7784
3.42851165 0.7743
3.45255635 0.7705
3.47680519 0.7673
3.49844883 0.7646
3.51545695 0.7619
3.52652674 0.7588
3.53140151 0.7552
3.53058898 0.7519
3.52632734 0.7489
3.51914634 0.7469
3.50974733 0.7470
3.49953507 0.7501
3.48971490 0.7556
3.48249507 0.7611
3.47614746 0.7668
3.47021421 0.7715
3.46424706 0.7747
3.45745387 0.7762
3.44930585 0.7765
3.44094358 0.7757
3.43442585 0.7737
3.43067904 0.7716
3.43159395 0.7705
3.43520539 0.7708
3.44012635 0.7724
3.44436425 0.7743
3.44565623 0.7756
3.44366389 0.7748
3.43726015 0.7722
3.42722421 0.7682
3.41526847 0.7630
3.40307803 0.7577
3.39198134 0.7520
3.38443692 0.7462
3.38026853 0.7416
3.37942996 0.7385
3.38157552 0.7369
3.38723769 0.7362
3.39442806 0.7362
3.40177703 0.7360
3.40985000 0.7340
3.41986421 0.7296
3.43317598 0.7222
3.45009894 0.7124
3.47076619 0.7017
3.49167178 0.6917
3.51037059 0.6824
3.52566921 0.6750
3.53776465 0.6692
3.54796420 0.6632
3.55604494 0.6563
3.56284854 0.6479
3.57091230 0.6375
3.57993861 0.6255
3.58954496 0.6141
3.60015046 0.6054
3.61000098 0.6003
3.61722888 0.5990
3.61919870 0.6006
3.61646824 0.6037
3.60769717 0.6066
3.59140744 0.6091
3.56975497 0.6103
3.54768519 0.6105
3.52950802 0.6099
3.51862003 0.6092
3.51471310 0.6089
3.51798272 0.6092
3.52652275 0.6100
3.53794523 0.6108
3.54950089 0.6114
3.56094106 0.6126
3.57421597 0.6139
3.58775262 0.6164
3.60191733 0.6200
3.61440047 0.6240
3.62518777 0.6287
3.63480547 0.6339
3.64079458 0.6404
3.64423588 0.6468
3.64464997 0.6535
3.64184552 0.6592
3.63703309 0.6618
3.62993456 0.6620
3.62230257 0.6603
3.61678593 0.6561
3.61403529 0.6505
3.61404985 0.6438
3.61548063 0.6358
3.61761741 0.6276
3.62178758 0.6182
3.62634904 0.6089
3.62820999 0.6009
3.62927226 0.5947
3.62823551 0.5914
3.62555400 0.5910
3.61792326 0.5947
3.60546433 0.6019
3.58818007 0.6114
3.56646710 0.6227
3.54084885 0.6346
3.51291964 0.6451
3.48326304 0.6533
3.45534955 0.6582
3.43328108 0.6597
3.41734115 0.6598
3.40749737 0.6600
3.40350037 0.6621
3.40467450 0.6672
3.41054079 0.6733
3.41783281 0.6798
3.42592463 0.6873
3.43133076 0.6937
3.43433288 0.6991
3.43681731 0.7020
3.43932032 0.7017
3.44270764 0.6983
3.44432994 0.6927
3.44488186 0.6849
3.44400193 0.6757
3.44270870 0.6659
3.44086017 0.6548
3.43907642 0.6424
3.43715444 0.6286
3.43488629 0.6132
3.43156424 0.5966
3.42675299 0.5798
3.42063199 0.5647
3.41395896 0.5533
3.40617148 0.5469
3.39847099 0.5444
3.39172635 0.5448
3.38530771 0.5455
3.37980535 0.5462
3.37708669 0.5457
3.37886381 0.5427
3.38532707 0.5384
3.39655743 0.5338
3.41193482 0.5296
3.43088081 0.5257
3.45258828 0.5225
3.47360372 0.5206
3.49187264 0.5199
3.50779500 0.5198
3.51999098 0.5197
3.52864821 0.5216
3.53295066 0.5236
3.53512940 0.5268
3.53346847 0.5318
3.52763371 0.5400
3.51947574 0.5514
3.50937719 0.5655
3.49650234 0.5818
3.47987365 0.5990
3.46085184 0.6162
3.44102109 0.6326
3.42279838 0.6465
3.40731729 0.6579
3.39681366 0.6657
3.39123473 0.6697
3.38869008 0.6703
3.39115138 0.6672
3.39685703 0.6616
3.40506403 0.6538
3.41462917 0.6457
3.42348612 0.6374
3.43132797 0.6297
3.43798465 0.6227
3.44167003 0.6182
3.44205262 0.6165
3.43889602 0.6182
3.43465398 0.6233
3.42904181 0.6319
3.42200387 0.6439
3.41536213 0.6581
3.40874108 0.6724
3.40531477 0.6863
3.40618822 0.6967
3.40962225 0.7031
3.41664103 0.7039
3.42749319 0.6988
3.44198134 0.6888
3.45783900 0.6747
3.47467205 0.6594
3.49222990 0.6456
3.51021914 0.6338
3.52649190 0.6249
3.54030283 0.6193
3.54823878 0.6169
3.54869204 0.6185
3.54051543 0.6239
3.52455921 0.6329
3.50173385 0.6441
3.47538476 0.6575
3.44821667 0.6731
3.42095091 0.6902
3.39512448 0.7069
3.37402900 0.7213
3.35889199 0.7311
3.34970336 0.7351
3.34659785 0.7327
3.35034375 0.7236
3.35988154 0.7090
3.37470196 0.6907
3.39317252 0.6701
3.41645920 0.6478
3.44407797 0.6251
3.47378330 0.6025
3.50082846 0.5829
3.52289159 0.5685
3.53700192 0.5609
3.54113610 0.5599
3.53167919 0.5655
3.51071384 0.5761
3.48065155 0.5894
3.44556522 0.6039
3.40944733 0.6177
3.37576358 0.6302
3.34803165 0.6392
3.32800979 0.6464
3.31704903 0.6519
3.31552485 0.6556
3.32125052 0.6576
3.33189683 0.6578
3.34492661 0.6553
3.36014358 0.6494
3.37598054 0.6404
3.39380008 0.6290
3.41402633 0.6160
3.43399587 0.6038
3.45133568 0.5954
3.46537623 0.5931
3.47350596 0.5969
3.47463468 0.6074
3.46745837 0.6237
3.45322234 0.6441
3.43284770 0.6669
3.40952761 0.6897
3.38624119 0.7101
3.36529088 0.7265
3.34691695 0.7380
3.33298040 0.7440
3.32348084 0.7449
3.31750792 0.7421
3.31472701 0.7358
3.31706450 0.7258
3.32253421 0.7120
3.33053617 0.6953
3.34125447 0.6753
3.35251195 0.6545
3.36505284 0.6343
3.37842012 0.6160
3.39258499 0.6020
3.40640534 0.5931
3.41783950 0.5898
3.42598517 0.5914
3.43133357 0.5967
3.43366190 0.6040
3.43309719 0.6120
3.43126911 0.6192
3.42819192 0.6254
3.42636645 0.6298
3.42609844 0.6331
3.42753573 0.6355
3.43303882 0.6361
3.44252675 0.6346
3.45391412 0.6298
3.46455252 0.6214
3.47396397 0.6074
3.48127211 0.5896
3.48422842 0.5694
3.48370058 0.5494
3.48240364 0.5325
3.48102521 0.5208
3.47798309 0.5159
3.47461329 0.5171
3.47081383 0.5231
3.46603802 0.5321
3.46046550 0.5420
3.45391560 0.5500
3.44767445 0.5552
3.43983536 0.5581
3.43115565 0.5587
3.42339013 0.5571
3.41696995 0.5543
3.41176500 0.5518
3.40819868 0.5494
3.40658872 0.5463
3.40683630 0.5414
3.40659670 0.5344
3.40472513 0.5246
3.40218593 0.5131
3.40004843 0.5014
3.39825410 0.4916
3.39564111 0.4863
3.39190804 0.4861
3.38695081 0.4920
3.38255233 0.5025
3.37981743 0.5171
3.38023389 0.5332
3.38382335 0.5494
3.39056810 0.5634
3.39984045 0.5763
3.41195287 0.5878
3.42752116 0.5977
3.44586989 0.6063
3.46594462 0.6132
3.48845648 0.6180
3.51210165 0.6200
3.53573047 0.6188
3.55953271 0.6134
3.58305605 0.6045
3.60596180 0.5933
3.62565713 0.5822
3.64006139 0.5737
3.64750494 0.5694
3.64633775 0.5692
3.63817909 0.5738
3.62474711 0.5822
3.60732237 0.5929
3.58827842 0.6036
3.56929056 0.6134
3.55251899 0.6220
3.54105994 0.6290
3.53528920 0.6348
3.53559267 0.6393
3.54195576 0.6425
3.55268818 0.6442
3.56614786 0.6431
3.58131459 0.6394
3.59651254 0.6329
3.61106689 0.6243
3.62323500 0.6140
3.63134300 0.6043
3.63588837 0.5955
3.63774250 0.5886
3.63611647 0.5845
3.62950538 0.5838
3.61763874 0.5858
3.60041709 0.5896
3.57946109 0.5942
3.55378119 0.5977
3.52535818 0.5989
3.49505498 0.5973
3.46444141 0.5937
3.43524044 0.5877
3.41033093 0.5803
3.39228388 0.5723
3.38279413 0.5650
3.38379007 0.5593
3.39530958 0.5560
3.41514223 0.5554
3.43853295 0.5582
3.46351157 0.5634
3.48780965 0.5705
3.50749702 0.5794
3.52326630 0.5898
3.53470314 0.6016
3.54316068 0.6148
3.55007253 0.6286
3.55318402 0.6424
3.55339296 0.6558
3.55057134 0.6671
3.54255965 0.6759
3.53080996 0.6822
3.51493011 0.6861
3.49813573 0.6867
3.48145894 0.6834
3.46784638 0.6756
3.45917034 0.6638
3.45622552 0.6497
3.46073695 0.6351
3.47063761 0.6215
3.48443746 0.6097
3.50005852 0.6001
3.51486081 0.5929
3.52809398 0.5890
3.53964791 0.5875
3.54791243 0.5885
3.55317617 0.5913
3.55827942 0.5956
3.56241896 0.6019
3.56435138 0.6111
3.56344853 0.6220
3.55856868 0.6333
3.54875666 0.6437
3.53424106 0.6523
3.51495802 0.6591
3.49267657 0.6640
3.46935180 0.6682
3.44865724 0.6720
3.43310587 0.6763
3.42247928 0.6820
3.41650296 0.6888
3.41383163 0.6955
3.41193062 0.7008
3.41013959 0.7046
3.40959032 0.7062
3.40934335 0.7048
3.41041068 0.7005
3.41192445 0.6943
3.41722735 0.6875
3.42566437 0.6806
3.43668323 0.6749
3.45050080 0.6690
3.46481690 0.6626
3.47804970 0.6537
3.48790142 0.6418
3.49512723 0.6266
3.49895850 0.6097
3.50042682 0.5929
3.49985081 0.5781
3.49869128 0.5663
3.49494423 0.5602
3.48914052 0.5586
3.48148736 0.5602
3.46912991 0.5642
3.45134454 0.5700
3.43013202 0.5756
3.40912159 0.5803
3.39090997 0.5846
3.37841910 0.5888
3.37380820 0.5926
3.37815570 0.5963
3.39300708 0.6002
3.41766156 0.6037
3.45120056 0.6059
3.49043032 0.6055
3.53017627 0.6019
3.56803850 0.5958
3.60162519 0.5894
3.62930916 0.5839
3.65148244 0.5814
3.66771633 0.5836
3.67492810 0.5909
3.67452712 0.6025
3.66543092 0.6162
3.64786534 0.6298
3.62503367 0.6412
3.59917576 0.6499
3.57604275 0.6551
3.56045976 0.6574
3.55312810 0.6584
3.55570942 0.6589
3.56877192 0.6598
3.58941139 0.6613
3.61548016 0.6622
3.64421451 0.6605
3.67295780 0.6555
3.69842438 0.6471
3.71729223 0.6361
3.72704203 0.6238
3.72626494 0.6132
3.71658410 0.6059
3.70046224 0.6035
3.68047707 0.6066
3.65816172 0.6158
3.63232127 0.6305
3.60254542 0.6483
3.57033246 0.6654
3.53800848 0.6808
3.50901241 0.6917
3.48612937 0.6977
3.47328085 0.7007
3.47150607 0.7014
3.48125893 0.7010
3.50000188 0.7006
3.52407445 0.6991
3.54830279 0.6949
3.56676879 0.6870
3.57730668 0.6763
3.57801132 0.6648
3.56944514 0.6535
3.55245053 0.6457
3.52768090 0.6435
3.49569595 0.6459
3.45963056 0.6519
3.42093365 0.6610
3.38256263 0.6695
3.34503703 0.6758
3.31167835 0.6780
3.28501738 0.6748
3.26636306 0.6670
3.25773949 0.6566
3.26087960 0.6426
3.27650288 0.6260
3.30627816 0.6062
3.34626487 0.5836
3.39470143 0.5600
3.44671425 0.5370
3.49758074 0.5156
3.54228165 0.4967
3.57661310 0.4822
3.59765205 0.4732
3.60537229 0.4702
3.60148775 0.4733
3.58768646 0.4821
3.56426429 0.4966
3.53181841 0.5161
3.48958157 0.5381
3.43982556 0.5603
3.38759796 0.5802
3.33789404 0.5970
3.29636033 0.6096
3.26726260 0.6189
3.25238114 0.6248
3.25162384 0.6279
3.26476099 0.6273
3.28869982 0.6227
3.32146817 0.6141
3.36048267 0.6009
3.40439599 0.5879
3.45141935 0.5768
3.49968526 0.5691
3.54441135 0.5657
3.58207338 0.5660
3.60918788 0.5699
3.62568172 0.5769
3.63170448 0.5877
3.62853833 0.6020
3.61607260 0.6194
3.59694826 0.6376
3.57378515 0.6558
3.55030546 0.6714
3.53019871 0.6828
3.51613653 0.6904
3.50942083 0.6941
3.50824159 0.6940
3.51199832 0.6910
3.52069058 0.6858
3.53308850 0.6766
3.54965886 0.6643
3.56692028 0.6494
3.58440247 0.6332
3.59953234 0.6179
3.60930406 0.6044
3.61186264 0.5949
3.60769949 0.5909
3.59706067 0.5926
3.58134452 0.5999
3.56141858 0.6107
3.53738857 0.6229
3.51230406 0.6348
3.48886246 0.6461
3.46896612 0.6564
3.45558141 0.6666
3.45034105 0.6757
3.45427015 0.6840
3.46522360 0.6920
3.48093238 0.6998
3.49951060 0.7072
3.52065545 0.7129
3.54210414 0.7161
3.56153329 0.7145
3.57547485 0.7090
3.58303616 0.7018
3.58449634 0.6947
3.57920983 0.6905
3.56635619 0.6906
3.54715950 0.6956
3.52105489 0.7051
3.49058070 0.7165
3.45682214 0.7276
3.42132453 0.7364
3.38683767 0.7423
3.35615646 0.7447
3.33186267 0.7442
3.31455100 0.7408
3.30566497 0.7346
3.30308844 0.7268
3.30835047 0.7187
3.31970504 0.7110
3.33712249 0.7038
3.35895956 0.6971
3.38305141 0.6915
3.40757428 0.6864
3.43035724 0.6825
3.44787669 0.6793
3.45753531 0.6790
3.45960478 0.6820
3.45149720 0.6904
3.43254027 0.7038
3.40411760 0.7209
3.36781430 0.7400
3.32882210 0.7593
3.29142842 0.7777
3.25981895 0.7932
3.23652160 0.8052
3.22156281 0.8136
3.21343210 0.8184
3.21181893 0.8205
3.21511384 0.8198
3.22152413 0.8162
3.23005399 0.8096
3.24064372 0.8003
3.25484687 0.7893
3.27226076 0.7772
3.29202908 0.7653
3.31395210 0.7542
3.33605985 0.7456
3.35790262 0.7395
3.37673328 0.7368
3.38941730 0.7377
3.39591618 0.7420
3.39599355 0.7488
3.39189692 0.7564
3.38639936 0.7633
3.38215965 0.7680
3.37850194 0.7695
3.37591324 0.7679
3.37564062 0.7632
3.37703106 0.7574
3.38147029 0.7518
3.38780192 0.7475
3.39571492 0.7434
3.40368546 0.7392
3.41089625 0.7335
3.41560594 0.7258
3.41943661 0.7155
3.42457729 0.7027
3.43072853 0.6878
3.43894352 0.6720
3.44880328 0.6573
3.45941026 0.6445
3.46879658 0.6333
3.47612089 0.6233
3.48166100 0.6156
3.48575861 0.6099
3.48954114 0.6057
3.49323857 0.6025
3.49698007 0.6008
3.50083183 0.6005
3.50515448 0.5997
3.50916210 0.5981
3.51252373 0.5955
3.51360142 0.5927
3.51182947 0.5905
3.50813190 0.5878
3.50145358 0.5858
3.48978094 0.5850
3.47410003 0.5863
3.45643302 0.5904
3.43927127 0.5976
3.42492326 0.6071
3.41487581 0.6166
3.40774264 0.6242
3.40209361 0.6289
3.39749763 0.6310
3.39645924 0.6298
3.39782640 0.6258
3.40248833 0.6183
3.40947150 0.6076
3.42110513 0.5939
3.43923898 0.5790
3.46473241 0.5652
3.49738220 0.5526
3.53352363 0.5419
3.56925149 0.5329
3.59980527 0.5261
3.62238325 0.5223
3.63547101 0.5231
3.63982139 0.5298
3.63863262 0.5426
3.63520731 0.5619
3.63174822 0.5875
3.62872333 0.6167
3.62656070 0.6468
3.62586035 0.6742
3.62761352 0.6962
3.63074494 0.7122
3.63344159 0.7232
3.63520895 0.7297
3.63462033 0.7338
3.63071029 0.7363
3.62307297 0.7384
3.61410182 0.7384
3.60605439 0.7343
3.60069538 0.7262
3.59978834 0.7141
3.60160183 0.6995
3.60462977 0.6847
3.61018725 0.6726
3.61639727 0.6644
3.62531390 0.6614
3.63676426 0.6629
3.65135947 0.6673
3.66799052 0.6721
3.68360215 0.6755
3.69608562 0.6783
3.70109812 0.6799
3.69805200 0.6821
3.68635247 0.6856
3.66493888 0.6888
3.63409950 0.6926
3.59402116 0.6960
3.55081188 0.6996
3.50749363 0.7024
3.46705054 0.7041
3.43283140 0.7036
3.40806477 0.7005
3.39204266 0.6965
3.38438803 0.6933
3.38134441 0.6931
3.38247546 0.6967
3.38671641 0.7042
3.39435163 0.7146
3.40557320 0.7252
3.41928571 0.7335
3.43227497 0.7384
3.44426877 0.7397
3.45384389 0.7388
3.45944029 0.7379
3.46023916 0.7384
3.45726787 0.7406
3.45213942 0.7450
3.44500397 0.7508
3.43657169 0.7573
3.42798732 0.7628
3.42043903 0.7661
3.41567443 0.7660
3.41301143 0.7623
3.41050544 0.7566
3.40842619 0.7496
3.40542575 0.7428
3.40320466 0.7371
3.40368898 0.7329
3.40678966 0.7303
3.41326970 0.7279
3.42191139 0.7257
3.43169208 0.7233
3.44184511 0.7209
3.45125318 0.7195
3.45990333 0.7190
3.46641293 0.7192
3.47042822 0.7194
3.47029402 0.7192
3.46704558 0.7180
3.46056194 0.7165
3.45319486 0.7137
3.44682989 0.7098
3.44292390 0.7055
3.44265436 0.7017
3.44531886 0.7018
3.44886920 0.7053
3.45267076 0.7128
3.45565437 0.7240
3.45908813 0.7370
3.46282316 0.7488
3.46480253 0.7580
3.46582908 0.7627
3.46575573 0.7630
3.46388224 0.7595
3.46101937 0.7530
3.45741233 0.7445
3.45333995 0.7350
3.44871085 0.7248
3.44335996 0.7166
3.43614852 0.7077
3.42746580 0.7016
3.41709992 0.6947
3.40760062 0.6884
3.39885710 0.6827
3.39092167 0.6777
3.38549484 0.6750
3.38036512 0.6763
3.37518873 0.6822
3.36938808 0.6924
3.36196254 0.7056
3.35428775 0.7182
3.34783343 0.7284
3.34208571 0.7352
3.33858300 0.7391
3.33720364 0.7401
3.33807365 0.7390
3.34189974 0.7360
3.34977918 0.7337
3.36030536 0.7317
3.37211289 0.7297
3.38444156 0.7264
3.39370842 0.7216
3.39765753 0.7146
3.39696503 0.7060
3.39019304 0.6968
3.37899079 0.6885
3.36453018 0.6805
3.34862404 0.6752
3.33207121 0.6725
3.31583019 0.6727
3.29983227 0.6759
3.28590767 0.6800
3.27438335 0.6841
3.26540352 0.6874
3.25896059 0.6896
3.25450387 0.6898
3.25180156 0.6889
3.25193329 0.6871
3.25484972 0.6853
3.25916826 0.6849
3.26433846 0.6866
3.27022209 0.6924
3.27526856 0.7006
3.27917520 0.7105
3.28290659 0.7214
3.28851223 0.7304
3.29367990 0.7357
3.29929842 0.7366
3.30197288 0.7327
3.30338773 0.7257
3.30338141 0.7187
3.30159085 0.7122
3.29946399 0.7065
3.29649711 0.7026
3.29121528 0.7009
3.28529543 0.6993
3.27991488 0.6963
3.27916559 0.6885
3.28522164 0.6758
3.30049105 0.6595
3.32421019 0.6442
3.35325026 0.6330
3.38345253 0.6274
3.41060402 0.6279
3.43090008 0.6356
3.44544867 0.6487
3.45680545 0.6647
3.46822704 0.6807
3.48206152 0.6933
3.49927158 0.7008
3.51763468 0.7026
3.53425294 0.7013
3.54674980 0.6998
3.55309800 0.7007
3.55012478 0.7060
3.53735493 0.7150
3.51461681 0.7268
3.48315320 0.7408
3.44605761 0.7542
3.40951593 0.7635
3.38082993 0.7672
3.36439729 0.7646
3.36193041 0.7576
3.37191653 0.7472
3.38938922 0.7352
3.40662153 0.7226
3.41935819 0.7100
3.42800894 0.6969
3.43463345 0.6845
3.44077603 0.6734
3.44862233 0.6643
3.45931681 0.6566
3.47316039 0.6508
3.49147722 0.6467
3.50954659 0.6459
3.52548652 0.6476
3.53712596 0.6518
3.53919943 0.6584
3.53037632 0.6664
3.51116428 0.6740
3.48188692 0.6815
3.44775546 0.6887
3.41325884 0.6970
3.38558488 0.7056
3.36787021 0.7144
3.35965178 0.7224
3.36086726 0.7284
3.36857807 0.7316
3.37847971 0.7332
3.38914208 0.7337
3.39966066 0.7337
3.40901805 0.7336
3.41812832 0.7339
3.42617989 0.7351
3.43560903 0.7370
3.44584426 0.7398
3.45710118 0.7432
3.46504757 0.7474
3.46972853 0.7499
3.46842539 0.7508
3.46269502 0.7504
3.45206871 0.7499
3.43913442 0.7513
3.42737728 0.7540
3.41939339 0.7587
3.41690724 0.7637
3.41768702 0.7679
3.42078358 0.7695
3.42487434 0.7687
3.42862564 0.7667
3.43272471 0.7628
3.43604323 0.7587
3.43893261 0.7549
3.44119081 0.7523
3.44562362 0.7508
3.45154261 0.7503
3.45972233 0.7489
3.47063225 0.7452
3.48295126 0.7382
3.49384849 0.7286
3.50192106 0.7173
3.50699556 0.7061
3.50806165 0.6970
3.50815029 0.6915
3.50792780 0.6905
3.51060044 0.6933
3.51858327 0.6982
3.53148115 0.7040
3.54825816 0.7084
3.56770721 0.7103
3.58591473 0.7100
3.59889012 0.7084
3.60155267 0.7068
3.59140737 0.7062
3.57019580 0.7079
3.54234398 0.7113
3.51486414 0.7159
3.49203339 0.7198
3.47478790 0.7216
3.46188122 0.7192
3.45145454 0.7116
3.44337585 0.6992
3.43645273 0.6832
3.42809739 0.6666
3.42141956 0.6510
3.41910716 0.6375
3.42131341 0.6276
3.42894581 0.6208
3.44019241 0.6170
3.45360020 0.6150
3.46818849 0.6141
3.48044889 0.6146
3.48988635 0.6157
3.49356871 0.6171
3.49173345 0.6192
3.48748029 0.6214
3.48372885 0.6248
3.48243866 0.6291
3.48591780 0.6340
3.49614711 0.6384
3.51225210 0.6419
3.53234828 0.6439
3.55214778 0.6440
3.56830392 0.6414
3.57839476 0.6374
3.58310910 0.6325
3.58410205 0.6270
3.58236798 0.6225
3.57855757 0.6201
3.57560837 0.6195
3.57399451 0.6203
3.57232119 0.6220
3.57002062 0.6238
3.56591031 0.6265
3.55688000 0.6280
3.54359604 0.6300
3.52712182 0.6324
3.51060261 0.6353
3.49830097 0.6383
3.49364180 0.6404
3.49956615 0.6405
3.51554379 0.6378
3.53952010 0.6317
3.56752505 0.6234
3.59419229 0.6148
3.61815464 0.6068
3.63800618 0.5998
3.65363689 0.5944
3.66617069 0.5918
3.67656659 0.5914
3.68287395 0.5920
3.68496654 0.5919
3.68513996 0.5894
3.68109415 0.5850
3.67169268 0.5775
3.65401107 0.5687
3.62691563 0.5599
3.59226102 0.5530
3.55332700 0.5479
3.51639031 0.5442
3.48627145 0.5412
3.46640680 0.5381
3.46158869 0.5346
3.47195121 0.5298
3.49330118 0.5251
3.52162485 0.5201
3.55339202 0.5145
3.58412572 0.5089
3.61133234 0.5035
3.63416847 0.5002
3.65196681 0.5002
3.66441984 0.5041
3.67089818 0.5123
3.67206353 0.5241
3.66669604 0.5375
3.65565548 0.5507
3.64073910 0.5617
3.62518752 0.5694
3.60931978 0.5747
3.59459546 0.5777
3.58533769 0.5772
3.58186455 0.5727
3.58309641 0.5645
3.58998282 0.5535
3.60433310 0.5407
3.62382928 0.5271
3.64558514 0.5147
3.66639260 0.5045
3.68472368 0.4965
3.69797558 0.4921
3.70432961 0.4912
3.70344907 0.4934
3.69454977 0.4977
3.67593432 0.5047
3.64802454 0.5137
3.61369774 0.5245
3.57643614 0.5358
3.53819989 0.5465
3.50150446 0.5570
3.47051921 0.5673
3.44702882 0.5774
3.43309745 0.5871
3.42581983 0.5949
3.42614968 0.6013
3.43169060 0.6047
3.44147934 0.6056
3.45353931 0.6043
3.46931689 0.6004
3.48621731 0.5962
3.50472767 0.5929
3.52243288 0.5919
3.53718963 0.5931
3.54640247 0.5967
3.54856318 0.6027
3.54229826 0.6099
3.52905027 0.6170
3.50982518 0.6229
3.49073944 0.6272
3.47311620 0.6304
3.45784142 0.6338
3.44904840 0.6374
3.44525260 0.6421
3.44533011 0.6473
3.44874849 0.6515
3.45595394 0.6535
3.46299068 0.6524
3.46931914 0.6482
3.47404394 0.6410
3.47720914 0.6316
3.47959955 0.6219
3.47892803 0.6135
3.47492255 0.6068
3.46876635 0.6017
3.46059212 0.5987
3.44978656 0.5975
3.43450899 0.5973
3.41888429 0.5983
3.40315943 0.6003
3.38855899 0.6032
3.37818367 0.6068
3.37405761 0.6098
3.37579680 0.6130
3.38271043 0.6161
3.39270270 0.6190
3.40575450 0.6212
3.41905530 0.6230
3.43166609 0.6251
3.44039610 0.6279
3.44405163 0.6321
3.44519494 0.6380
3.44392830 0.6455
3.43985401 0.6549
3.43511968 0.6644
3.42877558 0.6730
3.42117165 0.6808
3.41442857 0.6864
3.40830499 0.6892
3.40136289 0.6904
3.39512780 0.6884
3.39131756 0.6820
3.39047724 0.6715
3.39296077 0.6578
3.39829678 0.6414
3.40835578 0.6243
3.42170445 0.6079
3.43712459 0.5929
3.45119206 0.5799
3.46140763 0.5688
3.46428334 0.5594
3.45671226 0.5514
3.44091225 0.5451
3.41872697 0.5410
3.39323661 0.5393
3.36647460 0.5403
3.34160357 0.5438
3.31911424 0.5515
3.30009333 0.5630
3.28687843 0.5777
3.27939243 0.5957
3.27523136 0.6143
3.27286635 0.6304
3.26992133 0.6426
3.26565268 0.6493
3.26082248 0.6505
3.25556507 0.6471
3.25389727 0.6404
3.25665769 0.6319
3.26464630 0.6235
3.27709927 0.6153
3.29167778 0.6074
3.30717941 0.5999
3.32320785 0.5935
3.33834157 0.5893
3.35319580 0.5877
3.36940904 0.5879
3.38494684 0.5891
3.39923582 0.5911
3.41248730 0.5935
3.42637769 0.5971
3.44037504 0.6033
3.45510572 0.6120
3.46887276 0.6228
3.48077256 0.6347
3.48870835 0.6464
3.49082076 0.6578
3.48824497 0.6674
3.48092215 0.6753
3.47063993 0.6813
3.45895459 0.6849
3.44922087 0.6854
3.44282004 0.6830
3.44075784 0.6784
3.44384169 0.6715
3.45294317 0.6624
3.46730827 0.6524
3.48528203 0.6414
3.50767830 0.6303
3.53179505 0.6201
3.55906191 0.6106
3.58753111 0.6020
3.61444884 0.5954
3.63800410 0.5899
3.65697208 0.5854
3.67040912 0.5815
3.67618504 0.5790
3.67538912 0.5791
3.66887334 0.5821
3.65706592 0.5879
3.64323598 0.5953
3.62923726 0.6032
3.61642393 0.6108
3.60464668 0.6178
3.59345006 0.6243
3.58276289 0.6300
3.57477067 0.6343
3.57006610 0.6369
3.56763232 0.6376
3.56781952 0.6362
3.57056924 0.6326
3.57398811 0.6278
3.58031429 0.6209
3.58723593 0.6127
3.59357371 0.6028
3.59982447 0.5921
3.60492431 0.5811
3.60648603 0.5713
3.60417033 0.5627
3.59928783 0.5558
3.59109959 0.5503
3.58308781 0.5454
3.57799166 0.5399
3.57364356 0.5347
3.57242346 0.5296
3.57370863 0.5252
3.57861039 0.5222
3.58782948 0.5206
3.59973410 0.5205
3.61514362 0.5210
3.63215087 0.5228
3.64993850 0.5260
3.66527124 0.5313
3.67776551 0.5382
3.68589419 0.5465
3.69022955 0.5563
3.69158294 0.5660
3.68863805 0.5756
3.67985737 0.5846
3.66664776 0.5935
3.65104431 0.6019
3.63616465 0.6092
3.62312410 0.6148
3.61327075 0.6185
3.60687542 0.6200
3.60603013 0.6198
3.60926028 0.6183
3.61591373 0.6153
3.62551524 0.6106
3.63881240 0.6035
3.65403604 0.5948
3.67043759 0.5838
3.68717439 0.5718
3.70476784 0.5597
3.72004840 0.5486
3.72959183 0.5397
3.73279800 0.5328
3.72752223 0.5286
3.71434217 0.5267
3.69163418 0.5265
3.66111539 0.5276
3.62362219 0.5299
3.58244835 0.5321
3.54007280 0.5348
3.49858257 0.5377
3.46177692 0.5404
3.43348203 0.5427
3.41525886 0.5433
3.40942175 0.5413
3.41542676 0.5367
3.43136572 0.5289
3.45408129 0.5194
3.48136286 0.5081
3.51056864 0.4964
3.53890890 0.4850
3.56542327 0.4739
3.58999335 0.4647
3.60927061 0.4579
3.62246073 0.4537
3.62706744 0.4520
3.62348704 0.4526
3.61093342 0.4562
3.58981072 0.4623
3.56229670 0.4707
3.52983876 0.4810
3.49551774 0.4911
3.46362801 0.5017
3.43615865 0.5135
3.41668299 0.5254
3.40547043 0.5368
3.40234138 0.5464
3.40656606 0.5532
3.41431231 0.5576
3.42621180 0.5585
3.44292189 0.5557
3.46321901 0.5501
3.48813122 0.5423
3.51580809 0.5336
3.54368907 0.5249
3.57044948 0.5167
3.59589335 0.5084
3.61755344 0.4997
3.63362636 0.4908
3.64302900 0.4820
3.64500297 0.4754
3.63899044 0.4709
3.62544469 0.4694
3.60622852 0.4722
3.58513357 0.4787
3.56489106 0.4893
3.54652888 0.5028
3.52799472 0.5172
3.51023619 0.5310
3.49339820 0.5440
3.47764450 0.5552
3.46428538 0.5647
3.45339399 0.5727
3.44657950 0.5785
3.44319026 0.5818
3.44556497 0.5828
3.45346116 0.5822
3.46588261 0.5806
3.48252097 0.5789
3.50065717 0.5783
3.51949754 0.5777
3.53729925 0.5775
3.55309459 0.5776
3.56135200 0.5788
3.56122073 0.5805
3.55403855 0.5831
3.54232954 0.5866
3.52974194 0.5894
3.51753278 0.5903
3.50784969 0.5885
3.50020755 0.5850
3.49492699 0.5815
3.49230806 0.5786
3.49103173 0.5767
3.49306256 0.5748
3.49933855 0.5719
3.51057357 0.5676
3.52895164 0.5625
3.55529977 0.5556
3.58902645 0.5507
3.62643514 0.5484
3.66339429 0.5488
3.69691244 0.5508
3.72135317 0.5532
3.73288967 0.5558
3.73002666 0.5591
3.71420373 0.5628
3.68772561 0.5661
3.65634686 0.5673
3.62605984 0.5647
3.59878605 0.5586
3.57931455 0.5484
3.56870951 0.5357
3.56692941 0.5225
3.57211128 0.5098
3.58097641 0.4994
3.59100461 0.4921
3.60113346 0.4873
3.60920501 0.4852
3.61730199 0.4848
3.62377602 0.4866
3.62861047 0.4908
3.63332122 0.4967
3.63791895 0.5046
3.64002567 0.5144
3.63714656 0.5263
3.62617526 0.5406
3.60932139 0.5565
3.58779836 0.5721
3.56312970 0.5861
3.53811194 0.5965
3.51782825 0.6033
3.50496289 0.6072
3.49951856 0.6089
3.50188843 0.6093
3.51005758 0.6079
3.52040476 0.6048
3.53250945 0.5986
3.54367635 0.5896
3.55307540 0.5779
3.56043427 0.5652
3.56570532 0.5529
3.56833790 0.5435
3.56966937 0.5372
3.56924754 0.5351
3.56572422 0.5380
3.55610358 0.5461
3.53850186 0.5593
3.51361899 0.5757
3.48398107 0.5945
3.45205356 0.6137
3.42020067 0.6307
3.39081939 0.6457
3.36511372 0.6593
3.34470369 0.6731
3.33051671 0.6873
3.32184435 0.7018
3.31746259 0.7161
3.31666421 0.7294
3.31929002 0.7397
3.32456489 0.7452
3.33089670 0.7466
3.33974246 0.7442
3.35074232 0.7385
3.36346123 0.7307
3.37787401 0.7228
3.39288576 0.7160
3.40637472 0.7113
3.41726389 0.7086
3.42554540 0.7069
3.43191281 0.7053
3.43741963 0.7033
3.44284666 0.6992
3.44835683 0.6940
3.45573202 0.6886
3.46565598 0.6841
3.47860519 0.6813
3.49456512 0.6800
3.51109134 0.6810
3.52433378 0.6830
3.53260718 0.6845
3.53307404 0.6838
3.52485311 0.6796
3.50756303 0.6710
3.48584620 0.6590
3.46260339 0.6455
3.43933549 0.6339
3.41861064 0.6267
3.40181288 0.6242
3.39029692 0.6264
3.38555993 0.6306
3.39000841 0.6343
3.40324762 0.6367
3.42451874 0.6359
3.45302625 0.6311
3.48747143 0.6233
3.52615869 0.6137
3.56650475 0.6039
3.60736516 0.5959
3.64805281 0.5906
3.68494187 0.5879
3.71494808 0.5873
3.73414258 0.5881
3.74025891 0.5894
3.73181428 0.5908
3.71105579 0.5920
3.68223487 0.5939
3.64797678 0.5977
3.61051900 0.6047
3.57115206 0.6135
3.52970434 0.6235
3.48660183 0.6331
3.44316157 0.6412
3.40356580 0.6471
3.37092945 0.6515
3.34808769 0.6532
3.33680337 0.6521
3.33751541 0.6500
3.34904273 0.6458
3.36786947 0.6400
3.39354247 0.6335
3.42258586 0.6258
3.45395780 0.6169
3.48422795 0.6070
3.51163704 0.5965
3.53355658 0.5855
3.54936881 0.5757
3.55515793 0.5665
3.55177953 0.5609
3.54119646 0.5604
3.52489547 0.5640
3.50260276 0.5717
3.47637725 0.5820
3.44630509 0.5915
3.41534830 0.6000
3.38633645 0.6073
3.36137241 0.6125
3.34432492 0.6164
3.33634094 0.6185
3.33487082 0.6197
3.33970254 0.6205
3.34890390 0.6211
3.36157455 0.6208
3.37436847 0.6203
3.38627401 0.6186
3.39811107 0.6167
3.40822383 0.6134
3.41707448 0.6087
3.42291264 0.6023
3.42464026 0.5957
3.42156653 0.5891
3.41422003 0.5836
3.40318931 0.5799
3.38982699 0.5779
3.37691815 0.5773
3.36454897 0.5789
3.35414511 0.5818
3.34667065 0.5849
3.33954127 0.5874
3.33208908 0.5888
3.32248289 0.5908
3.31286117 0.5944
3.30371106 0.5980
3.29577880 0.6021
3.28814423 0.6071
3.28073970 0.6139
3.27506699 0.6233
3.27264956 0.6351
3.27423449 0.6476
3.27713582 0.6605
3.28112873 0.6720
3.28411708 0.6812
3.28529474 0.6881
3.28678495 0.6915
3.29069238 0.6921
3.29716576 0.6915
3.30857179 0.6900
3.32550770 0.6886
3.34504443 0.6872
3.36288156 0.6864
3.37596239 0.6862
3.38448304 0.6874
3.38752065 0.6907
3.38656964 0.6958
3.38257120 0.7025
3.37454831 0.7101
3.36595059 0.7188
3.35850013 0.7278
3.35302059 0.7367
3.34999402 0.7458
3.34931585 0.7552
3.35276573 0.7637
3.35952162 0.7708
3.37083950 0.7759
3.38783551 0.7779
3.41151785 0.7741
3.44193635 0.7651
3.47549215 0.7530
3.50936174 0.7382
3.54183343 0.7210
3.56894327 0.7035
3.58977367 0.6864
3.60282524 0.6704
3.60927713 0.6570
3.60834064 0.6476
3.59989899 0.6429
3.58804163 0.6423
3.57380652 0.6459
3.55951466 0.6545
3.54570976 0.6650
3.53275931 0.6745
3.52121567 0.6812
3.50905230 0.6849
3.49898224 0.6856
3.49372189 0.6848
3.49633979 0.6826
3.50705618 0.6780
3.52685530 0.6691
3.55069459 0.6559
3.57306319 0.6376
3.59132662 0.6160
3.60080804 0.5954
3.60039721 0.5769
3.59078725 0.5633
3.57218595 0.5579
3.54621203 0.5608
3.51593406 0.5710
3.48238179 0.5882
3.44923296 0.6105
3.41839521 0.6347
3.39035768 0.6588
3.36619186 0.6799
3.34674148 0.6958
3.33193366 0.7073
3.32371809 0.7147
3.32415208 0.7196
3.33431522 0.7234
3.35474921 0.7254
3.38399959 0.7259
3.41853842 0.7237
3.45471870 0.7170
3.48692259 0.7053
3.51213008 0.6887
3.52938082 0.6707
3.53864298 0.6548
3.54123828 0.6440
3.53623810 0.6397
3.52606508 0.6416
3.51148628 0.6491
3.49156654 0.6612
3.46860730 0.6763
3.44396675 0.6917
3.41858554 0.7053
3.39507111 0.7154
3.37495410 0.7228
3.35918325 0.7278
3.35075045 0.7303
3.35101213 0.7305
3.35903579 0.7285
3.37439123 0.7242
3.39643949 0.7168
3.42298736 0.7057
3.45057631 0.6917
3.47868983 0.6752
3.50495905 0.6579
3.52805143 0.6425
3.54761411 0.6310
3.56452517 0.6230
3.57819274 0.6186
3.58872842 0.6176
3.59647245 0.6182
3.60090478 0.6205
3.60005675 0.6254
3.59290878 0.6324
3.57993626 0.6389
3.56120513 0.6430
3.54054205 0.6439
3.52066142 0.6420
3.50575678 0.6390
3.49848091 0.6351
3.49923207 0.6314
3.50734271 0.6284
3.52045472 0.6249
3.53511645 0.6212
3.54960776 0.6174
3.56278698 0.6143
3.57720815 0.6130
3.59362863 0.6140
3.61200150 0.6178
3.63206262 0.6235
3.65233035 0.6304
3.67154906 0.6370
3.68720129 0.6420
3.69769112 0.6427
3.69892065 0.6374
3.68997689 0.6248
3.67275435 0.6086
3.65072430 0.5963
3.62789087 0.5919
3.60745161 0.5943
3.58980401 0.6016
3.57717706 0.6124
3.56798428 0.6244
3.56178792 0.6344
3.55514502 0.6394
3.54549256 0.6378
3.53242406 0.6302
3.51763953 0.6185
3.50154046 0.6056
3.48765890 0.5934
3.47684793 0.5844
3.47044652 0.5788
3.46923939 0.5767
3.47251609 0.5761
3.47968986 0.5756
3.49103269 0.5728
3.50315886 0.5658
3.51439113 0.5556
3.52359748 0.5424
3.53048931 0.5290
3.53619209 0.5181
3.54401595 0.5109
3.55450434 0.5075
3.56785390 0.5070
3.57941354 0.5086
3.58687923 0.5122
3.58830603 0.5178
3.58117687 0.5242
3.56371042 0.5311
3.53650659 0.5387
3.50166917 0.5484
3.46465566 0.5607
3.42769652 0.5759
3.39489059 0.5941
3.36963082 0.6138
3.35242332 0.6330
3.34451877 0.6501
3.34551662 0.6625
3.35435692 0.6706
3.37032556 0.6744
3.39373152 0.6749
3.42232573 0.6744
3.45571766 0.6743
3.49347057 0.6756
3.53343582 0.6788
3.57410437 0.6832
3.61338590 0.6888
3.64883784 0.6939
3.67651312 0.6975
3.69388925 0.6982
3.69992910 0.6962
3.69385182 0.6930
3.67419571 0.6917
3.64340795 0.6934
3.60505668 0.6987
3.56251429 0.7066
3.52069036 0.7145
3.48478120 0.7198
3.45841226 0.7206
3.44379284 0.7162
3.44236232 0.7072
3.45294137 0.6963
3.47269232 0.6863
3.49797135 0.6799
3.52515835 0.6776
3.55090651 0.6800
3.57426890 0.6860
3.59480210 0.6952
3.60923400 0.7063
3.61546485 0.7178
3.61264609 0.7288
3.60271143 0.7381
3.58806123 0.7451
3.56907036 0.7500
3.54776672 0.7530
3.52491101 0.7542
3.50256983 0.7544
3.48066816 0.7527
3.46368290 0.7476
3.45333138 0.7385
3.45187786 0.7248
3.45953914 0.7068
3.47507365 0.6862
3.49783919 0.6666
3.52520105 0.6488
3.55542498 0.6352
3.58389229 0.6256
3.60747158 0.6201
3.62306142 0.6178
3.62792499 0.6171
3.62160676 0.6184
3.60562713 0.6210
3.58296409 0.6259
3.55649279 0.6336
3.53041943 0.6442
3.50821621 0.6570
3.49002342 0.6693
3.47731823 0.6808
3.47190789 0.6909
3.47176074 0.6989
3.47825676 0.7044
3.48984129 0.7070
3.50562007 0.7067
3.52342341 0.7035
3.54393730 0.6976
3.56558039 0.6908
3.58929734 0.6832
3.61311835 0.6768
3.63454629 0.6740
3.65002056 0.6751
3.65667412 0.6788
3.65322320 0.6838
3.63946173 0.6890
3.61655385 0.6938
3.58731858 0.6982
3.55546867 0.7034
3.52202065 0.7084
3.48831305 0.7136
3.45797647 0.7182
3.43135571 0.7210
3.40898652 0.7225
3.39089118 0.7220
3.37967930 0.7206
3.37424147 0.7182
3.37344882 0.7153
3.37467200 0.7110
3.37752809 0.7062
3.38103111 0.6994
3.38598198 0.6919
3.39073359 0.6854
3.39041103 0.6820
3.38305209 0.6818
3.36901764 0.6836
3.34773751 0.6857
3.32104889 0.6882
3.29153641 0.6894
3.26273416 0.6889
3.23585432 0.6879
3.21272739 0.6868
3.19360119 0.6860
3.17971433 0.6858
3.17013806 0.6867
3.16550630 0.6890
3.16520623 0.6918
3.16894444 0.6945
3.17732675 0.6964
3.19063925 0.6970
3.20822252 0.6971
3.22901103 0.6957
3.25137818 0.6940
3.27414777 0.6935
3.29623979 0.6940
3.31413871 0.6961
3.32641568 0.6980
3.33401728 0.6999
3.33724007 0.7001
3.33874714 0.6995
3.34144058 0.6979
3.34560126 0.6952
3.35227890 0.6915
3.36120938 0.6879
3.37206932 0.6853
3.38258711 0.6847
3.39200000 0.6864
3.40101366 0.6889
3.40862658 0.6920
3.41681092 0.6938
3.42603884 0.6936
3.43794110 0.6917
3.45294095 0.6877
3.46776298 0.6831
3.47894910 0.6797
3.48577685 0.6778
3.48629249 0.6779
3.48008934 0.6794
3.46905713 0.6815
3.45308542 0.6843
3.43554935 0.6874
3.42095250 0.6924
3.40984706 0.6992
3.40449671 0.7087
3.40434150 0.7195
3.40922215 0.7304
3.41569188 0.7411
3.42194270 0.7512
3.42855209 0.7599
3.43500720 0.7661
3.44358781 0.7697
3.45300078 0.7708
3.46396568 0.7696
3.47530759 0.7664
3.48756671 0.7610
3.49985151 0.7546
3.50962859 0.7484
3.51715600 0.7419
3.52165900 0.7348
3.52211361 0.7255
3.52138475 0.7132
3.52237841 0.6966
3.52818798 0.6763
3.54108979 0.6561
3.56061044 0.6394
3.58132924 0.6295
3.59687239 0.6266
3.60470873 0.6293
3.60386870 0.6363
3.59440222 0.6457
3.57752299 0.6567
3.55618217 0.6665
3.53319697 0.6747
3.51113010 0.6798
3.49038539 0.6836
3.47458956 0.6845
3.46479434 0.6848
3.46157341 0.6828
3.46431518 0.6789
3.47168607 0.6720
3.48485047 0.6627
3.50185784 0.6512
3.52180165 0.6385
3.54439715 0.6257
3.56524548 0.6164
3.58158702 0.6117
3.59366904 0.6113
3.59900770 0.6167
3.59603414 0.6260
3.58447064 0.6400
3.56695660 0.6562
3.54410256 0.6742
3.51620453 0.6924
3.48505924 0.7101
3.45433922 0.7264
3.42622159 0.7407
3.40256955 0.7527
3.38443788 0.7617
3.37237567 0.7674
3.36640316 0.7691
3.36687639 0.7667
3.37354129 0.7600
3.38773152 0.7496
3.40858642 0.7366
3.43549893 0.7207
3.46723439 0.7028
3.50071849 0.6848
3.53329984 0.6687
3.56257435 0.6548
3.58677204 0.6443
3.60347432 0.6351
3.61126684 0.6284
3.60939241 0.6239
3.59816382 0.6202
3.57708094 0.6184
3.54779627 0.6184
3.51316973 0.6192
3.47632546 0.6198
3.43995222 0.6201
3.40761951 0.6194
3.38174759 0.6190
3.36407959 0.6201
3.35504528 0.6249
3.35390661 0.6330
3.36012626 0.6447
3.37223756 0.6580
3.38941255 0.6710
3.41342955 0.6817
3.44210963 0.6891
3.47400466 0.6937
3.50849533 0.6945
3.54378999 0.6926
3.57464156 0.6901
3.59734735 0.6879
3.61094980 0.6851
3.61234060 0.6817
3.60577412 0.6760
3.59209588 0.6706
3.57306789 0.6654
3.55126772 0.6609
3.52919917 0.6568
3.51046683 0.6535
3.49709514 0.6524
3.48865040 0.6558
3.48197200 0.6641
3.47581893 0.6769
3.46928401 0.6927
3.46238881 0.7096
3.45589433 0.7248
3.45004632 0.7369
3.44595859 0.7453
3.44435095 0.7499
3.44460807 0.7521
3.44547820 0.7528
3.44460242 0.7529
3.44089547 0.7518
3.43300411 0.7497
3.42325956 0.7457
3.41167681 0.7404
3.39978462 0.7333
3.38813366 0.7239
3.37875575 0.7116
3.37158669 0.6972
3.36724754 0.6813
3.36613029 0.6665
3.36704977 0.6551
3.36839631 0.6487
3.36734651 0.6485
3.36135660 0.6544
3.34910828 0.6648
3.33176584 0.6796
3.31002104 0.6970
3.28693441 0.7151
3.26488809 0.7335
3.24433955 0.7507
3.22678896 0.7666
3.21171014 0.7818
3.20168100 0.7956
3.19538983 0.8085
3.19399223 0.8197
3.19772947 0.8271
3.20666800 0.8304
3.22144135 0.8302
3.24181626 0.8259
3.26699561 0.8182
3.29677614 0.8093
3.33119248 0.8002
3.36994434 0.7911
3.41163562 0.7810
3.45366635 0.7711
3.49378918 0.7609
3.52769164 0.7517
3.55454439 0.7450
3.57199506 0.7412
3.58020048 0.7398
3.57771110 0.7419
3.56543598 0.7453
3.54331087 0.7513
3.51457043 0.7592
3.48214171 0.7692
3.44859818 0.7806
3.41547261 0.7929
3.38597730 0.8042
3.36245466 0.8143
3.34514289 0.8218
3.33371966 0.8271
3.32746834 0.8310
3.32723032 0.8339
3.33288186 0.8355
3.34309093 0.8360