29.925212860107422
29.981101989746094
30.063899993896484
30.197044372558594
30.361021041870117
30.560152053833008
30.76091766357422
30.992929458618164
31.19983673095703
31.399982452392578
31.569217681884766
31.687519073486328
31.753042221069336
31.751155853271484
31.63308334350586
31.446170806884766
31.174001693725586
30.827768325805664
30.37997055053711
29.87683868408203
29.28570556640625
28.60879898071289
27.856630325317383
27.06007957458496
26.21214485168457
25.34343719482422
24.50005531311035
23.64296531677246
22.82332992553711
22.11015510559082
21.495269775390625
20.996028900146484
20.648178100585938
20.448135375976562
20.390300750732422
20.479177474975586
20.73276710510254
21.165693283081055
21.752365112304688
22.459640502929688
23.28803825378418
24.18874168395996
25.185178756713867
26.283201217651367
27.420700073242188
28.588172912597656
29.748273849487305
30.90275764465332
32.03189468383789
33.03354263305664
33.849884033203125
34.4368782043457
34.859561920166016
35.11482620239258
35.17006301879883
34.99296569824219
34.648887634277344
34.166046142578125
33.52239990234375
32.78681182861328
31.975170135498047
31.12795639038086
30.302162170410156
29.508493423461914
28.79718017578125
28.1263427734375
27.48163414001465
26.90741729736328
26.396358489990234
25.959768295288086
25.611608505249023
25.363309860229492
25.18403434753418
25.092321395874023
25.03005599975586
25.030248641967773
25.1077823638916
25.234312057495117
25.41205406188965
25.665281295776367
26.018096923828125
26.3598575592041
26.738576889038086
27.13324546813965
27.539485931396484
27.961767196655273
28.41132926940918
28.80937957763672
29.17572593688965
29.587255477905273
29.98080062866211
30.33601951599121
30.603418350219727
30.81960678100586
30.95648765563965
31.043289184570312
31.100177764892578
31.113842010498047
31.096960067749023
31.040943145751953
30.989810943603516
30.970365524291992
31.004240036010742
31.08905792236328
31.175739288330078
31.35205841064453
31.57484245300293
31.873144149780273
32.19061279296875
32.53730773925781
32.923606872558594
33.274173736572266
33.569210052490234
33.83784866333008
34.03864669799805
34.18003845214844
34.22123718261719
34.14881134033203
33.942264556884766
33.56559371948242
33.06686782836914
32.48040771484375
31.77960777282715
31.00813102722168
30.20075798034668
29.362531661987305
28.531246185302734
27.759185791015625
27.122392654418945
26.642765045166016
26.291606903076172
26.10610008239746
26.062469482421875
26.190441131591797
26.46259117126465
26.83066749572754
27.252695083618164
27.769853591918945
28.335920333862305
28.98344612121582
29.66801643371582
30.40947151184082
31.1297550201416
31.84677505493164
32.57638931274414
33.33445739746094
34.074832916259766
34.803096771240234
35.52649688720703
36.23997116088867
36.864200592041016
37.38883972167969
37.833404541015625
38.15796661376953
38.38319396972656
38.52259826660156
38.51347351074219
38.335784912109375
37.98579406738281
37.52544021606445
36.95240020751953
36.247013092041016
35.464107513427734
34.606441497802734
33.682861328125
32.722007751464844
31.76219367980957
30.798696517944336
29.940155029296875
29.216278076171875
28.626554489135742
28.210031509399414
27.963369369506836
27.891828536987305
28.010705947875977
28.300193786621094
28.781593322753906
29.413372039794922
30.113685607910156
30.84693145751953
31.60157585144043
32.39345169067383
33.1600456237793
33.899131774902344
34.55746078491211
35.13539123535156
35.631038665771484
36.07424545288086
36.50321578979492
36.94325637817383
37.35590362548828
37.75031280517578
38.13067626953125
38.46193313598633
38.75811004638672
38.97843551635742
39.127506256103516
39.200286865234375
39.20429229736328
39.11774444580078
38.91457748413086
38.60641098022461
38.2081184387207
37.69925308227539
37.056888580322266
36.32572555541992
35.543975830078125
34.75267028808594
33.93022537231445
33.20069885253906
32.62156295776367
32.14342498779297
31.739633560180664
31.45941734313965
31.29871368408203
31.23069190979004
31.2506046295166
31.391822814941406
31.55586051940918
31.75070571899414
31.988412857055664
32.21249008178711
32.43489074707031
32.65950012207031
32.86627197265625
33.05485153198242
33.171295166015625
33.26594161987305
33.34476089477539
33.416770935058594
33.487911224365234
33.582916259765625
33.715065002441406
33.877037048339844
34.04542541503906
34.25746154785156
34.43357467651367
34.65831756591797
34.9306755065918
35.23429489135742
35.575538635253906
35.902679443359375
36.189884185791016
36.445526123046875
36.64912033081055
36.81277084350586
36.87661361694336
36.85313415527344
36.73595428466797
36.501319885253906
36.16720962524414
35.732242584228516
35.158531188964844
34.45803451538086
33.66225814819336
32.809024810791016
31.89836311340332
30.92182731628418
29.897377014160156
28.822275161743164
27.70418930053711
26.56986427307129
25.447986602783203
24.327678680419922
23.27271842956543
22.290416717529297
21.449594497680664
20.80259895324707
20.346179962158203
20.01239776611328
19.85577392578125
19.848752975463867
20.063261032104492
20.4959659576416
21.133319854736328
21.94043731689453
22.94330406188965
24.058515548706055
25.27477264404297
26.54312515258789
27.819210052490234
29.033252716064453
30.172651290893555
31.235340118408203
32.218658447265625
33.13706588745117
33.96481704711914
34.64430618286133
35.251914978027344
35.72655487060547
36.09416580200195
36.37512969970703
36.613609313964844
36.830326080322266
37.020145416259766
37.15314865112305
37.224098205566406
37.26422882080078
37.22000503540039
37.1278190612793
36.97573471069336
36.73504638671875
36.420372009277344
36.01597595214844
35.52121353149414
34.98234176635742
34.50484848022461
34.050907135009766
33.63111877441406
33.261329650878906
33.0250244140625
32.886573791503906
32.833858489990234
32.902870178222656
33.11137771606445
33.46285629272461
33.93339920043945
34.500823974609375
35.078006744384766
35.73737716674805
36.348567962646484
36.945125579833984
37.509849548339844
38.01448059082031
38.41691589355469
38.738494873046875
38.92758560180664
38.97410202026367
38.90140914916992
38.72635269165039
38.444766998291016
38.070465087890625
37.60768508911133
37.10772705078125
36.571319580078125
35.99215316772461
35.45054626464844
34.89017868041992
34.300323486328125
33.689815521240234
33.073368072509766
32.42438507080078
31.763221740722656
31.060009002685547
30.431306838989258
29.832979202270508
29.32002830505371
28.868757247924805
28.503141403198242
28.271982192993164
28.157453536987305
28.165237426757812
28.330968856811523
28.617403030395508
28.98926544189453
29.49934196472168
30.16697883605957
30.90788459777832
31.715673446655273
32.530513763427734
33.389347076416016
34.26754379272461
35.11345291137695
35.917884826660156
36.618961334228516
37.17744445800781
37.65899658203125
38.097259521484375
38.427852630615234
38.67013931274414
38.87483596801758
38.96540451049805
38.97968673706055
38.86528396606445
38.66919708251953
38.4219856262207
38.08018493652344
37.659976959228516
37.176876068115234
36.60984802246094
35.96363067626953
35.240108489990234
34.443641662597656
33.620025634765625
32.801239013671875
31.997600555419922
31.260663986206055
30.60544204711914
30.080852508544922
29.63273048400879
29.310606002807617
29.112430572509766
29.0507755279541
29.089290618896484
29.309293746948242
29.67485237121582
30.17976188659668
30.865192413330078
31.65653419494629
32.56074142456055
33.498600006103516
34.476070404052734
35.44649887084961
36.44210433959961
37.35995864868164
38.234474182128906
39.01289749145508
39.76446533203125
40.45215606689453
41.026329040527344
41.56357955932617
41.957584381103516
42.311767578125
42.5802001953125
42.796260833740234
42.9260368347168
42.97386932373047
42.94548797607422
42.829017639160156
42.60732650756836
42.26216506958008
41.78727722167969
41.15678024291992
40.34611511230469
39.3946647644043
38.30616760253906
37.0910758972168
35.8222541809082
34.53046798706055
33.287689208984375
32.1544075012207
31.131999969482422
30.287626266479492
29.599843978881836
29.09791374206543
28.770666122436523
28.5950927734375
28.539628982543945
28.55108070373535
28.619029998779297
28.738853454589844
28.91401481628418
29.117351531982422
29.3797550201416
29.78115463256836
30.270301818847656
30.802494049072266
31.323740005493164
31.851215362548828
32.35594177246094
32.91163635253906
33.49078369140625
34.084293365478516
34.72123336791992
35.340919494628906
35.98334503173828
36.61960220336914
37.25630569458008
37.85363006591797
38.4073600769043
38.89955520629883
39.332515716552734
39.648014068603516
39.808570861816406
39.749794006347656
39.47148895263672
38.99295425415039
38.30880355834961
37.4603271484375
36.44759750366211
35.35731506347656
34.2253303527832
33.08545684814453
32.05289077758789
31.157575607299805
30.40331268310547
29.848535537719727
29.540929794311523
29.465662002563477
29.586305618286133
29.923906326293945
30.4659366607666
31.160350799560547
31.996807098388672
32.952796936035156
33.965335845947266
35.006919860839844
36.0234489440918
36.9455451965332
37.76934051513672
38.49959182739258
39.147037506103516
39.69533920288086
40.114925384521484
40.37788009643555
40.476959228515625
40.44456481933594
40.27341842651367
39.992210388183594
39.618900299072266
39.13626480102539
38.577022552490234
37.9627799987793
37.281558990478516
36.54540252685547
35.79218673706055
34.9869384765625
34.13764953613281
33.28306198120117
32.407997131347656
31.50250244140625
30.595436096191406
29.706207275390625
28.84219741821289
27.948041915893555
27.014150619506836
26.106843948364258
25.259780883789062
24.53076171875
23.909061431884766
23.400604248046875
23.035175323486328
22.76192283630371
22.64566421508789
22.71149253845215
22.913074493408203
23.218053817749023
23.643096923828125
24.13567352294922
24.68059730529785
25.248802185058594
25.802749633789062
26.31537437438965
26.799097061157227
27.205947875976562
27.552244186401367
27.837228775024414
28.101314544677734
28.284597396850586
28.42884635925293
28.535131454467773
28.589780807495117
28.570573806762695
28.49883270263672
28.356840133666992
28.18687629699707
27.943721771240234
27.674739837646484
27.380741119384766
27.041711807250977
26.651458740234375
26.235227584838867
25.8098087310791
25.395221710205078
25.015363693237305
24.688648223876953
24.399463653564453
24.156335830688477
23.956165313720703
23.813478469848633
23.745908737182617
23.748201370239258
23.710670471191406
23.63865852355957
23.4992733001709
23.32768440246582
23.194313049316406
23.107181549072266
23.049959182739258
23.074378967285156
23.15130043029785
23.316579818725586
23.616086959838867
24.006738662719727
24.503023147583008
25.1185302734375
25.831279754638672
26.655258178710938
27.585054397583008
28.55992889404297
29.568937301635742
30.60922622680664
31.64044952392578
32.63960647583008
33.55503845214844
34.340545654296875
34.985137939453125
35.537925720214844
35.951805114746094
36.21824264526367
36.318763732910156
36.276344299316406
36.10430908203125
35.773780822753906
35.30929183959961
34.754634857177734
34.13521194458008
33.44614028930664
32.748931884765625
32.07341766357422
31.46274757385254
30.98238754272461
30.627119064331055
30.41804313659668
30.371843338012695
30.41190528869629
30.51441764831543
30.673057556152344
30.905929565429688
31.16803550720215
31.4373836517334
31.749919891357422
32.030643463134766
32.317447662353516
32.591468811035156
32.86267852783203
33.080108642578125
33.25027847290039
33.325958251953125
33.36222839355469
33.33589172363281
33.264007568359375
33.155792236328125
32.977088928222656
32.73120880126953
32.3856201171875
31.947175979614258
31.45501708984375
30.93122673034668
30.323318481445312
29.68236541748047
28.99860954284668
28.327207565307617
27.682167053222656
27.08094596862793
26.474063873291016
25.91790199279785
25.449169158935547
25.03339195251465
24.78942108154297
24.674352645874023
24.696115493774414
24.82769203186035
25.072750091552734
25.43363380432129
25.852752685546875
26.372146606445312
26.951332092285156
27.603384017944336
28.257797241210938
28.89400863647461
29.53095817565918
30.16138458251953
30.801864624023438
31.433555603027344
32.03657913208008
32.609920501708984
33.10031509399414
33.53865051269531
33.962947845458984
34.38054656982422
34.7269172668457
35.06032943725586
35.344905853271484
35.61383056640625
35.83981704711914
36.050018310546875
36.23298263549805
36.373748779296875
36.55303192138672
36.71693420410156
36.90391159057617
37.167545318603516
37.47520446777344
37.81621551513672
38.2012825012207
38.60731887817383
39.01540756225586
39.4105110168457
39.78315353393555
40.212120056152344
40.60062789916992
40.95634460449219
41.32868194580078
41.704959869384766
42.07010269165039
42.435630798339844
42.79620361328125
43.117271423339844
43.4089241027832
43.62683868408203
43.75728225708008
43.72930908203125
43.54194259643555
43.22395706176758
42.75627136230469
42.1987190246582
41.56938171386719
40.843505859375
40.05095672607422
39.28353500366211
38.5291862487793
37.833106994628906
37.23181915283203
36.75564193725586
36.43814468383789
36.22010040283203
36.09556198120117
36.07655715942383
36.13724136352539
36.26799392700195
36.43954086303711
36.65986633300781
36.94943618774414
37.2953987121582
37.65962219238281
38.02224349975586
38.36846160888672
38.74598693847656
39.13955307006836
39.54899978637695
39.96834182739258
40.39229202270508
40.83308792114258
41.32686233520508
41.86735153198242
42.39423751831055
42.85716247558594
43.300086975097656
43.73786163330078
44.13241195678711
44.555057525634766
44.96669387817383
45.29058837890625
45.56761169433594
45.780521392822266
45.96368408203125
46.082218170166016
46.13937759399414
46.1318473815918
46.0197639465332
45.805908203125
45.50093460083008
45.10446548461914
44.69416046142578
44.26931381225586
43.84199142456055
43.416988372802734
42.95795822143555
42.55609893798828
42.20579147338867
41.8883171081543
41.613304138183594
41.356990814208984
41.137630462646484
40.97127914428711
40.87282180786133
40.839752197265625
40.861839294433594
40.92649459838867
41.035423278808594
41.15015411376953
41.297672271728516
41.482784271240234
41.69347381591797
41.86376953125
42.00835037231445
42.16590881347656
42.32594680786133
42.4874153137207
42.661991119384766
42.865440368652344
43.08516311645508
43.339054107666016
43.62019348144531
43.89213943481445
44.14882278442383
44.345218658447266
44.51418685913086
44.59440994262695
44.628292083740234
44.60306930541992
44.49638366699219
44.3912353515625
44.28416442871094
44.1728401184082
44.13914489746094
44.136383056640625
44.17353820800781
44.19369888305664
44.14309310913086
44.066165924072266
43.92866516113281
43.71469497680664
43.39515686035156
42.99492263793945
42.589820861816406
42.183650970458984
41.7767448425293
41.420597076416016
41.082454681396484
40.753543853759766
40.435543060302734
40.127132415771484
39.82027816772461
39.5455207824707
39.32405090332031
39.140384674072266
39.05182647705078
39.10529327392578
39.2666015625
39.52878952026367
39.8790397644043
40.294677734375
40.740447998046875
41.16462326049805
41.58642578125
41.97073745727539
42.28767776489258
42.485836029052734
42.59596252441406
42.589134216308594
42.43635177612305
42.11575698852539
41.649070739746094
41.06800079345703
40.354644775390625
39.54738998413086
38.6515998840332
37.698402404785156
36.68879699707031
35.716739654541016
34.7701416015625
33.818946838378906
32.877708435058594
31.972915649414062
31.158794403076172
30.37171745300293
29.61395835876465
28.96316146850586
28.46177101135254
28.063385009765625
27.772796630859375
27.62554168701172
27.599843978881836
27.647249221801758
27.815412521362305
28.104684829711914
28.511728286743164
29.03154754638672
29.666954040527344
30.442142486572266
31.29964256286621
32.214046478271484
33.17588806152344
34.14095687866211
35.13112258911133
36.121002197265625
37.085182189941406
37.961734771728516
38.76960372924805
39.472415924072266
40.07831954956055
40.61216354370117
41.05315017700195
41.372337341308594
41.58500671386719
41.6866340637207
41.646995544433594
41.5076789855957
41.29914474487305
41.01374816894531
40.69842529296875
40.36886215209961
40.00314712524414
39.613731384277344
39.210853576660156
38.79740524291992
38.362369537353516
37.93744659423828
37.509002685546875
37.08144760131836
36.69706344604492
36.38959884643555
36.14259338378906
36.030757904052734
36.0369873046875
36.178733825683594
36.42310333251953
36.74601745605469
37.14840316772461
37.5749397277832
38.01003646850586
38.428497314453125
38.78274917602539
39.06224822998047
39.29493713378906
39.47968673706055
39.53106689453125
39.453189849853516
39.254119873046875
38.917884826660156
38.4816780090332
37.983787536621094
37.43141174316406
36.91010665893555
36.452110290527344
36.035911560058594
35.67546844482422
35.41545867919922
35.2442741394043
35.17732620239258
35.22967529296875
35.33647918701172
35.479164123535156
35.65747833251953
35.80229568481445
35.91632080078125
36.034423828125
36.12212371826172
36.219642639160156
36.299686431884766
36.36445236206055
36.42144012451172
36.450706481933594
36.48065948486328
36.56510543823242
36.685420989990234
36.8514518737793
37.0384635925293
37.23252487182617
37.42041778564453
37.59960174560547
37.761688232421875
37.88950729370117
37.96662521362305
37.98465347290039
37.939422607421875
37.82855224609375
37.6296272277832
37.3671760559082
37.05852508544922
36.66032028198242
36.24325180053711
35.85176086425781
35.49821853637695
35.19375991821289
34.98015213012695
34.84458541870117
34.79802322387695
34.83573532104492
35.019691467285156
35.347354888916016
35.81084060668945
36.335426330566406
36.914710998535156
37.53443145751953
38.12849807739258
38.66339874267578
39.16814041137695
39.611846923828125
40.028141021728516
40.39592742919922
40.77687072753906
41.132057189941406
41.418521881103516
41.67225646972656
41.93430709838867
42.19487380981445
42.49248504638672
42.81460189819336
43.12308883666992
43.434852600097656
43.73048400878906
44.02058029174805
44.271820068359375
44.50139617919922
44.656070709228516
44.72452926635742
44.7338752746582
44.696685791015625
44.58375930786133
44.36042022705078
44.03339767456055
43.67808532714844
43.265987396240234
42.77340316772461
42.22949981689453
41.6351432800293
41.02781295776367
40.38340377807617
39.7324333190918
39.16680145263672
38.62491226196289
38.12788772583008
37.713829040527344
37.326412200927734
36.95090866088867
36.554630279541016
36.16456985473633
35.77910232543945
35.368385314941406
34.881919860839844
34.3431510925293
33.7811164855957
33.20558166503906
32.62738037109375
32.087310791015625
31.652015686035156
31.26087188720703
31.004528045654297
30.92064666748047
31.039772033691406
31.338401794433594
31.838241577148438
32.515708923339844
33.367332458496094
34.326480865478516
35.38007354736328
36.4806022644043
37.604434967041016
38.689300537109375
39.71453857421875
40.63026428222656
41.43294143676758
42.09806823730469
42.579261779785156
42.953880310058594
43.20671463012695
43.34296798706055
43.376216888427734
43.360042572021484
43.264068603515625
43.159549713134766
43.073638916015625
42.968318939208984
42.84531784057617
42.7068977355957
42.609561920166016
42.564979553222656
42.483211517333984
42.386451721191406
42.28594207763672
42.15128707885742
42.03463363647461
41.95645523071289
41.89567184448242
41.84929275512695
41.83293914794922
41.86576843261719
41.94588088989258
42.05377960205078
42.22261047363281
42.457481384277344
42.7257080078125
42.96596908569336
43.260337829589844
43.58645248413086
43.91044235229492
44.20016860961914
44.480010986328125
44.75033187866211
45.018157958984375
45.24613952636719
45.42777633666992
45.59071350097656
45.78446960449219
45.951515197753906
46.107666015625
46.300594329833984
46.482505798339844
46.671573638916016
46.90583038330078
47.154144287109375
47.40106201171875
47.632328033447266
47.80638885498047
47.9714469909668
48.076683044433594
48.138092041015625
48.10689163208008
47.97702407836914
47.71726989746094
47.341304779052734
46.87094497680664
46.28415298461914
45.56951904296875
44.74515151977539
43.85674285888672
42.87062072753906
41.845542907714844
40.866268157958984
39.997283935546875
39.239898681640625
38.567134857177734
38.034854888916016
37.59335708618164
37.2342529296875
36.97553634643555
36.78776168823242
36.59600830078125
36.39138412475586
36.16057586669922
35.97148895263672
35.800716400146484
35.704345703125
35.671688079833984
35.827945709228516
36.15568542480469
36.58253860473633
37.141510009765625
37.87417221069336
38.73961639404297
39.776737213134766
40.927188873291016
42.157997131347656
43.415489196777344
44.640533447265625
45.830413818359375
46.94804382324219
47.92961502075195
48.783138275146484
49.48103332519531
50.02586364746094
50.40576934814453
50.58009338378906
50.59809112548828
50.45252990722656
50.146610260009766
49.67291259765625
49.06559371948242
48.33040237426758
47.478179931640625
46.56652069091797
45.65592956542969
44.80763244628906
43.980712890625
43.17845153808594
42.474754333496094
41.87480163574219
41.34203338623047
40.883941650390625
40.51726150512695
40.179100036621094
39.896095275878906
39.61643600463867
39.37666702270508
39.230098724365234
39.157779693603516
39.1515998840332
39.287349700927734
39.59764099121094
40.09756851196289
40.725746154785156
41.49225997924805
42.406436920166016
43.428436279296875
44.56986999511719
45.814659118652344
47.060279846191406
48.24186325073242
49.346500396728516
50.347537994384766
51.22182083129883
51.90665054321289
52.426082611083984
52.742820739746094
52.88795852661133
52.86372756958008
52.703086853027344
52.44145965576172
52.13774108886719
51.762088775634766
51.35499954223633
50.948490142822266
50.477821350097656
49.953426361083984
49.41383361816406
48.872013092041016
48.323612213134766
47.728675842285156
47.067989349365234
46.34382629394531
45.54581832885742
44.68250274658203
43.775272369384766
42.83097457885742
41.89558792114258
40.98728942871094
40.12644958496094
39.31217575073242
38.594058990478516
38.00640106201172
37.551910400390625
37.25499725341797
37.11786651611328
37.17523956298828
37.471046447753906
37.9560661315918
38.57350540161133
39.295738220214844
40.047203063964844
40.85749053955078
41.687896728515625
42.48189926147461
43.20051574707031
43.77353286743164
44.17871856689453
44.41603088378906
44.500526428222656
44.45901870727539
44.289859771728516
44.01247024536133
43.63135528564453
43.175262451171875
42.72111129760742
42.26374816894531
41.840843200683594
41.46342849731445
41.15437698364258
40.976383209228516
40.842185974121094
40.749488830566406
40.669830322265625
40.57470703125
40.42681121826172
40.23965072631836
39.987274169921875
39.66462326049805
39.279884338378906
38.904319763183594
38.59974670410156
38.36065673828125
38.229713439941406
38.240543365478516
38.428741455078125
38.79702377319336
39.30259704589844
39.90973663330078
40.53926086425781
41.1762809753418
41.798301696777344
42.370365142822266
42.85699462890625
43.21730422973633
43.41736602783203
43.522891998291016
43.5444450378418
43.47371292114258
43.27577209472656
43.02873992919922
42.724952697753906
42.39647674560547
42.074832916259766
41.78099060058594
41.53891372680664
41.32725143432617
41.1795768737793
41.131160736083984
41.159706115722656
41.2308235168457
41.34034729003906
41.43202209472656
41.58291244506836
41.80596160888672
42.08161926269531
42.32337188720703
42.5131950378418
42.72067642211914
42.91497802734375
43.04344940185547
43.11821746826172
43.133846282958984
43.126094818115234
43.098602294921875
43.06098175048828
43.0611686706543
43.0886344909668
43.10003662109375
43.108402252197266
43.09400177001953
43.067359924316406
43.024940490722656
42.98036193847656
42.90885925292969
42.767696380615234
42.55462646484375
42.29280090332031
41.909942626953125
41.41350555419922
40.86075210571289
40.2228889465332
39.51698303222656
38.772056579589844
38.00923538208008
37.2461051940918
36.52982711791992
35.89091873168945
35.31486892700195
34.835548400878906
34.46027374267578
34.187278747558594
34.0086784362793
33.90436553955078
33.81808090209961
33.74433517456055
33.685325622558594
33.63985824584961
33.60920715332031
33.51646423339844
33.418190002441406
33.31006622314453
33.23466873168945
33.152008056640625
33.12236404418945
33.171844482421875
33.28379821777344
33.512542724609375
33.84128952026367
34.25754928588867
34.78371810913086
35.40142059326172
36.03445816040039
36.72483825683594
37.47237014770508
38.233890533447266
38.941246032714844
39.604042053222656
40.22239303588867
40.76579666137695
41.22633743286133
41.60976028442383
41.91471481323242
42.138816833496094
42.28876495361328
42.39313888549805
42.45986557006836
42.54887008666992
42.649253845214844
42.76026153564453
42.89835739135742
43.04500961303711
43.16969299316406
43.278499603271484
43.36587142944336
43.40520477294922
43.3974609375
43.274208068847656
43.11042022705078
42.91796112060547
42.675636291503906
42.40400695800781
42.11262512207031
41.794986724853516
41.499542236328125
41.222015380859375
41.03766632080078
40.95806121826172
40.97971725463867
41.13101577758789
41.389183044433594
41.73115539550781
42.19538116455078
42.75361633300781
43.39149856567383
44.084449768066406
44.808197021484375
45.516353607177734
46.13753890991211
46.69476318359375
47.144065856933594
47.47817611694336
47.73794174194336
47.89216613769531
47.968502044677734
47.9421501159668
47.87826156616211
47.74934387207031
47.546539306640625
47.242271423339844
46.86217498779297
46.4335823059082
45.97003173828125
45.52408218383789
45.10330581665039
44.731040954589844
44.30460739135742
43.86922073364258
43.458980560302734
43.03007507324219
42.64608383178711
42.254432678222656
41.820892333984375
41.3543701171875
40.8019905090332
40.18436813354492
39.50856399536133
38.83053207397461
38.119667053222656
37.35207748413086
36.5741081237793
35.80925750732422
35.06413269042969
34.41007614135742
33.85847091674805
33.38531494140625
32.998043060302734
32.771217346191406
32.69126892089844
32.7335205078125
32.874549865722656
33.06765365600586
33.32302474975586
33.60752487182617
33.90705871582031
34.20752716064453
34.549102783203125
34.87046813964844
35.18309020996094
35.45567321777344
35.717376708984375
35.94506072998047
36.16492462158203
36.369407653808594
36.58990478515625
36.8496208190918
37.08437728881836
37.308326721191406
37.53434371948242
37.79377746582031
38.01960372924805
38.21676254272461
38.37776184082031
38.465518951416016
38.57145309448242
38.675193786621094
38.74433517456055
38.76215362548828
38.6940803527832
38.60752487182617
38.52113342285156
38.48542404174805
38.45840072631836
38.44683837890625
38.452171325683594
38.4759521484375
38.5152473449707
38.608192443847656
38.80254364013672
39.03556442260742
39.29749298095703
39.59697723388672
39.90453338623047
40.21236801147461
40.46544647216797
40.72593307495117
40.964168548583984
41.15156936645508
41.28071975708008
41.42980194091797
41.62311935424805
41.80760955810547
41.98264694213867
42.133087158203125
42.207733154296875
42.243865966796875
42.26143264770508
42.23383331298828
42.161563873291016
41.99504852294922
41.72123336791992
41.34117126464844
40.8544807434082
40.28033447265625
39.66963577270508
38.98714828491211
38.26395034790039
37.47591018676758
36.67060089111328
35.84678268432617
35.00625228881836
34.163047790527344
33.36907958984375
32.61610794067383
31.91476058959961
31.32334327697754
30.8353328704834
30.464324951171875
30.20821189880371
30.08714485168457
30.061878204345703
30.202123641967773
30.51088523864746
30.935842514038086
31.441028594970703
32.02156066894531
32.6480827331543
33.23344039916992
33.80010223388672
34.3283576965332
34.82444763183594
35.2717399597168
35.684417724609375
36.04878234863281
36.378841400146484
36.635955810546875
36.862247467041016
37.059722900390625
37.23464584350586
37.385581970214844
37.576053619384766
37.80427169799805
38.04899978637695
38.25455856323242
38.38607406616211
38.50571823120117
38.63206100463867
38.77427673339844
38.86205291748047
38.907203674316406
38.91917419433594
38.865692138671875
38.7573127746582
38.610931396484375
38.42118835449219
38.1431770324707
37.83869171142578
37.5294303894043
37.128719329833984
36.719444274902344
36.35920333862305
36.057579040527344
35.8570556640625
35.77815246582031
35.8518180847168
36.06785202026367
36.452369689941406
36.96470642089844
37.54701232910156
38.23164367675781
39.02091979980469
39.85920715332031
40.72507095336914
41.64403533935547
42.556365966796875
43.42674255371094
44.28010940551758
45.06964111328125
45.76462936401367
46.39076232910156
46.968746185302734
47.52173614501953
48.03105545043945
48.45012283325195
48.78362274169922
49.04000473022461
49.25887680053711
49.427791595458984
49.51107406616211
49.506866455078125
49.4569091796875
49.426124572753906
49.320011138916016
49.13473129272461
48.93647766113281
48.699974060058594
48.3818359375
47.99319076538086
47.56250762939453
47.153587341308594
46.703617095947266
46.19532012939453
45.64552688598633
45.017120361328125
44.32289505004883
43.58687210083008
42.82015609741211
42.049381256103516
41.25227737426758
40.4455680847168
39.61940002441406
38.82402038574219
38.09815979003906
37.480464935302734
37.011138916015625
36.699283599853516
36.53386306762695
36.51913833618164
36.611114501953125
36.81035232543945
37.08351135253906
37.41810989379883
37.79584884643555
38.1888427734375
38.51362991333008
38.83644485473633
39.19816207885742
39.507015228271484
39.729454040527344
39.881317138671875
39.9440803527832
39.92398452758789
39.79080581665039
39.61576843261719
39.422176361083984
39.19957733154297
38.99337387084961
38.77459716796875
38.563175201416016
38.42735290527344
38.339725494384766
38.2498893737793
38.165794372558594
38.053924560546875
37.925636291503906
37.753257751464844
37.50044631958008
37.20639419555664
36.883827209472656
36.527976989746094
36.0982666015625
35.63360595703125
35.08502960205078
34.53269958496094
34.01860046386719
33.576168060302734
33.17304611206055
32.86500549316406
32.693782806396484
32.70199203491211
32.88361740112305
33.166717529296875
33.55796813964844
34.044986724853516
34.61443328857422
35.24300765991211
35.9174690246582
36.59560012817383
37.23056411743164
37.743011474609375
38.15578842163086
38.46242904663086
38.67166519165039
38.72926330566406
38.635589599609375
38.40993118286133
38.00989532470703
37.471439361572266
36.83232498168945
36.115386962890625
35.329833984375
34.53999710083008
33.721500396728516
32.90292739868164
32.0953483581543
31.26947784423828
30.46396827697754
29.637571334838867
28.790462493896484
27.934284210205078
27.070465087890625
26.206287384033203
25.352441787719727
24.563247680664062
23.905378341674805
23.420303344726562
23.06035614013672
22.855497360229492
22.831405639648438
22.988235473632812
23.35383415222168
23.891145706176758
24.53518295288086
25.272085189819336
26.076539993286133
26.899784088134766
27.784656524658203
28.6748104095459
29.49673843383789
30.225711822509766
30.855274200439453
31.34627914428711
31.699871063232422
31.873836517333984
31.843992233276367
31.64410400390625
31.242408752441406
30.719758987426758
30.074657440185547
29.336868286132812
28.542293548583984
27.68915367126465
26.807086944580078
25.961910247802734
25.1549072265625
24.451417922973633
23.820106506347656
23.268890380859375
22.794265747070312
22.403804779052734
22.10567855834961
21.884281158447266
21.745351791381836
21.69130516052246
21.651811599731445
21.622085571289062
21.538698196411133
21.515586853027344
21.5516357421875
21.61081886291504
21.752832412719727
21.97653579711914
22.317258834838867
22.773141860961914
23.365421295166016
24.046815872192383
24.803714752197266
25.603673934936523
26.40060043334961
27.194726943969727
27.943471908569336
28.605180740356445
29.146100997924805
29.588314056396484
29.935209274291992
30.19711685180664
30.402647018432617
30.55608367919922
30.666109085083008
30.746444702148438
30.8416748046875
30.98906707763672
31.248987197875977
31.546226501464844
31.952045440673828
32.532142639160156
33.255943298339844
34.1952018737793
35.25423049926758
36.430301666259766
37.6892204284668
38.963531494140625
40.22811508178711
41.410545349121094
42.47732925415039
43.37274169921875
44.12144088745117
44.67375183105469
45.053470611572266
45.22250747680664
45.18719482421875
45.0157470703125
44.67572784423828
44.168907165527344
43.549415588378906
42.81143569946289
42.01944351196289
41.14777755737305
40.247684478759766
39.3542366027832
38.4300651550293
37.53165054321289
36.68307876586914
35.81731414794922
34.928009033203125
34.040069580078125
33.20581817626953
32.475372314453125
31.853466033935547
31.284330368041992
30.79690933227539
30.411956787109375
30.12580680847168
29.93914031982422
29.848777770996094
29.850296020507812
29.967315673828125
30.163427352905273
30.472867965698242
30.870389938354492
31.377582550048828
31.956939697265625
32.60322189331055
33.27757263183594
34.001556396484375
34.74989700317383
35.47975540161133
36.196041107177734
36.85945129394531
37.4448127746582
37.951377868652344
38.403709411621094
38.76333999633789
39.03193283081055
39.21446228027344
39.371028900146484
39.47733688354492
39.51841735839844
39.469112396240234
39.29901885986328
39.0538215637207
38.744667053222656
38.33965301513672
37.789573669433594
37.088863372802734
36.2315559387207
35.238250732421875
34.16075897216797
33.049156188964844
31.932527542114258
30.838420867919922
29.89918327331543
29.124305725097656
28.509363174438477
28.10249137878418
27.903091430664062
27.900270462036133
28.102619171142578
28.465065002441406
28.978313446044922
29.60173225402832
30.349685668945312
31.155027389526367
31.987924575805664
32.882347106933594
33.822242736816406
34.81532669067383
35.80659484863281
36.831581115722656
37.860313415527344
38.88690948486328
39.902244567871094
40.847015380859375
41.72043991088867
42.48258972167969
43.1500129699707
43.6842155456543
44.114593505859375
44.38407516479492
44.495361328125
44.43075942993164
44.21437454223633
43.85789489746094
43.345645904541016
42.71706771850586
41.92649841308594
40.942684173583984
39.83372116088867
38.659584045410156
37.4278450012207
36.183414459228516
34.981597900390625
33.80488967895508
32.71161651611328
31.771656036376953
31.039630889892578
30.480854034423828
30.15912437438965
30.066165924072266
30.182004928588867
30.488454818725586
30.910444259643555
31.499706268310547
32.1413459777832
32.89541244506836
33.685646057128906
34.54253005981445
35.384498596191406
36.24443817138672
37.1064338684082
37.895755767822266
38.63290023803711
39.38344955444336
40.10531234741211
40.768707275390625
41.351566314697266
41.843318939208984
42.21025085449219
42.464778900146484
42.53752517700195
42.468841552734375
42.25847625732422
41.91923141479492
41.41582107543945
40.759605407714844
39.99959945678711
39.16050720214844
38.25577163696289
37.34698486328125
36.40699768066406
35.5095100402832
34.62285232543945
33.83491134643555
33.129234313964844
32.55583953857422
32.112369537353516
31.81705093383789
31.66914176940918
31.7196044921875
31.89179229736328
32.18294906616211
32.53789520263672
32.979522705078125
33.44629669189453
33.87596130371094
34.31015396118164
34.69568634033203
34.958370208740234
35.06595230102539
35.03387451171875
34.87922286987305
34.591407775878906
34.171142578125
33.6318473815918
32.994232177734375
32.2587776184082
31.47665023803711
30.692678451538086
29.904733657836914
29.100202560424805
28.298879623413086
27.527626037597656
26.78766441345215
26.137863159179688
25.52311897277832
24.973955154418945
24.489599227905273
24.06706428527832
23.627696990966797
23.267730712890625
22.949851989746094
22.697811126708984
22.5378360748291
22.504945755004883
22.581480026245117
22.78666877746582
23.183956146240234
23.726503372192383
24.399883270263672
25.15789794921875
26.046829223632812
27.008411407470703
28.039751052856445
29.11093521118164
30.201963424682617
31.273780822753906
32.2852668762207
33.263916015625
34.185062408447266
35.01216506958008
35.647579193115234
36.128318786621094
36.421749114990234
36.52740478515625
36.41880798339844
36.13352584838867
35.64564895629883
35.015869140625
34.305789947509766
33.56169891357422
32.790924072265625
32.02739715576172
31.318832397460938
30.72127914428711
30.245901107788086
29.87685203552246
29.622882843017578
29.5048828125
29.53371810913086
29.671689987182617
29.9439754486084
30.308979034423828
30.72627830505371
31.161460876464844
31.64185905456543
32.18700408935547
32.724891662597656
33.27585220336914
33.80861282348633
34.28033447265625
34.73484420776367
35.135887145996094
35.52387237548828
35.859981536865234
36.14653396606445
36.39008331298828
36.56626510620117
36.603721618652344
36.51268768310547
36.28077697753906
35.98429489135742
35.605995178222656
35.164756774902344
34.62338638305664
34.01689529418945
33.32905960083008
32.63532257080078
31.94415283203125
31.25667381286621
30.597488403320312
29.94272232055664
29.27740478515625
28.69373321533203
28.213531494140625
27.86562156677246
27.604143142700195
27.495128631591797
27.511852264404297
27.62322998046875
27.748634338378906
27.905900955200195
28.1103458404541
28.373380661010742
28.6466121673584
28.93453598022461
29.18254280090332
29.41910743713379
29.644411087036133
29.866901397705078
30.090333938598633
30.29344367980957
30.484670639038086
30.74867820739746
31.054889678955078
31.404502868652344
31.77082061767578
32.17753982543945
32.61979675292969
33.043636322021484
33.49159240722656
33.94073486328125
34.41100311279297
34.89424133300781
35.3646125793457
35.818870544433594
36.250640869140625
36.632537841796875
36.951255798339844
37.227561950683594
37.50326919555664
37.78196716308594
38.08946228027344
38.421390533447266
38.68168258666992
38.95201110839844
39.296695709228516
39.70772933959961
40.121315002441406
40.58470153808594
41.07304763793945
41.52801513671875
41.97457504272461
42.3626823425293
42.6696662902832
42.86186981201172
42.974403381347656
42.983604431152344
42.974063873291016
42.89574432373047
42.763763427734375
42.55356979370117
42.256561279296875
41.875640869140625
41.42852020263672
40.95790481567383
40.46091842651367
39.97779846191406
39.49982452392578
38.99464416503906
38.475433349609375
37.99272918701172
37.575931549072266
37.15532302856445
36.82004928588867
36.55558395385742
36.403480529785156
36.26979064941406
36.180416107177734
36.111961364746094
36.12643814086914
36.17534255981445
36.28408432006836
36.40329360961914
36.561893463134766
36.7298583984375
36.85207748413086
36.93766784667969
37.03422164916992
37.180545806884766
37.373085021972656
37.571441650390625
37.7756462097168
37.927284240722656
38.01962661743164
38.05998992919922
38.04167938232422
37.95562744140625
37.793453216552734
37.57344436645508
37.327964782714844
37.11777877807617
36.959720611572266
36.82339859008789
36.740257263183594
36.70832443237305
36.694053649902344
36.75469207763672
36.862281799316406
37.037628173828125
37.24755096435547
37.399169921875
37.52722930908203
37.60090255737305
37.55230712890625
37.39165496826172
37.11429977416992
36.678863525390625
36.027530670166016
35.214942932128906
34.28894805908203
33.2879753112793
32.202938079833984
31.032241821289062
29.838850021362305
28.700754165649414
27.61444854736328
26.639402389526367
25.814125061035156
25.137880325317383
24.573514938354492
24.184356689453125
23.964460372924805
23.903913497924805
23.990234375
24.22874641418457
24.607118606567383
25.05367088317871
25.60181427001953
26.204397201538086
26.840137481689453
27.49486541748047
28.184694290161133
28.863849639892578
29.569412231445312
30.266464233398438
30.9714412689209
31.67129135131836
32.34907913208008
32.976356506347656
33.4863395690918
33.89063262939453
34.22587203979492
34.5150032043457
34.65410614013672
34.698665618896484
34.68891525268555
34.58544921875
34.37487030029297
34.040714263916016
33.63054656982422
33.192222595214844
32.730987548828125
32.245262145996094
31.800025939941406
31.41929054260254
31.11865234375
30.923818588256836
30.869850158691406
30.96385955810547
31.21660804748535
31.628522872924805
32.170284271240234
32.821163177490234
33.54984664916992
34.34882736206055
35.192955017089844
36.05820846557617
36.928123474121094
37.78111267089844
38.56283950805664
39.24736022949219
39.84217071533203
40.267539978027344
40.57006072998047
40.760066986083984
40.79254913330078
40.683311462402344
40.51517105102539
40.264869689941406
39.95519256591797
39.590057373046875
39.19797134399414
38.73043441772461
38.23579788208008
37.70233917236328
37.18739318847656
36.67523956298828
36.20085906982422
35.76029586791992
35.35683059692383
34.96063232421875
34.59346008300781
34.292762756347656
34.07838821411133
33.8886833190918
33.783409118652344
33.77424621582031
33.843379974365234
33.974098205566406
34.1633415222168
34.446353912353516
34.82197952270508
35.29261016845703
35.78738021850586
36.29902267456055
36.79616928100586
37.26734161376953
37.678409576416016
37.99947738647461
38.20410919189453
38.30860900878906
38.26456832885742
38.03782272338867
37.68644332885742
37.23954772949219
36.708126068115234
36.14680862426758
35.54900360107422
34.94844055175781
34.39931869506836
33.936100006103516
33.53402328491211
33.23202133178711
33.0577278137207
32.993896484375
33.08458709716797
33.2966423034668
33.639137268066406
34.099281311035156
34.595420837402344
35.130802154541016
35.685546875
36.25490951538086
36.8203239440918
37.34465789794922
37.8271484375
38.257625579833984
38.662715911865234
38.96760177612305
39.16794204711914
39.28365707397461
39.36619186401367
39.42580795288086
39.43681716918945
39.39704513549805
39.310726165771484
39.17619323730469
39.03701400756836
38.88666915893555
38.718650817871094
38.54718017578125
38.36226272583008
38.16525650024414
37.91861343383789
37.64701843261719
37.337459564208984
36.99869918823242
36.60660171508789
36.164520263671875
35.69312286376953
35.20655059814453
34.72019577026367
34.227203369140625
33.729881286621094
33.231781005859375
32.73146438598633
32.19620132446289
31.632328033447266
31.045740127563477
30.514202117919922
29.994335174560547
29.565282821655273
29.244970321655273
29.029308319091797
28.923402786254883
28.91746711730957
28.99700355529785
29.189619064331055
29.450580596923828
29.763774871826172
30.113862991333008
30.46608543395996
30.823923110961914
31.22899055480957
31.57160758972168
31.930810928344727
32.31458282470703
32.70669174194336
33.11629104614258
33.51811218261719
33.91377258300781
34.32881546020508
34.759639739990234
35.16388702392578
35.582122802734375
35.98118209838867
36.34303665161133
36.7407112121582
37.10210418701172
37.45189666748047
37.7642707824707
38.037742614746094
38.242835998535156
38.367740631103516
38.409549713134766
38.34733581542969
38.189701080322266
37.90064239501953
37.533775329589844
37.07619857788086
36.52339172363281
35.917076110839844
35.301734924316406
34.657005310058594
34.02686309814453
33.422691345214844
32.865840911865234
32.35967254638672
31.922046661376953
31.61676788330078
31.4981689453125
31.534122467041016
31.755271911621094
32.14259719848633
32.65146255493164
33.259246826171875
33.91178894042969
34.649871826171875
35.34018325805664
35.973838806152344
36.569576263427734
37.123497009277344
37.62959289550781
38.07377624511719
38.45096206665039
38.794639587402344
39.062076568603516
39.26065444946289
39.40763854980469
39.56481170654297
39.720115661621094
39.867740631103516
40.04277038574219
40.29449462890625
40.561180114746094
40.83946990966797
41.131195068359375
41.432640075683594
41.72098922729492
41.94683074951172
42.11308288574219
42.23814010620117
42.31396484375
42.31650161743164
42.27339172363281
42.14536666870117
41.93229675292969
41.66120529174805
41.32958221435547
40.949825286865234
40.58526611328125
40.225677490234375
39.867584228515625
39.543861389160156
39.32057189941406
39.153038024902344
38.98373031616211
38.892494201660156
38.85744094848633
38.83631134033203
38.81950378417969
38.76955795288086
38.676673889160156
38.49052429199219
38.21898651123047
37.89903259277344
37.550209045410156
37.168460845947266
36.78258514404297
36.36294174194336
36.025962829589844
35.777915954589844
35.604652404785156
35.540138244628906
35.6428337097168
35.87055206298828
36.218971252441406
36.75113296508789
37.4305419921875
38.1900749206543
39.008148193359375
39.858673095703125
40.75640106201172
41.64863204956055
42.46818923950195
43.195030212402344
43.82323455810547
44.365928649902344
44.80867004394531
45.151153564453125
45.395774841308594
45.51201248168945
45.5333137512207
45.46879959106445
45.3810920715332
45.27828598022461
45.1721076965332
45.07600402832031
44.97120666503906
44.893009185791016
44.855403900146484
44.856605529785156
44.823482513427734
44.75967025756836
44.6479377746582
44.44181442260742
44.17365646362305
43.82532501220703
43.376548767089844
42.781333923339844
42.113731384277344
41.393062591552734
40.66575622558594
39.93479537963867
39.24356460571289
38.618934631347656
38.10328674316406
37.69931411743164
37.42340850830078
37.33957290649414
37.43880844116211
37.66024398803711
38.044708251953125
38.55128479003906
39.17111587524414
39.804931640625
40.40879821777344
41.033973693847656
41.63811111450195
42.203582763671875
42.72256851196289
43.13395690917969
43.43716812133789
43.60375213623047
43.63630676269531
43.57836151123047
43.397186279296875
43.096351623535156
42.73870086669922
42.34638595581055
41.897132873535156
41.39188003540039
40.87708282470703
40.35702133178711
39.84423828125
39.30622100830078
38.8032112121582
38.324668884277344
37.903953552246094
37.5024528503418
37.14569091796875
36.791473388671875
36.452354431152344
36.129234313964844
35.825531005859375
35.53441619873047
35.26375961303711
35.03481674194336
34.793766021728516
34.561065673828125
34.344993591308594
34.126461029052734
33.849029541015625
33.627166748046875
33.40876388549805
33.21554183959961
33.03211212158203
32.87519073486328
32.72739028930664
32.60469055175781
32.504127502441406
32.418338775634766
32.286781311035156
32.12444305419922
31.961782455444336
31.819686889648438
31.732648849487305
31.712665557861328
31.717592239379883
31.797311782836914
31.95176887512207
32.152252197265625
32.43681335449219
32.78639221191406
33.19704818725586
33.62067794799805
34.07577896118164
34.488059997558594
34.866695404052734
35.18674087524414
35.46135330200195
35.655521392822266
35.78519821166992
35.76179885864258
35.664608001708984
35.48435974121094
35.259281158447266
35.05307388305664
34.799800872802734
34.52647399902344
34.28585433959961
34.035457611083984
33.809391021728516
33.600154876708984
33.37223815917969
33.09056854248047
32.75673294067383
32.379268646240234
31.951383590698242
31.444887161254883
30.868419647216797
30.247373580932617
29.673568725585938
29.169910430908203
28.79063606262207
28.5484676361084
28.425321578979492
28.5057315826416
28.81073760986328
29.296348571777344
29.9808349609375
30.86421775817871
31.945274353027344
33.183204650878906
34.52421569824219
35.96488571166992
37.502132415771484
39.05337905883789
40.59144592285156
42.1005744934082
43.55314636230469
44.92445755004883
46.1718864440918
47.285858154296875
48.23685836791992
49.026798248291016
49.60095977783203
49.99879837036133
50.18854522705078
50.20165252685547
50.035804748535156
49.64323806762695
49.09754943847656
48.480201721191406
47.77235794067383
47.005611419677734
46.20072937011719
45.388980865478516
44.61191940307617
43.84784698486328
43.12797927856445
42.49245834350586
41.91642379760742
41.398033142089844
40.95682144165039
40.58519744873047
40.278682708740234
40.04511260986328
39.90311813354492
39.843013763427734
39.854331970214844
39.94831085205078
40.12904357910156
40.349308013916016
40.568199157714844
40.785221099853516
40.97813415527344
41.11504364013672
41.15047073364258
41.15257263183594
41.07930374145508
40.92063903808594
40.70222854614258
40.39714813232422
40.083839416503906
39.81621170043945
39.59347915649414
39.42747116088867
39.3698616027832
39.40816116333008
39.509765625
39.66629409790039
39.893707275390625
40.23161315917969
40.722679138183594
41.342777252197266
42.083011627197266
42.916290283203125
43.824710845947266
44.75426483154297
45.61405944824219
46.41690444946289
47.123046875
47.75299072265625
48.263694763183594
48.6734733581543
49.036006927490234
49.30439758300781
49.48558044433594
49.507259368896484
49.38453674316406
49.146488189697266
48.793304443359375
48.33927536010742
47.80131912231445
47.14974594116211
46.44786071777344
45.7086067199707
44.931026458740234
44.106292724609375
43.277381896972656
42.46703338623047
41.67543411254883
40.95491409301758
40.2410888671875
39.54913330078125
38.93452072143555
38.4205436706543
38.03084182739258
37.77641677856445
37.67227554321289
37.67131423950195
37.82364273071289
38.1087532043457
38.54439163208008
39.12977981567383
39.84341049194336
40.664085388183594
41.53500747680664
42.4638786315918
43.42410659790039
44.38080596923828
45.25981521606445
46.02847671508789
46.62895202636719
47.06488800048828
47.382530212402344
47.48915100097656
47.38838195800781
47.12228775024414
46.73910903930664
46.2396125793457
45.69839859008789
45.142147064208984
44.63096237182617
44.165428161621094
43.72976303100586
43.38798904418945
43.16886901855469
43.062538146972656
43.09074783325195
43.25346755981445
43.47296905517578
43.78049850463867
44.18938064575195
44.66444778442383
45.19797134399414
45.77051544189453
46.414527893066406
47.08009719848633
47.73822021484375
48.37918472290039
48.99757385253906
49.555572509765625
50.096744537353516
50.55812454223633
50.906795501708984
51.1294059753418
51.21564483642578
51.15294647216797
50.9658203125
50.597801208496094
50.10191345214844
49.471675872802734
48.72434616088867
47.89689254760742
47.01824188232422
46.13541793823242
45.2949104309082
44.51102066040039
43.79669952392578
43.18650436401367
42.7214469909668
42.404701232910156
42.205142974853516
42.141902923583984
42.20659637451172
42.398624420166016
42.72571563720703
43.196922302246094
43.74217224121094
44.316017150878906
44.94968795776367
45.56299591064453
46.13433074951172
46.665550231933594
47.14899826049805
47.51241683959961
47.81559753417969
48.02092361450195
48.1818962097168
48.29108810424805
48.29769515991211
48.20343017578125
47.99452209472656
47.68925094604492
47.289730072021484
46.805419921875
46.234832763671875
45.52574157714844
44.69456100463867
43.75284194946289
42.74922180175781
41.64439392089844
40.50774383544922
39.32441329956055
38.14219284057617
36.994537353515625
35.88093948364258
34.82618713378906
33.892852783203125
33.09880447387695
32.4680061340332
31.969318389892578
31.567331314086914
31.34084701538086
31.267589569091797
31.33851432800293
31.524927139282227
31.867368698120117
32.290924072265625
32.78434371948242
33.36668395996094
34.058998107910156
34.807369232177734
35.53846740722656
36.257354736328125
36.97115707397461
37.69072723388672
38.41440200805664
39.092041015625
39.749942779541016
40.357879638671875
40.9609375
41.591148376464844
42.200923919677734
42.77983474731445
43.350013732910156
43.87892532348633
44.34170150756836
44.80598831176758
45.21516799926758
45.59931564331055
45.8865852355957
46.05509948730469
46.12759780883789
46.111366271972656
45.960914611816406
45.705772399902344
45.302772521972656
44.840919494628906
44.3565559387207
43.8612174987793
43.3545036315918
42.88985061645508
42.449546813964844
42.00586700439453
41.5861930847168
41.222835540771484
40.91109085083008
40.624515533447266
40.399959564208984
40.246639251708984
40.1516227722168
40.11979293823242
40.12813949584961
40.12541198730469
40.09764862060547
40.0269889831543
39.915008544921875
39.803890228271484
39.64501190185547
39.48134231567383
39.323726654052734
39.20732879638672
39.16655349731445
39.2010498046875
39.32403564453125
39.502281188964844
39.7819709777832
40.15461730957031
40.588104248046875
41.024864196777344
41.42904281616211
41.813621520996094
42.173866271972656
42.51897430419922
42.76480484008789
42.9207649230957
42.94890594482422
42.85124588012695
42.633663177490234
42.32004165649414
41.9381217956543
41.5181770324707
41.0550651550293
40.50613784790039
39.92892074584961
39.34265899658203
38.7403564453125
38.15483474731445
37.5760498046875
37.040077209472656
36.55366134643555
36.158573150634766
35.8902587890625
35.71305465698242
35.64517593383789
35.705841064453125
35.896419525146484
36.20960235595703
36.618408203125
37.152076721191406
37.74614334106445
38.398250579833984
39.082435607910156
39.774436950683594
40.43793869018555
41.069847106933594
41.654441833496094
42.18696975708008
42.641845703125
43.04499816894531
43.35968780517578
43.57786178588867
43.68699264526367
43.707275390625
43.607643127441406
43.37816619873047
43.02006149291992
42.580867767333984
42.05526351928711
41.43686294555664
40.722190856933594
39.96969223022461
39.18816375732422
38.33232498168945
37.44881057739258
36.56179428100586
35.69497299194336
34.863929748535156
34.1063117980957
33.43840789794922
32.85770034790039
32.41090393066406
32.11166000366211
31.929704666137695
31.88103485107422
31.87660026550293
31.99041175842285
32.201725006103516
32.517879486083984
32.90338897705078
33.31229019165039
33.80351638793945
34.31368637084961
34.80830383300781
35.316917419433594
35.82637023925781
36.34253692626953
36.812156677246094
37.26772689819336
37.644805908203125
37.879756927490234
38.011497497558594
38.041954040527344
37.913883209228516
37.637630462646484
37.185184478759766
36.60219192504883
35.920631408691406
35.16537094116211
34.45329284667969
33.7478141784668
33.035484313964844
32.37076187133789
31.781522750854492
31.25230598449707
30.798019409179688
30.458295822143555
30.161245346069336
29.905553817749023
29.73533821105957
29.65948486328125
29.681461334228516
29.789051055908203
30.01918601989746
30.3394718170166
30.725629806518555
31.170684814453125
31.679941177368164
32.2652587890625
32.85549545288086
33.47252655029297
34.13969039916992
34.801002502441406
35.43506622314453
36.03703308105469
36.57070541381836
37.029083251953125
37.42879104614258
37.750335693359375
38.011409759521484
38.251163482666016
38.464046478271484
38.632999420166016
38.6937370300293
38.717227935791016
38.661109924316406
38.53028869628906
38.370849609375
38.20280838012695
38.010765075683594
37.781612396240234
37.54001998901367
37.31713104248047
37.12687683105469
36.943363189697266
36.76951599121094
36.61079406738281
36.42826461791992
36.21842575073242
35.99156951904297
35.74129867553711
35.453853607177734
35.08600616455078
34.70093536376953
34.254573822021484
33.79779052734375
33.257659912109375
32.69342041015625
32.08468246459961
31.478830337524414
30.877792358398438
30.293811798095703
29.753253936767578
29.2983455657959
28.9093074798584
28.628175735473633
28.45151710510254
28.445446014404297
28.582645416259766
28.876741409301758
29.28066635131836
29.813486099243164
30.377559661865234
30.99214744567871
31.65074920654297
32.29741287231445
32.906822204589844
33.458900451660156
33.943939208984375
34.3453254699707
34.67910385131836
34.95152282714844
35.141387939453125
35.249629974365234
35.2765998840332
35.252044677734375
35.20468521118164
35.13917541503906
35.028526306152344
34.877113342285156
34.71857452392578
34.50739669799805
34.207679748535156
33.86079406738281
33.438743591308594
32.935325622558594
32.3488883972168
31.638561248779297
30.832618713378906
29.96272850036621
29.063701629638672
28.17036247253418
27.32795524597168
26.586891174316406
25.912229537963867
25.28097152709961
24.719100952148438
24.257808685302734
23.96853256225586
23.8514347076416
23.92289924621582
24.249704360961914
24.842802047729492
25.675458908081055
26.718008041381836
27.923316955566406
29.192354202270508
30.40729522705078
31.536643981933594
32.513916015625
33.36891174316406
34.082672119140625
34.643436431884766
35.00944900512695
35.139461517333984
35.04608917236328
34.77521896362305
34.3140754699707
33.68809509277344
32.90843200683594
32.03142166137695
31.06014633178711
30.003713607788086
28.979768753051758
27.960723876953125
27.01959991455078
26.221773147583008
25.522857666015625
24.95965003967285
24.555103302001953
24.28213882446289
24.094310760498047
24.03302574157715
24.032703399658203
24.091148376464844
24.164743423461914
24.18906021118164
24.16046714782715
24.033679962158203
23.83612060546875
23.619321823120117
23.39405059814453
23.12284278869629
22.876083374023438
22.651691436767578
22.437149047851562
22.25640296936035
22.16616439819336
22.11524200439453
22.137178421020508
22.209461212158203
22.373083114624023
22.560874938964844
22.814191818237305
23.08431625366211
23.37319564819336
23.61054229736328
23.82723045349121
24.021366119384766
24.1721134185791
24.2712345123291
24.33521842956543
24.34768295288086
24.315135955810547
24.252582550048828
24.178295135498047
24.125967025756836
24.130630493164062
24.14815330505371
24.166872024536133
24.230087280273438
24.329639434814453
24.41768455505371
24.514284133911133
24.611679077148438
24.642576217651367
24.616474151611328
24.527406692504883
24.4168701171875
24.233816146850586
24.019804000854492
23.78311538696289
23.52898406982422
23.22639274597168
22.913963317871094
22.572546005249023
22.230457305908203
21.90706443786621
21.589344024658203
21.299001693725586
21.03374481201172
20.74721336364746
20.471141815185547
20.243471145629883
20.030397415161133
19.792078018188477
19.566871643066406
19.364181518554688
19.179960250854492
19.03789520263672
19.007667541503906
19.012035369873047
19.003694534301758
19.009883880615234
19.016706466674805
19.055419921875
19.11471939086914
19.225990295410156
19.355741500854492
19.54437255859375
19.732816696166992
19.964820861816406
20.22464942932129
20.490806579589844
20.79188346862793
21.109256744384766
21.42413330078125
21.72788429260254
22.0167236328125
22.30103874206543
22.5152530670166
22.664247512817383
22.751615524291992
22.771696090698242
22.77344512939453
22.81407928466797
22.87708282470703
23.010435104370117
23.244314193725586
23.56492805480957
24.005802154541016
24.564701080322266
25.200923919677734
25.91773796081543
26.67728614807129
27.467771530151367
28.256711959838867
29.01642608642578
29.688823699951172
30.24100685119629
30.674551010131836
30.97636604309082
31.12655258178711
31.139034271240234
31.01773452758789
30.708106994628906
30.232952117919922
29.596332550048828
28.84599494934082
28.039159774780273
27.17991065979004
26.334272384643555
25.57750701904297
24.900022506713867
24.37579345703125
24.014814376831055
23.813011169433594
23.79181671142578
23.962726593017578
24.311216354370117
24.82416343688965
25.500991821289062
26.36114501953125
27.328853607177734
28.38730239868164
29.486087799072266
30.62847328186035
31.770198822021484
32.907562255859375
34.0185661315918
35.05623245239258
36.01658630371094
36.859195709228516
37.626853942871094
38.27779769897461
38.74919128417969
39.0571403503418
39.150020599365234
39.05618667602539
38.75369644165039
38.31578826904297
37.75323486328125
37.04883575439453
36.22026824951172
35.28752517700195
34.26839828491211
33.220340728759766
32.13178253173828
31.021015167236328
29.897777557373047
28.78912353515625
27.74528694152832
26.76747703552246
25.88585090637207
25.1370906829834
24.535036087036133
24.084861755371094
23.777408599853516
23.66667938232422
23.7174015045166
23.973522186279297
24.408361434936523
25.026565551757812
25.810806274414062
26.748945236206055
27.809040069580078
28.930822372436523
30.119482040405273
31.340412139892578
32.64067077636719
33.9235725402832
35.172882080078125
36.36174011230469
37.46708297729492
38.44814682006836
39.27328872680664
39.92929458618164
40.369022369384766
40.61350631713867
40.662960052490234
40.53975296020508
40.246761322021484
39.79069519042969
39.22792053222656
38.56589126586914
37.85463333129883
37.076026916503906
36.24431610107422
35.355506896972656
34.46931076049805
33.61369323730469
32.82084655761719
32.058956146240234
31.357757568359375
30.709360122680664
30.110069274902344
29.587549209594727
29.158832550048828
28.80152130126953
28.544063568115234
28.402021408081055
28.36896324157715
28.4278564453125
28.588586807250977
28.82975959777832
29.201295852661133
29.636730194091797
30.135757446289062
30.685516357421875
31.28521156311035
31.902502059936523
32.534847259521484
33.176395416259766
33.78459167480469
34.37156295776367
34.880550384521484
35.276363372802734
35.48839569091797
35.523155212402344
35.42466354370117
35.182865142822266
34.8074836730957
34.32335662841797
33.7071647644043
32.96498489379883
32.099708557128906
31.13845443725586
30.13472557067871
29.135282516479492
28.18405532836914
27.36948013305664
26.698402404785156
26.197193145751953
25.812747955322266
25.609928131103516
25.605091094970703
25.762832641601562
26.126501083374023
26.608957290649414
27.2269229888916
27.945491790771484
28.697589874267578
29.4561710357666
30.26762580871582
31.04351806640625
31.73473358154297
32.366233825683594
32.935062408447266
33.441654205322266
33.905517578125
34.33165740966797
34.768028259277344
35.19306564331055
35.60488510131836
35.975250244140625
36.303855895996094
36.61939239501953
36.83864212036133
36.97906494140625
37.0666618347168
37.048622131347656
36.950504302978516
36.74365997314453
36.42283248901367
35.94508743286133
35.311031341552734
34.536956787109375
33.61138916015625
32.57475662231445
31.441871643066406
30.284608840942383
29.116300582885742
27.914474487304688
26.710430145263672
25.559886932373047
24.493423461914062
23.497196197509766
22.660491943359375
22.00843620300293
21.531023025512695
21.287755966186523
21.214412689208984
21.32306480407715
21.555274963378906
21.955608367919922
22.511882781982422
23.212854385375977
24.010723114013672
24.858966827392578
25.763669967651367
26.759672164916992
27.796255111694336
28.84718132019043
29.882488250732422
30.952016830444336
32.05965042114258
33.2057991027832
34.379276275634766
35.544898986816406
36.730098724365234
37.88785934448242
39.006465911865234
40.0034294128418
40.8270149230957
41.45479202270508
41.901493072509766
42.14595031738281
42.219871520996094
42.11711883544922
41.84041213989258
41.43032455444336
40.92546844482422
40.30615997314453
39.601131439208984
38.813968658447266
37.975032806396484
37.17313766479492
36.409751892089844
35.696441650390625
35.05430221557617
34.490787506103516
33.99089050292969
33.537017822265625
33.16105270385742
32.83119201660156
32.56285095214844
32.41990661621094
32.41391372680664
32.54119873046875
32.817718505859375
33.16670608520508
33.6307373046875
34.23139190673828
34.964202880859375
35.81928253173828
36.78346633911133
37.79689407348633
38.80423355102539
39.839698791503906
40.91315460205078
41.959388732910156
42.91485595703125
43.79359436035156
44.564754486083984
45.225181579589844
45.77516174316406
46.218482971191406
46.5284423828125
46.757354736328125
46.888179779052734
46.93656539916992
46.88804244995117
46.7095832824707
46.40497589111328
45.977725982666016
45.41975021362305
44.77337646484375
44.0807991027832
43.253963470458984
42.404441833496094
41.589229583740234
40.83293533325195
40.11074447631836
39.41465377807617
38.77339553833008
38.22505569458008
37.788818359375
37.40979766845703
37.17935562133789
37.08101272583008
37.050331115722656
37.178077697753906
37.45962142944336
37.821407318115234
38.248443603515625
38.69956588745117
39.187644958496094
39.697322845458984
40.21717834472656
40.71836853027344
41.197078704833984
41.63802719116211
42.0145263671875
42.355064392089844
42.64524459838867
42.86813735961914
43.04703903198242
43.14887619018555
43.172054290771484
43.1497688293457
43.0721321105957
42.93118667602539
42.680633544921875
42.360633850097656
41.971309661865234
41.477943420410156
40.855628967285156
40.133670806884766
39.3178596496582
38.378883361816406
37.34960174560547
36.23935317993164
35.06806182861328
33.838443756103516
32.55327606201172
31.260478973388672
29.99823570251465
28.767370223999023
27.58502197265625
26.524417877197266
25.602157592773438
24.937772750854492
24.53777313232422
24.481809616088867
24.761987686157227
25.333412170410156
26.17872428894043
27.288105010986328
28.65203857421875
30.267822265625
32.03327178955078
33.8827018737793
35.759429931640625
37.59058380126953
39.32776641845703
40.913204193115234
42.37678146362305
43.67290496826172
44.77527618408203
45.757728576660156
46.5901985168457
47.295169830322266
47.866294860839844
48.34540939331055
48.65205764770508
48.79581069946289
48.80357360839844
48.64111328125
48.32871627807617
47.86310577392578
47.316864013671875
46.679595947265625
45.952232360839844
45.17919158935547
44.367706298828125
43.47456359863281
42.53181076049805
41.568092346191406
40.56363296508789
39.569374084472656
38.576271057128906
37.63924026489258
36.74895095825195
35.93122863769531
35.24372863769531
34.741798400878906
34.40618133544922
34.242164611816406
34.24563217163086
34.448116302490234
34.8161735534668
35.309906005859375
35.95485305786133
36.72278594970703
37.58578109741211
38.50954055786133
39.482723236083984
40.484012603759766
41.47361373901367
42.39046859741211
43.170745849609375
43.845741271972656
44.40074157714844
44.837066650390625
45.165061950683594
45.38327407836914
45.42826461791992
45.31661605834961
45.102561950683594
44.77628707885742
44.311344146728516
43.747100830078125
43.0842170715332
42.34101104736328
41.50750732421875
40.622135162353516
39.7020149230957
38.76015090942383
37.82516860961914
36.904911041259766
35.9885139465332
35.096256256103516
34.26642990112305
33.500125885009766
32.81475067138672
32.2061882019043
31.700803756713867
31.2869930267334
30.968570709228516
30.79532241821289
30.724319458007812
30.744651794433594
30.936731338500977
31.244369506835938
31.677133560180664
32.22077178955078
32.8414421081543
33.51248550415039
34.18346405029297
34.88388442993164
35.59254837036133
36.24810791015625
36.827476501464844
37.307281494140625
37.67388153076172
37.98344421386719
38.2166862487793
38.34600067138672
38.330421447753906
38.22788619995117
38.072113037109375
37.903465270996094
37.71308517456055
37.48738098144531
37.203861236572266
36.90422821044922
36.587913513183594
36.263519287109375
35.88398361206055
35.496299743652344
35.09759521484375
34.74826431274414
34.48314666748047
34.303863525390625
34.2396240234375
34.29290008544922
34.5174560546875
34.898460388183594
35.427276611328125
36.132850646972656
36.96164321899414
37.912776947021484
38.937747955322266
39.997283935546875
41.00931930541992
41.99453353881836
42.91188049316406
43.7314338684082
44.49239730834961
45.123661041259766
45.621131896972656
45.99560546875
46.225006103515625
46.319007873535156
46.25014114379883
46.04037094116211
45.690032958984375
45.183006286621094
44.553836822509766
43.803466796875
42.95144271850586
42.00557327270508
41.00676727294922
39.964393615722656
38.83002853393555
37.661102294921875
36.477134704589844
35.29096984863281
34.117340087890625
32.9622917175293
31.80419921875
30.66871452331543
29.551687240600586
28.50091552734375
27.52988052368164
26.70282554626465
25.972929000854492
25.375627517700195
24.926626205444336
24.61652183532715
24.47173500061035
24.51251792907715
24.736841201782227
25.128131866455078
25.69301414489746
26.369693756103516
27.216514587402344
28.187814712524414
29.259300231933594
30.377853393554688
31.49300193786621
32.589935302734375
33.66427230834961
34.72014236450195
35.681270599365234
36.56198501586914
37.345672607421875
38.015193939208984
38.55433654785156
38.91679382324219
39.159610748291016
39.24034881591797
39.17079544067383
39.00647735595703
38.710205078125
38.30030059814453
37.773521423339844
37.09792709350586
36.31037902832031
35.47294235229492
34.54172897338867
33.543209075927734
32.53424072265625
31.498289108276367
30.505537033081055
29.559337615966797
28.72014617919922
28.01814842224121
27.466384887695312
27.0307674407959
26.771757125854492
26.679750442504883
26.71323013305664
26.812095642089844
27.013280868530273
27.30853843688965
27.669490814208984
28.0870304107666
28.552453994750977
29.000818252563477
29.464405059814453
29.959556579589844
30.44797706604004
30.94517707824707
31.45901107788086
32.0157356262207
32.587242126464844
33.16461181640625
33.77033996582031
34.39179229736328
34.96006774902344
35.49858474731445
36.00784683227539
36.483116149902344
36.910926818847656
37.253936767578125
37.457244873046875
37.56409454345703
37.55895233154297
37.39772033691406
37.0661506652832
36.55466079711914
35.921085357666016
35.16032791137695
34.299163818359375
33.356075286865234
32.40334701538086
31.462690353393555
30.620807647705078
29.932741165161133
29.42131996154785
29.187610626220703
29.220901489257812
29.518503189086914
30.046890258789062
30.802326202392578
31.81415367126465
33.01435470581055
34.366477966308594
35.79205322265625
37.20967102050781
38.561737060546875
39.80768966674805
40.951446533203125
41.943485260009766
42.77408218383789
43.39263153076172
43.792335510253906
44.02537155151367
44.08232879638672
43.98509216308594
43.78635787963867
43.43104934692383
42.90439224243164
42.22787857055664
41.491058349609375
40.641971588134766
39.684181213378906
38.65153503417969
37.524810791015625
36.30778884887695
35.02157974243164
33.710716247558594
32.351470947265625
30.9943904876709
29.650489807128906
28.359451293945312
27.141202926635742
26.07080078125
25.14081573486328
24.37261962890625
23.820085525512695
23.53643226623535
23.482463836669922
23.68074607849121
24.089967727661133
24.706188201904297
25.548952102661133
26.654878616333008
27.9926700592041
29.497337341308594
31.154525756835938
32.884517669677734
34.58775329589844
36.25191116333008
37.86344909667969
39.40449905395508
40.90177917480469
42.37550735473633
43.803184509277344
45.157894134521484
46.405826568603516
47.457454681396484
48.340843200683594
49.05582809448242
49.588768005371094
49.943389892578125
50.109657287597656
50.138031005859375
49.99930191040039
49.695335388183594
49.19277572631836
48.52134704589844
47.720726013183594
46.74876022338867
45.61473846435547
44.33700180053711
42.955101013183594
41.56943130493164
40.206478118896484
38.89543914794922
37.69071960449219
36.60673522949219
35.64084243774414
34.771461486816406
34.10012435913086
33.60626220703125
33.270145416259766
33.143489837646484
33.162601470947266
33.342037200927734
33.670928955078125
34.1609001159668
34.74364471435547
35.35071563720703
35.98366165161133
36.63015365600586
37.28577423095703
37.973262786865234
38.70122528076172
39.44806671142578
40.267696380615234
41.129302978515625
42.080169677734375
43.083412170410156
44.08612060546875
45.15620803833008
46.18239212036133
47.14728927612305
48.02522659301758
48.80190658569336
49.49123764038086
50.048492431640625
50.454750061035156
50.67837905883789
50.685386657714844
50.47675704956055
50.09291458129883
49.5394172668457
48.8106575012207
47.931095123291016
46.91971206665039
45.78191375732422
44.53550720214844
43.226463317871094
41.88379669189453
40.58076858520508
39.33866500854492
38.20307540893555
37.17897033691406
36.41472244262695
35.87313461303711
35.52878952026367
35.36115264892578
35.3351936340332
35.42609786987305
35.63883972167969
35.96925735473633
36.378482818603516
36.80823516845703
37.229000091552734
37.67876434326172
38.17544174194336
38.70035171508789
39.25849914550781
39.84276580810547
40.427860260009766
41.033836364746094
41.701133728027344
42.448829650878906
43.22185134887695
43.98855209350586
44.7781982421875
45.56597137451172
46.33811950683594
47.100337982177734
47.732383728027344
48.20138168334961
48.55344009399414
48.76576614379883
48.85352325439453
48.82969665527344
48.65812683105469
48.38510513305664
48.018428802490234
47.54262924194336
47.00261688232422
46.424495697021484
45.823062896728516
45.19791793823242
44.58401107788086
43.97334671020508
43.406166076660156
42.94915771484375
42.59428024291992
42.31877899169922
42.10221481323242
41.99824142456055
42.01057052612305
42.174129486083984
42.494083404541016
42.973323822021484
43.540645599365234
44.14348220825195
44.744964599609375
45.34803771972656
45.939208984375
46.49974822998047
47.02355194091797
47.49222183227539
47.9487419128418
48.3238525390625
48.557106018066406
48.664554595947266
48.63264846801758
48.484867095947266
48.22206497192383
47.85795211791992
47.39448547363281
46.85042953491211
46.27412796020508
45.66825485229492
45.01686096191406
44.34532928466797
43.706031799316406
43.0692024230957
42.44807434082031
41.86699295043945
41.314292907714844
40.821258544921875
40.382694244384766
39.979400634765625
39.63957214355469
39.33808135986328
39.040321350097656
38.76953125
38.54240036010742
38.34990692138672
38.154239654541016
37.95677185058594
37.78069305419922
37.635494232177734
37.48453140258789
37.37825393676758
37.33124923706055
37.33902359008789
37.42610549926758
37.57022476196289
37.77824783325195
38.05788803100586
38.39102554321289
38.80180358886719
39.24232864379883
39.69316101074219
40.11502456665039
40.545249938964844
40.872474670410156
41.0833740234375
41.18539047241211
41.211639404296875
41.147212982177734
41.009822845458984
40.76123809814453
40.47050094604492
40.16897201538086
39.80425262451172
39.3310546875
38.7871208190918
38.192901611328125
37.54054260253906
36.81304168701172
36.09015655517578
35.364540100097656
34.618099212646484
33.866554260253906
33.12168884277344
32.4140625
31.765380859375
31.18680191040039
30.678564071655273
30.220930099487305
29.851327896118164
29.569761276245117
29.406972885131836
29.349172592163086
29.37409210205078
29.480615615844727
29.666414260864258
29.904613494873047
30.195579528808594
30.5321044921875
30.9018497467041
31.26214599609375
31.60089874267578
31.948978424072266
32.305946350097656
32.64108657836914
32.916473388671875
33.095848083496094
33.16957092285156
33.158912658691406
33.02549743652344
32.79734420776367
32.489009857177734
32.143455505371094
31.738882064819336
31.298242568969727
