-133.1225128173828
-133.78382873535156
-134.45172119140625
-135.1171417236328
-135.81683349609375
-136.56353759765625
-137.3446807861328
-138.15316772460938
-138.95567321777344
-139.76109313964844
-140.54856872558594
-141.28485107421875
-141.99679565429688
-142.66184997558594
-143.2488250732422
-143.73931884765625
-144.09226989746094
-144.31585693359375
-144.40753173828125
-144.36456298828125
-144.18641662597656
-143.8958282470703
-143.50070190429688
-143.0433807373047
-142.54043579101562
-141.99197387695312
-141.4149169921875
-140.81503295898438
-140.2315216064453
-139.70907592773438
-139.2407684326172
-138.8809814453125
-138.65817260742188
-138.5611114501953
-138.598388671875
-138.79702758789062
-139.1116943359375
-139.5612335205078
-140.15280151367188
-140.83580017089844
-141.5896453857422
-142.40789794921875
-143.31700134277344
-144.2196044921875
-145.1060028076172
-145.95899963378906
-146.73495483398438
-147.38917541503906
-147.90476989746094
-148.28659057617188
-148.53623962402344
-148.67893981933594
-148.7285919189453
-148.67425537109375
-148.52760314941406
-148.28672790527344
-147.95159912109375
-147.51820373535156
-147.00631713867188
-146.4152069091797
-145.75784301757812
-145.0260772705078
-144.26730346679688
-143.46920776367188
-142.64866638183594
-141.82684326171875
-141.01792907714844
-140.2313232421875
-139.5072021484375
-138.8320770263672
-138.20018005371094
-137.65113830566406
-137.1702423095703
-136.77584838867188
-136.44564819335938
-136.15647888183594
-135.956787109375
-135.83871459960938
-135.79161071777344
-135.82618713378906
-135.9644012451172
-136.22047424316406
-136.5655059814453
-136.97799682617188
-137.4394073486328
-137.922119140625
-138.42620849609375
-138.8675079345703
-139.28810119628906
-139.68685913085938
-140.01712036132812
-140.2864990234375
-140.49627685546875
-140.64736938476562
-140.74905395507812
-140.78851318359375
-140.74766540527344
-140.66253662109375
-140.53890991210938
-140.395263671875
-140.2595977783203
-140.14773559570312
-140.04420471191406
-139.9474334716797
-139.8520965576172
-139.8109588623047
-139.81153869628906
-139.85523986816406
-139.91932678222656
-140.01319885253906
-140.10935974121094
-140.183349609375
-140.2101593017578
-140.20033264160156
-140.127197265625
-140.02621459960938
-139.86460876464844
-139.6488037109375
-139.38734436035156
-139.09963989257812
-138.77281188964844
-138.4376678466797
-138.0732879638672
-137.6903076171875
-137.30743408203125
-136.92526245117188
-136.56568908691406
-136.25924682617188
-136.01698303222656
-135.81710815429688
-135.66566467285156
-135.55926513671875
-135.47900390625
-135.46238708496094
-135.50506591796875
-135.5761260986328
-135.65599060058594
-135.77365112304688
-135.9058074951172
-136.0339813232422
-136.15731811523438
-136.25828552246094
-136.325439453125
-136.37461853027344
-136.41424560546875
-136.45245361328125
-136.49156188964844
-136.5686798095703
-136.6796112060547
-136.8079376220703
-136.9289093017578
-137.03721618652344
-137.17684936523438
-137.32008361816406
-137.50038146972656
-137.72222900390625
-137.9368133544922
-138.09901428222656
-138.2352752685547
-138.38645935058594
-138.51290893554688
-138.6033172607422
-138.68154907226562
-138.74200439453125
-138.78416442871094
-138.7848358154297
-138.74961853027344
-138.71798706054688
-138.72662353515625
-138.77952575683594
-138.919189453125
-139.15313720703125
-139.44850158691406
-139.82444763183594
-140.27891540527344
-140.7935791015625
-141.3645477294922
-141.9661407470703
-142.56863403320312
-143.1702423095703
-143.75169372558594
-144.29710388183594
-144.80389404296875
-145.2891082763672
-145.70106506347656
-146.03826904296875
-146.29595947265625
-146.4488983154297
-146.5627899169922
-146.6354522705078
-146.6271209716797
-146.58395385742188
-146.50682067871094
-146.39431762695312
-146.3031463623047
-146.20391845703125
-146.08485412597656
-145.95654296875
-145.86875915527344
-145.78672790527344
-145.64483642578125
-145.47207641601562
-145.2845458984375
-145.0674591064453
-144.85191345214844
-144.5727081298828
-144.23854064941406
-143.8995819091797
-143.52267456054688
-143.1642608642578
-142.8154296875
-142.45896911621094
-142.0901336669922
-141.72210693359375
-141.34727478027344
-141.00515747070312
-140.70094299316406
-140.4363250732422
-140.1912078857422
-139.97708129882812
-139.82711791992188
-139.7166290283203
-139.63473510742188
-139.62469482421875
-139.67076110839844
-139.7481231689453
-139.86647033691406
-140.0586395263672
-140.33042907714844
-140.658935546875
-141.0045166015625
-141.37567138671875
-141.80686950683594
-142.28028869628906
-142.75692749023438
-143.22703552246094
-143.6942596435547
-144.17164611816406
-144.63890075683594
-145.0703125
-145.47216796875
-145.83718872070312
-146.18154907226562
-146.4945831298828
-146.75160217285156
-146.9974822998047
-147.21429443359375
-147.41781616210938
-147.6333465576172
-147.8137664794922
-147.9699249267578
-148.12890625
-148.3006591796875
-148.44139099121094
-148.57789611816406
-148.6681365966797
-148.7168426513672
-148.7101287841797
-148.6552734375
-148.55128479003906
-148.40269470214844
-148.20376586914062
-148.02723693847656
-147.8236541748047
-147.631591796875
-147.48704528808594
-147.36683654785156
-147.31166076660156
-147.33529663085938
-147.4057159423828
-147.5511016845703
-147.74037170410156
-147.97572326660156
-148.28138732910156
-148.65509033203125
-149.0852813720703
-149.54466247558594
-150.03553771972656
-150.5568084716797
-151.099853515625
-151.6364288330078
-152.1343536376953
-152.58058166503906
-152.98866271972656
-153.3648681640625
-153.70628356933594
-153.98158264160156
-154.18177795410156
-154.3047332763672
-154.32090759277344
-154.24122619628906
-154.06277465820312
-153.8166961669922
-153.555908203125
-153.27369689941406
-152.96775817871094
-152.6193084716797
-152.2288818359375
-151.81898498535156
-151.40380859375
-150.99134826660156
-150.56094360351562
-150.1202392578125
-149.68533325195312
-149.25830078125
-148.8451385498047
-148.49302673339844
-148.16139221191406
-147.88006591796875
-147.66018676757812
-147.51438903808594
-147.43194580078125
-147.39556884765625
-147.41854858398438
-147.4980926513672
-147.6158905029297
-147.765625
-147.9440155029297
-148.07992553710938
-148.23068237304688
-148.34744262695312
-148.44949340820312
-148.53688049316406
-148.57928466796875
-148.57896423339844
-148.5568389892578
-148.52786254882812
-148.50985717773438
-148.5191192626953
-148.5375213623047
-148.5689239501953
-148.5913848876953
-148.61708068847656
-148.6748046875
-148.75352478027344
-148.84707641601562
-148.98019409179688
-149.10975646972656
-149.22250366210938
-149.3021697998047
-149.3389129638672
-149.32333374023438
-149.25474548339844
-149.1320343017578
-148.9958953857422
-148.8383026123047
-148.67205810546875
-148.4835662841797
-148.28233337402344
-148.09234619140625
-147.9011993408203
-147.73806762695312
-147.61631774902344
-147.55386352539062
-147.57174682617188
-147.69276428222656
-147.90817260742188
-148.17453002929688
-148.5111083984375
-148.88580322265625
-149.29034423828125
-149.74208068847656
-150.1960906982422
-150.6676025390625
-151.11756896972656
-151.56884765625
-152.01560974121094
-152.46322631835938
-152.87420654296875
-153.23446655273438
-153.58010864257812
-153.8883514404297
-154.16650390625
-154.38229370117188
-154.5596466064453
-154.715087890625
-154.8467559814453
-154.96878051757812
-155.0729522705078
-155.11843872070312
-155.1195068359375
-155.08236694335938
-154.96505737304688
-154.8085479736328
-154.61483764648438
-154.38671875
-154.20193481445312
-154.008544921875
-153.77999877929688
-153.5029754638672
-153.19998168945312
-152.8951416015625
-152.6027069091797
-152.32281494140625
-152.0674591064453
-151.86830139160156
-151.70706176757812
-151.6089324951172
-151.5574493408203
-151.5876007080078
-151.698974609375
-151.8602752685547
-152.03787231445312
-152.25901794433594
-152.514892578125
-152.80662536621094
-153.12498474121094
-153.4443359375
-153.74539184570312
-153.9827117919922
-154.17604064941406
-154.27117919921875
-154.25173950195312
-154.11643981933594
-153.8699188232422
-153.524658203125
-153.09268188476562
-152.59881591796875
-151.97573852539062
-151.23568725585938
-150.4151153564453
-149.5233917236328
-148.5399932861328
-147.50270080566406
-146.44210815429688
-145.36305236816406
-144.2794189453125
-143.22515869140625
-142.21560668945312
-141.25254821777344
-140.36813354492188
-139.56301879882812
-138.8854217529297
-138.33309936523438
-137.94781494140625
-137.72393798828125
-137.66305541992188
-137.72964477539062
-137.9145965576172
-138.2030487060547
-138.54620361328125
-138.94589233398438
-139.366943359375
-139.81997680664062
-140.3144989013672
-140.83108520507812
-141.36459350585938
-141.9281768798828
-142.51296997070312
-143.12193298339844
-143.77711486816406
-144.4736328125
-145.19448852539062
-145.9420928955078
-146.6767578125
-147.39981079101562
-148.09864807128906
-148.77403259277344
-149.39215087890625
-149.9380645751953
-150.41822814941406
-150.82859802246094
-151.1784210205078
-151.46701049804688
-151.69281005859375
-151.84486389160156
-151.93418884277344
-151.97642517089844
-152.01858520507812
-152.04798889160156
-152.0830841064453
-152.1572265625
-152.26573181152344
-152.43089294433594
-152.61781311035156
-152.85336303710938
-153.12503051757812
-153.4263153076172
-153.75131225585938
-154.09742736816406
-154.49444580078125
-154.8613739013672
-155.18470764160156
-155.46302795410156
-155.70407104492188
-155.90499877929688
-156.04310607910156
-156.15676879882812
-156.22991943359375
-156.2594451904297
-156.2327423095703
-156.1984100341797
-156.12657165527344
-156.06715393066406
-155.97032165527344
-155.82620239257812
-155.66421508789062
-155.51890563964844
-155.3789520263672
-155.24859619140625
-155.1002960205078
-154.9608612060547
-154.84010314941406
-154.73899841308594
-154.65847778320312
-154.57550048828125
-154.438720703125
-154.2676544189453
-154.069091796875
-153.84434509277344
-153.5615692138672
-153.24827575683594
-152.87911987304688
-152.474853515625
-151.97496032714844
-151.39169311523438
-150.74899291992188
-150.0651092529297
-149.3950958251953
-148.72901916503906
-148.11940002441406
-147.5430145263672
-147.0215301513672
-146.5718231201172
-146.2254638671875
-145.9828338623047
-145.8456268310547
-145.82623291015625
-145.88648986816406
-145.9984130859375
-146.15252685546875
-146.37477111816406
-146.67474365234375
-147.0585479736328
-147.5072784423828
-147.96949768066406
-148.46636962890625
-148.958984375
-149.4407501220703
-149.89112854003906
-150.3101348876953
-150.66041564941406
-150.91354370117188
-151.04824829101562
-151.10150146484375
-151.06759643554688
-150.9100799560547
-150.6930389404297
-150.40296936035156
-150.04904174804688
-149.65394592285156
-149.24990844726562
-148.85499572753906
-148.47988891601562
-148.09698486328125
-147.71681213378906
-147.3478546142578
-146.99209594726562
-146.66551208496094
-146.35304260253906
-146.081298828125
-145.87118530273438
-145.65138244628906
-145.43109130859375
-145.18804931640625
-144.95736694335938
-144.73350524902344
-144.53330993652344
-144.34950256347656
-144.21852111816406
-144.1532745361328
-144.15533447265625
-144.2421417236328
-144.410400390625
-144.68658447265625
-145.08802795410156
-145.55519104003906
-146.0753936767578
-146.62667846679688
-147.1728515625
-147.6942901611328
-148.16993713378906
-148.59677124023438
-148.9395751953125
-149.21031188964844
-149.39573669433594
-149.4595489501953
-149.4212646484375
-149.267822265625
-148.99412536621094
-148.62721252441406
-148.1952667236328
-147.72434997558594
-147.1861114501953
-146.60841369628906
-146.0212860107422
-145.45541381835938
-144.91354370117188
-144.41448974609375
-143.99053955078125
-143.68382263183594
-143.49240112304688
-143.38955688476562
-143.36444091796875
-143.41021728515625
-143.4931182861328
-143.6020050048828
-143.71240234375
-143.8247528076172
-143.92591857910156
-144.00592041015625
-144.0818328857422
-144.14434814453125
-144.18223571777344
-144.1959686279297
-144.19854736328125
-144.1802520751953
-144.1320037841797
-144.0576171875
-143.95657348632812
-143.84320068359375
-143.67620849609375
-143.46868896484375
-143.2698211669922
-143.0788116455078
-142.88546752929688
-142.6597442626953
-142.40829467773438
-142.1725616455078
-141.90966796875
-141.64288330078125
-141.39285278320312
-141.15786743164062
-140.9673614501953
-140.83267211914062
-140.74732971191406
-140.75482177734375
-140.84559631347656
-140.98519897460938
-141.24215698242188
-141.5728302001953
-141.94346618652344
-142.3079833984375
-142.68197631835938
-143.04269409179688
-143.36766052246094
-143.66778564453125
-143.9298095703125
-144.1358642578125
-144.27700805664062
-144.32359313964844
-144.32461547851562
-144.2876434326172
-144.23678588867188
-144.1734619140625
-144.10487365722656
-144.05038452148438
-144.00381469726562
-143.9628448486328
-143.96237182617188
-143.98532104492188
-144.02037048339844
-144.1020050048828
-144.18759155273438
-144.31121826171875
-144.4525604248047
-144.60195922851562
-144.79776000976562
-145.01165771484375
-145.27659606933594
-145.5593719482422
-145.87484741210938
-146.25515747070312
-146.6816864013672
-147.1361541748047
-147.61968994140625
-148.1384735107422
-148.68191528320312
-149.21926879882812
-149.73703002929688
-150.24449157714844
-150.67247009277344
-151.01905822753906
-151.27796936035156
-151.47447204589844
-151.57948303222656
-151.59686279296875
-151.52252197265625
-151.3339385986328
-151.0463409423828
-150.6595916748047
-150.19143676757812
-149.6272430419922
-149.0185089111328
-148.39151000976562
-147.73770141601562
-147.05055236816406
-146.329345703125
-145.59182739257812
-144.84774780273438
-144.15478515625
-143.4913787841797
-142.90663146972656
-142.38316345214844
-141.93423461914062
-141.58856201171875
-141.32778930664062
-141.12477111816406
-140.9501190185547
-140.83786010742188
-140.76014709472656
-140.68597412109375
-140.61038208007812
-140.5537872314453
-140.51646423339844
-140.49078369140625
-140.4800262451172
-140.50457763671875
-140.565673828125
-140.6297607421875
-140.73391723632812
-140.8710174560547
-141.03713989257812
-141.23422241210938
-141.48976135253906
-141.80018615722656
-142.1531982421875
-142.52725219726562
-142.93463134765625
-143.3470001220703
-143.7737274169922
-144.23426818847656
-144.70285034179688
-145.12884521484375
-145.49215698242188
-145.81201171875
-146.07708740234375
-146.26161193847656
-146.37454223632812
-146.42018127441406
-146.38328552246094
-146.2495880126953
-146.03294372558594
-145.7129364013672
-145.29345703125
-144.83042907714844
-144.33135986328125
-143.82008361816406
-143.3070831298828
-142.8226776123047
-142.37744140625
-141.97149658203125
-141.62567138671875
-141.34902954101562
-141.14715576171875
-140.99923706054688
-140.9263153076172
-140.8983612060547
-140.94940185546875
-141.0603790283203
-141.21707153320312
-141.4202880859375
-141.6586151123047
-141.97607421875
-142.37216186523438
-142.82537841796875
-143.28634643554688
-143.7665252685547
-144.26736450195312
-144.7801513671875
-145.2534942626953
-145.6752471923828
-146.0529327392578
-146.35121154785156
-146.5651397705078
-146.7032470703125
-146.7712860107422
-146.75294494628906
-146.65345764160156
-146.4477996826172
-146.15480041503906
-145.76419067382812
-145.29299926757812
-144.71697998046875
-144.055908203125
-143.33079528808594
-142.57801818847656
-141.78530883789062
-141.000732421875
-140.2205047607422
-139.40895080566406
-138.56964111328125
-137.7329559326172
-136.90208435058594
-136.11195373535156
-135.34568786621094
-134.63465881347656
-133.97811889648438
-133.3753662109375
-132.85145568847656
-132.4008026123047
-132.02381896972656
-131.72750854492188
-131.4728240966797
-131.27859497070312
-131.14468383789062
-131.059326171875
-131.00245666503906
-130.97926330566406
-130.99954223632812
-131.04031372070312
-131.11795043945312
-131.26670837402344
-131.43536376953125
-131.5831756591797
-131.7030792236328
-131.78895568847656
-131.8458251953125
-131.88108825683594
-131.8806915283203
-131.85069274902344
-131.78724670410156
-131.71676635742188
-131.63763427734375
-131.54505920410156
-131.49560546875
-131.47549438476562
-131.4803009033203
-131.49085998535156
-131.49220275878906
-131.46578979492188
-131.44598388671875
-131.4210662841797
-131.35531616210938
-131.25279235839844
-131.1220245361328
-130.99896240234375
-130.85830688476562
-130.68307495117188
-130.4904327392578
-130.29029846191406
-130.08421325683594
-129.86793518066406
-129.7107391357422
-129.59197998046875
-129.50601196289062
-129.47792053222656
-129.52330017089844
-129.657470703125
-129.87782287597656
-130.1924591064453
-130.5920867919922
-131.10382080078125
-131.7309112548828
-132.48403930664062
-133.30641174316406
-134.20571899414062
-135.16143798828125
-136.14385986328125
-137.15188598632812
-138.16864013671875
-139.1563720703125
-140.11697387695312
-141.04345703125
-141.93414306640625
-142.81732177734375
-143.68707275390625
-144.51998901367188
-145.30258178710938
-145.98033142089844
-146.5609893798828
-147.04010009765625
-147.3951416015625
-147.66464233398438
-147.82537841796875
-147.90243530273438
-147.91815185546875
-147.86134338378906
-147.71743774414062
-147.51898193359375
-147.2775115966797
-146.97738647460938
-146.61492919921875
-146.245849609375
-145.8856658935547
-145.5516357421875
-145.28643798828125
-145.07977294921875
-144.94834899902344
-144.87989807128906
-144.810546875
-144.76365661621094
-144.7599334716797
-144.7646026611328
-144.73985290527344
-144.66204833984375
-144.55633544921875
-144.41567993164062
-144.22686767578125
-143.97474670410156
-143.70762634277344
-143.43084716796875
-143.1560821533203
-142.89950561523438
-142.69924926757812
-142.55194091796875
-142.4105224609375
-142.29393005371094
-142.2179412841797
-142.1988983154297
-142.1758270263672
-142.14425659179688
-142.06610107421875
-141.9622344970703
-141.81326293945312
-141.58319091796875
-141.27418518066406
-140.9104461669922
-140.5110626220703
-140.07015991210938
-139.6103973388672
-139.17283630371094
-138.77210998535156
-138.4327392578125
-138.1419219970703
-137.9298858642578
-137.85653686523438
-137.92381286621094
-138.1171417236328
-138.43734741210938
-138.8820343017578
-139.4336700439453
-140.07064819335938
-140.77975463867188
-141.5454559326172
-142.3057403564453
-143.0428009033203
-143.72921752929688
-144.35211181640625
-144.9051971435547
-145.38250732421875
-145.80099487304688
-146.1542510986328
-146.46046447753906
-146.7339324951172
-146.98313903808594
-147.21029663085938
-147.45484924316406
-147.697265625
-147.91806030273438
-148.12034606933594
-148.32763671875
-148.52951049804688
-148.74534606933594
-148.9312286376953
-149.0653076171875
-149.15789794921875
-149.16136169433594
-149.09805297851562
-148.94488525390625
-148.73854064941406
-148.50152587890625
-148.2070770263672
-147.90054321289062
-147.58937072753906
-147.29202270507812
-147.01934814453125
-146.8306427001953
-146.71217346191406
-146.68116760253906
-146.7232208251953
-146.8479461669922
-147.05084228515625
-147.32872009277344
-147.66627502441406
-148.00912475585938
-148.35279846191406
-148.64013671875
-148.8830108642578
-149.0535125732422
-149.1562042236328
-149.1879425048828
-149.15037536621094
-149.0829620361328
-148.97543334960938
-148.82635498046875
-148.6584930419922
-148.51873779296875
-148.4229736328125
-148.39210510253906
-148.439208984375
-148.5921173095703
-148.82858276367188
-149.1275177001953
-149.44912719726562
-149.7953338623047
-150.146728515625
-150.45916748046875
-150.7031707763672
-150.8339385986328
-150.85638427734375
-150.731689453125
-150.4755859375
-150.0940704345703
-149.6453399658203
-149.13699340820312
-148.5738525390625
-147.98794555664062
-147.44873046875
-146.9456787109375
-146.51272583007812
-146.1960906982422
-145.9865264892578
-145.90087890625
-145.96067810058594
-146.1658172607422
-146.47528076171875
-146.87767028808594
-147.33392333984375
-147.7901611328125
-148.2624053955078
-148.68515014648438
-149.0492706298828
-149.31846618652344
-149.4863739013672
-149.53759765625
-149.49661254882812
-149.3290557861328
-149.07301330566406
-148.68653869628906
-148.19064331054688
-147.66168212890625
-147.08401489257812
-146.4651641845703
-145.84385681152344
-145.19993591308594
-144.53787231445312
-143.8833465576172
-143.27145385742188
-142.72097778320312
-142.20645141601562
-141.72601318359375
-141.2952117919922
-140.9123992919922
-140.59352111816406
-140.36114501953125
-140.2165985107422
-140.13394165039062
-140.1547393798828
-140.2669219970703
-140.44325256347656
-140.6945343017578
-141.00096130371094
-141.35328674316406
-141.73719787597656
-142.14097595214844
-142.55117797851562
-142.9359588623047
-143.3036651611328
-143.6949462890625
-144.1097869873047
-144.53123474121094
-144.97366333007812
-145.4232940673828
-145.87576293945312
-146.36752319335938
-146.90054321289062
-147.4657745361328
-148.0471954345703
-148.62416076660156
-149.19271850585938
-149.76400756835938
-150.31295776367188
-150.80984497070312
-151.240234375
-151.5941162109375
-151.8563995361328
-151.99832153320312
-152.0233917236328
-151.90914916992188
-151.6307373046875
-151.1953125
-150.6161346435547
-149.89442443847656
-149.05784606933594
-148.110107421875
-147.05850219726562
-145.95120239257812
-144.8403778076172
-143.7550048828125
-142.7232666015625
-141.76229858398438
-140.93153381347656
-140.1793975830078
-139.52867126464844
-139.0030517578125
-138.56985473632812
-138.21923828125
-137.9142303466797
-137.6526641845703
-137.4108428955078
-137.1699676513672
-136.93807983398438
-136.73516845703125
-136.53823852539062
-136.38815307617188
-136.2722625732422
-136.2252655029297
-136.27737426757812
-136.4088592529297
-136.61358642578125
-136.91888427734375
-137.292236328125
-137.7835235595703
-138.38351440429688
-139.07058715820312
-139.8114013671875
-140.56007385253906
-141.28619384765625
-141.95973205566406
-142.5496826171875
-143.0212860107422
-143.37879943847656
-143.57177734375
-143.6019287109375
-143.4304656982422
-143.0199432373047
-142.3719482421875
-141.53773498535156
-140.51693725585938
-139.33900451660156
-138.0390167236328
-136.68028259277344
-135.29925537109375
-133.98390197753906
-132.72955322265625
-131.5712127685547
-130.47821044921875
-129.5244903564453
-128.7158660888672
-128.0199737548828
-127.44647216796875
-126.95794677734375
-126.54158020019531
-126.24412536621094
-126.01057434082031
-125.86019897460938
-125.7637939453125
-125.74110412597656
-125.79365539550781
-125.94784545898438
-126.22869110107422
-126.66735076904297
-127.26641082763672
-128.0494842529297
-128.98817443847656
-130.0596923828125
-131.25392150878906
-132.52841186523438
-133.8382110595703
-135.15191650390625
-136.40533447265625
-137.5725555419922
-138.62759399414062
-139.57945251464844
-140.43667602539062
-141.18716430664062
-141.8468017578125
-142.42276000976562
-142.9369354248047
-143.4124755859375
-143.84954833984375
-144.24282836914062
-144.63668823242188
-145.05191040039062
-145.43702697753906
-145.81082153320312
-146.1359405517578
-146.41346740722656
-146.61325073242188
-146.71371459960938
-146.72132873535156
-146.63232421875
-146.3871307373047
-146.03048706054688
-145.5691375732422
-145.02088928222656
-144.442626953125
-143.8389434814453
-143.20681762695312
-142.5938262939453
-141.98406982421875
-141.4120330810547
-140.88978576660156
-140.41795349121094
-140.00537109375
-139.69927978515625
-139.48927307128906
-139.3533172607422
-139.2589569091797
-139.1806640625
-139.15554809570312
-139.16165161132812
-139.17811584472656
-139.18508911132812
-139.178955078125
-139.10206604003906
-138.96885681152344
-138.7440643310547
-138.46450805664062
-138.16111755371094
-137.87399291992188
-137.6406707763672
-137.5016632080078
-137.4450225830078
-137.48301696777344
-137.62831115722656
-137.83970642089844
-138.1381378173828
-138.53097534179688
-139.02651977539062
-139.5233917236328
-139.99008178710938
-140.4117431640625
-140.74057006835938
-140.9403839111328
-141.05979919433594
-141.07623291015625
-140.99093627929688
-140.84129333496094
-140.6191864013672
-140.37631225585938
-140.107666015625
-139.8684844970703
-139.66773986816406
-139.528076171875
-139.50732421875
-139.63160705566406
-139.9108123779297
-140.28514099121094
-140.72720336914062
-141.2223663330078
-141.7469024658203
-142.27041625976562
-142.78623962402344
-143.2994842529297
-143.80125427246094
-144.2919464111328
-144.75457763671875
-145.13922119140625
-145.48912048339844
-145.76817321777344
-146.01962280273438
-146.2504119873047
-146.46896362304688
-146.63720703125
-146.79933166503906
-146.99539184570312
-147.22683715820312
-147.48382568359375
-147.71923828125
-147.9443817138672
-148.11477661132812
-148.21778869628906
-148.21878051757812
-148.1396484375
-147.99249267578125
-147.79241943359375
-147.56504821777344
-147.30972290039062
-146.9724578857422
-146.5669708251953
-146.0991973876953
-145.5906524658203
-145.05242919921875
-144.5089874267578
-143.97433471679688
-143.4748992919922
-143.0312042236328
-142.6732635498047
-142.40155029296875
-142.25787353515625
-142.22198486328125
-142.2820281982422
-142.40756225585938
-142.55136108398438
-142.65573120117188
-142.7554168701172
-142.8531036376953
-142.92529296875
-142.96121215820312
-142.93722534179688
-142.88478088378906
-142.7985076904297
-142.70840454101562
-142.61959838867188
-142.52203369140625
-142.42977905273438
-142.31549072265625
-142.22674560546875
-142.18431091308594
-142.17576599121094
-142.2059783935547
-142.25839233398438
-142.3050079345703
-142.33786010742188
-142.3583984375
-142.36312866210938
-142.34779357910156
-142.3058319091797
-142.24781799316406
-142.1813507080078
-142.14328002929688
-142.0933837890625
-142.03085327148438
-142.00137329101562
-142.02069091796875
-142.09796142578125
-142.23370361328125
-142.4169921875
-142.671875
-142.9974365234375
-143.36354064941406
-143.79205322265625
-144.2323455810547
-144.65870666503906
-145.06454467773438
-145.44613647460938
-145.80081176757812
-146.12353515625
-146.42446899414062
-146.67617797851562
-146.9049072265625
-147.1148681640625
-147.3125762939453
-147.5355682373047
-147.7535400390625
-147.97491455078125
-148.21803283691406
-148.4687957763672
-148.75408935546875
-149.05799865722656
-149.38119506835938
-149.70497131347656
-150.032470703125
-150.3260040283203
-150.57379150390625
-150.74220275878906
-150.8663330078125
-150.9154052734375
-150.89373779296875
-150.8095703125
-150.69825744628906
-150.576171875
-150.43157958984375
-150.2806854248047
-150.18458557128906
-150.15675354003906
-150.1934051513672
-150.32888793945312
-150.55136108398438
-150.8638458251953
-151.2440185546875
-151.67486572265625
-152.1207733154297
-152.56690979003906
-152.9692840576172
-153.29513549804688
-153.5037841796875
-153.6073760986328
-153.57159423828125
-153.3661346435547
-153.0076904296875
-152.49301147460938
-151.86361694335938
-151.11534118652344
-150.26382446289062
-149.33103942871094
-148.3478546142578
-147.33779907226562
-146.31443786621094
-145.34519958496094
-144.4735870361328
-143.71456909179688
-143.1090850830078
-142.65748596191406
-142.30203247070312
-142.0455322265625
-141.83287048339844
-141.6857147216797
-141.61016845703125
-141.55247497558594
-141.51634216308594
-141.51907348632812
-141.51156616210938
-141.49818420410156
-141.49456787109375
-141.51412963867188
-141.54257202148438
-141.5961456298828
-141.7187957763672
-141.89471435546875
-142.16346740722656
-142.54995727539062
-143.0401611328125
-143.62245178222656
-144.29177856445312
-145.06082153320312
-145.89666748046875
-146.7871856689453
-147.7061767578125
-148.63868713378906
-149.5560760498047
-150.44371032714844
-151.30169677734375
-152.1007080078125
-152.85276794433594
-153.531982421875
-154.1558380126953
-154.7166748046875
-155.16954040527344
-155.5458221435547
-155.87152099609375
-156.1445770263672
-156.35406494140625
-156.5328369140625
-156.6558380126953
-156.70179748535156
-156.67337036132812
-156.56893920898438
-156.37010192871094
-156.08633422851562
-155.71148681640625
-155.24366760253906
-154.7423553466797
-154.20755004882812
-153.6374053955078
-153.03921508789062
-152.38735961914062
-151.7386932373047
-151.1111602783203
-150.5558319091797
-150.05410766601562
-149.618896484375
-149.28883361816406
-149.04896545410156
-148.9094696044922
-148.90957641601562
-149.0399627685547
-149.30357360839844
-149.699462890625
-150.19442749023438
-150.76455688476562
-151.3723602294922
-151.95236206054688
-152.54400634765625
-153.14405822753906
-153.6950225830078
-154.19195556640625
-154.64404296875
-155.02920532226562
-155.3322296142578
-155.56858825683594
-155.74000549316406
-155.8331298828125
-155.8860321044922
-155.92742919921875
-155.94468688964844
-155.8948211669922
-155.76393127441406
-155.5265350341797
-155.18861389160156
-154.76792907714844
-154.2827911376953
-153.74099731445312
-153.1371612548828
-152.49595642089844
-151.8315887451172
-151.16741943359375
-150.53250122070312
-149.94796752929688
-149.43206787109375
-149.0258331298828
-148.71327209472656
-148.5013885498047
-148.4091796875
-148.41522216796875
-148.54611206054688
-148.79612731933594
-149.13613891601562
-149.55909729003906
-150.07186889648438
-150.66990661621094
-151.29702758789062
-151.95306396484375
-152.61473083496094
-153.27427673339844
-153.8812255859375
-154.4746551513672
-154.97413635253906
-155.3891143798828
-155.7178955078125
-155.95318603515625
-156.13577270507812
-156.24456787109375
-156.28466796875
-156.3123779296875
-156.34439086914062
-156.38267517089844
-156.4307098388672
-156.48117065429688
-156.51153564453125
-156.5318145751953
-156.53155517578125
-156.4783477783203
-156.38392639160156
-156.24708557128906
-156.07846069335938
-155.8346710205078
-155.52444458007812
-155.1727752685547
-154.7552490234375
-154.2752227783203
-153.7606964111328
-153.21124267578125
-152.62295532226562
-152.0331268310547
-151.482421875
-150.94871520996094
-150.4550018310547
-150.039794921875
-149.7060546875
-149.47705078125
-149.35678100585938
-149.33480834960938
-149.4100799560547
-149.56871032714844
-149.82057189941406
-150.10777282714844
-150.41012573242188
-150.72756958007812
-151.03778076171875
-151.303955078125
-151.556396484375
-151.7915496826172
-152.0038604736328
-152.21392822265625
-152.38235473632812
-152.50257873535156
-152.59573364257812
-152.68040466308594
-152.73538208007812
-152.7581787109375
-152.7509307861328
-152.7703094482422
-152.7901153564453
-152.79660034179688
-152.79627990722656
-152.8020477294922
-152.77102661132812
-152.71473693847656
-152.6569366455078
-152.5928192138672
-152.5028839111328
-152.39141845703125
-152.26266479492188
-152.1161346435547
-151.92335510253906
-151.68878173828125
-151.42510986328125
-151.12313842773438
-150.79534912109375
-150.44082641601562
-150.0320281982422
-149.59051513671875
-149.14169311523438
-148.6749267578125
-148.22140502929688
-147.77749633789062
-147.33810424804688
-146.89822387695312
-146.53353881835938
-146.22842407226562
-146.00531005859375
-145.85208129882812
-145.74978637695312
-145.65223693847656
-145.61801147460938
-145.64273071289062
-145.7089080810547
-145.784423828125
-145.86700439453125
-145.91896057128906
-145.9527587890625
-145.90663146972656
-145.7989044189453
-145.64089965820312
-145.4093475341797
-145.0727081298828
-144.685546875
-144.242919921875
-143.7216339111328
-143.13128662109375
-142.52883911132812
-141.9504852294922
-141.3987274169922
-140.8992462158203
-140.45306396484375
-140.1043243408203
-139.87513732910156
-139.73526000976562
-139.6800537109375
-139.69302368164062
-139.77426147460938
-139.9352264404297
-140.16317749023438
-140.43301391601562
-140.7467041015625
-141.07269287109375
-141.4132537841797
-141.74400329589844
-142.08753967285156
-142.444091796875
-142.86190795898438
-143.3509063720703
-143.90872192382812
-144.5446319580078
-145.193115234375
-145.8566436767578
-146.50390625
-147.1544189453125
-147.76284790039062
-148.3433380126953
-148.88739013671875
-149.43309020996094
-149.95921325683594
-150.4276123046875
-150.84664916992188
-151.21450805664062
-151.54161071777344
-151.822021484375
-152.01072692871094
-152.1247100830078
-152.1369171142578
-152.04580688476562
-151.88571166992188
-151.63018798828125
-151.3164825439453
-151.00242614746094
-150.6975860595703
-150.3623046875
-150.0397186279297
-149.7106170654297
-149.37269592285156
-148.99234008789062
-148.6020050048828
-148.20245361328125
-147.75811767578125
-147.3024139404297
-146.8458251953125
-146.35504150390625
-145.8135986328125
-145.2451629638672
-144.6793670654297
-144.15411376953125
-143.6747589111328
-143.19464111328125
-142.770263671875
-142.40850830078125
-142.15609741210938
-142.046875
-142.06272888183594
-142.18096923828125
-142.40281677246094
-142.7002410888672
-143.05899047851562
-143.48585510253906
-143.92115783691406
-144.3600311279297
-144.7560272216797
-145.0989990234375
-145.39271545410156
-145.63014221191406
-145.7866973876953
-145.8601837158203
-145.88323974609375
-145.85755920410156
-145.8107147216797
-145.7216339111328
-145.62623596191406
-145.54368591308594
-145.4608612060547
-145.3600311279297
-145.2660675048828
-145.20388793945312
-145.15921020507812
-145.09791564941406
-145.03738403320312
-144.93887329101562
-144.7687225341797
-144.56883239746094
-144.30128479003906
-143.92886352539062
-143.4669189453125
-142.9274444580078
-142.28375244140625
-141.5183868408203
-140.69432067871094
-139.82952880859375
-138.93601989746094
-138.07752990722656
-137.2745819091797
-136.614990234375
-136.12811279296875
-135.8790740966797
-135.88308715820312
-136.10765075683594
-136.53814697265625
-137.11337280273438
-137.7910919189453
-138.51673889160156
-139.1986083984375
-139.8119659423828
-140.34683227539062
-140.8099822998047
-141.1963653564453
-141.5203857421875
-141.78582763671875
-141.97145080566406
-142.11538696289062
-142.25515747070312
-142.3693084716797
-142.4976806640625
-142.62110900878906
-142.75888061523438
-142.94300842285156
-143.1918182373047
-143.51234436035156
-143.89862060546875
-144.3777618408203
-144.89474487304688
-145.4213409423828
-145.9694366455078
-146.46200561523438
-146.87167358398438
-147.16046142578125
-147.35643005371094
-147.41375732421875
-147.3111572265625
-147.05950927734375
-146.66648864746094
-146.1368865966797
-145.5100860595703
-144.79644775390625
-144.02162170410156
-143.21847534179688
-142.47518920898438
-141.76663208007812
-141.12728881835938
-140.60494995117188
-140.20599365234375
-139.9034881591797
-139.6998748779297
-139.58828735351562
-139.54205322265625
-139.53457641601562
-139.56109619140625
-139.63095092773438
-139.7509307861328
-139.86061096191406
-139.94471740722656
-139.99478149414062
-140.03189086914062
-140.0376739501953
-140.00613403320312
-139.9541473388672
-139.89508056640625
-139.85275268554688
-139.84173583984375
-139.88711547851562
-140.0109100341797
-140.2055206298828
-140.48101806640625
-140.83621215820312
-141.29397583007812
-141.83262634277344
-142.42645263671875
-143.0804443359375
-143.7716827392578
-144.48165893554688
-145.21136474609375
-145.9351348876953
-146.59848022460938
-147.186279296875
-147.70265197753906
-148.1320037841797
-148.46484375
-148.69654846191406
-148.80743408203125
-148.77589416503906
-148.6412811279297
-148.40402221679688
-148.07928466796875
-147.673095703125
-147.2131805419922
-146.70816040039062
-146.16331481933594
-145.6248779296875
-145.12310791015625
-144.6417999267578
-144.20127868652344
-143.84083557128906
-143.55450439453125
-143.31179809570312
-143.12384033203125
-142.9918212890625
-142.9240264892578
-142.9083251953125
-142.9166717529297
-142.916748046875
-142.9151153564453
-142.90744018554688
-142.8634796142578
-142.76097106933594
-142.66366577148438
-142.5210723876953
-142.3751983642578
-142.24143981933594
-142.13912963867188
-142.0814666748047
-142.04928588867188
-142.0740966796875
-142.16891479492188
-142.36322021484375
-142.66404724121094
-143.04229736328125
-143.47216796875
-143.9601287841797
-144.4713592529297
-144.99282836914062
-145.48434448242188
-145.9445343017578
-146.3657684326172
-146.7400665283203
-147.0905303955078
-147.398681640625
-147.62765502929688
-147.790283203125
-147.93373107910156
-148.0749969482422
-148.22146606445312
-148.40821838378906
-148.6988983154297
-149.08946228027344
-149.62437438964844
-150.29151916503906
-151.07936096191406
-151.95721435546875
-152.91648864746094
-153.91427612304688
-154.92857360839844
-155.89190673828125
-156.80364990234375
-157.599365234375
-158.3242950439453
-158.92369079589844
-159.40672302246094
-159.77029418945312
-160.02987670898438
-160.1727752685547
-160.1708526611328
-160.04811096191406
-159.81419372558594
-159.53053283691406
-159.19407653808594
-158.85183715820312
-158.47068786621094
-158.09483337402344
-157.7100067138672
-157.2848358154297
-156.8674774169922
-156.44313049316406
-156.0122528076172
-155.57888793945312
-155.15487670898438
-154.75665283203125
-154.42681884765625
-154.12899780273438
-153.87718200683594
-153.69207763671875
-153.60231018066406
-153.5857391357422
-153.67913818359375
-153.88882446289062
-154.20468139648438
-154.64523315429688
-155.20960998535156
-155.8494415283203
-156.56114196777344
-157.311767578125
-158.09402465820312
-158.8743133544922
-159.6438446044922
-160.38404846191406
-161.0529022216797
-161.67428588867188
-162.20692443847656
-162.64183044433594
-163.0155029296875
-163.31985473632812
-163.5725555419922
-163.788818359375
-163.9766082763672
-164.13169860839844
-164.244873046875
-164.34158325195312
-164.41632080078125
-164.49000549316406
-164.56747436523438
-164.62745666503906
-164.6690673828125
-164.7283172607422
-164.78289794921875
-164.8434295654297
-164.8708038330078
-164.88204956054688
-164.88014221191406
-164.8577117919922
-164.8105010986328
-164.77540588378906
-164.7335205078125
-164.6988983154297
-164.65699768066406
-164.59083557128906
-164.50949096679688
-164.3991241455078
-164.2874298095703
-164.1372833251953
-163.9326629638672
-163.6875457763672
-163.39747619628906
-163.0813751220703
-162.73471069335938
-162.36337280273438
-161.9610137939453
-161.52420043945312
-161.0526123046875
-160.5738983154297
-160.0786590576172
-159.58045959472656
-159.015380859375
-158.40414428710938
-157.73143005371094
-157.00213623046875
-156.21653747558594
-155.42633056640625
-154.5937042236328
-153.73690795898438
-152.9211883544922
-152.15948486328125
-151.4333038330078
-150.75782775878906
-150.18014526367188
-149.6984100341797
-149.31752014160156
-149.01480102539062
-148.75804138183594
-148.54676818847656
-148.3536376953125
-148.17510986328125
-148.0144805908203
-147.85484313964844
-147.6696319580078
-147.48748779296875
-147.31777954101562
-147.16757202148438
-147.05735778808594
-146.99017333984375
-146.9755401611328
-147.02090454101562
-147.14242553710938
-147.3663787841797
-147.67880249023438
-148.02105712890625
-148.38272094726562
-148.7859344482422
-149.220947265625
-149.59910583496094
-149.9010467529297
-150.08692932128906
-150.15606689453125
-150.11827087402344
-149.95802307128906
-149.6725311279297
-149.27023315429688
-148.7582244873047
-148.1585235595703
-147.50462341308594
-146.77525329589844
-145.99220275878906
-145.18557739257812
-144.36465454101562
-143.5668487548828
-142.8099365234375
-142.14212036132812
-141.56448364257812
-141.10040283203125
-140.74038696289062
-140.47840881347656
-140.25746154785156
-140.06126403808594
-139.86061096191406
-139.66775512695312
-139.48861694335938
-139.31480407714844
-139.10562133789062
-138.8983154296875
-138.70443725585938
-138.53106689453125
-138.35609436035156
-138.19039916992188
-138.0531768798828
-137.96922302246094
-137.93536376953125
-137.9482879638672
-137.98973083496094
-138.1007843017578
-138.2933807373047
-138.5638427734375
-138.9006805419922
-139.2655792236328
-139.71038818359375
-140.20408630371094
-140.70921325683594
-141.20779418945312
-141.7032012939453
-142.13677978515625
-142.49325561523438
-142.80381774902344
-143.0467529296875
-143.22181701660156
-143.3334503173828
-143.34567260742188
-143.2634735107422
-143.0864715576172
-142.83192443847656
-142.54876708984375
-142.22007751464844
-141.89321899414062
-141.5709228515625
-141.25352478027344
-140.97467041015625
-140.7307891845703
-140.5445098876953
-140.38832092285156
-140.27000427246094
-140.17955017089844
-140.15701293945312
-140.18167114257812
-140.23802185058594
-140.3230743408203
-140.39781188964844
-140.43630981445312
-140.43653869628906
-140.4306640625
-140.41070556640625
-140.38552856445312
-140.34652709960938
-140.28431701660156
-140.18089294433594
-140.07911682128906
-139.96865844726562
-139.85704040527344
-139.801513671875
-139.8150177001953
-139.89096069335938
-140.02391052246094
-140.2184600830078
-140.4954071044922
-140.86007690429688
-141.2738037109375
-141.74977111816406
-142.22784423828125
-142.71737670898438
-143.16912841796875
-143.56317138671875
-143.89328002929688
-144.13003540039062
-144.25601196289062
-144.30882263183594
-144.24887084960938
-144.08795166015625
-143.83059692382812
-143.48831176757812
-143.07627868652344
-142.58912658691406
-142.04705810546875
-141.45904541015625
-140.82583618164062
-140.16720581054688
-139.5172882080078
-138.9091339111328
-138.33714294433594
-137.8240966796875
-137.39576721191406
-137.0251922607422
-136.72940063476562
-136.50927734375
-136.380126953125
-136.3370361328125
-136.33700561523438
-136.385009765625
-136.43942260742188
-136.45326232910156
-136.4513397216797
-136.4062042236328
-136.31480407714844
-136.16880798339844
-135.98458862304688
-135.78392028808594
-135.57518005371094
-135.39523315429688
-135.19808959960938
-135.0060577392578
-134.8769989013672
-134.80145263671875
-134.75491333007812
-134.71112060546875
-134.66372680664062
-134.61000061035156
-134.53216552734375
-134.4021759033203
-134.22756958007812
-134.05787658691406
-133.89016723632812
-133.72744750976562
-133.56344604492188
-133.42184448242188
-133.25843811035156
-133.0736846923828
-132.88546752929688
-132.71340942382812
-132.5548858642578
-132.41201782226562
-132.30674743652344
-132.25662231445312
-132.31715393066406
-132.52772521972656
-132.83987426757812
-133.21640014648438
-133.63621520996094
-134.15283203125
-134.73513793945312
-135.3201446533203
-135.94119262695312
-136.5830078125
-137.18695068359375
-137.73760986328125
-138.23208618164062
-138.6243438720703
-138.9307861328125
-139.12619018554688
-139.16360473632812
-139.0822296142578
-138.88577270507812
-138.56382751464844
-138.1380157470703
-137.63430786132812
-137.0843505859375
-136.503173828125
-135.91734313964844
-135.35208129882812
-134.82408142089844
-134.3300018310547
-133.8582763671875
-133.46641540527344
-133.17835998535156
-132.9301300048828
-132.71966552734375
-132.52011108398438
-132.2978973388672
-132.07720947265625
-131.83816528320312
-131.62179565429688
-131.405517578125
-131.14712524414062
-130.84083557128906
-130.564208984375
-130.31283569335938
-130.1024627685547
-129.92369079589844
-129.79237365722656
-129.74179077148438
-129.76388549804688
-129.86607360839844
-130.0576171875
-130.29638671875
-130.63145446777344
-131.0254669189453
-131.48472595214844
-131.9749298095703
-132.5143280029297
-133.06857299804688
-133.62644958496094
-134.18565368652344
-134.76031494140625
-135.32696533203125
-135.8748321533203
-136.4093017578125
-136.9644775390625
-137.5798797607422
-138.20236206054688
-138.82652282714844
-139.4449920654297
-140.0756378173828
-140.7281951904297
-141.3893280029297
-142.05120849609375
-142.6671905517578
-143.23765563964844
-143.76731872558594
-144.22088623046875
-144.59054565429688
-144.8792266845703
-145.0961151123047
-145.28311157226562
-145.46693420410156
-145.6336669921875
-145.82135009765625
-146.00149536132812
-146.20530700683594
-146.42428588867188
-146.64552307128906
-146.8726043701172
-147.13197326660156
-147.39352416992188
-147.6812744140625
-148.0070343017578
-148.3107147216797
-148.5991668701172
-148.88131713867188
-149.1634063720703
-149.43508911132812
-149.66830444335938
-149.84695434570312
-149.97500610351562
-150.03668212890625
-150.05650329589844
-150.02505493164062
-149.9511260986328
-149.87356567382812
-149.80722045898438
-149.76014709472656
-149.72779846191406
-149.7212371826172
-149.78321838378906
-149.90025329589844
-150.0515594482422
-150.23263549804688
-150.43832397460938
-150.66314697265625
-150.89443969726562
-151.11953735351562
-151.31292724609375
-151.4586944580078
-151.5584716796875
-151.59092712402344
-151.55421447753906
-151.44793701171875
-151.28030395507812
-151.04824829101562
-150.7586212158203
-150.37171936035156
-149.89724731445312
-149.33450317382812
-148.70938110351562
-148.0170135498047
-147.29483032226562
-146.58676147460938
-145.89892578125
-145.2413787841797
-144.69740295410156
-144.2697296142578
-143.9641571044922
-143.80970764160156
-143.79335021972656
-143.91587829589844
-144.17283630371094
-144.57867431640625
-145.10264587402344
-145.729736328125
-146.42807006835938
-147.18075561523438
-148.0243377685547
-148.87799072265625
-149.7298126220703
-150.56883239746094
-151.36013793945312
-152.11781311035156
-152.8184356689453
-153.42694091796875
-153.96278381347656
-154.39898681640625
-154.7237548828125
-154.97169494628906
-155.14784240722656
-155.22169494628906
-155.22447204589844
-155.17312622070312
-155.07298278808594
-154.93736267089844
-154.770751953125
-154.56549072265625
-154.2826690673828
-153.93923950195312
-153.5016632080078
-152.99656677246094
-152.43870544433594
-151.8174591064453
-151.1346893310547
-150.39447021484375
-149.60401916503906
-148.75938415527344
-147.82818603515625
-146.857421875
-145.84457397460938
-144.8015899658203
-143.75335693359375
-142.7248077392578
-141.7709197998047
-140.89500427246094
-140.1275177001953
-139.4548797607422
-138.88006591796875
-138.36390686035156
-137.8937530517578
-137.4879608154297
-137.14505004882812
-136.80624389648438
-136.49879455566406
-136.2283935546875
-135.9862518310547
-135.7566375732422
-135.56451416015625
-135.395263671875
-135.2285919189453
-135.11065673828125
-135.05279541015625
-135.05029296875
-135.1222686767578
-135.2760772705078
-135.50091552734375
-135.7800750732422
-136.14654541015625
-136.58433532714844
-137.0467071533203
-137.50833129882812
-137.9734649658203
-138.3809356689453
-138.7574920654297
-139.05718994140625
-139.27761840820312
-139.41102600097656
-139.46011352539062
-139.43865966796875
-139.32293701171875
-139.11459350585938
-138.82835388183594
-138.50543212890625
-138.1524658203125
-137.81466674804688
-137.51318359375
-137.25192260742188
-137.05789184570312
-136.95596313476562
-136.9215545654297
-136.94256591796875
-137.0725860595703
-137.26194763183594
-137.46653747558594
-137.6612548828125
-137.851806640625
-138.0195770263672
-138.1439666748047
-138.21080017089844
-138.24606323242188
-138.2240447998047
-138.16204833984375
-138.0927276611328
-137.96466064453125
-137.85629272460938
-137.7530059814453
-137.6781005859375
-137.65264892578125
-137.69851684570312
-137.7939910888672
-137.91012573242188
-138.0885772705078
-138.3188934326172
-138.55892944335938
-138.82797241210938
-139.09429931640625
-139.30899047851562
-139.47291564941406
-139.56907653808594
-139.5626220703125
-139.46266174316406
-139.28909301757812
-139.01861572265625
-138.68023681640625
-138.28184509277344
-137.8172607421875
-137.3317108154297
-136.80943298339844
-136.29579162597656
-135.80674743652344
-135.43751525878906
-135.21022033691406
-135.1145477294922
-135.17808532714844
-135.40203857421875
-135.7462615966797
-136.18084716796875
-136.67857360839844
-137.2362518310547
-137.80751037597656
-138.36944580078125
-138.898681640625
-139.37965393066406
-139.78260803222656
-140.08746337890625
-140.30380249023438
-140.4355010986328
-140.48341369628906
-140.4881591796875
-140.4863739013672
-140.4619140625
-140.42733764648438
-140.36170959472656
-140.30955505371094
-140.28460693359375
-140.27688598632812
-140.30650329589844
-140.3712615966797
-140.46893310546875
-140.59620666503906
-140.72238159179688
-140.85012817382812
-140.9840545654297
-141.105224609375
-141.20480346679688
-141.24143981933594
-141.26356506347656
-141.228759765625
-141.1551971435547
-141.06732177734375
-140.9346923828125
-140.773193359375
-140.63221740722656
-140.49656677246094
-140.38201904296875
-140.26947021484375
-140.1875762939453
-140.11740112304688
-140.01695251464844
-139.91827392578125
-139.8131561279297
-139.67941284179688
-139.51199340820312
-139.2744903564453
-138.9780731201172
-138.6011962890625
-138.16903686523438
-137.6982879638672
-137.19744873046875
-136.65219116210938
-136.02908325195312
-135.36813354492188
-134.6383514404297
-133.91024780273438
-133.1962432861328
-132.51461791992188
-131.8507537841797
-131.28135681152344
-130.77488708496094
-130.3927459716797
-130.11306762695312
-129.94476318359375
-129.88302612304688
-129.95806884765625
-130.1427459716797
-130.44009399414062
-130.8118438720703
-131.28372192382812
-131.8453826904297
-132.48329162597656
-133.20196533203125
-134.01869201660156
-134.89976501464844
-135.8411102294922
-136.789794921875
-137.7574462890625
-138.7311553955078
-139.6778106689453
-140.58160400390625
-141.43704223632812
-142.23193359375
-142.93568420410156
-143.57357788085938
-144.13014221191406
-144.59971618652344
-144.98675537109375
-145.30332946777344
-145.5720672607422
-145.8187255859375
-146.02406311035156
-146.24525451660156
-146.48428344726562
-146.70770263671875
-146.97337341308594
-147.2847137451172
-147.6644287109375
-148.0674285888672
-148.5032958984375
-148.95846557617188
-149.38601684570312
-149.73077392578125
-149.98423767089844
-150.15281677246094
-150.22732543945312
-150.2108917236328
-150.12542724609375
-149.99745178222656
-149.85531616210938
-149.68894958496094
-149.5256805419922
-149.37901306152344
-149.2870635986328
-149.2672576904297
-149.29884338378906
-149.41311645507812
-149.62026977539062
-149.91212463378906
-150.29006958007812
-150.7269744873047
-151.26292419433594
-151.89344787597656
-152.55433654785156
-153.2375946044922
-153.90577697753906
-154.5557403564453
-155.1776885986328
-155.74375915527344
-156.28138732910156
-156.76962280273438
-157.2113037109375
-157.57835388183594
-157.9045867919922
-158.1741485595703
-158.39451599121094
-158.58018493652344
-158.74114990234375
-158.86119079589844
-158.9456787109375
-158.98924255371094
-158.99929809570312
-158.9361114501953
-158.82594299316406
-158.67727661132812
-158.43528747558594
-158.09304809570312
-157.69488525390625
-157.2037811279297
-156.6261749267578
-155.98228454589844
-155.2648468017578
-154.49452209472656
-153.698974609375
-152.91497802734375
-152.1528778076172
-151.42771911621094
-150.73721313476562
-150.1475372314453
-149.64450073242188
-149.22869873046875
-148.8931121826172
-148.6559295654297
-148.4897918701172
-148.4119873046875
-148.43026733398438
-148.49514770507812
-148.60748291015625
-148.78115844726562
-148.98594665527344
-149.21755981445312
-149.46994018554688
-149.74317932128906
-150.02952575683594
-150.33206176757812
-150.6311798095703
-150.9254608154297
-151.24244689941406
-151.55360412597656
-151.8300018310547
-152.08493041992188
-152.337890625
-152.57745361328125
-152.77459716796875
-152.95758056640625
-153.0685577392578
-153.11630249023438
-153.0786590576172
-152.8957061767578
-152.6044464111328
-152.19415283203125
-151.68296813964844
-151.08108520507812
-150.4068603515625
-149.69003295898438
-148.92547607421875
-148.1240234375
-147.34031677246094
-146.59947204589844
-145.91680908203125
-145.32325744628906
-144.87469482421875
-144.54855346679688
-144.3253631591797
-144.1881103515625
-144.10594177246094
-144.08474731445312
-144.13699340820312
-144.2200927734375
-144.2989959716797
-144.38885498046875
-144.48910522460938
-144.5720672607422
-144.6184844970703
-144.665771484375
-144.7162322998047
-144.80870056152344
-144.87220764160156
-144.93911743164062
-144.9891357421875
-145.03369140625
-145.09185791015625
-145.15951538085938
-145.2870635986328
-145.46995544433594
-145.7257843017578
-146.07232666015625
-146.49131774902344
-146.9529571533203
-147.4385223388672
-147.8782958984375
-148.2659912109375
-148.6043701171875
-148.83460998535156
-148.94969177246094
-148.95278930664062
-148.8562774658203
-148.66793823242188
-148.4069061279297
-148.06610107421875
-147.69497680664062
-147.30752563476562
-146.8957061767578
-146.4640655517578
-146.00421142578125
-145.51841735839844
-145.0077667236328
-144.4989013671875
-144.00111389160156
-143.5091094970703
-143.0177764892578
-142.5042724609375
-141.95936584472656
-141.42665100097656
-140.94537353515625
-140.4875030517578
-140.04908752441406
-139.64698791503906
-139.28057861328125
-138.92300415039062
-138.5999298095703
-138.31040954589844
-138.06982421875
-137.87356567382812
-137.71385192871094
-137.57713317871094
-137.45684814453125
-137.3545684814453
-137.2349090576172
-137.10537719726562
-136.9605712890625
-136.8061981201172
-136.63067626953125
-136.45675659179688
-136.28289794921875
-136.1005096435547
-135.90455627441406
-135.72323608398438
-135.5737762451172
-135.46055603027344
-135.3880615234375
-135.36512756347656
-135.4066925048828
-135.488037109375
-135.60549926757812
-135.7692108154297
-135.964599609375
-136.1842041015625
-136.42662048339844
-136.65025329589844
-136.85372924804688
-137.01058959960938
-137.13455200195312
-137.20013427734375
-137.24591064453125
-137.25616455078125
-137.30221557617188
-137.36184692382812
-137.43626403808594
-137.5197296142578
-137.60092163085938
-137.69931030273438
-137.83047485351562
-137.9981231689453
-138.1850128173828
-138.37332153320312
-138.5582275390625
-138.73544311523438
-138.88418579101562
-138.9933624267578
-139.03590393066406
-138.98980712890625
-138.85557556152344
-138.67442321777344
-138.41921997070312
-138.12110900878906
-137.77294921875
-137.394287109375
-137.0131378173828
-136.62973022460938
-136.21133422851562
-135.83135986328125
-135.5291748046875
-135.28610229492188
-135.11181640625
-135.01406860351562
-135.01377868652344
-135.09034729003906
-135.2452850341797
-135.4965057373047
-135.83154296875
-136.22047424316406
-136.66397094726562
-137.1464385986328
-137.69168090820312
-138.31736755371094
-138.97947692871094
-139.6780242919922
-140.37364196777344
-141.08216857910156
-141.83229064941406
-142.57769775390625
-143.3307647705078
-144.08641052246094
-144.78775024414062
-145.41143798828125
-145.99314880371094
-146.47048950195312
-146.8474578857422
-147.10595703125
-147.2424774169922
-147.24490356445312
-147.1331024169922
-146.8872833251953
-146.5279998779297
-146.0387420654297
-145.4410400390625
-144.74871826171875
-143.95863342285156
-143.14901733398438
-142.3433380126953
-141.5596923828125
-140.8325958251953
-140.1765594482422
-139.64138793945312
-139.21556091308594
-138.8840789794922
-138.66368103027344
-138.54898071289062
-138.5437774658203
-138.61944580078125
-138.72930908203125
-138.85382080078125
-138.9415740966797
-138.98048400878906
-138.96566772460938
-138.88568115234375
-138.733642578125
-138.5469512939453
-138.29574584960938
-138.01028442382812
-137.69789123535156
-137.3842010498047
-137.10560607910156
-136.8881072998047
-136.76840209960938
-136.76417541503906
-136.87388610839844
-137.08843994140625
-137.38839721679688
-137.78564453125
-138.2800750732422
-138.8580322265625
-139.4597625732422
-140.0928192138672
-140.7124481201172
-141.30673217773438
-141.8826904296875
-142.44583129882812
-142.99691772460938
-143.54742431640625
-144.0697479248047
-144.52001953125
-144.9718017578125
-145.4123077392578
-145.8759765625
-146.3395233154297
-146.78875732421875
-147.23971557617188
-147.68251037597656
-148.11679077148438
-148.53756713867188
-148.91314697265625
-149.2730712890625
-149.62991333007812
-149.96533203125
-150.2891082763672
-150.59405517578125
-150.83421325683594
-151.01861572265625
-151.12783813476562
-151.1731719970703
-151.19219970703125
-151.16180419921875
-151.0820770263672
-150.9711456298828
-150.85116577148438
-150.7328643798828
-150.6013641357422
-150.4724578857422
-150.34695434570312
-150.21246337890625
-150.0831298828125
-149.94564819335938
-149.7757110595703
-149.58709716796875
-149.39334106445312
-149.18951416015625
-148.9729461669922
-148.73886108398438
-148.5008087158203
-148.25091552734375
-147.941162109375
-147.59503173828125
-147.23275756835938
-146.85655212402344
-146.48739624023438
-146.14004516601562
-145.82553100585938
-145.53665161132812
-145.2760009765625
-145.0732879638672
-144.9326629638672
-144.85597229003906
-144.79501342773438
-144.81600952148438
-144.8994598388672
-145.0464324951172
-145.21714782714844
-145.38397216796875
-145.5927276611328
-145.82489013671875
-146.0694580078125
-146.32627868652344
-146.58224487304688
-146.85092163085938
-147.1184844970703
-147.39891052246094
-147.69216918945312
-147.97872924804688
-148.28408813476562
-148.58242797851562
-148.823486328125
-149.01705932617188
-149.15267944335938
-149.23887634277344
-149.29563903808594
-149.28271484375
-149.19476318359375
-149.03318786621094
-148.77720642089844
-148.44564819335938
-148.02685546875
-147.52015686035156
-146.91993713378906
-146.273193359375
-145.56875610351562
-144.8195037841797
-144.03639221191406
-143.24388122558594
-142.45529174804688
-141.6818389892578
-140.97189331054688
-140.33969116210938
-139.79115295410156
-139.33282470703125
-138.9757080078125
-138.72279357910156
-138.57789611816406
-138.5396728515625
-138.62110900878906
-138.7996063232422
-139.06735229492188
-139.38787841796875
-139.74417114257812
-140.09275817871094
-140.43142700195312
-140.75582885742188
-141.09890747070312
-141.4178466796875
-141.74234008789062
-142.02935791015625
-142.238037109375
-142.4087371826172
-142.53350830078125
-142.6107940673828
-142.65570068359375
-142.68093872070312
-142.67906188964844
-142.6627197265625
-142.63819885253906
-142.6292266845703
-142.6620330810547
-142.72467041015625
-142.81134033203125
-142.91712951660156
-143.03359985351562
-143.13746643066406
-143.2408905029297
-143.33885192871094
-143.41297912597656
-143.4613494873047
-143.48309326171875
-143.47645568847656
-143.44825744628906
-143.34384155273438
-143.1786346435547
-142.9529266357422
-142.67591857910156
-142.35769653320312
-141.99407958984375
-141.59486389160156
-141.14547729492188
-140.65818786621094
-140.15216064453125
-139.6425018310547
-139.15859985351562
-138.68576049804688
-138.2587432861328
-137.89990234375
-137.6208038330078
-137.39234924316406
-137.20965576171875
-137.07760620117188
-136.97950744628906
-136.92001342773438
-136.871826171875
-136.80856323242188
-136.69126892089844
-136.54794311523438
-136.36355590820312
-136.14830017089844
-135.90225219726562
-135.65203857421875
-135.39422607421875
-135.1184539794922
-134.85015869140625
-134.58595275878906
-134.30606079101562
-134.01718139648438
-133.7277374267578
-133.43357849121094
-133.15518188476562
-132.86166381835938
-132.55709838867188
-132.2125244140625
-131.82020568847656
-131.3777618408203
-130.9005584716797
-130.3906707763672
-129.84690856933594
-129.25527954101562
-128.63140869140625
-127.96208190917969
-127.24633026123047
-126.51759338378906
-125.81803131103516
-125.2076416015625
-124.70379638671875
-124.30601501464844
-124.0650634765625
-124.04483032226562
-124.1976089477539
-124.58154296875
-125.14643096923828
-125.84805297851562
-126.66202545166016
-127.51507568359375
-128.367431640625
-129.19178771972656
-129.947998046875
-130.6070556640625
-131.16038513183594
-131.53598022460938
-131.7583465576172
-131.84449768066406
-131.7544708251953
-131.51998901367188
-131.15060424804688
-130.68356323242188
-130.10780334472656
-129.41651916503906
-128.67657470703125
-127.9016342163086
-127.1259994506836
-126.369140625
-125.6261978149414
-124.94851684570312
-124.32130432128906
-123.77884674072266
-123.27932739257812
-122.81993103027344
-122.36121368408203
-121.93331909179688
-121.49935150146484
-121.00743103027344
-120.44917297363281
-119.83329010009766
-119.16090393066406
-118.46949768066406
-117.7767105102539
-117.07298278808594
-116.40467071533203
-115.80036163330078
-115.26509857177734
-114.84977722167969
-114.5918960571289
-114.48919677734375
-114.5688705444336
-114.81434631347656
-115.18925476074219
-115.68267822265625
-116.28327178955078
-116.94058227539062
-117.63580322265625
-118.3001708984375
-118.90351104736328
-119.47799682617188
-119.99491119384766
-120.43289947509766
-120.80249786376953
-121.0824966430664
-121.28717803955078
-121.48585510253906
-121.67296600341797
-121.83689880371094
-122.03426361083984
-122.27888488769531
-122.57283020019531
-122.92869567871094
-123.40216064453125
-123.94158172607422
-124.56111145019531
-125.22620391845703
-125.8961410522461
-126.5616455078125
-127.23219299316406
-127.88216400146484
-128.4463348388672
-128.948486328125
-129.42694091796875
-129.87608337402344
-130.2621307373047
-130.61624145507812
-130.901611328125
-131.1370391845703
-131.31248474121094
-131.47361755371094
-131.63623046875
-131.78025817871094
-131.8618621826172
-131.917724609375
-131.95693969726562
-131.98117065429688
-131.9654083251953
-131.90684509277344
-131.82769775390625
-131.70555114746094
-131.54383850097656
-131.39572143554688
-131.2278594970703
-131.0643310546875
-130.93313598632812
-130.8136749267578
-130.72555541992188
-130.668701171875
-130.66026306152344
-130.69439697265625
-130.79441833496094
-130.96424865722656
-131.19908142089844
-131.47445678710938
-131.78961181640625
-132.1075439453125
-132.4259033203125
-132.7083740234375
-132.9387969970703
-133.0858917236328
-133.17770385742188
-133.17587280273438
-133.0549774169922
-132.82205200195312
-132.48931884765625
-132.08523559570312
-131.65196228027344
-131.1988067626953
-130.7360382080078
-130.29583740234375
-129.91946411132812
-129.63821411132812
-129.46337890625
-129.4072723388672
-129.46949768066406
-129.64306640625
-129.91053771972656
-130.19796752929688
-130.47947692871094
-130.75149536132812
-130.95883178710938
-131.0824737548828
-131.1419677734375
-131.10809326171875
-130.9753875732422
-130.7122802734375
-130.3497772216797
-129.88861083984375
-129.3367462158203
-128.73822021484375
-128.13232421875
-127.51919555664062
-126.98151397705078
-126.53871154785156
-126.19840240478516
-125.98196411132812
-125.91767120361328
-126.0163803100586
-126.24189758300781
-126.5787353515625
-126.99947357177734
-127.49034881591797
-128.02186584472656
-128.5937957763672
-129.1693878173828
-129.7025604248047
-130.1976318359375
-130.65863037109375
-131.07774353027344
-131.45687866210938
-131.76214599609375
-131.9907989501953
-132.15850830078125
-132.2473907470703
-132.2879638671875
-132.3130645751953
-132.31968688964844
-132.36085510253906
-132.41378784179688
-132.45704650878906
-132.49293518066406
-132.58346557617188
-132.6982879638672
-132.86013793945312
-133.0542755126953
-133.28399658203125
-133.50315856933594
-133.72195434570312
-133.89088439941406
-133.99948120117188
-134.0496368408203
-134.08218383789062
-134.07928466796875
-134.0202178955078
-133.92178344726562
-133.8089599609375
-133.6639404296875
-133.52716064453125
-133.37619018554688
-133.2099609375
-133.04786682128906
-132.9362030029297
-132.85284423828125
-132.78469848632812
-132.71568298339844
-132.6143798828125
-132.5115203857422
-132.37026977539062
-132.19424438476562
-131.95974731445312
-131.71751403808594
-131.4666748046875
-131.2222900390625
-130.94924926757812
-130.67724609375
-130.3887176513672
-130.09524536132812
-129.8253173828125
-129.5296630859375
-129.2187957763672
-128.92019653320312
-128.63133239746094
-128.33993530273438
-128.05828857421875
-127.82910919189453
-127.6382064819336
-127.50926971435547
-127.40553283691406
-127.29949951171875
-127.17338562011719
-127.03997802734375
-126.90001678466797
-126.77478790283203
-126.66057586669922
-126.55224609375
-126.42768859863281
-126.31086730957031
-126.2182388305664
-126.13957977294922
-126.04524230957031
-125.9560775756836
-125.88691711425781
-125.83715057373047
-125.80135345458984
-125.78182983398438
-125.77352142333984
-125.79391479492188
-125.82659149169922
-125.87298583984375
-125.94292449951172
-126.03475189208984
-126.13890075683594
-126.22786712646484
-126.27908325195312
-126.3093490600586
-126.32242584228516
-126.30522918701172
-126.25470733642578
-126.1747055053711
-126.05203247070312
-125.90791320800781
-125.7007827758789
-125.44873809814453
-125.1326904296875
-124.72566223144531
-124.2349853515625
-123.68898010253906
-123.1083984375
-122.5008773803711
-121.93733215332031
-121.42539978027344
-120.99604797363281
-120.65581512451172
-120.42443084716797
-120.2585678100586
-120.1962890625
-120.23836517333984
-120.32968139648438
-120.49386596679688
-120.71001434326172
-120.97539520263672
-121.22845458984375
-121.44583129882812
-121.64096069335938
-121.8531265258789
-122.03522491455078
-122.17181396484375
-122.27210998535156
-122.369384765625
-122.42727661132812
-122.47151184082031
-122.55731201171875
-122.67410278320312
-122.77713012695312
-122.91470336914062
-123.07171630859375
-123.27970123291016
-123.54161834716797
-123.83560943603516
-124.14390563964844
-124.489501953125
-124.84571075439453
-125.15538024902344
-125.44986724853516
-125.7187728881836
-125.95223999023438
-126.15049743652344
-126.32862854003906
-126.45528411865234
-126.54296875
-126.6189956665039
-126.6941909790039
-126.80052185058594
-126.92024230957031
-127.05722045898438
-127.2557601928711
-127.50582122802734
-127.82371520996094
-128.21273803710938
-128.65432739257812
-129.1488800048828
-129.66673278808594
-130.16847229003906
-130.6569366455078
-131.1063232421875
-131.51150512695312
-131.8774871826172
-132.20082092285156
-132.44534301757812
-132.5977783203125
-132.6649932861328
-132.6614990234375
-132.58895874023438
-132.4179229736328
-132.13168334960938
-131.76585388183594
-131.3144989013672
-130.82859802246094
-130.3059539794922
-129.76998901367188
-129.2412109375
-128.73912048339844
-128.25376892089844
-127.7563705444336
-127.19994354248047
-126.60079956054688
-125.9994125366211
-125.39513397216797
-124.81196594238281
-124.27005004882812
-123.78385162353516
-123.37932586669922
-123.06260681152344
-122.85742950439453
-122.74595642089844
-122.70594787597656
-122.73613739013672
-122.86907958984375
-123.0713119506836
-123.35513305664062
-123.70147705078125
-124.10275268554688
-124.532958984375
-125.00502014160156
-125.49287414550781
-125.9764633178711
-126.46179962158203
-126.94230651855469
-127.45893859863281
-127.98297882080078
-128.54443359375
-129.09974670410156
-129.66966247558594
-130.28228759765625
-130.93685913085938
-131.6173858642578
-132.3249053955078
-133.0506134033203
-133.73948669433594
-134.4182586669922
-135.1249237060547
-135.8131103515625
-136.49951171875
-137.2055206298828
-137.9218292236328
-138.6520538330078
-139.4169464111328
-140.1897430419922
-140.98208618164062
-141.78811645507812
-142.63121032714844
-143.47348022460938
-144.27566528320312
-144.99656677246094
-145.6127166748047
-146.1141815185547
-146.49227905273438
-146.76614379882812
-146.9663848876953
-147.0743408203125
-147.13973999023438
-147.1608123779297
-147.1660614013672
-147.18092346191406
-147.18116760253906
-147.1754608154297
-147.1853790283203
-147.228515625
-147.2858123779297
-147.38739013671875
-147.49916076660156
-147.6248016357422
-147.77450561523438
-147.94338989257812
-148.09104919433594
-148.2272491455078
-148.33071899414062
-148.37442016601562
-148.35264587402344
-148.26576232910156
-148.13241577148438
-147.94549560546875
-147.69358825683594
-147.38941955566406
-147.04344177246094
-146.65914916992188
-146.25804138183594
-145.83389282226562
-145.4112548828125
-144.9993438720703
-144.628173828125
-144.3228302001953
-144.12538146972656
-144.02757263183594
-144.0293426513672
-144.11639404296875
-144.27438354492188
-144.45193481445312
-144.63922119140625
-144.7939910888672
-144.93133544921875
-145.06033325195312
-145.1653289794922
-145.27297973632812
-145.3585968017578
-145.41488647460938
-145.4533233642578
-145.4665069580078
-145.48858642578125
-145.529296875
-145.6082305908203
-145.73806762695312
-145.96302795410156
-146.24542236328125
-146.59397888183594
-146.99887084960938
-147.44422912597656
-147.94680786132812
-148.46722412109375
-149.00442504882812
-149.55702209472656
-150.12294006347656
-150.65777587890625
-151.1673583984375
-151.63294982910156
-152.05615234375
-152.4079132080078
-152.7061004638672
-152.94296264648438
-153.09909057617188
-153.18603515625
-153.2213592529297
-153.1962432861328
-153.0926971435547
-152.96971130371094
-152.8465576171875
-152.75230407714844
-152.69679260253906
-152.67103576660156
-152.6990203857422
-152.7567901611328
-152.85235595703125
-153.00941467285156
-153.19873046875
-153.43508911132812
-153.7125701904297
-154.01748657226562
-154.3258514404297
-154.6548309326172
-155.0052490234375
-155.3782196044922
-155.76007080078125
-156.12881469726562
-156.47628784179688
-156.81568908691406
-157.158447265625
-157.46983337402344
-157.77357482910156
-158.03289794921875
-158.2541046142578
-158.4582977294922
-158.662841796875
-158.8318328857422
-158.95265197753906
-159.0493621826172
-159.15826416015625
-159.2962646484375
-159.446044921875
-159.60816955566406
-159.75930786132812
-159.90846252441406
-160.04478454589844
-160.16043090820312
-160.23544311523438
-160.2635955810547
-160.2421417236328
-160.17567443847656
-160.09913635253906
-160.02896118164062
-159.9459686279297
-159.84869384765625
-159.73805236816406
-159.64138793945312
-159.56800842285156
-159.49765014648438
-159.4631805419922
-159.48814392089844
-159.52806091308594
-159.57086181640625
-159.59645080566406
-159.5947265625
-159.5365447998047
-159.43136596679688
-159.271484375
-159.04664611816406
-158.76185607910156
-158.380126953125
-157.91207885742188
-157.329833984375
-156.59930419921875
-155.76107788085938
-154.8157958984375
-153.79281616210938
-152.7404327392578
-151.63372802734375
-150.52340698242188
-149.4217529296875
-148.32968139648438
-147.2958984375
-146.31651306152344
-145.40301513671875
-144.5773162841797
-143.82339477539062
-143.12701416015625
-142.45359802246094
-141.78192138671875
-141.1580810546875
-140.5699462890625
-140.0203094482422
-139.49649047851562
-139.01046752929688
-138.5902099609375
-138.2314453125
-137.92774963378906
-137.68893432617188
-137.50143432617188
-137.35302734375
-137.21353149414062
-137.104248046875
-136.99530029296875
-136.8881378173828
-136.7520751953125
-136.6281280517578
-136.51141357421875
-136.39877319335938
-136.25625610351562
-136.09298706054688
-135.91236877441406
-135.71080017089844
-135.5045928955078
-135.3063507080078
-135.09632873535156
-134.88034057617188
-134.65357971191406
-134.41036987304688
-134.14974975585938
-133.88702392578125
-133.63565063476562
-133.37684631347656
-133.10336303710938
-132.82235717773438
-132.5136260986328
-132.1691131591797
-131.79627990722656
-131.3936309814453
-130.9921112060547
-130.56227111816406
-130.12139892578125
-129.66555786132812
-129.2169952392578
-128.77720642089844
-128.35179138183594
-127.96168518066406
-127.63312530517578
-127.31996154785156
-127.01940155029297
-126.75018310546875
-126.52327728271484
-126.33184051513672
-126.17880249023438
-126.07035064697266
-125.96189880371094
-125.88819122314453
-125.82750701904297
-125.76952362060547
-125.73546600341797
-125.73904418945312
-125.7319564819336
-125.70346069335938
-125.70176696777344
-125.73121643066406
-125.80307006835938
-125.9140853881836
-126.07521057128906
-126.25225067138672
-126.48611450195312
-126.72923278808594
-127.03225708007812
-127.39387512207031
-127.82398986816406
-128.2744598388672
-128.7237091064453
-129.16461181640625
-129.60784912109375
-130.05426025390625
-130.4828643798828
-130.8399200439453
-131.113525390625
-131.31185913085938
-131.40682983398438
-131.36703491210938
-131.18966674804688
-130.9009552001953
-130.50326538085938
-129.98416137695312
-129.36474609375
-128.67933654785156
-127.89453125
-127.01687622070312
-126.08840942382812
-125.14059448242188
-124.1714859008789
-123.18932342529297
-122.25254821777344
-121.34720611572266
-120.52386474609375
-119.79952239990234
-119.18341064453125
-118.70465850830078
-118.38156127929688
-118.23531341552734
-118.26634979248047
-118.48297882080078
-118.83853149414062
-119.26631927490234
-119.75702667236328
-120.31884765625
-120.93624877929688
-121.55117797851562
-122.17744445800781
-122.77377319335938
-123.35517120361328
-123.93856811523438
-124.51255798339844
-125.10539245605469
-125.70999145507812
-126.31919860839844
-126.95381927490234
-127.593017578125
-128.2669677734375
-128.9850616455078
-129.73431396484375
-130.50865173339844
-131.32595825195312
-132.1749267578125
-133.03204345703125
-133.8626708984375
-134.68214416503906
-135.47491455078125
-136.22817993164062
-136.92848205566406
-137.55406188964844
-138.10926818847656
-138.59671020507812
-139.03919982910156
-139.4545440673828
-139.8330535888672
-140.1966552734375
-140.5874481201172
-141.0210723876953
-141.52679443359375
-142.10655212402344
-142.78121948242188
-143.47486877441406
-144.2037353515625
-144.90235900878906
-145.59671020507812
-146.29461669921875
-146.9838104248047
-147.64845275878906
-148.29153442382812
-148.85842895507812
-149.3784637451172
-149.82266235351562
-150.18409729003906
-150.43797302246094
-150.5667724609375
-150.56790161132812
-150.44119262695312
-150.1846923828125
-149.80979919433594
-149.34725952148438
-148.814208984375
-148.2113800048828
-147.56430053710938
-146.89889526367188
-146.2513885498047
-145.63107299804688
-145.03526306152344
-144.51466369628906
-144.0545196533203
-143.6347198486328
-143.2725830078125
-142.9660186767578
-142.71559143066406
-142.520263671875
-142.35948181152344
-142.23394775390625
-142.16156005859375
-142.17312622070312
-142.30172729492188
-142.54983520507812
-142.9484405517578
-143.51611328125
-144.22421264648438
-145.08753967285156
-146.0428924560547
-147.05978393554688
-148.0855255126953
-149.1229705810547
-150.144775390625
-151.1236572265625
-152.07211303710938
-152.979248046875
-153.84994506835938
-154.7007293701172
-155.54910278320312
-156.3918914794922
-157.22607421875
-158.0048828125
-158.7436981201172
-159.4102325439453
-160.02012634277344
-160.500244140625
-160.8072509765625
-160.9557342529297
-160.9521026611328
-160.78866577148438
-160.48330688476562
-160.08042907714844
-159.5516815185547
-158.9663543701172
-158.33096313476562
-157.64495849609375
-156.90328979492188
-156.07626342773438
-155.2008514404297
-154.30088806152344
-153.4029998779297
-152.52748107910156
-151.67840576171875
-150.87203979492188
-150.14785766601562
-149.52255249023438
-149.0023193359375
-148.57164001464844
-148.29444885253906
-148.154296875
-148.14280700683594
-148.25787353515625
-148.4598388671875
-148.7782745361328
-149.15289306640625
-149.57278442382812
-150.0044403076172
-150.4542694091797
-150.90133666992188
-151.34226989746094
-151.74537658691406
-152.12355041503906
-152.49569702148438
-152.85025024414062
-153.17274475097656
-153.4378204345703
-153.69284057617188
-153.95657348632812
-154.18756103515625
-154.43096923828125
-154.64755249023438
-154.8395538330078
-154.9791259765625
-155.09738159179688
-155.17318725585938
-155.180908203125
-155.1322479248047
-155.0144805908203
-154.82069396972656
-154.53578186035156
-154.18861389160156
-153.75991821289062
-153.26846313476562
-152.71820068359375
-152.1018829345703
-151.44505310058594
-150.7388458251953
-150.000244140625
-149.2351531982422
-148.509765625
-147.82510375976562
-147.15744018554688
-146.51368713378906
-145.980712890625
-145.5769805908203
-145.2770233154297
-145.0543975830078
-144.8826141357422
-144.70404052734375
-144.5445098876953
-144.41969299316406
-144.28883361816406
-144.10739135742188
-143.85760498046875
-143.5533447265625
-143.18841552734375
-142.7357940673828
-142.22279357910156
-141.67079162597656
-141.1063232421875
-140.5328369140625
-140.01132202148438
-139.56149291992188
-139.2084503173828
-138.96734619140625
-138.86248779296875
-138.9111785888672
-139.06175231933594
-139.33984375
-139.7311248779297
-140.23719787597656
-140.8260498046875
-141.46763610839844
-142.169677734375
-142.8694610595703
-143.5691375732422
-144.22544860839844
-144.83644104003906
-145.3699493408203
-145.80596923828125
-146.11654663085938
-146.3309326171875
-146.42996215820312
-146.43994140625
-146.35964965820312
-146.17587280273438
-145.9020233154297
-145.5844268798828
-145.21852111816406
-144.84060668945312
-144.45333862304688
-144.07269287109375
-143.72149658203125
-143.413818359375
-143.13784790039062
-142.87039184570312
-142.59974670410156
-142.3579864501953
-142.12974548339844
-141.9420928955078
-141.78082275390625
-141.6324005126953
-141.46751403808594
-141.28306579589844
-141.10293579101562
-140.9174041748047
-140.72235107421875
-140.48300170898438
-140.2394256591797
-139.99009704589844
-139.7295379638672
-139.44822692871094
-139.15577697753906
-138.85836791992188
-138.5779266357422
-138.3341064453125
-138.15277099609375
-138.05482482910156
-138.04156494140625
-138.1788787841797
-138.4365692138672
-138.80215454101562
-139.2860870361328
-139.88230895996094
-140.5495147705078
-141.27078247070312
-142.02410888671875
-142.7635498046875
-143.4651336669922
-144.13546752929688
-144.7392578125
-145.2376251220703
-145.6428985595703
-145.9557342529297
-146.20668029785156
-146.3744659423828
-146.5041046142578
-146.62046813964844
-146.7122039794922
-146.79779052734375
-146.9124755859375
-147.0464630126953
-147.203369140625
-147.38818359375
-147.57803344726562
-147.7274627685547
-147.85621643066406
-147.935546875
-148.01564025878906
-148.04122924804688
-148.02857971191406
-147.94654846191406
-147.7890625
-147.54678344726562
-147.20623779296875
-146.77011108398438
-146.22268676757812
-145.61399841308594
-144.94790649414062
-144.23336791992188
-143.4963836669922
-142.75990295410156
-142.0455780029297
-141.3605499267578
-140.75466918945312
-140.22850036621094
-139.81710815429688
-139.50250244140625
-139.3112030029297
-139.22113037109375
-139.2152862548828
-139.310546875
-139.46826171875
-139.6759033203125
-139.9409942626953
-140.25257873535156
-140.61512756347656
-141.0100555419922
-141.3895263671875
-141.76625061035156
-142.14820861816406
-142.5014190673828
-142.83824157714844
-143.1586151123047
-143.43321228027344
-143.64437866210938
-143.8292236328125
-143.9398651123047
-144.02999877929688
-144.11155700683594
-144.15977478027344
-144.18508911132812
-144.191162109375
-144.18939208984375
-144.18392944335938
-144.18052673339844
-144.174072265625
-144.19580078125
-144.21754455566406
-144.25830078125
