23.795623779296875
24.181093215942383
24.604145050048828
24.99163055419922
25.346763610839844
25.69820213317871
26.016178131103516
26.297197341918945
26.529666900634766
26.68117332458496
26.751760482788086
26.798871994018555
26.802059173583984
26.848466873168945
26.925127029418945
27.017269134521484
27.160015106201172
27.356203079223633
27.632963180541992
27.93360137939453
28.277969360351562
28.6584415435791
29.06604766845703
29.428417205810547
29.778583526611328
30.08428955078125
30.34977912902832
30.601037979125977
30.804960250854492
30.9338321685791
31.04198455810547
31.105453491210938
31.167335510253906
31.234657287597656
31.278413772583008
31.359243392944336
31.473011016845703
31.563447952270508
31.68557357788086
31.851215362548828
32.03977584838867
32.21513366699219
32.37514114379883
32.50177764892578
32.5888557434082
32.59436798095703
32.530906677246094
32.41341018676758
32.240238189697266
32.00857925415039
31.727455139160156
31.454763412475586
31.14579200744629
30.811298370361328
30.475805282592773
30.206600189208984
29.98724937438965
29.78610610961914
29.680282592773438
29.605947494506836
29.553180694580078
29.534250259399414
29.52480125427246
29.503158569335938
29.441457748413086
29.345436096191406
29.296422958374023
29.2839298248291
29.272640228271484
29.248075485229492
29.202320098876953
29.163589477539062
29.151336669921875
29.205581665039062
29.293476104736328
29.37592887878418
29.438268661499023
29.471084594726562
29.524158477783203
29.56773567199707
29.57772445678711
29.555068969726562
29.49713134765625
29.411876678466797
29.307016372680664
29.200363159179688
29.060422897338867
28.905479431152344
28.70808982849121
28.41683006286621
28.126237869262695
27.8319091796875
27.622182846069336
27.49922752380371
27.506202697753906
27.5960693359375
27.75861167907715
28.015586853027344
28.35320472717285
28.78428840637207
29.313508987426758
29.873075485229492
30.435630798339844
31.02446746826172
31.628223419189453
32.186180114746094
32.73078918457031
33.23819351196289
33.708763122558594
34.11132049560547
34.39491653442383
34.585182189941406
34.70899963378906
34.765350341796875
34.76922607421875
34.73383331298828
34.650814056396484
34.60274124145508
34.58195114135742
34.597991943359375
34.608768463134766
34.57112503051758
34.523006439208984
34.460838317871094
34.354957580566406
34.202972412109375
33.996864318847656
33.72148132324219
33.37452697753906
32.92966842651367
32.4088249206543
31.79745101928711
31.124034881591797
30.414337158203125
29.681427001953125
28.95819854736328
28.302827835083008
27.75119400024414
27.31611442565918
26.9515438079834
26.674232482910156
26.462059020996094
26.36532211303711
26.3148136138916
26.277753829956055
26.230533599853516
26.145301818847656
26.026180267333984
25.862333297729492
25.612903594970703
25.36568832397461
25.116695404052734
24.832189559936523
24.551156997680664
24.224178314208984
23.871580123901367
23.570261001586914
23.371530532836914
23.29780387878418
23.287397384643555
23.34661102294922
23.489206314086914
23.711061477661133
23.974544525146484
24.301454544067383
24.688661575317383
25.131784439086914
25.633895874023438
26.069087982177734
26.504383087158203
26.925792694091797
27.332948684692383
27.751338958740234
28.15287208557129
28.513957977294922
28.882404327392578
29.245954513549805
29.62364959716797
30.029155731201172
30.458925247192383
30.919830322265625
31.40081214904785
31.9414005279541
32.48689270019531
33.07155990600586
33.652652740478516
34.17383575439453
34.63507080078125
35.01323699951172
35.30955123901367
35.54425811767578
35.703914642333984
35.788108825683594
35.792625427246094
35.750301361083984
35.69272232055664
35.63565444946289
35.58552169799805
35.56324768066406
35.574554443359375
35.628265380859375
35.722816467285156
35.85432434082031
36.021331787109375
36.27931594848633
36.61250305175781
37.001346588134766
37.38573455810547
37.76877975463867
38.071136474609375
38.19984436035156
38.21873092651367
38.1690673828125
38.0471076965332
37.83645248413086
37.56992721557617
37.30005645751953
37.026824951171875
36.787452697753906
36.607574462890625
36.514644622802734
36.485774993896484
36.53399658203125
36.688507080078125
36.91997528076172
37.233360290527344
37.590782165527344
37.97679138183594
38.417144775390625
38.82439422607422
39.19322967529297
39.50696563720703
39.74016189575195
39.911617279052734
40.02315902709961
40.065452575683594
40.08621597290039
40.043846130371094
39.93395233154297
39.791446685791016
39.61699676513672
39.42258071899414
39.24153137207031
39.00609588623047
38.71443557739258
38.326778411865234
37.89701461791992
37.43208694458008
36.9120979309082
36.34617614746094
35.73439407348633
35.12101364135742
34.51203918457031
33.93028259277344
33.39897918701172
32.88314437866211
32.42597961425781
32.061744689941406
31.816272735595703
31.663917541503906
31.6287899017334
31.745101928710938
32.03814697265625
32.48267364501953
33.005287170410156
33.66012954711914
34.367618560791016
35.086299896240234
35.7853889465332
36.53591537475586
37.24174880981445
37.924373626708984
38.56254577636719
39.13258361816406
39.62826919555664
40.058021545410156
40.38526153564453
40.67522048950195
40.8842887878418
41.03468322753906
41.13905334472656
41.19683837890625
41.2440299987793
41.322208404541016
41.38568878173828
41.4276237487793
41.4456787109375
41.42063522338867
41.31696701049805
41.165645599365234
40.91834259033203
40.603065490722656
40.21827697753906
39.73818588256836
39.197383880615234
38.580509185791016
37.93463134765625
37.23527145385742
36.53542709350586
35.87141799926758
35.32368469238281
34.83790588378906
34.48924255371094
34.29391860961914
34.2706298828125
34.40300369262695
34.646812438964844
35.016822814941406
35.509037017822266
36.088504791259766
36.7337760925293
37.39699935913086
38.05607604980469
38.64788055419922
39.175086975097656
39.56944274902344
39.831302642822266
39.97247314453125
40.01240921020508
39.92439651489258
39.77193832397461
39.537071228027344
39.2712287902832
38.938392639160156
38.61014175415039
38.24269485473633
37.86091232299805
37.50618362426758
37.163482666015625
36.81716537475586
36.47257614135742
36.142940521240234
35.785804748535156
35.42162322998047
35.07968521118164
34.757728576660156
34.427940368652344
34.08274459838867
33.77369689941406
33.476524353027344
33.27437210083008
33.11567306518555
33.023704528808594
32.98244857788086
33.00254440307617
33.080467224121094
33.21567153930664
33.40016555786133
33.6273193359375
33.84009552001953
34.022247314453125
34.20435333251953
34.32122039794922
34.38300323486328
34.393436431884766
34.31279373168945
34.19651412963867
34.016075134277344
33.81776428222656
33.59464645385742
33.343589782714844
33.088134765625
32.862098693847656
32.6648063659668
32.52919387817383
32.443519592285156
32.41887283325195
32.40300369262695
32.42999267578125
32.50139617919922
32.57271957397461
32.66727828979492
32.77201843261719
32.83353805541992
32.82855987548828
32.75174331665039
32.64213562011719
32.470306396484375
32.246315002441406
31.975767135620117
31.71222686767578
31.45929527282715
31.21056365966797
31.017654418945312
30.868356704711914
30.768062591552734
30.693883895874023
30.707271575927734
30.75994873046875
30.86625099182129
31.01325035095215
31.167526245117188
31.319765090942383
31.474416732788086
31.581186294555664
31.711517333984375
31.79685401916504
31.83713722229004
31.86579704284668
31.91244125366211
31.98702621459961
32.04828643798828
32.08084487915039
32.091514587402344
32.111270904541016
32.14309310913086
32.19336700439453
32.26469039916992
32.35747146606445
32.51923751831055
32.6949348449707
32.89051055908203
33.084877014160156
33.27690124511719
33.43577194213867
33.545005798339844
33.61460494995117
33.601375579833984
33.51670837402344
33.382659912109375
33.186038970947266
32.94068145751953
32.68994140625
32.42741394042969
32.19709014892578
32.01144790649414
31.879932403564453
31.766721725463867
31.720287322998047
31.708816528320312
31.719593048095703
31.771507263183594
31.799903869628906
31.85141372680664
31.882797241210938
31.91869354248047
31.901683807373047
31.854183197021484
31.82196807861328
31.852231979370117
31.897602081298828
31.981767654418945
32.1132698059082
32.32550811767578
32.56120300292969
32.87867736816406
33.2569580078125
33.712501525878906
34.18199920654297
34.662986755371094
35.159584045410156
35.62263107299805
36.04698944091797
36.413612365722656
36.73015594482422
36.982421875
37.189178466796875
37.33175277709961
37.44245529174805
37.548912048339844
37.654273986816406
37.75618362426758
37.864349365234375
37.998634338378906
38.23168182373047
38.57074737548828
39.0114860534668
39.567047119140625
40.17741394042969
40.913978576660156
41.717350006103516
42.605323791503906
43.561527252197266
44.52537155151367
45.474525451660156
46.37052917480469
47.1143798828125
47.72025680541992
48.19580841064453
48.54164505004883
48.7524299621582
48.81871795654297
48.7791633605957
48.61419677734375
48.32943344116211
47.973388671875
47.6195068359375
47.26539993286133
46.95227813720703
46.69766616821289
46.49613571166992
46.3201789855957
46.1686897277832
46.04949951171875
45.97541809082031
45.94894027709961
45.95350646972656
45.955570220947266
45.9166374206543
45.884246826171875
45.86510467529297
45.86865997314453
45.84809112548828
45.81856918334961
45.784061431884766
45.748023986816406
45.74954605102539
45.79398727416992
45.85953903198242
45.99839782714844
46.1735954284668
46.31666564941406
46.43353271484375
46.489341735839844
46.54053497314453
46.54895782470703
46.469818115234375
46.269981384277344
45.923194885253906
45.50443649291992
45.01621627807617
44.448516845703125
43.84236145019531
43.20521926879883
42.5561637878418
41.92486572265625
41.307525634765625
40.740821838378906
40.28941345214844
39.98748016357422
39.827518463134766
39.857086181640625
40.013336181640625
40.31950759887695
40.732295989990234
41.196807861328125
41.68421173095703
42.17350387573242
42.640037536621094
43.0438346862793
43.38978958129883
43.666351318359375
43.90959930419922
44.13734817504883
44.343589782714844
44.56221008300781
44.81341552734375
45.06589889526367
45.32566452026367
45.586631774902344
45.85519027709961
46.07087707519531
46.243263244628906
46.314048767089844
46.29344177246094
46.18754959106445
45.9909782409668
45.708003997802734
45.34067916870117
44.84977340698242
44.26263427734375
43.56783676147461
42.82793045043945
42.08273696899414
41.38230895996094
40.705753326416016
40.06239700317383
39.49842071533203
39.011165618896484
38.59593200683594
38.28763198852539
38.07906723022461
37.96738052368164
37.98381805419922
38.08156967163086
38.244876861572266
38.48466110229492
38.801944732666016
39.12363815307617
39.468814849853516
39.79293441772461
40.11093521118164
40.42085647583008
40.716304779052734
41.00086975097656
41.26088333129883
41.49239730834961
41.72317123413086
41.95368576049805
42.20588302612305
42.49818801879883
42.847267150878906
43.22565460205078
43.662052154541016
44.12690353393555
44.60060501098633
45.055076599121094
45.52541732788086
45.95241165161133
46.313690185546875
46.579044342041016
46.68291091918945
46.592559814453125
46.36857223510742
45.9792594909668
45.465145111083984
44.82590866088867
44.0827751159668
43.246341705322266
42.375343322753906
41.478919982910156
40.5259895324707
39.58350372314453
38.59377670288086
37.593162536621094
36.594966888427734
35.62532424926758
34.66183853149414
33.76420974731445
32.93702697753906
32.202735900878906
31.565013885498047
30.996341705322266
30.520626068115234
30.142663955688477
29.892288208007812
29.74982452392578
29.65785026550293
29.569128036499023
29.517419815063477
29.50102424621582
29.49698829650879
29.515146255493164
29.55351448059082
29.602670669555664
29.635299682617188
29.645305633544922
29.61838722229004
29.586956024169922
29.517669677734375
29.40860939025879
29.275564193725586
29.14015769958496
29.03614044189453
28.939401626586914
28.85296630859375
28.751636505126953
28.650634765625
28.584026336669922
28.589262008666992
28.665590286254883
28.73368263244629
28.796674728393555
28.875246047973633
28.930044174194336
28.970563888549805
28.986957550048828
28.993709564208984
28.986867904663086
29.009342193603516
29.046844482421875
29.103832244873047
29.188106536865234
29.365100860595703
29.582929611206055
29.857465744018555
30.20176887512207
30.659305572509766
31.26693344116211
31.977197647094727
32.77409362792969
33.607139587402344
34.48613357543945
35.40148162841797
36.303001403808594
37.180702209472656
38.015071868896484
38.80677032470703
39.49466323852539
40.05930709838867
40.44987106323242
40.68926239013672
40.78322982788086
40.673187255859375
40.41360092163086
40.05650329589844
39.55284118652344
38.91270065307617
38.16805648803711
37.32899475097656
36.427547454833984
35.488311767578125
34.60054016113281
33.75503921508789
32.99320983886719
32.338836669921875
31.815271377563477
31.396596908569336
31.064916610717773
30.85898208618164
30.73124122619629
30.65424156188965
30.547061920166016
30.49074363708496
30.41673469543457
30.314599990844727
30.1743106842041
30.021076202392578
29.83588218688965
29.64988136291504
29.464521408081055
29.277193069458008
29.09091567993164
28.93663215637207
28.79521369934082
28.743371963500977
28.755075454711914
28.84691047668457
28.979185104370117
29.148761749267578
29.338346481323242
29.5742244720459
29.82097053527832
30.048622131347656
30.208707809448242
30.268131256103516
30.238189697265625
30.114707946777344
29.888641357421875
29.56967544555664
29.166358947753906
28.664091110229492
28.06332015991211
27.439180374145508
26.77231216430664
26.074237823486328
25.40487289428711
24.729793548583984
24.11652374267578
23.637622833251953
23.334104537963867
23.247657775878906
23.331756591796875
23.617284774780273
24.11032485961914
24.770517349243164
25.582834243774414
26.472549438476562
27.446701049804688
28.38080406188965
29.29707145690918
30.177412033081055
30.99204444885254
31.766008377075195
32.44010543823242
32.978424072265625
33.3975944519043
33.76370620727539
34.056678771972656
34.28093338012695
34.44758987426758
34.56571578979492
34.604591369628906
34.591033935546875
34.52956008911133
34.46781539916992
34.43022155761719
34.39110565185547
34.38323211669922
34.347137451171875
34.310665130615234
34.27488327026367
34.212039947509766
34.16628646850586
34.098045349121094
34.01215744018555
33.95706558227539
33.91793441772461
33.865909576416016
33.82465362548828
33.78411865234375
33.72093200683594
33.65911865234375
33.58311462402344
33.4554328918457
33.27444839477539
33.04365539550781
32.79808807373047
32.53493118286133
32.27782440185547
32.089542388916016
31.940834045410156
31.864107131958008
31.820114135742188
31.8897647857666
32.052268981933594
32.28647232055664
32.6089973449707
33.01505661010742
33.49919128417969
34.085296630859375
34.69469451904297
35.303001403808594
35.83763122558594
36.32211685180664
36.64729309082031
36.77538299560547
36.75773239135742
36.603431701660156
36.25732421875
35.713382720947266
34.9727783203125
34.096866607666016
33.15513610839844
32.1720085144043
31.143722534179688
30.12407875061035
29.134428024291992
28.2074031829834
27.346084594726562
26.535964965820312
25.803457260131836
25.123537063598633
24.495471954345703
23.923234939575195
23.360105514526367
22.771526336669922
22.217803955078125
21.66468048095703
21.111858367919922
20.620038986206055
20.163686752319336
19.752660751342773
19.43496322631836
19.23904800415039
19.167280197143555
19.24340057373047
19.490631103515625
19.917036056518555
20.491344451904297
21.188528060913086
22.038618087768555
23.05173110961914
24.232431411743164
25.517162322998047
26.889141082763672
28.287744522094727
29.652788162231445
30.950637817382812
32.13759231567383
33.142601013183594
33.970672607421875
34.61766815185547
35.12077713012695
35.43903732299805
35.624183654785156
35.627967834472656
35.50388717651367
35.31063461303711
35.07662582397461
34.81863784790039
34.53926086425781
34.274906158447266
33.99656295776367
33.703006744384766
33.393184661865234
33.061073303222656
32.72578811645508
32.41516876220703
32.06118392944336
31.665376663208008
31.238109588623047
30.7741756439209
30.27994728088379
29.81454849243164
29.39454460144043
29.057342529296875
28.827308654785156
28.685274124145508
28.661352157592773
28.76500701904297
28.993330001831055
29.300458908081055
29.691362380981445
30.162843704223633
30.693105697631836
31.28675079345703
31.907136917114258
32.514278411865234
33.07640838623047
33.55359649658203
33.959407806396484
34.28899002075195
34.50150680541992
34.62649154663086
34.64457702636719
34.501953125
34.2347297668457
33.92373275756836
33.56416702270508
33.233707427978516
32.93062973022461
32.65407180786133
32.39000701904297
32.132293701171875
31.878376007080078
31.567184448242188
31.17404556274414
30.668188095092773
30.047565460205078
29.294158935546875
28.40301513671875
27.390905380249023
26.162755966186523
24.853076934814453
23.4520206451416
22.03284454345703
20.674907684326172
19.33346176147461
18.035085678100586
16.818506240844727
15.74021053314209
14.806772232055664
13.997722625732422
13.353442192077637
12.83232307434082
12.415557861328125
12.092851638793945
11.853021621704102
11.766668319702148
11.761515617370605
11.854103088378906
12.039068222045898
12.32519245147705
12.69039249420166
13.15873908996582
13.710721015930176
14.376770973205566
15.199422836303711
16.135311126708984
17.16156578063965
18.24622344970703
19.430688858032227
20.66991424560547
21.844289779663086
22.92636489868164
23.918764114379883
24.783065795898438
25.493040084838867
26.06669044494629
26.49565887451172
26.740562438964844
26.759143829345703
26.58391761779785
26.259517669677734
25.822423934936523
25.244897842407227
24.55655860900879
23.818750381469727
23.07379722595215
22.36673355102539
21.664186477661133
21.029321670532227
20.483917236328125
20.0739688873291
19.79392433166504
19.64305877685547
19.57077407836914
19.60800552368164
19.74043083190918
19.936845779418945
20.18060302734375
20.47624969482422
20.86358070373535
21.359994888305664
21.9183292388916
22.576242446899414
23.374561309814453
24.341405868530273
25.446149826049805
26.6280574798584
27.9263858795166
29.2967472076416
30.67150115966797
31.959911346435547
33.09015655517578
34.070777893066406
34.86259078979492
35.41583251953125
35.71908187866211
35.78598403930664
35.60466766357422
35.185546875
34.57366943359375
33.754722595214844
32.72589874267578
31.541210174560547
30.19461441040039
28.798477172851562
27.316503524780273
25.76641082763672
24.190624237060547
22.688119888305664
21.265356063842773
19.90737533569336
18.705116271972656
17.657821655273438
16.75611114501953
15.980424880981445
15.376453399658203
14.909138679504395
14.565946578979492
14.300544738769531
14.123979568481445
14.053777694702148
14.102690696716309
14.296178817749023
14.621925354003906
15.105926513671875
15.748807907104492
16.535247802734375
17.44723129272461
18.501272201538086
19.675172805786133
20.95850372314453
22.315505981445312
23.710121154785156
25.004289627075195
26.14995765686035
27.144235610961914
27.970199584960938
28.587125778198242
29.014671325683594
29.188358306884766
29.167940139770508
29.032114028930664
28.81371307373047
28.54570770263672
28.209867477416992
27.858030319213867
27.51959800720215
27.211942672729492
26.93670654296875
26.68895721435547
26.436376571655273
26.202558517456055
26.0312442779541
25.863496780395508
25.68897247314453
25.50107765197754
25.30216407775879
25.085996627807617
24.869884490966797
24.702186584472656
24.570289611816406
24.513280868530273
24.49476432800293
24.511829376220703
24.550518035888672
24.671722412109375
24.827362060546875
25.016298294067383
25.24148178100586
25.537456512451172
25.91132926940918
26.3110408782959
26.703657150268555
27.095388412475586
27.497272491455078
27.812326431274414
28.02798080444336
28.095243453979492
28.032873153686523
27.853740692138672
27.568666458129883
27.173254013061523
26.70345115661621
26.129507064819336
25.488000869750977
24.81057357788086
24.154388427734375
23.503528594970703
22.91083335876465
22.363670349121094
21.873537063598633
21.44846534729004
21.10780906677246
20.808116912841797
20.56368637084961
20.40104866027832
20.29541778564453
20.15042495727539
20.00505828857422
19.839963912963867
19.655664443969727
19.436094284057617
19.240184783935547
19.130727767944336
19.13095474243164
19.245954513549805
19.482248306274414
19.87336540222168
20.429838180541992
21.071311950683594
21.82253646850586
22.619937896728516
23.398239135742188
24.09869956970215
24.67286491394043
25.12207794189453
25.417627334594727
25.500864028930664
25.338760375976562
24.90329933166504
24.23089027404785
23.332460403442383
22.193504333496094
20.814708709716797
19.190322875976562
17.400102615356445
15.579116821289062
13.77536678314209
11.981145858764648
10.24817943572998
8.644024848937988
7.226167678833008
5.977540016174316
4.965789318084717
4.231052875518799
3.7094504833221436
3.387941598892212
3.248201370239258
3.3069512844085693
3.5010690689086914
3.7838428020477295
4.145605087280273
4.598903656005859
5.178083896636963
5.8892951011657715
6.758203983306885
7.749520778656006
8.890765190124512
10.148246765136719
11.517629623413086
13.018115997314453
14.617875099182129
16.258350372314453
17.909250259399414
19.53947639465332
21.1186466217041
22.61316680908203
23.968948364257812
25.143083572387695
26.151691436767578
26.944122314453125
27.508506774902344
27.842512130737305
27.90666389465332
27.70674705505371
27.300737380981445
26.810821533203125
26.2457275390625
25.606645584106445
24.947856903076172
24.34090805053711
23.79115104675293
23.36423110961914
23.081418991088867
22.903568267822266
22.844057083129883
22.90694808959961
23.00734519958496
23.16985321044922
23.358888626098633
23.5126953125
23.663570404052734
23.794330596923828
23.878475189208984
23.946470260620117
23.999958038330078
24.09840965270996
24.208221435546875
24.324129104614258
24.527109146118164
24.847171783447266
25.290822982788086
25.814191818237305
26.401681900024414
27.069976806640625
27.807138442993164
28.586341857910156
29.363054275512695
30.092727661132812
30.779630661010742
31.303482055664062
31.675918579101562
31.880990982055664
31.848981857299805
31.56207275390625
31.102680206298828
30.495996475219727
29.83389663696289
29.10645866394043
28.35379409790039
27.57489585876465
26.862613677978516
26.228103637695312
25.655643463134766
25.20350456237793
24.830453872680664
24.5103702545166
24.24646759033203
23.9934139251709
23.670854568481445
23.309131622314453
22.826786041259766
22.25773811340332
21.62894630432129
20.937713623046875
20.202783584594727
19.39728546142578
18.63724136352539
17.98686408996582
17.462095260620117
17.08559799194336
16.84663200378418
16.77558135986328
16.927040100097656
17.232635498046875
17.705373764038086
18.305028915405273
18.96480941772461
19.628292083740234
20.27765464782715
20.85939598083496
21.315906524658203
21.653146743774414
21.88258934020996
22.038990020751953
22.145572662353516
22.185962677001953
22.16699981689453
22.13972282409668
22.164228439331055
22.27136993408203
22.509782791137695
22.84404182434082
23.278133392333984
23.773197174072266
24.37449836730957
25.042312622070312
25.767961502075195
26.481504440307617
27.19692039489746
27.82082748413086
28.30855369567871
28.671720504760742
28.890439987182617
28.966360092163086
28.898311614990234
28.70623207092285
28.418664932250977
28.065021514892578
27.606199264526367
27.067462921142578
26.4653377532959
25.89177131652832
25.376113891601562
24.873701095581055
24.402803421020508
24.025142669677734
23.73444366455078
23.50864601135254
23.329158782958984
23.115665435791016
22.871265411376953
22.656923294067383
22.413623809814453
22.190032958984375
21.963926315307617
21.749422073364258
21.545574188232422
21.385942459106445
21.221555709838867
21.094131469726562
21.034692764282227
21.00041389465332
20.9722957611084
21.089139938354492
21.33280372619629
21.61825180053711
21.986417770385742
22.422391891479492
22.85992431640625
23.31150245666504
23.740646362304688
24.062841415405273
24.22538948059082
24.211570739746094
24.058349609375
23.748395919799805
23.3641300201416
22.899883270263672
22.359691619873047
21.799789428710938
21.17108917236328
20.55015754699707
19.971094131469727
19.462238311767578
19.042436599731445
18.64767837524414
18.283260345458984
17.94855499267578
17.70013427734375
17.484113693237305
17.25255584716797
17.03141212463379
16.80351448059082
16.581342697143555
16.37326431274414
16.20950698852539
16.116207122802734
16.140213012695312
16.29058074951172
16.535070419311523
16.893749237060547
17.394865036010742
18.056503295898438
18.829830169677734
19.728160858154297
20.736419677734375
21.833467483520508
23.005186080932617
24.199161529541016
25.40974235534668
26.541221618652344
27.568153381347656
28.464595794677734
29.247716903686523
29.91541862487793
30.434585571289062
30.82391929626465
31.1343994140625
31.415790557861328
31.674787521362305
31.882797241210938
32.06891632080078
32.263092041015625
32.47879409790039
32.68531799316406
32.918312072753906
33.186405181884766
33.48586654663086
33.77534484863281
34.012908935546875
34.1918830871582
34.25771713256836
34.193206787109375
34.04221725463867
33.79216003417969
33.44596481323242
33.06671142578125
32.67458724975586
32.25612258911133
31.863365173339844
31.51438331604004
31.245052337646484
31.082595825195312
31.068023681640625
31.174970626831055
31.42897605895996
31.83411979675293
32.39970779418945
33.12492370605469
34.0328369140625
35.018192291259766
36.00037384033203
36.94318771362305
37.802452087402344
38.62527084350586
39.36474609375
39.94227981567383
40.3775520324707
40.632179260253906
40.78641891479492
40.83031463623047
40.80607604980469
40.72126007080078
40.608314514160156
40.481319427490234
40.32170867919922
40.21826171875
40.173118591308594
40.1236686706543
40.13090896606445
40.169612884521484
40.20861053466797
40.2087287902832
40.14938735961914
40.07050704956055
39.909149169921875
39.59946823120117
39.21501541137695
38.71693420410156
38.1313362121582
37.50813674926758
36.83586502075195
36.124427795410156
35.37098693847656
34.63943099975586
33.99686813354492
33.52113723754883
33.178497314453125
33.01092529296875
33.062782287597656
33.36216735839844
33.86289978027344
34.63787078857422
35.5749397277832
36.686546325683594
37.91545486450195
39.24167251586914
40.59861755371094
41.95586013793945
43.251468658447266
44.463722229003906
45.58501052856445
46.58887481689453
47.46806335449219
48.17719650268555
48.783424377441406
49.27009201049805
49.5991096496582
49.814552307128906
49.89630126953125
49.887760162353516
49.786705017089844
49.58228302001953
49.32557678222656
48.998355865478516
48.635398864746094
48.2060432434082
47.73023986816406
47.15654373168945
46.55716323852539
45.94610595703125
45.31486892700195
44.67121887207031
44.0052490234375
43.3545036315918
42.74383544921875
42.18684768676758
41.652015686035156
41.13548278808594
40.68552780151367
40.28626251220703
39.94684600830078
39.72269821166992
39.5911750793457
39.528995513916016
39.50697708129883
39.55282211303711
39.65596389770508
39.7868537902832
40.025943756103516
40.32377624511719
40.636634826660156
40.955055236816406
41.20054626464844
41.3838996887207
41.481101989746094
41.49803924560547
41.44569396972656
41.343841552734375
41.164283752441406
40.93368148803711
40.66239547729492
40.33136749267578
39.97565460205078
39.59661102294922
39.1972541809082
38.81367874145508
38.43867874145508
38.05571365356445
37.64514923095703
37.21691131591797
36.77562713623047
36.393028259277344
36.02362823486328
35.687232971191406
35.36973190307617
35.02461624145508
34.67350769042969
34.27029800415039
33.8815803527832
33.48310852050781
33.112815856933594
32.78789138793945
32.499820709228516
32.2806396484375
32.0683708190918
31.913742065429688
31.781232833862305
31.67984962463379
31.579275131225586
31.558462142944336
31.57819175720215
31.601205825805664
31.62986183166504
31.664527893066406
31.681224822998047
31.699947357177734
31.74433708190918
31.834808349609375
31.99024772644043
32.220924377441406
32.47248077392578
32.74906921386719
33.12323760986328
33.58367919921875
34.121742248535156
34.71138000488281
35.366661071777344
36.016544342041016
36.69083023071289
37.3681640625
37.96439743041992
38.450191497802734
38.88914108276367
39.25249099731445
39.54936218261719
39.74697494506836
39.84259796142578
39.82170867919922
39.701026916503906
39.49386978149414
39.226722717285156
38.919315338134766
38.62387466430664
38.27199172973633
37.9058952331543
37.53104782104492
37.174102783203125
36.84262466430664
36.55863571166992
36.366519927978516
36.21671676635742
36.14006423950195
36.12110137939453
36.085079193115234
36.02956008911133
35.949249267578125
35.85075378417969
35.78690719604492
35.75531005859375
35.73186111450195
35.76856994628906
35.86680221557617
36.04339599609375
36.25395202636719
36.512489318847656
36.77570724487305
37.08821487426758
37.431884765625
37.767425537109375
38.097686767578125
38.37367248535156
38.50302505493164
38.52112579345703
38.35738754272461
38.02391815185547
37.56260681152344
36.99380874633789
36.31277847290039
35.52901077270508
34.708152770996094
33.890098571777344
33.04814910888672
32.24570846557617
31.50672721862793
30.850522994995117
30.29356575012207
29.885469436645508
29.663883209228516
29.545068740844727
29.557666778564453
29.7390193939209
30.048355102539062
30.46558380126953
30.94394302368164
31.487178802490234
32.08195877075195
32.68552780151367
33.306026458740234
33.948123931884766
34.585594177246094
35.1714973449707
35.74362564086914
36.3131217956543
36.8239860534668
37.320457458496094
37.8298454284668
38.31782913208008
38.7772102355957
39.12745666503906
39.473960876464844
39.78351974487305
40.04128646850586
40.24903106689453
40.36286926269531
40.38634490966797
40.36110305786133
40.264949798583984
40.091915130615234
39.897491455078125
39.73166275024414
39.57780075073242
39.42633819580078
39.29634475708008
39.19456100463867
39.14370346069336
39.124176025390625
39.13490676879883
39.16583251953125
39.22578811645508
39.33222198486328
39.4769401550293
39.595462799072266
39.69271469116211
39.73275375366211
39.66759490966797
39.53853225708008
39.322628021240234
39.016510009765625
38.65455627441406
38.21841812133789
37.774757385253906
37.31492614746094
36.87913131713867
36.54908752441406
36.29764175415039
36.13650894165039
36.06376266479492
36.10603332519531
36.25303268432617
36.46722412109375
36.763938903808594
37.134429931640625
37.520751953125
37.87633514404297
38.200660705566406
38.507938385009766
38.7818489074707
39.026119232177734
39.216644287109375
39.385372161865234
39.56937026977539
39.79561233520508
40.06190872192383
40.389644622802734
40.77274703979492
41.211421966552734
41.67518615722656
42.16749954223633
42.611656188964844
42.97737503051758
43.30571746826172
43.5555534362793
43.68269729614258
43.693023681640625
43.495460510253906
43.1456298828125
42.63111877441406
41.975975036621094
41.1915397644043
40.35221862792969
39.457923889160156
38.54714584350586
37.657020568847656
36.850677490234375
36.13893508911133
35.596580505371094
35.22758865356445
35.023128509521484
35.00004959106445
35.17961883544922
35.53182601928711
36.048828125
36.72592544555664
37.49423599243164
38.32505416870117
39.18221664428711
40.021331787109375
40.77097702026367
41.43152618408203
41.98160934448242
42.4548454284668
42.848167419433594
43.20431137084961
43.49565505981445
43.71640396118164
43.8843994140625
43.970977783203125
43.98451232910156
44.032737731933594
44.09092330932617
44.222137451171875
44.394317626953125
44.55851364135742
44.74440002441406
44.92619705200195
45.1414794921875
45.34516143798828
45.523536682128906
45.66436004638672
45.797122955322266
45.90524673461914
45.99343490600586
46.123992919921875
46.2779541015625
46.52187728881836
46.893795013427734
47.393310546875
48.03548812866211
48.84604263305664
49.8070182800293
50.874263763427734
52.049766540527344
53.266536712646484
54.56573486328125
55.85678482055664
57.14876937866211
58.30668640136719
59.362239837646484
60.223636627197266
60.86807632446289
61.28592300415039
61.398345947265625
61.25675582885742
60.87814712524414
60.2532844543457
59.43806076049805
58.439048767089844
57.275665283203125
55.96430969238281
54.53981018066406
53.042118072509766
51.57543182373047
50.14457321166992
48.82854080200195
47.67226791381836
46.67646408081055
45.850303649902344
45.2052001953125
44.74147415161133
44.402835845947266
44.14047622680664
43.96205139160156
43.883968353271484
43.87701416015625
43.94984436035156
44.044620513916016
44.12174606323242
44.224178314208984
44.399471282958984
44.651180267333984
44.927215576171875
45.23169708251953
45.5363883972168
45.87992858886719
46.251861572265625
46.629364013671875
46.99498748779297
47.35227966308594
47.67166519165039
47.95787811279297
48.163543701171875
48.29936981201172
48.351531982421875
48.36005783081055
48.28715133666992
48.186153411865234
48.054832458496094
47.8780632019043
47.609580993652344
47.30892562866211
46.99002456665039
46.63676834106445
46.26415252685547
45.861324310302734
45.47527313232422
45.054931640625
44.6817741394043
44.322784423828125
44.009517669677734
43.70272445678711
43.43611526489258
43.27464294433594
43.21932601928711
43.315513610839844
43.453773498535156
43.66258239746094
43.978309631347656
44.401119232177734
44.94413757324219
45.56123733520508
46.21822738647461
46.87662887573242
47.480838775634766
48.05070877075195
48.58967208862305
49.07014465332031
49.422584533691406
49.66373062133789
49.839027404785156
49.9154167175293
49.91122817993164
49.824764251708984
49.668601989746094
49.44651412963867
49.1839599609375
48.861351013183594
48.481990814208984
48.08761215209961
47.71351623535156
47.36824417114258
47.02833938598633
46.70319366455078
46.39267349243164
46.08108139038086
45.840476989746094
45.580833435058594
45.31940841674805
45.07643127441406
44.812705993652344
44.52015686035156
44.246761322021484
43.949520111083984
43.6519660949707
43.38579559326172
43.15777587890625
43.01381301879883
42.95297622680664
42.97574996948242
43.084529876708984
43.29475021362305
43.65412902832031
44.14552688598633
44.672218322753906
45.25006103515625
45.86574935913086
46.48248291015625
47.127784729003906
47.75835418701172
48.370872497558594
48.91012954711914
49.31098556518555
49.601749420166016
49.77207946777344
49.87881088256836
49.91469955444336
49.91688537597656
49.857269287109375
49.72478103637695
49.53550720214844
49.30808639526367
49.03315353393555
48.750282287597656
48.41242980957031
48.01350784301758
47.62873458862305
47.214569091796875
46.78953552246094
46.339324951171875
45.92237091064453
45.56512451171875
45.23032760620117
44.93164825439453
44.66741180419922
44.44003677368164
44.2547492980957
44.10874557495117
43.99001693725586
43.93571853637695
43.932918548583984
43.983211517333984
44.073238372802734
44.184295654296875
44.2996826171875
44.430057525634766
44.529544830322266
44.67354202270508
44.83781051635742
45.02005386352539
45.15730285644531
45.270416259765625
45.35093307495117
45.39400100708008
45.35676574707031
45.249000549316406
45.067928314208984
44.87710189819336
44.680625915527344
44.474998474121094
44.32215881347656
44.18952560424805
44.07524871826172
44.044822692871094
44.08070373535156
44.22392272949219
44.43012237548828
44.70867156982422
45.0117301940918
45.33340835571289
45.67257308959961
46.02764129638672
46.360504150390625
46.667179107666016
46.93760299682617
47.1711540222168
47.36008834838867
47.5109977722168
47.64539337158203
47.69176483154297
47.68550109863281
47.60345458984375
47.45463180541992
47.26880645751953
47.06260681152344
46.76398849487305
46.39033508300781
45.994903564453125
45.575157165527344
45.096126556396484
44.592594146728516
44.065650939941406
43.48482894897461
42.848388671875
42.1846923828125
41.53828430175781
40.904571533203125
40.315711975097656
39.8838005065918
39.55296325683594
39.315589904785156
39.2031135559082
39.2377815246582
39.38624572753906
39.621150970458984
39.97014617919922
40.44538116455078
40.967376708984375
41.56428527832031
42.217811584472656
42.90763854980469
43.62099838256836
44.35211181640625
45.08174514770508
45.714393615722656
46.24600601196289
46.67739486694336
46.95927047729492
47.06699752807617
47.01173400878906
46.80586624145508
46.47553634643555
46.00362014770508
45.365108489990234
44.605079650878906
43.74867248535156
42.837554931640625
41.883785247802734
40.94348907470703
39.994346618652344
39.0698127746582
38.20900344848633
37.418724060058594
36.65083694458008
35.9348030090332
35.31273651123047
34.74880599975586
34.20817565917969
33.68574905395508
33.2103271484375
32.76702880859375
32.35545349121094
31.981149673461914
31.688331604003906
31.48590850830078
31.38306999206543
31.361610412597656
31.423572540283203
31.535823822021484
31.77341651916504
32.06505584716797
32.40366744995117
32.74590301513672
33.11820602416992
33.507720947265625
33.87499237060547
34.29391860961914
34.721439361572266
35.12583923339844
35.483375549316406
35.78861999511719
36.094539642333984
36.34082794189453
36.56727600097656
36.765438079833984
36.95954132080078
37.162967681884766
37.32716751098633
37.47663879394531
37.66559982299805
37.88618850708008
38.09504318237305
38.26011657714844
38.40580749511719
38.56802749633789
38.73903274536133
38.93925094604492
39.12883758544922
39.27412796020508
39.36995315551758
39.434654235839844
39.461795806884766
39.44517517089844
39.34370803833008
39.21540451049805
39.04715347290039
38.858970642089844
38.67999267578125
38.51292037963867
38.36500549316406
38.266395568847656
38.189308166503906
38.15949630737305
38.27289581298828
38.44752883911133
38.69752502441406
39.0279426574707
39.39609909057617
39.78792953491211
40.22831344604492
40.64725112915039
40.988555908203125
41.27799987792969
41.48704147338867
41.60275650024414
41.64803695678711
41.63206100463867
41.539974212646484
41.38627243041992
41.20928955078125
41.02506637573242
40.834896087646484
40.6815071105957
40.541481018066406
40.463462829589844
40.408329010009766
40.404212951660156
40.42277908325195
40.487281799316406
40.617069244384766
40.766197204589844
40.93701171875
41.117393493652344
41.32905960083008
41.59809494018555
41.90412139892578
42.14430618286133
42.353729248046875
42.54627227783203
42.69900894165039
42.79649353027344
42.808589935302734
42.81090545654297
42.79905319213867
42.831695556640625
42.852962493896484
42.86982727050781
42.894187927246094
42.9506950378418
42.97715377807617
42.92529296875
42.83208465576172
42.716041564941406
42.58031463623047
42.383548736572266
42.16790771484375
41.915863037109375
41.655548095703125
41.384456634521484
41.110042572021484
40.819732666015625
40.51582336425781
40.21095275878906
39.94264221191406
39.67018127441406
39.38338851928711
39.08553695678711
38.769081115722656
38.4285888671875
38.08315658569336
37.728118896484375
37.3438606262207
36.9139404296875
36.4735221862793
36.04572677612305
35.62383270263672
35.29823684692383
35.07589340209961
34.905357360839844
34.858524322509766
34.886783599853516
34.99360275268555
35.163658142089844
35.40992736816406
35.661746978759766
35.90006637573242
36.11909103393555
36.32748031616211
36.49237823486328
36.56654739379883
36.54131317138672
36.37775421142578
36.03117752075195
35.54713439941406
34.915897369384766
34.16661071777344
33.27432632446289
32.27885818481445
31.223369598388672
30.148971557617188
29.03838539123535
27.880849838256836
26.786508560180664
25.733985900878906
24.770854949951172
23.955049514770508
23.32773208618164
22.84406280517578
22.51456642150879
22.276445388793945
22.127254486083984
22.054096221923828
22.011619567871094
21.99636459350586
21.9949951171875
22.050724029541016
22.12999725341797
22.18574333190918
22.226781845092773
22.318078994750977
22.46420669555664
22.616710662841797
22.826892852783203
23.083236694335938
23.399982452392578
23.748411178588867
24.125003814697266
24.545259475708008
25.028444290161133
25.5178165435791
25.973573684692383
26.35569190979004
26.667312622070312
26.84339141845703
26.88813591003418
26.82122039794922
26.618696212768555
26.340988159179688
25.9593563079834
25.50625228881836
24.975391387939453
24.389223098754883
23.774864196777344
23.18900489807129
22.67412757873535
22.246450424194336
21.904624938964844
21.69270133972168
21.633886337280273
21.67568016052246
21.784086227416992
21.986467361450195
22.324792861938477
22.703840255737305
23.102968215942383
23.49247169494629
23.852783203125
24.152252197265625
24.379972457885742
24.511892318725586
24.513681411743164
24.378793716430664
24.0714054107666
23.58379364013672
22.953914642333984
22.205015182495117
21.394573211669922
20.51082420349121
19.584672927856445
18.588729858398438
17.60485076904297
16.61256217956543
15.603540420532227
14.595965385437012
13.66419506072998
12.790867805480957
11.978706359863281
11.223106384277344
10.560047149658203
9.975335121154785
9.505176544189453
9.159128189086914
8.952445983886719
8.859114646911621
8.942453384399414
9.20030689239502
9.62683391571045
10.262462615966797
11.15037727355957
12.275284767150879
13.590106010437012
15.108940124511719
16.735172271728516
18.401756286621094
20.04935646057129
21.642820358276367
23.1025390625
24.462787628173828
25.672595977783203
26.694087982177734
27.5328426361084
28.1509952545166
28.579753875732422
28.802640914916992
28.790159225463867
28.604816436767578
28.252727508544922
27.797060012817383
27.221317291259766
26.575664520263672
25.874528884887695
25.146310806274414
24.427902221679688
23.725759506225586
23.085533142089844
22.466670989990234
21.902406692504883
21.351449966430664
20.853912353515625
20.400657653808594
20.054786682128906
19.769968032836914
19.53107261657715
19.349319458007812
19.23855209350586
19.190933227539062
19.215669631958008
19.305543899536133
19.43642234802246
19.673940658569336
20.013826370239258
20.417118072509766
20.915124893188477
21.53943634033203
22.262359619140625
23.07969093322754
23.9200382232666
24.756330490112305
25.557607650756836
26.290611267089844
26.967622756958008
27.512500762939453
27.975217819213867
28.369117736816406
28.694772720336914
28.90843391418457
29.022296905517578
29.026103973388672
28.926013946533203
28.73794174194336
28.456512451171875
28.1508846282959
27.819259643554688
27.436864852905273
27.05451202392578
26.696929931640625
26.325071334838867
25.956754684448242
25.61742401123047
25.255033493041992
24.896228790283203
24.518596649169922
24.178775787353516
23.905832290649414
23.6730899810791
23.5336971282959
23.500518798828125
23.536935806274414
23.637632369995117
23.812597274780273
24.038074493408203
24.318527221679688
24.66546630859375
25.02349281311035
25.4544734954834
25.874605178833008
26.263757705688477
26.65163230895996
27.001190185546875
27.325883865356445
27.639644622802734
27.972251892089844
28.25712776184082
28.521230697631836
28.74493980407715
28.882266998291016
29.01441764831543
29.090534210205078
29.136554718017578
29.168031692504883
29.195920944213867
29.199464797973633
29.17070960998535
29.096298217773438
28.93358612060547
28.697097778320312
28.351268768310547
27.917572021484375
27.368545532226562
26.72796058654785
26.043628692626953
25.278852462768555
24.508991241455078
23.704727172851562
22.946359634399414
22.269451141357422
21.624061584472656
21.052635192871094
20.586122512817383
20.240169525146484
19.999025344848633
19.848407745361328
19.810272216796875
19.853490829467773
19.993087768554688
20.2255859375
20.500795364379883
20.811904907226562
21.15070152282715
21.449722290039062
21.729583740234375
22.01153564453125
22.233295440673828
22.420013427734375
22.52300262451172
22.649120330810547
22.827011108398438
22.96292495727539
23.116600036621094
23.30937957763672
23.511152267456055
23.773679733276367
24.041671752929688
24.323118209838867
24.600933074951172
24.838239669799805
25.0164737701416
25.127077102661133
25.140422821044922
25.055862426757812
24.883373260498047
24.632526397705078
24.354698181152344
24.016199111938477
23.64727020263672
23.25702667236328
22.82701301574707
22.453197479248047
22.19460105895996
22.066375732421875
22.065500259399414
22.157203674316406
22.380329132080078
22.745609283447266
23.252485275268555
23.901195526123047
24.522083282470703
25.115734100341797
25.66050148010254
26.086345672607422
26.322328567504883
26.38897705078125
26.28679084777832
26.01444435119629
25.57910919189453
25.06593894958496
24.517162322998047
23.94778823852539
23.35543441772461
22.789295196533203
22.297866821289062
21.95592498779297
21.72659683227539
21.6054744720459
21.617097854614258
21.747859954833984
21.949094772338867
22.276203155517578
22.696577072143555
23.16026496887207
23.628257751464844
24.102352142333984
24.577226638793945
25.03433609008789
25.53582191467285
26.053817749023438
26.501829147338867
26.943416595458984
27.461217880249023
28.000886917114258
28.587623596191406
29.240766525268555
29.962684631347656
30.7345027923584
31.61438751220703
32.55388641357422
33.479183197021484
34.31367492675781
35.01935577392578
35.55972671508789
35.94918441772461
36.17326354980469
36.21978759765625
36.14889907836914
35.95257568359375
35.58370590209961
35.114295959472656
34.544586181640625
33.847877502441406
33.08150863647461
32.26267623901367
31.462072372436523
30.695310592651367
29.974294662475586
29.31313705444336
28.698165893554688
28.188018798828125
27.779027938842773
27.41602325439453
27.103076934814453
26.845067977905273
26.641483306884766
26.48154640197754
26.371389389038086
26.245967864990234
26.179391860961914
26.21845817565918
26.29749298095703
26.42779541015625
26.615982055664062
26.868946075439453
27.172924041748047
27.49217987060547
27.887460708618164
28.318660736083984
28.79440689086914
29.274194717407227
29.783706665039062
30.260723114013672
30.677947998046875
30.955806732177734
31.10704803466797
31.143320083618164
31.044469833374023
30.85679054260254
30.62431526184082
30.348661422729492
30.065536499023438
29.799558639526367
29.509218215942383
29.265899658203125
29.089868545532227
28.949729919433594
28.836931228637695
28.79377555847168
28.82405662536621
28.888410568237305
28.97719383239746
29.08197593688965
29.143413543701172
29.162134170532227
29.080183029174805
28.84026527404785
28.53535270690918
28.186613082885742
27.75377082824707
27.190200805664062
26.604372024536133
25.968053817749023
25.350177764892578
24.724088668823242
24.15501594543457
23.613155364990234
23.181306838989258
22.852548599243164
22.70646858215332
22.70751953125
22.809036254882812
22.98985481262207
23.254486083984375
23.521394729614258
23.79292106628418
23.963415145874023
24.00917625427246
23.92344856262207
23.818885803222656
23.674951553344727
23.5026912689209
23.32017707824707
23.142946243286133
22.999296188354492
22.955167770385742
23.0501651763916
23.325986862182617
23.79266929626465
24.510391235351562
25.497529983520508
26.729917526245117
28.082578659057617
29.552019119262695
30.984594345092773
32.27593231201172
33.427391052246094
34.3990364074707
35.11943817138672
35.62202072143555
35.93141555786133
36.091552734375
36.122657775878906
36.058860778808594
35.973487854003906
35.90957260131836
35.8333740234375
35.7496337890625
35.69647216796875
35.70482635498047
35.79190444946289
35.949005126953125
36.177547454833984
36.420108795166016
36.64823913574219
36.814693450927734
36.9107666015625
36.87656784057617
36.71724319458008
36.51433181762695
36.247825622558594
35.931373596191406
35.56710433959961
35.10578536987305
34.579437255859375
33.9745979309082
33.3641357421875
32.73275375366211
32.08302688598633
31.52623176574707
31.08470344543457
30.755481719970703
30.532779693603516
30.368494033813477
30.245542526245117
30.16939353942871
30.139484405517578
30.13224983215332
30.135541915893555
30.158977508544922
30.23394203186035
30.368852615356445
30.53984832763672
30.72492027282715
30.93347930908203
31.149057388305664
31.355056762695312
31.548908233642578
31.81842613220215
32.12411880493164
32.49038314819336
32.92067337036133
33.40496063232422
33.971378326416016
34.46212387084961
34.8372688293457
35.05593490600586
35.090484619140625
34.95302200317383
34.61707305908203
34.156959533691406
33.570899963378906
32.870426177978516
32.07457733154297
31.193603515625
30.268198013305664
29.233875274658203
28.180622100830078
27.1407470703125
26.160659790039062
25.332624435424805
24.658315658569336
24.20892333984375
23.93648910522461
23.82913589477539
23.89821434020996
24.117177963256836
24.46898651123047
24.910133361816406
25.42894172668457
26.03054428100586
26.6253604888916
27.24417495727539
27.848445892333984
28.394065856933594
28.932100296020508
29.428733825683594
29.878005981445312
30.305627822875977
30.77422332763672
31.268096923828125
31.764020919799805
32.28821563720703
32.898284912109375
33.58209991455078
34.327274322509766
35.03639602661133
35.691368103027344
36.23475646972656
36.65047836303711
36.86477279663086
36.89141082763672
36.67006301879883
36.21002960205078
35.56595230102539
34.68827438354492
33.59241485595703
32.32293701171875
30.978374481201172
29.570316314697266
28.149639129638672
26.780746459960938
25.550260543823242
24.49876594543457
23.686389923095703
23.071638107299805
22.68097686767578
22.51217269897461
22.615074157714844
22.950647354125977
23.538490295410156
24.36871910095215
25.404279708862305
26.58896827697754
27.86722755432129
29.210994720458984
30.608034133911133
31.951047897338867
33.211917877197266
34.395992279052734
35.49159240722656
36.500797271728516
37.48141860961914
38.39435577392578
39.24518585205078
40.04469680786133
40.79170608520508
41.460784912109375
42.003990173339844
42.441707611083984
42.73212814331055
42.8441276550293
42.81565856933594
42.6399040222168
42.287574768066406
41.8028564453125
41.26568603515625
40.67205810546875
39.96310806274414
39.164730072021484
38.26249694824219
37.34246826171875
36.43771743774414
35.573814392089844
34.76645278930664
34.008419036865234
33.3169059753418
32.639007568359375
31.981382369995117
31.301706314086914
30.657215118408203
30.005041122436523
29.351959228515625
28.697811126708984
28.05472183227539
27.450759887695312
26.84016227722168
26.210525512695312
25.586158752441406
24.91695785522461
24.288196563720703
23.690004348754883
23.16849708557129
22.76426124572754
22.49738883972168
22.335304260253906
22.33234214782715
22.494953155517578
22.746896743774414
23.06915855407715
23.34990692138672
23.594615936279297
23.81382942199707
24.041322708129883
24.251630783081055
24.395336151123047
24.51263999938965
24.587064743041992
24.588354110717773
24.513805389404297
24.353790283203125
24.14955711364746
23.913330078125
23.69001579284668
23.45636749267578
23.256269454956055
23.097915649414062
22.981061935424805
22.923791885375977
22.947721481323242
23.02482795715332
23.106277465820312
23.191104888916016
23.29762840270996
23.39940071105957
23.55478286743164
23.73988914489746
24.021108627319336
24.39886474609375
24.79422950744629
25.224435806274414
25.691965103149414
26.21992301940918
26.753063201904297
27.31222915649414
27.853412628173828
28.441640853881836
29.029420852661133
29.621707916259766
30.138811111450195
30.63666343688965
31.053285598754883
31.33246612548828
31.453332901000977
31.429218292236328
31.27024269104004
30.963956832885742
30.552902221679688
30.074012756347656
29.47093391418457
28.722190856933594
27.940444946289062
27.157867431640625
26.45937728881836
25.874624252319336
25.361316680908203
24.94488525390625
24.67339324951172
24.570812225341797
24.642234802246094
24.80718994140625
25.03521156311035
25.35511589050293
25.697256088256836
26.023218154907227
26.352750778198242
26.64990997314453
26.895538330078125
27.144235610961914
27.3153018951416
27.464111328125
27.553936004638672
27.606592178344727
27.59645652770996
27.54964828491211
27.454877853393555
27.345922470092773
27.255552291870117
27.263797760009766
27.352996826171875
27.453510284423828
27.561552047729492
27.70526123046875
27.854385375976562
27.96217155456543
28.00242042541504
27.930376052856445
27.697399139404297
27.399415969848633
26.980527877807617
26.442848205566406
25.837177276611328
25.238407135009766
24.66123390197754
24.138437271118164
23.666242599487305
23.26073455810547
22.990299224853516
22.810564041137695
22.758100509643555
22.862154006958008
23.13134765625
23.56570053100586
24.128875732421875
24.824621200561523
25.613569259643555
26.52754783630371
27.449155807495117
28.342357635498047
29.210447311401367
29.93956756591797
30.614164352416992
31.21392822265625
31.71076202392578
32.04651641845703
32.24031066894531
32.346099853515625
32.346099853515625
32.215492248535156
31.92853546142578
31.521589279174805
31.00086212158203
30.35445785522461
29.612810134887695
28.796268463134766
27.944435119628906
27.048154830932617
26.171886444091797
25.262765884399414
24.378231048583984
23.53866195678711
22.797462463378906
22.159082412719727
21.640119552612305
21.207035064697266
20.916444778442383
20.748903274536133
20.721302032470703
20.811321258544922
21.0226993560791
21.334611892700195
21.74757194519043
22.244670867919922
22.804290771484375
23.427806854248047
24.076990127563477
24.690372467041016
25.2294864654541
25.674156188964844
26.00532341003418
26.187562942504883
26.20855140686035
26.080062866210938
25.788965225219727
25.370325088500977
24.83099937438965
24.20086669921875
23.472461700439453
22.72003936767578
21.920238494873047
21.105966567993164
20.2344970703125
19.35936164855957
18.544857025146484
17.766441345214844
17.019145965576172
16.323200225830078
15.704780578613281
15.19174575805664
14.742999076843262
14.398138999938965
14.111210823059082
13.894680976867676
13.78571891784668
13.794885635375977
13.917832374572754
14.157983779907227
14.456398963928223
14.84235954284668
15.322150230407715
15.901244163513184
16.55722999572754
17.222436904907227
17.920921325683594
18.697471618652344
19.51721954345703
20.352304458618164
21.189464569091797
21.99941062927246
22.7550048828125
23.4594669342041
24.049922943115234
24.50046157836914
24.82656478881836
25.010644912719727
25.089111328125
25.000503540039062
24.791423797607422
24.450857162475586
24.014747619628906
23.479862213134766
22.838455200195312
22.133460998535156
21.438274383544922
20.70040512084961
19.972393035888672
19.309139251708984
18.739471435546875
18.28851318359375
18.01204490661621
17.889842987060547
17.934667587280273
18.10186767578125
18.37306785583496
18.791030883789062
19.353038787841797
20.083126068115234
20.894309997558594
21.830078125
22.83766746520996
23.893661499023438
25.02579689025879
26.152664184570312
27.319923400878906
28.52561378479004
29.757415771484375
30.94894027709961
32.08867263793945
33.15321350097656
34.133262634277344
35.0544319152832
35.940738677978516
36.76879119873047
37.55247497558594
38.25699996948242
38.87954330444336
39.37093734741211
39.72943115234375
39.960662841796875
40.11434555053711
40.168704986572266
40.12544631958008
40.016868591308594
39.841697692871094
39.56698989868164
39.194496154785156
38.71248245239258
38.11532211303711
37.396812438964844
36.60005569458008
35.68194580078125
34.66659164428711
33.54558563232422
32.386940002441406
31.163476943969727
29.949378967285156
28.742507934570312
27.59564208984375
26.543071746826172
25.630590438842773
24.857725143432617
24.235687255859375
23.817737579345703
23.584041595458984
23.516056060791016
23.64611053466797
23.946279525756836
24.38789176940918
24.957351684570312
25.597349166870117
26.289230346679688
27.011999130249023
27.696107864379883
28.3398494720459
28.949363708496094
29.558025360107422
30.134374618530273
30.67640495300293
31.177677154541016
31.636669158935547
32.12519073486328
32.64188766479492
33.17524337768555
33.697959899902344
34.22395324707031
34.69683074951172
35.10771560668945
35.421470642089844
35.672340393066406
35.83234405517578
35.93706130981445
35.928428649902344
35.77914810180664
35.53840637207031
35.16736602783203
34.65850067138672
34.04085922241211
33.348323822021484
32.57963180541992
31.789487838745117
31.05037498474121
30.408275604248047
29.85329818725586
29.384218215942383
29.010217666625977
28.762868881225586
28.704303741455078
28.859619140625
29.24247169494629
29.83893394470215
30.634252548217773
31.565343856811523
32.61970138549805
33.70350646972656
34.80854034423828
35.90522766113281
36.871070861816406
37.69611740112305
38.34844207763672
38.7801399230957
38.980594635009766
38.99905014038086
38.817420959472656
38.52146530151367
38.14242172241211
37.675506591796875
37.15122985839844
36.532352447509766
35.930992126464844
35.31141662597656
34.70986557006836
34.17201232910156
33.664398193359375
33.203861236572266
32.773250579833984
32.406429290771484
32.11021423339844
31.876739501953125
31.737619400024414
31.69312286376953
31.694974899291992
31.794883728027344
31.99957275390625
32.284217834472656
32.62605667114258
33.05126190185547
33.51324462890625
34.01120376586914
34.5374755859375
35.10814666748047
35.76290512084961
36.47037124633789
37.19123458862305
37.88105392456055
38.523414611816406
39.109554290771484
39.6779670715332
40.19948196411133
40.64472579956055
40.987003326416016
41.17512130737305
41.249454498291016
41.191864013671875
40.97629165649414
40.62214279174805
40.159889221191406
39.555503845214844
38.80915832519531
37.98604202270508
37.102317810058594
36.184688568115234
35.18093490600586
34.138038635253906
33.06861877441406
32.00848388671875
30.961101531982422
29.935205459594727
28.874584197998047
27.858566284179688
26.86327362060547
25.920976638793945
25.040916442871094
24.252363204956055
23.590105056762695
23.08998680114746
22.726438522338867
22.514802932739258
22.51538848876953
22.74007797241211
23.166337966918945
23.795656204223633
24.590837478637695
25.538000106811523
26.530441284179688
27.545988082885742
28.598188400268555
29.626447677612305
30.593172073364258
31.409738540649414
32.08302307128906
32.60207748413086
32.995540618896484
33.210662841796875
33.293479919433594
33.23271179199219
33.06418991088867
32.78209686279297
32.391597747802734
31.898357391357422
31.29421615600586
30.644289016723633
30.007572174072266
29.37354850769043
28.798622131347656
28.227741241455078
27.731218338012695
27.254077911376953
26.820096969604492
26.40308952331543
25.979082107543945
25.57317352294922
25.19847297668457
24.84006118774414
24.517396926879883
24.172611236572266
23.80577850341797
23.437480926513672
23.111263275146484
22.770475387573242
22.433889389038086
22.156644821166992
21.965023040771484
21.8709774017334
21.86465835571289
21.919612884521484
22.021352767944336
22.217788696289062
22.534114837646484
22.975122451782227
23.530553817749023
24.166051864624023
24.859752655029297
25.568571090698242
26.26097297668457
26.911252975463867
27.524402618408203
28.06797218322754
28.54280662536621
28.91708755493164
29.229490280151367
29.46424674987793
29.56355094909668
29.516870498657227
29.371322631835938
29.078693389892578
28.604942321777344
27.970754623413086
27.21236228942871
26.38551902770996
25.46260643005371
24.47720718383789
23.492446899414062
22.550947189331055
21.68732452392578
20.917354583740234
20.236478805541992
19.621416091918945
19.179054260253906
18.87114906311035
18.688730239868164
18.668977737426758
18.820158004760742
19.140283584594727
19.582056045532227
20.125226974487305
20.762836456298828
21.518781661987305
22.367341995239258
23.254690170288086
24.116634368896484
25.003381729125977
25.89592170715332
26.795312881469727
27.702312469482422
28.582965850830078
29.417461395263672
30.192455291748047
30.861452102661133
31.479372024536133
32.03011703491211
32.44179153442383
32.6973876953125
32.844818115234375
32.85300827026367
32.72800064086914
32.46586608886719
32.017417907714844
31.41697883605957
30.699846267700195
29.863773345947266
29.012468338012695
28.133676528930664
27.256141662597656
26.392179489135742
25.624221801757812
24.922060012817383
24.305477142333984
23.830183029174805
23.512832641601562
23.295148849487305
23.23946189880371
23.326284408569336
23.544612884521484
23.874788284301758
24.348785400390625
24.94078826904297
25.610267639160156
26.274707794189453
26.944812774658203
27.654996871948242
28.43153190612793
29.219457626342773
29.979257583618164
30.695180892944336
31.36016273498535
31.97634506225586
32.50407028198242
32.97587966918945
33.40282440185547
33.76079177856445
34.07312774658203
34.33245849609375
34.52845001220703
34.607967376708984
34.57029342651367
34.40274429321289
34.072296142578125
33.65175247192383
33.118743896484375
32.51360321044922
31.817617416381836
31.09218978881836
30.324892044067383
29.4872989654541
28.578100204467773
27.605419158935547
26.62128448486328
25.68695831298828
24.767162322998047
23.943622589111328
23.241958618164062
22.5958251953125
22.07996368408203
21.68682098388672
21.433271408081055
21.328214645385742
21.41136932373047
21.666837692260742
22.070417404174805
22.59071922302246
23.255544662475586
23.987905502319336
24.76605987548828
25.533283233642578
26.295303344726562
27.013099670410156
27.73585319519043
28.397655487060547
28.939395904541016
29.365421295166016
29.699981689453125
29.994352340698242
30.209463119506836
30.387296676635742
30.56793212890625
30.738096237182617
30.895641326904297
31.04119873046875
31.203746795654297
31.387727737426758
31.598299026489258
31.8344783782959
32.07273483276367
32.277374267578125
32.39347457885742
32.44214630126953
32.386314392089844
32.224952697753906
31.929454803466797
31.503131866455078
30.952539443969727
30.300352096557617
29.485652923583984
28.596385955810547
27.662580490112305
26.717939376831055
25.845932006835938
25.06365966796875
24.425241470336914
24.00385856628418
23.82126235961914
23.826570510864258
24.039236068725586
24.381393432617188
24.856462478637695
25.483150482177734
26.22187042236328
27.076196670532227
27.971647262573242
28.911100387573242
29.842735290527344
30.72919273376465
31.552690505981445
32.232215881347656
32.81718063354492
33.30213928222656
33.70219802856445
33.923057556152344
34.01752471923828
34.00029754638672
33.8559684753418
33.61092758178711
33.25983810424805
32.808685302734375
32.32704162597656
31.834327697753906
31.356197357177734
30.802732467651367
30.229713439941406
29.610727310180664
28.93920135498047
28.199337005615234
27.41607666015625
26.630144119262695
25.818981170654297
25.05979347229004
24.362455368041992
23.755929946899414
23.27994728088379
22.93315887451172
22.742511749267578
22.746929168701172
22.951711654663086
23.3354549407959
23.905263900756836
24.6528377532959
25.609573364257812
26.78244400024414
28.158998489379883
29.62662124633789
31.183963775634766
32.818965911865234
34.397830963134766
35.91581344604492
37.32642364501953
38.62251281738281
39.73240280151367
40.6726188659668
41.41287612915039
41.915035247802734
42.134613037109375
42.093868255615234
41.82304000854492
41.39716720581055
40.75334167480469
39.95331573486328
39.02519989013672
37.94468307495117
36.78178405761719
35.566627502441406
34.3207893371582
33.04847717285156
31.779211044311523
30.533885955810547
29.386417388916016
28.28030776977539
27.254304885864258
26.357074737548828
25.545307159423828
24.895212173461914
24.391096115112305
24.013328552246094
23.833646774291992
23.781095504760742
23.898807525634766
24.204858779907227
24.666786193847656
25.351694107055664
26.187620162963867
27.199382781982422
28.348581314086914
29.702102661132812
31.121177673339844
32.55318069458008
33.973392486572266
35.329837799072266
36.62749099731445
37.8372688293457
38.907718658447266
39.82203674316406
40.57216262817383
41.14665222167969
41.52802658081055
41.70299530029297
41.63493728637695
41.38393020629883
40.978294372558594
40.4344367980957
39.79996109008789
39.041847229003906
38.17961120605469
37.16248321533203
36.011627197265625
34.77369689941406
33.42107391357422
31.968582153320312
30.39577293395996
28.74049949645996
27.07396125793457
25.393556594848633
23.762035369873047
22.196752548217773
20.704931259155273
19.3483943939209
18.140300750732422
17.073802947998047
16.176109313964844
15.414568901062012
14.825311660766602
14.37615966796875
14.04747200012207
13.892800331115723
13.97062873840332
14.275213241577148
14.859968185424805
15.683060646057129
16.779396057128906
18.164981842041016
19.752229690551758
21.479454040527344
23.31096649169922
25.183422088623047
26.985431671142578
28.686767578125
30.23627471923828
31.611175537109375
32.814674377441406
33.8079948425293
34.63584899902344
35.269187927246094
35.69447326660156
35.91277313232422
35.90520477294922
35.688934326171875
35.29619216918945
34.7135124206543
33.916534423828125
32.97616958618164
31.89812469482422
30.69587516784668
29.428802490234375
28.142606735229492
26.81600570678711
25.479694366455078
24.191829681396484
22.94709587097168
21.773283004760742
20.790342330932617
20.002138137817383
19.414554595947266
19.102750778198242
19.04865074157715
19.272884368896484
19.720903396606445
20.417272567749023
21.389101028442383
22.565950393676758
23.943822860717773
25.513290405273438
27.173175811767578
28.846784591674805
30.488466262817383
31.988521575927734
33.273284912109375
34.3888053894043
35.361820220947266
36.12824630737305
36.72702407836914
37.07921600341797
37.21669387817383
37.11671829223633
36.76679611206055
36.1478157043457
35.31083679199219
34.32347869873047
33.205718994140625
31.957595825195312
30.60561752319336
29.192241668701172
27.819684982299805
26.476694107055664
25.21251678466797
24.130130767822266
23.23225975036621
22.531492233276367
21.988256454467773
21.607444763183594
21.387435913085938
21.279144287109375
21.320655822753906
21.49420928955078
21.783849716186523
22.199129104614258
22.779359817504883
23.443159103393555
24.227624893188477
25.010377883911133
25.839685440063477
26.70153045654297
27.554441452026367
28.384464263916016
29.203413009643555
30.012346267700195
30.80184555053711
31.50444984436035
32.11418914794922
32.61085510253906
32.98503494262695
33.23614501953125
33.31755065917969
33.21945571899414
32.923587799072266
32.439334869384766
31.814498901367188
31.04941177368164
30.140626907348633
29.14840316772461
28.07610321044922
26.94215965270996
25.79163932800293
24.65818977355957
23.64018440246582
22.753271102905273
22.064224243164062
21.571550369262695
21.310354232788086
21.272703170776367
21.468116760253906
21.80640411376953
22.264667510986328
22.90375518798828
23.765705108642578
24.75495147705078
25.84010124206543
27.014190673828125
28.2501220703125
29.561960220336914
30.946924209594727
32.37040328979492
33.795310974121094
35.185184478759766
36.556861877441406
37.89016342163086
39.14454650878906
40.28183364868164
41.28704071044922
42.17864990234375
42.98484420776367
43.7410888671875
44.402854919433594
44.97357177734375
45.462745666503906
45.8029899597168
46.04302978515625
46.16548538208008
46.2301025390625
46.207908630371094
46.09626770019531
45.831180572509766
45.43883514404297
44.916873931884766
44.274208068847656
43.562320709228516
42.80855178833008
42.009639739990234
41.22709655761719
40.460174560546875
39.7269401550293
39.04184341430664
38.37710189819336
37.7899169921875
37.24689865112305
36.760833740234375
36.35228729248047
35.98863220214844
35.65632629394531
35.357627868652344
35.11023712158203
34.92594909667969
34.82394790649414
34.80712890625
34.8785514831543
35.076419830322266
35.42539978027344
35.85768508911133
36.34901428222656
36.91712951660156
37.500083923339844
38.08020782470703
38.67585372924805
39.199642181396484
39.68810272216797
40.12540817260742
40.49663162231445
40.76387405395508
40.893619537353516
40.88174057006836
40.759944915771484
40.545082092285156
40.200862884521484
39.760658264160156
39.19280242919922
38.54283905029297
37.8557243347168
37.118011474609375
36.31092834472656
35.43560028076172
34.542198181152344
33.67188262939453
32.849754333496094
32.062957763671875
31.284814834594727
30.584774017333984
29.9137020111084
29.328950881958008
28.856332778930664
28.470176696777344
28.213878631591797
28.077251434326172
28.118267059326172
28.43722152709961
28.9487361907959
29.586891174316406
30.386756896972656
31.290254592895508
32.27648162841797
33.31486129760742
34.303627014160156
35.23202896118164
36.06319046020508
36.79887008666992
37.390018463134766
37.878047943115234
38.19358444213867
38.35379409790039
38.35578155517578
38.229732513427734
38.003170013427734
37.67429733276367
37.275718688964844
36.81827163696289
36.25341033935547
35.64961624145508
35.05174255371094
34.48977279663086
33.95039749145508
33.49568557739258
33.13657760620117
32.86574172973633
32.679161071777344
32.60668182373047
32.60501480102539
32.655269622802734
32.75700759887695
32.93136978149414
33.11583709716797
33.312889099121094
33.55207061767578
33.80622482299805
34.13015365600586
34.424560546875
34.725894927978516
35.00544357299805
35.30787658691406
35.60267639160156
35.86782455444336
36.153621673583984
36.45772933959961
36.75789260864258
37.067848205566406
37.37871551513672
37.630821228027344
37.825103759765625
37.94601821899414
37.94751739501953
37.81324005126953
37.52170181274414
37.080162048339844
36.45439529418945
35.59859085083008
34.574378967285156
33.39564895629883
32.0944938659668
30.73267936706543
29.355852127075195
28.000852584838867
26.656476974487305
25.408201217651367
24.29551124572754
23.334819793701172
22.538698196411133
21.857336044311523
21.322477340698242
20.91820526123047
20.62227439880371
20.44929313659668
20.384611129760742
20.426172256469727
20.497961044311523
20.575759887695312
20.668336868286133
20.74015998840332
20.8276309967041
20.952354431152344
21.103958129882812
21.29598617553711
21.534975051879883
21.825271606445312
22.176095962524414
22.57668685913086
23.032045364379883
23.487375259399414
23.933034896850586
24.362361907958984
24.769245147705078
25.112150192260742
25.428308486938477
25.678922653198242
25.850828170776367
25.972301483154297
26.02505874633789
25.994718551635742
25.898944854736328
25.73314666748047
25.51217269897461
25.24867820739746
25.002573013305664
24.855188369750977
24.764188766479492
24.77244758605957
24.843656539916992
24.924678802490234
25.05974578857422
25.24697494506836
25.498010635375977
25.79163932800293
26.056156158447266
26.273744583129883
26.43571662902832
26.55626678466797
26.6303653717041
26.63042449951172
26.56495475769043
26.44013023376465
26.322256088256836
26.163606643676758
25.979806900024414
25.82996940612793
25.730674743652344
25.68680191040039
25.665428161621094
25.6203556060791
25.572343826293945
25.577072143554688
25.573104858398438
25.544498443603516
25.52827262878418
25.51292610168457
25.472238540649414
25.394908905029297
25.241634368896484
24.98895835876465
24.658905029296875
24.19213104248047
23.67861557006836
23.098386764526367
22.508651733398438
21.989974975585938
21.522144317626953
21.08346939086914
20.731164932250977
20.49068832397461
20.323699951171875
20.236900329589844
20.21361541748047
20.151344299316406
20.04631996154785
19.913043975830078
19.755542755126953
19.55501937866211
19.307809829711914
19.017559051513672
18.69375228881836
18.304485321044922
17.86774444580078
17.43992805480957
17.064359664916992
16.744117736816406
16.535184860229492
16.391225814819336
16.361181259155273
16.437944412231445
16.54647445678711
16.77915382385254
17.098012924194336
17.510435104370117
18.003219604492188
18.578723907470703
19.184547424316406
19.789119720458984
20.36918067932129
20.89708709716797
21.38395118713379
21.739402770996094
22.03719711303711
22.276620864868164
22.470964431762695
22.631633758544922
22.772567749023438
22.90448570251465
23.024736404418945
23.156583786010742
23.352191925048828
23.600006103515625
23.8935489654541
24.18548011779785
24.505491256713867
24.867250442504883
25.268999099731445
25.668867111206055
26.07929039001465
26.43778419494629
26.7388858795166
27.025142669677734
27.28748893737793
27.482881546020508
27.618404388427734
27.704513549804688
27.71969985961914
27.73598289489746
27.74057960510254
27.709199905395508
27.697484970092773
27.67972755432129
27.68787956237793
27.744531631469727
27.809558868408203
27.874155044555664
27.98551368713379
28.107051849365234
28.220563888549805
28.293376922607422
28.351837158203125
28.386943817138672
28.451513290405273
28.546361923217773
28.675081253051758
28.7987060546875
28.99056053161621
29.259321212768555
29.648887634277344
30.119068145751953
30.634618759155273
31.208866119384766
31.786178588867188
32.39208221435547
33.06059646606445
33.73885726928711
34.39688491821289
35.00794219970703
35.61039352416992
36.13887023925781
36.609317779541016
36.98377990722656
37.2481575012207
37.4669075012207
37.64191436767578
37.79214096069336
37.874454498291016
37.95505905151367
38.02866744995117
38.12297058105469
38.245548248291016
38.353065490722656
38.48220443725586
38.657135009765625
38.791568756103516
38.83303451538086
38.83656311035156
38.830562591552734
38.7744255065918
38.620357513427734
38.325435638427734
37.893802642822266
37.385135650634766
36.795982360839844
36.1634635925293
35.54825210571289
34.91896057128906
34.3348503112793
33.84385681152344
33.51001739501953
33.34706497192383
33.353782653808594
33.54315948486328
33.93581008911133
34.504432678222656
35.172264099121094
35.9726676940918
36.829795837402344
37.73153305053711
38.663692474365234
39.60238265991211
40.52429962158203
41.38555145263672
42.24245834350586
43.02756118774414
43.7834587097168
44.469757080078125
45.103302001953125
45.721370697021484
46.287872314453125
46.712440490722656
47.10951614379883
47.43717956542969
47.72567367553711
47.94063186645508
48.108482360839844
48.23915481567383
48.31992721557617
48.37328338623047
48.357887268066406
48.32610321044922
48.2906494140625
48.18334197998047
48.019840240478516
47.788490295410156
47.45090866088867
47.033687591552734
46.51577377319336
45.89163589477539
45.20256042480469
44.470176696777344
43.70832443237305
42.92027282714844
42.11683654785156
41.28893280029297
40.50847244262695
39.80244445800781
39.1689567565918
38.615928649902344
38.149879455566406
37.77935028076172
37.499576568603516
37.36027526855469
37.32333755493164
37.401649475097656
37.57026672363281
37.822669982910156
38.19265365600586
38.67123031616211
39.205322265625
39.82395935058594
40.45891189575195
41.09702682495117
41.78129196166992
42.42345428466797
42.98801803588867
43.484214782714844
43.90434646606445
