5.077460289001465
5.072518825531006
5.067404747009277
5.062032699584961
5.056865215301514
5.052023887634277
5.0474629402160645
5.043181896209717
5.039469242095947
5.036752700805664
5.034380912780762
5.032469272613525
5.030933380126953
5.029965877532959
5.029419422149658
5.029298305511475
5.029662609100342
5.029974460601807
5.030361652374268
5.030586242675781
5.030537128448486
5.030323028564453
5.029985427856445
5.02968692779541
5.029335021972656
5.028643608093262
5.02764368057251
5.026517868041992
5.0257344245910645
5.025225639343262
5.024794101715088
5.024738788604736
5.025214195251465
5.026212692260742
5.027325630187988
5.02827787399292
5.029428482055664
5.0305376052856445
5.031526565551758
5.032097816467285
5.032275199890137
5.032015323638916
5.031055450439453
5.029482364654541
5.027050018310547
5.023813247680664
5.020092010498047
5.016173362731934
5.01178503036499
5.007175445556641
5.002593040466309
4.998304843902588
4.9945149421691895
4.991318225860596
4.989025592803955
4.987229824066162
4.985814571380615
4.984560966491699
4.9833855628967285
4.981760025024414
4.979863166809082
4.97749137878418
4.9744791984558105
4.970734119415283
4.966310977935791
4.961158275604248
4.954967975616455
4.947661876678467
4.9398369789123535
4.931626319885254
4.923161029815674
4.914861679077148
4.906843185424805
4.899316787719727
4.892298221588135
4.886104106903076
4.880344867706299
4.875251293182373
4.87085485458374
4.866822719573975
4.863077163696289
4.859566688537598
4.856396198272705
4.852889060974121
4.849085807800293
4.8448028564453125
4.839724540710449
4.834060192108154
4.828131675720215
4.821931838989258
4.815408706665039
4.808855056762695
4.802386283874512
4.796109199523926
4.790204048156738
4.784632205963135
4.7796525955200195
4.775341987609863
4.771561145782471
4.768426418304443
4.765178680419922
4.761468410491943
4.757416725158691
4.752810955047607
4.747625827789307
4.741868495941162
4.735300064086914
4.7284111976623535
4.721146583557129
4.713499546051025
4.705943584442139
4.698308944702148
4.690883159637451
4.683874130249023
4.677249431610107
4.671525478363037
4.666862487792969
4.663629531860352
4.661866664886475
4.661643028259277
4.662296295166016
4.6633524894714355
4.664596080780029
4.665839195251465
4.6665568351745605
4.666636943817139
4.665815830230713
4.664042949676514
4.6615095138549805
4.657571792602539
4.652279376983643
4.645819187164307
4.638205051422119
4.629773139953613
4.620804786682129
4.611477851867676
4.602542400360107
4.594151020050049
4.586411952972412
4.579583168029785
4.5737504959106445
4.569060802459717
4.565354824066162
4.562612533569336
4.5606560707092285
4.559765338897705
4.559327125549316
4.558979511260986
4.558610439300537
4.55771017074585
4.555779933929443
4.5527262687683105
4.5484843254089355
4.542721271514893
4.535874366760254
4.527888298034668
4.518866062164307
4.509257793426514
4.499444484710693
4.489540100097656
4.479820251464844
4.470371723175049
4.461751937866211
4.454266548156738
4.447837829589844
4.442553520202637
4.43826150894165
4.434914588928223
4.432476997375488
4.430764675140381
4.42954683303833
4.428351402282715
4.4271559715271
4.426080703735352
4.4242262840271
4.421839237213135
4.418687343597412
4.41455078125
4.409702777862549
4.404218673706055
4.3983378410339355
4.391912937164307
4.385397434234619
4.379063606262207
4.372870445251465
4.366866111755371
4.361334800720215
4.356240749359131
4.351517677307129
4.347210884094238
4.343469619750977
4.340115547180176
4.33735466003418
4.33504056930542
4.333143711090088
4.331618309020996
4.330389499664307
4.329512119293213
4.32859992980957
4.327513694763184
4.325904369354248
4.3237738609313965
4.32118558883667
4.318036079406738
4.3141770362854
4.30952787399292
4.303987503051758
4.297718524932861
4.291000843048096
4.2840070724487305
4.27663516998291
4.269137382507324
4.261898994445801
4.254985332489014
4.248600006103516
4.242862701416016
4.23764705657959
4.2328338623046875
4.228394985198975
4.22459077835083
4.221320152282715
4.218466281890869
4.21583890914917
4.2134294509887695
4.2108635902404785
4.208012104034424
4.204445838928223
4.200058937072754
4.194488525390625
4.18824577331543
4.181036949157715
4.172816276550293
4.164414405822754
4.1559247970581055
4.14781379699707
4.139972686767578
4.1325178146362305
4.125829696655273
4.119845390319824
4.114798545837402
4.1108503341674805
4.1078314781188965
4.105717182159424
4.104572296142578
4.104030132293701
4.103709697723389
4.103638172149658
4.103475093841553
4.103105545043945
4.101824760437012
4.09951639175415
4.095879077911377
4.091132640838623
4.084932327270508
4.077841281890869
4.0700249671936035
4.06168794631958
4.052972793579102
4.044331073760986
4.036075115203857
4.028722286224365
4.022284984588623
4.016958236694336
4.013158798217773
4.010684967041016
4.008960247039795
4.008079528808594
4.007978916168213
4.008139133453369
4.008656024932861
4.009554862976074
4.009822368621826
4.009371280670166
4.007958889007568
4.005454063415527
4.001982688903809
3.997286558151245
3.9914519786834717
3.9845919609069824
3.977403163909912
3.9699039459228516
3.9626431465148926
3.9561991691589355
3.950453758239746
3.945603370666504
3.9419004917144775
3.939406156539917
3.9381489753723145
3.937800407409668
3.938573122024536
3.9405622482299805
3.9435410499572754
3.947087049484253
3.951289653778076
3.9555249214172363
3.959597587585449
3.962998628616333
3.9660167694091797
3.968039035797119
3.9690935611724854
3.969357490539551
3.9689443111419678
3.968172550201416
3.9669268131256104
3.965651273727417
3.9644808769226074
3.9634904861450195
3.962618350982666
3.962120771408081
3.961860418319702
3.9615254402160645
3.9610486030578613
3.9608304500579834
3.9613044261932373
3.96246337890625
3.963832378387451
3.9656126499176025
3.967249631881714
3.9688735008239746
3.9704668521881104
3.9718825817108154
3.9732816219329834
3.9747416973114014
3.9763755798339844
3.9786014556884766
3.9814534187316895
3.9843645095825195
3.987131118774414
3.989534616470337
3.991795301437378
3.994173288345337
3.9968442916870117
3.9994592666625977
4.001630783081055
4.003564834594727
4.005168914794922
4.006397724151611
4.007294654846191
4.007938385009766
4.008300304412842
4.0084710121154785
4.008541584014893
4.008747577667236
4.009224891662598
4.009905815124512
4.010807514190674
4.01231575012207
4.0149078369140625
4.018907070159912
4.023859024047852
4.029171466827393
4.035305023193359
4.042028427124023
4.048903465270996
4.055913925170898
4.063109874725342
4.070006847381592
4.076274394989014
4.081833362579346
4.08659029006958
4.09082555770874
4.094705104827881
4.09807014465332
4.101387023925781
4.1042890548706055
4.107611179351807
4.111147880554199
4.114994049072266
4.1190643310546875
4.123391628265381
4.128136157989502
4.1329665184021
4.137663841247559
4.1424174308776855
4.147208213806152
4.152132034301758
4.157247066497803
4.162475109100342
4.167642116546631
4.172506332397461
4.176896095275879
4.180835247039795
4.184554576873779
4.187763690948486
4.190586090087891
4.193222522735596
4.195377826690674
4.197216987609863
4.19837760925293
4.199042320251465
4.199550628662109
4.199990749359131
4.2001495361328125
4.200214385986328
4.200181484222412
4.200128078460693
4.200153350830078
4.1999101638793945
4.199437141418457
4.198467254638672
4.197240352630615
4.196096420288086
4.19493293762207
4.193904399871826
4.193205833435059
4.192325115203857
4.191476821899414
4.190624713897705
4.190060138702393
4.189146995544434
4.187973499298096
4.186779975891113
4.185580730438232
4.183901786804199
4.181812763214111
4.179292678833008
4.176861763000488
4.17411470413208
4.171177387237549
4.167488098144531
4.163548946380615
4.158980369567871
4.154015064239502
4.149150371551514
4.144049167633057
4.139063358306885
4.1340012550354
4.128856658935547
4.123838424682617
4.118825912475586
4.113826751708984
4.108853816986084
4.103776454925537
4.098607063293457
4.092702388763428
4.0864338874816895
4.080082893371582
4.073374271392822
4.066631317138672
4.059892177581787
4.052929878234863
4.045587539672852
4.037942886352539
4.029796600341797
4.021568298339844
4.013481140136719
4.005285263061523
3.997493267059326
3.989760160446167
3.9821364879608154
3.9745655059814453
3.967461109161377
3.960867166519165
3.954500436782837
3.948793411254883
3.943467617034912
3.9387383460998535
3.934401512145996
3.9305641651153564
3.9268500804901123
3.9234120845794678
3.9198758602142334
3.916215181350708
3.912764310836792
3.9093334674835205
3.9060680866241455
3.902984857559204
3.9002504348754883
3.8978142738342285
3.8955113887786865
3.8938148021698
3.892873764038086
3.892317533493042
3.89180588722229
3.8915722370147705
3.891458034515381
3.8910818099975586
3.8903348445892334
3.889708995819092
3.8890650272369385
3.8882973194122314
3.88716197013855
3.8862016201019287
3.8855907917022705
3.884981393814087
3.8848013877868652
3.8850245475769043
3.8854458332061768
3.8859217166900635
3.886559247970581
3.8871185779571533
3.8877317905426025
3.8883321285247803
3.8883769512176514
3.887970209121704
3.886929512023926
3.8850533962249756
3.882258892059326
3.878749370574951
3.8743367195129395
3.868802547454834
3.862441301345825
3.8552756309509277
3.847659111022949
3.839994192123413
3.831977367401123
3.823803424835205
3.815674066543579
3.8074300289154053
3.799311399459839
3.7915494441986084
3.7843189239501953
3.7775919437408447
3.771623134613037
3.7661147117614746
3.760622262954712
3.7553772926330566
3.7502784729003906
3.7453505992889404
3.740476131439209
3.7356388568878174
3.7303578853607178
3.724994421005249
3.7192084789276123
3.713125228881836
3.7068002223968506
3.7004685401916504
3.6938486099243164
3.6869571208953857
3.6798887252807617
3.6723732948303223
3.6645193099975586
3.6565887928009033
3.648360013961792
3.639516592025757
3.6303870677948
3.62092661857605
3.611609697341919
3.6023919582366943
3.5932905673980713
3.5841450691223145
3.574761152267456
3.5654149055480957
3.556389808654785
3.5477941036224365
3.539581298828125
3.5316033363342285
3.524212121963501
3.517158269882202
3.510784864425659
3.5048410892486572
3.4993772506713867
3.4949657917022705
3.4911139011383057
3.4882702827453613
3.486515998840332
3.485535144805908
3.4851064682006836
3.484650135040283
3.48441743850708
3.484008550643921
3.483269691467285
3.4820971488952637
3.4807002544403076
3.4787564277648926
3.476358652114868
3.4739866256713867
3.471269130706787
3.4685165882110596
3.465681791305542
3.463061809539795
3.459883451461792
3.4567203521728516
3.453822612762451
3.451432704925537
3.4497146606445312
3.4490437507629395
3.449279546737671
3.449932098388672
3.451416015625
3.4534075260162354
3.455653429031372
3.458167791366577
3.4610254764556885
3.4645228385925293
3.468294620513916
3.471837043762207
3.4751391410827637
3.4780755043029785
3.4803576469421387
3.4816296100616455
3.482434034347534
3.482729434967041
3.4824695587158203
3.4816782474517822
3.4804346561431885
3.4786267280578613
3.4763238430023193
3.473858594894409
3.4711315631866455
3.468487024307251
3.4659652709960938
3.463369846343994
3.461066484451294
3.459392786026001
3.4581637382507324
3.457390069961548
3.4570369720458984
3.457331657409668
3.457993745803833
3.4585657119750977
3.458740234375
3.4586782455444336
3.4586341381073
3.457937240600586
3.456528425216675
3.4543349742889404
3.4511685371398926
3.4470555782318115
3.4417076110839844
3.435473918914795
3.4281632900238037
3.4198782444000244
3.411184787750244
3.4020321369171143
3.3929526805877686
3.3839633464813232
3.3752429485321045
3.3669378757476807
3.3593666553497314
3.3525900840759277
3.3461248874664307
3.340312957763672
3.3356752395629883
3.3320460319519043
3.328744888305664
3.3260045051574707
3.3239099979400635
3.32222318649292
3.320869207382202
3.3197243213653564
3.318424940109253
3.316788911819458
3.3149499893188477
3.3127057552337646
3.3102216720581055
3.3075032234191895
3.304612159729004
3.30147647857666
3.2981579303741455
3.2947065830230713
3.2913029193878174
3.288212299346924
3.285735607147217
3.283717393875122
3.2824344635009766
3.2818002700805664
3.2815473079681396
3.2816412448883057
3.282273292541504
3.2833354473114014
3.2854557037353516
3.287877321243286
3.2909257411956787
3.2946619987487793
3.2991466522216797
3.303791046142578
3.3088245391845703
3.3137993812561035
3.319164991378784
3.324845552444458
3.330718755722046
3.3369569778442383
3.3436238765716553
3.3502187728881836
3.3566277027130127
3.362720012664795
3.3679864406585693
3.37261962890625
3.3767402172088623
3.3803904056549072
3.3833534717559814
3.3857505321502686
3.3874597549438477
3.388887882232666
3.3902485370635986
3.3919198513031006
3.3935959339141846
3.395435333251953
3.397423028945923
3.399592638015747
3.402345895767212
3.405560255050659
3.409111499786377
3.4128692150115967
3.4167394638061523
3.4203665256500244
3.423574686050415
3.4262654781341553
3.428156614303589
3.429243326187134
3.4293580055236816
3.428616523742676
3.4273059368133545
3.425252676010132
3.4225754737854004
3.4189953804016113
3.4148895740509033
3.410414934158325
3.405562162399292
3.4007253646850586
3.395752429962158
3.3910727500915527
3.3868322372436523
3.383185863494873
3.380232572555542
3.3778440952301025
3.3762526512145996
3.3752920627593994
3.3751485347747803
3.3758347034454346
3.3770101070404053
3.37846040725708
3.380070209503174
3.3817713260650635
3.3833227157592773
3.3847150802612305
3.385650396347046
3.3859379291534424
3.3858773708343506
3.3855042457580566
3.3847739696502686
3.3840718269348145
3.383319616317749
3.3825340270996094
3.3817996978759766
3.3810784816741943
3.380356550216675
3.379809856414795
3.3799242973327637
3.38076114654541
3.382138252258301
3.3842902183532715
3.3872945308685303
3.3910670280456543
3.395012378692627
3.399425745010376
3.4039151668548584
3.408780574798584
3.4139351844787598
3.419049024581909
3.4239654541015625
3.4285264015197754
3.4327008724212646
3.436471700668335
3.439718723297119
3.4421563148498535
3.443833351135254
3.4446332454681396
3.4448094367980957
3.4448111057281494
3.4444375038146973
3.4436264038085938
3.44258713722229
3.4413578510284424
3.4399797916412354
3.4380600452423096
3.4359982013702393
3.434269428253174
3.432396650314331
3.430178642272949
3.428065061569214
3.4260575771331787
3.424450635910034
3.4230616092681885
3.4215316772460938
3.42024827003479
3.418992757797241
3.4178550243377686
3.416722536087036
3.415424108505249
3.4138128757476807
3.4120030403137207
3.409733295440674
3.4066901206970215
3.4031403064727783
3.399298667907715
3.3948731422424316
3.390078067779541
3.385244846343994
3.3798301219940186
3.374027967453003
3.3674824237823486
3.360428810119629
3.3531556129455566
3.3455986976623535
3.3381428718566895
3.330991744995117
3.3240318298339844
3.3174378871917725
3.31117844581604
3.3052077293395996
3.299447536468506
3.2936792373657227
3.28818416595459
3.283083438873291
3.2780251502990723
3.2728374004364014
3.2676455974578857
3.2625551223754883
3.2573883533477783
3.252206563949585
3.24704647064209
3.2417614459991455
3.2361631393432617
3.230469226837158
3.2246310710906982
3.218409776687622
3.2121527194976807
3.205278158187866
3.1987252235412598
3.1923112869262695
3.186288833618164
3.1807234287261963
3.1757400035858154
3.1713545322418213
3.1674814224243164
3.1644675731658936
3.1623289585113525
3.1609601974487305
3.1601145267486572
3.1599667072296143
3.1607649326324463
3.1624739170074463
3.16545033454895
3.1693053245544434
3.1739540100097656
3.179673433303833
3.1862432956695557
3.1929590702056885
3.199960708618164
3.2070324420928955
3.2140517234802246
3.2207858562469482
3.226980209350586
3.23276948928833
3.2381153106689453
3.243134021759033
3.2473912239074707
3.2514100074768066
3.255199670791626
3.258596181869507
3.2614293098449707
3.2641918659210205
3.266777515411377
3.269301652908325
3.2721898555755615
3.275604486465454
3.279320001602173
3.2831852436065674
3.287555694580078
3.292396068572998
3.2975010871887207
3.302978515625
3.308739185333252
3.31477427482605
3.3211944103240967
3.3276422023773193
3.3337652683258057
3.339709520339966
3.34567928314209
3.351219892501831
3.35634446144104
3.3607399463653564
3.3645219802856445
3.3680384159088135
3.371116876602173
3.373922109603882
3.376413345336914
3.378694772720337
3.3810229301452637
3.382798910140991
3.3842885494232178
3.3858585357666016
3.387110471725464
3.3879871368408203
3.3884737491607666
3.388827085494995
3.3890106678009033
3.3887598514556885
3.3876595497131348
3.3858861923217773
3.383876323699951
3.3815720081329346
3.378969669342041
3.3756909370422363
3.3721237182617188
3.367954730987549
3.3634848594665527
3.3587887287139893
3.3536536693573
3.347989797592163
3.341989278793335
3.335895538330078
3.329388380050659
3.322643995285034
3.3159842491149902
3.30949068069458
3.3031551837921143
3.296851873397827
3.290860176086426
3.2850089073181152
3.279461622238159
3.27435040473938
3.270095109939575
3.266594171524048
3.263989210128784
3.2623443603515625
3.2616703510284424
3.2619452476501465
3.263256788253784
3.2652177810668945
3.2679226398468018
3.2713074684143066
3.274998426437378
3.278792381286621
3.283090353012085
3.2876393795013428
3.2924296855926514
3.2975785732269287
3.3029637336730957
3.308326482772827
3.3138651847839355
3.319462776184082
3.325226068496704
3.33085298538208
3.336846113204956
3.3436615467071533
3.351243495941162
3.3593645095825195
3.367766857147217
3.3764755725860596
3.3853909969329834
3.3943679332733154
3.4036505222320557
3.412973642349243
3.4225361347198486
3.4318864345550537
3.4410717487335205
3.450263023376465
3.459350347518921
3.4685208797454834
3.477329969406128
3.4863638877868652
3.4956095218658447
3.5052406787872314
3.515359401702881
3.525552749633789
3.5354459285736084
3.5454041957855225
3.5552568435668945
3.5650522708892822
3.574780225753784
3.5841710567474365
3.593388795852661
3.602118968963623
3.6104094982147217
3.618154287338257
3.625497579574585
3.6325128078460693
3.6388862133026123
3.645087480545044
3.651116371154785
3.656724691390991
3.6620335578918457
3.6673223972320557
3.6723005771636963
3.677018404006958
3.6816985607147217
3.6864840984344482
3.690920352935791
3.6954102516174316
3.6994996070861816
3.7029716968536377
3.705970525741577
3.708737850189209
3.710973024368286
3.71268892288208
3.7137656211853027
3.7141358852386475
3.7136616706848145
3.712230920791626
3.709832191467285
3.706888198852539
3.7034451961517334
3.699246644973755
3.694606304168701
3.6894822120666504
3.684328556060791
3.6791019439697266
3.673588752746582
3.6683802604675293
3.6635701656341553
3.659348487854004
3.6554689407348633
3.651827573776245
3.6485414505004883
3.6460070610046387
3.643871545791626
3.6423511505126953
3.6410202980041504
3.639164686203003
3.6369874477386475
3.634655475616455
3.6319732666015625
3.629330635070801
3.6262073516845703
3.6223552227020264
3.6181273460388184
3.613546133041382
3.608598232269287
3.6035101413726807
3.598057746887207
3.5923116207122803
3.586580514907837
3.58103609085083
3.575836658477783
3.5711421966552734
3.567204475402832
3.56423282623291
3.562086582183838
3.560798168182373
3.560482978820801
3.5606589317321777
3.561398983001709
3.5627989768981934
3.564724922180176
3.567230224609375
3.5700011253356934
3.5731472969055176
3.576143980026245
3.579129457473755
3.58231520652771
3.5855722427368164
3.5889437198638916
3.5922911167144775
3.5957064628601074
3.5994222164154053
3.6026010513305664
3.6054155826568604
3.6079628467559814
3.6102232933044434
3.612788438796997
3.6153182983398438
3.618020534515381
3.620537757873535
3.623347282409668
3.6263136863708496
3.6295969486236572
3.6331193447113037
3.637244462966919
3.6420140266418457
3.647343158721924
3.6530585289001465
3.6588549613952637
3.6649954319000244
3.6713805198669434
3.6782596111297607
3.6848084926605225
3.691265821456909
3.6971778869628906
3.702347755432129
3.7066597938537598
3.7098000049591064
3.7117741107940674
3.7123589515686035
3.711699962615967
3.7099645137786865
3.7070014476776123
3.702653169631958
3.6970908641815186
3.690425157546997
3.6829721927642822
3.675114631652832
3.667172908782959
3.6595118045806885
3.651986837387085
3.6452176570892334
3.6389787197113037
3.6335599422454834
3.6289775371551514
3.6250782012939453
3.621907949447632
3.619525194168091
3.617966651916504
3.616671323776245
3.6153666973114014
3.614302635192871
3.6129817962646484
3.6112656593322754
3.609001636505127
3.6061596870422363
3.6029889583587646
3.5994479656219482
3.5954537391662598
3.591144561767578
3.5867772102355957
3.58233642578125
3.5778579711914062
3.573496103286743
3.5690934658050537
3.5645222663879395
3.5600664615631104
3.5559213161468506
3.5517449378967285
3.5476319789886475
3.5436112880706787
3.5398075580596924
3.535957098007202
3.5318315029144287
3.5279219150543213
3.5239531993865967
3.5202760696411133
3.516719341278076
3.5135159492492676
3.510395050048828
3.507354497909546
3.5044705867767334
3.5017333030700684
3.499096155166626
3.4963064193725586
3.493166446685791
3.4898104667663574
3.4861602783203125
3.4823567867279053
3.4781293869018555
3.473550319671631
3.4683895111083984
3.4630017280578613
3.457369565963745
3.4518003463745117
3.4459822177886963
3.4398000240325928
3.433741331100464
3.427887201309204
3.422468662261963
3.4176406860351562
3.413466691970825
3.409912586212158
3.407278537750244
3.4053494930267334
3.4041748046875
3.4036731719970703
3.403653144836426
3.404240131378174
3.405442714691162
3.4071879386901855
3.408996105194092
3.410991668701172
3.4131531715393066
3.41512131690979
3.4168460369110107
3.41847562789917
3.4194254875183105
3.419783592224121
3.4198803901672363
3.419260263442993
3.418278217315674
3.4168152809143066
3.4151408672332764
3.4131569862365723
3.410930633544922
3.4083237648010254
3.405412435531616
3.4023096561431885
3.398890256881714
3.3952956199645996
3.3919026851654053
3.388183116912842
3.3841121196746826
3.3799891471862793
3.3761069774627686
3.3721039295196533
3.3679420948028564
3.3636980056762695
3.3596408367156982
3.3558316230773926
3.3521127700805664
3.348067283630371
3.3439486026763916
3.3398592472076416
3.3358664512634277
3.33160138130188
3.327068567276001
3.3222012519836426
3.3171873092651367
3.3121652603149414
3.30673885345459
3.3012826442718506
3.2960078716278076
3.2906501293182373
3.2853269577026367
3.280189275741577
3.275251865386963
3.2707574367523193
3.2665538787841797
3.2628538608551025
3.2595772743225098
3.2570645809173584
3.2551209926605225
3.2538836002349854
3.253206491470337
3.2527875900268555
3.2526681423187256
3.2525391578674316
3.2524616718292236
3.252631902694702
3.252512216567993
3.2522945404052734
3.2520830631256104
3.251833438873291
3.251254081726074
3.2508184909820557
3.2503724098205566
3.2503209114074707
3.250455379486084
3.25055193901062
3.250837802886963
3.251465082168579
3.252448558807373
3.254148483276367
3.2564971446990967
3.259690046310425
3.263772487640381
3.268873691558838
3.2745373249053955
3.280812978744507
3.287663698196411
3.2951951026916504
3.3032066822052
3.311354637145996
3.319873094558716
3.3284623622894287
3.337022304534912
3.345669984817505
3.354130268096924
3.362351417541504
3.3701024055480957
3.3772621154785156
3.383962631225586
3.390228509902954
3.3957674503326416
3.4001941680908203
3.4039194583892822
3.4072983264923096
3.4103803634643555
3.4126806259155273
3.4148051738739014
3.416961193084717
3.4190890789031982
3.4212534427642822
3.4230499267578125
3.4245688915252686
3.4260599613189697
3.4276938438415527
3.429028272628784
3.4300742149353027
3.430718421936035
3.4310860633850098
3.431337594985962
3.430985689163208
3.4300920963287354
3.4288272857666016
3.427241802215576
3.42517352104187
3.422665596008301
3.41989803314209
3.417015552520752
3.414201498031616
3.4113175868988037
3.408208131790161
3.4048337936401367
3.4014785289764404
3.398016929626465
3.3944013118743896
3.3907554149627686
3.386847734451294
3.3828372955322266
3.378713369369507
3.374516725540161
3.370490550994873
3.3665168285369873
3.36272931098938
3.3589859008789062
3.355476140975952
3.3520543575286865
3.3485875129699707
3.345304489135742
3.3421082496643066
3.338862419128418
3.3356895446777344
3.3330821990966797
3.3308298587799072
3.328765869140625
3.326911687850952
3.3253445625305176
3.3236753940582275
3.3218882083892822
3.320223093032837
3.3189802169799805
3.317643165588379
3.3166656494140625
3.3156697750091553
3.3148396015167236
3.314329147338867
3.3141443729400635
3.3145251274108887
3.3153700828552246
3.3166344165802
3.318178415298462
3.319974184036255
3.321953058242798
3.324075937271118
3.3263816833496094
3.329296588897705
3.3327412605285645
3.3362643718719482
3.3398988246917725
3.3434741497039795
3.346677303314209
3.349839448928833
3.352649688720703
3.3552629947662354
3.357473373413086
3.3592312335968018
3.360722780227661
3.361724853515625
3.3623859882354736
3.3628218173980713
3.3631365299224854
3.363118886947632
3.3633487224578857
3.3634440898895264
3.3633956909179688
3.363555431365967
3.3639142513275146
3.3646323680877686
3.3653719425201416
3.3660383224487305
3.3664309978485107
3.367199182510376
3.367708444595337
3.367926836013794
3.367570161819458
3.36685848236084
3.3661444187164307
3.364955186843872
3.3634684085845947
3.362011194229126
3.360633373260498
3.3596608638763428
3.3589746952056885
3.3583931922912598
3.358142852783203
3.3582260608673096
3.3584048748016357
3.3587732315063477
3.3594207763671875
3.359928846359253
3.360262393951416
3.3604841232299805
3.360682249069214
3.361032009124756
3.3613181114196777
3.3611042499542236
3.360319137573242
3.358828544616699
3.356328010559082
3.3530266284942627
3.3490664958953857
3.3444669246673584
3.339561700820923
3.3348309993743896
3.329768657684326
3.3245491981506348
3.319253921508789
3.313988447189331
3.308554172515869
3.303252696990967
3.2983040809631348
3.293443441390991
3.288543224334717
3.283353567123413
3.277956247329712
3.272662878036499
3.267124891281128
3.261563539505005
3.255378007888794
3.249197483062744
3.2430288791656494
3.236853837966919
3.2310140132904053
3.225604772567749
3.220552682876587
3.216169834136963
3.2122769355773926
3.2091269493103027
3.206610679626465
3.2053141593933105
3.204911470413208
3.205831289291382
3.2073915004730225
3.210022449493408
3.213116407394409
3.216435194015503
3.2198991775512695
3.223248243331909
3.2264537811279297
3.2299129962921143
3.2338335514068604
3.2382304668426514
3.2429051399230957
3.2480006217956543
3.2535715103149414
3.259432077407837
3.265723943710327
3.272303819656372
3.27942156791687
3.286807060241699
3.294675350189209
3.302722930908203
3.310870885848999
3.3194077014923096
3.328310966491699
3.3371312618255615
3.346020221710205
3.3541955947875977
3.361691951751709
3.3686585426330566
3.37479829788208
3.3805997371673584
3.385519504547119
3.3896074295043945
3.3928029537200928
3.395278215408325
3.3969268798828125
3.3979287147521973
3.3979029655456543
3.396929979324341
3.3951525688171387
3.392712354660034
3.3899972438812256
3.3871543407440186
3.383936643600464
3.3803062438964844
3.376112937927246
3.371262788772583
3.365687131881714
3.359767436981201
3.3533716201782227
3.3463151454925537
3.338782548904419
3.33095383644104
3.3226866722106934
3.3141069412231445
3.305391788482666
3.296898126602173
3.28871750831604
3.28076434135437
3.273193597793579
3.265922784805298
3.25921630859375
3.253343105316162
3.2480945587158203
3.243335008621216
3.2388603687286377
3.234910488128662
3.231621742248535
3.228454351425171
3.225802421569824
3.2235119342803955
3.2216713428497314
3.2196130752563477
3.217967987060547
3.216661214828491
3.2155447006225586
3.2148730754852295
3.2146689891815186
3.214860439300537
3.2150192260742188
3.215733766555786
3.2170019149780273
3.218569040298462
3.220512866973877
3.2226550579071045
3.2254974842071533
3.228602170944214
3.232465982437134
3.2371084690093994
3.2422852516174316
3.2483620643615723
3.255002737045288
3.2622013092041016
3.2702040672302246
3.279130697250366
3.2886736392974854
3.298779010772705
3.3094117641448975
3.320300817489624
3.3313088417053223
3.3424503803253174
3.353837013244629
3.3652279376983643
3.376447916030884
3.3872194290161133
3.397742748260498
3.408299684524536
3.4188218116760254
3.429415464401245
3.4397132396698
3.4497735500335693
3.459627628326416
3.4693329334259033
3.4788365364074707
3.4880073070526123
3.497269868850708
3.5068023204803467
3.5163936614990234
3.5260367393493652
3.535759210586548
3.545675277709961
3.5557236671447754
3.5660252571105957
3.5760498046875
3.585681915283203
3.594836473464966
3.603452205657959
3.6115243434906006
3.6188411712646484
3.624753713607788
3.6294078826904297
3.6333353519439697
3.636558771133423
3.638925075531006
3.6405820846557617
3.6417102813720703
3.642143964767456
3.642136812210083
3.641876220703125
3.6413161754608154
3.6405861377716064
3.639726400375366
3.6388182640075684
3.637838363647461
3.636897563934326
3.6361002922058105
3.6354563236236572
3.6347479820251465
3.6342594623565674
3.6336748600006104
3.632855176925659
3.6318020820617676
3.630404233932495
3.628394365310669
3.625552177429199
3.6218767166137695
3.617387056350708
3.6119744777679443
3.605530261993408
3.5981907844543457
3.5901854038238525
3.5813148021698
3.5717520713806152
3.561995029449463
3.552351474761963
3.542853832244873
3.533454418182373
3.524444103240967
3.515883445739746
3.5077731609344482
3.500096321105957
3.4933345317840576
3.487255811691284
3.4817683696746826
3.476550340652466
3.471728563308716
3.4676320552825928
3.4639976024627686
3.4607162475585938
3.4575207233428955
3.4542641639709473
3.4513280391693115
3.4488625526428223
3.446686267852783
3.444612503051758
3.4423389434814453
3.4404993057250977
3.438986301422119
3.4373912811279297
3.436143398284912
3.4354140758514404
3.4352078437805176
3.4358763694763184
3.436974048614502
3.4385671615600586
3.440654754638672
3.4433071613311768
3.4465579986572266
3.450258493423462
3.4545865058898926
3.459564447402954
3.465203046798706
3.4712142944335938
3.4777112007141113
3.4845261573791504
3.4915237426757812
3.4990389347076416
3.5071284770965576
3.515194892883301
3.5232090950012207
3.531341791152954
3.539374351501465
3.5472452640533447
3.555264472961426
3.562810182571411
3.570204019546509
3.576911211013794
3.582955837249756
3.5884218215942383
3.593872308731079
3.5994906425476074
3.604963541030884
3.610353469848633
3.61608624458313
3.6220688819885254
3.6282708644866943
3.634645462036133
3.641099691390991
3.647658586502075
3.654278516769409
3.6604299545288086
3.6661176681518555
3.6715333461761475
3.676633596420288
3.681171178817749
3.6849918365478516
3.6878528594970703
3.6895854473114014
3.690375804901123
3.689997434616089
3.6886579990386963
3.6860854625701904
3.682835340499878
3.678593397140503
3.6737515926361084
3.6685101985931396
3.6628592014312744
3.6568639278411865
3.6506903171539307
3.644779682159424
3.6388814449310303
3.633171796798706
3.6278390884399414
3.622636318206787
3.617661237716675
3.6128721237182617
3.6087207794189453
3.604658365249634
3.6005237102508545
3.596691370010376
3.5930356979370117
3.5892159938812256
3.5852041244506836
3.581104278564453
3.5766782760620117
3.571892499923706
3.5665338039398193
3.560577392578125
3.5537304878234863
3.5464885234832764
3.538954734802246
3.530761480331421
3.5225110054016113
3.514232635498047
3.505802631378174
3.4974019527435303
3.489194869995117
3.481252670288086
3.4737541675567627
3.466527223587036
3.45989990234375
3.453916072845459
3.4485251903533936
3.443906307220459
3.4395394325256348
3.4356372356414795
3.432610034942627
3.4298222064971924
3.42732310295105
3.425136089324951
3.4230473041534424
3.420696973800659
3.4181597232818604
3.4156007766723633
3.412673234939575
3.409092664718628
3.404836416244507
3.399930477142334
3.394174814224243
3.3878443241119385
3.3809099197387695
3.3737640380859375
3.3666982650756836
3.3596508502960205
3.352780818939209
3.3464787006378174
3.340811014175415
3.3358306884765625
3.331413507461548
3.327845811843872
3.325101613998413
3.3232109546661377
3.321753978729248
3.320899248123169
3.3203697204589844
3.3204619884490967
3.32086443901062
3.3213963508605957
3.3222031593322754
3.3231678009033203
3.323909044265747
3.3245620727539062
3.325218439102173
3.325711488723755
3.3258495330810547
3.3259854316711426
3.326190710067749
3.326260805130005
3.326552629470825
3.3269171714782715
3.3277440071105957
3.3287718296051025
3.3301002979278564
3.3315770626068115
3.333615303039551
3.3357372283935547
3.337887763977051
3.339974880218506
3.341830015182495
3.3436543941497803
3.3458173274993896
3.3482375144958496
3.351015090942383
3.354358196258545
3.3579535484313965
3.3618178367614746
3.3659613132476807
3.370253086090088
3.374505043029785
3.3785855770111084
3.38262939453125
3.386530637741089
3.3900227546691895
3.3935258388519287
3.396807909011841
3.3996238708496094
3.401843786239624
3.4038052558898926
3.405245780944824
3.406409978866577
3.4067575931549072
3.40647292137146
3.4059512615203857
3.4049925804138184
3.40403413772583
3.403050422668457
3.4017512798309326
3.4009056091308594
3.4004859924316406
3.400615930557251
3.401684522628784
3.403379440307617
3.4059154987335205
3.4091506004333496
3.4133007526397705
3.418247699737549
3.423799753189087
3.4297797679901123
3.43611741065979
3.442131280899048
3.447866439819336
3.453148365020752
3.4577999114990234
3.462177038192749
3.466068744659424
3.4692203998565674
3.472057819366455
3.4744904041290283
3.4763972759246826
3.4778289794921875
3.4786794185638428
3.4793126583099365
3.4799230098724365
3.4804039001464844
3.4811618328094482
3.482682943344116
3.4851419925689697
3.488398551940918
3.4921000003814697
3.496593713760376
3.5017457008361816
3.507746934890747
3.5142838954925537
3.520914077758789
3.5278842449188232
3.535080671310425
3.542120933532715
3.548780679702759
3.55499529838562
3.560839891433716
3.5659987926483154
3.5704166889190674
3.574455499649048
3.5778472423553467
3.5807175636291504
3.582669973373413
3.5840835571289062
3.5850296020507812
3.585500478744507
3.5856525897979736
3.5858230590820312
3.5860652923583984
3.586986780166626
3.5885422229766846
3.5906052589416504
3.593458414077759
3.59679913520813
3.6004223823547363
3.6042234897613525
3.6082868576049805
3.612474203109741
3.6172218322753906
3.6224820613861084
3.628131628036499
3.633894205093384
3.639533042907715
3.6452512741088867
3.6508588790893555
3.656560182571411
3.6621758937835693
3.667586326599121
3.6726016998291016
3.6775643825531006
3.6822423934936523
3.686600685119629
3.6905529499053955
3.6942763328552246
3.69783353805542
3.7010247707366943
3.703909397125244
3.706674098968506
3.7091476917266846
3.7115020751953125
3.7141001224517822
3.716949224472046
3.7199621200561523
3.723191022872925
3.7265570163726807
3.729886054992676
3.7335660457611084
3.737318754196167
3.7412567138671875
3.745100736618042
3.748840093612671
3.7523484230041504
3.7554099559783936
3.7579894065856934
3.7599925994873047
3.7614235877990723
3.762500524520874
3.7632155418395996
3.7637364864349365
3.763476848602295
3.7626092433929443
3.7615036964416504
3.7600021362304688
3.757838249206543
3.7553584575653076
3.7523927688598633
3.74924898147583
3.746032238006592
3.7423789501190186
3.7381818294525146
3.733566999435425
3.7288882732391357
3.723834991455078
3.7187516689300537
3.713441848754883
3.707717180252075
3.7015089988708496
3.6948142051696777
3.6881837844848633
3.6816887855529785
3.674952507019043
3.667693853378296
3.6602776050567627
3.65254545211792
3.6447291374206543
3.6366827487945557
3.628631353378296
3.6202471256256104
3.61177921295166
3.603257894515991
3.594820261001587
3.5863451957702637
3.5779147148132324
3.569634437561035
3.5617880821228027
3.5544347763061523
3.5476036071777344
3.541626214981079
3.5362274646759033
3.531508684158325
3.527653455734253
3.5246877670288086
3.5225024223327637
3.5208232402801514
3.5194997787475586
3.518143653869629
3.5168981552124023
3.515145778656006
3.5131325721740723
3.5111472606658936
3.508711814880371
3.5054330825805664
3.5012896060943604
3.496436357498169
3.4910202026367188
3.4850614070892334
3.4785473346710205
3.4715001583099365
3.464272975921631
3.45745587348938
3.450965166091919
3.4449117183685303
3.439485788345337
3.434847593307495
3.431145668029785
3.4287283420562744
3.427643299102783
3.4277682304382324
3.428861379623413
3.4306530952453613
3.433274745941162
3.4364264011383057
3.4398910999298096
3.443871021270752
3.447727918624878
3.4508485794067383
3.453256845474243
3.454944133758545
3.4558589458465576
3.4558565616607666
3.455212116241455
3.45430326461792
3.4531636238098145
3.4519755840301514
3.4510161876678467
3.450591564178467
3.450979709625244
3.4523282051086426
3.4546241760253906
3.457467555999756
3.4610490798950195
3.4650869369506836
3.469989538192749
3.4760162830352783
3.4825737476348877
3.489325761795044
3.4966976642608643
3.504058361053467
3.5112733840942383
3.5179572105407715
3.524339199066162
3.530057668685913
3.5356032848358154
3.540679931640625
3.5450942516326904
3.5489230155944824
3.552377223968506
3.555443525314331
3.558026075363159
3.5605521202087402
3.5630321502685547
3.5653433799743652
3.567298650741577
3.5693845748901367
3.5717368125915527
3.5739617347717285
3.5759994983673096
3.578183650970459
3.5799314975738525
3.5811872482299805
3.5819478034973145
3.5825319290161133
3.5828516483306885
3.5828473567962646
3.582707166671753
3.5825135707855225
3.5820181369781494
3.580885648727417
3.579439163208008
3.5781099796295166
3.576718330383301
3.5756824016571045
3.575035572052002
3.5748186111450195
3.5746207237243652
3.5741209983825684
3.573427677154541
3.5723938941955566
3.570732831954956
3.5684428215026855
3.5654847621917725
3.5615580081939697
3.5566751956939697
3.550687074661255
3.543896436691284
3.5367157459259033
3.529287099838257
3.52156925201416
3.513714551925659
3.5060698986053467
3.49831223487854
3.49074125289917
3.484029531478882
3.4778318405151367
3.472200393676758
3.467299699783325
3.463160991668701
3.459951877593994
3.4574899673461914
3.4556915760040283
3.4545469284057617
3.453568696975708
3.4523682594299316
3.4506142139434814
3.448650360107422
3.4464986324310303
3.4439494609832764
3.440967321395874
3.4375216960906982
3.4336607456207275
3.429030179977417
3.424237012863159
3.4190289974212646
3.4136736392974854
3.408501386642456
3.403576135635376
3.3990118503570557
3.3947601318359375
3.3908474445343018
3.387547492980957
3.384857177734375
3.382915496826172
3.381373882293701
3.3802859783172607
3.379861354827881
3.379676342010498
3.3796939849853516
3.3798372745513916
3.3802058696746826
3.3808040618896484
3.381676197052002
3.3825950622558594
3.3835251331329346
3.384364366531372
3.385305166244507
3.3862686157226562
3.3873820304870605
3.388291358947754
3.3893067836761475
3.390491008758545
3.392122745513916
3.3942298889160156
3.3965795040130615
3.399279832839966
3.4022622108459473
3.405654191970825
3.409830093383789
3.4146034717559814
3.419715404510498
3.42533278465271
3.431546449661255
3.4387435913085938
3.446354866027832
3.4541847705841064
3.462183713912964
3.4701900482177734
3.4782862663269043
3.486380100250244
3.4942421913146973
3.5017921924591064
3.5086216926574707
3.514885902404785
3.5206706523895264
3.526371479034424
3.5311081409454346
3.535065174102783
3.538564443588257
3.5417323112487793
3.5444116592407227
3.54728364944458
3.5503599643707275
3.554023027420044
3.5583548545837402
3.5634493827819824
3.5694665908813477
3.5762460231781006
3.583784580230713
3.5919699668884277
3.600543737411499
3.60921311378479
3.6177077293395996
3.6259145736694336
3.63360857963562
3.640549421310425
3.646522283554077
3.6513662338256836
3.6555726528167725
3.659144163131714
3.6617422103881836
3.6635918617248535
3.664804220199585
3.6652143001556396
3.6649935245513916
3.6645641326904297
3.6642391681671143
3.6642391681671143
3.6646578311920166
3.6657497882843018
3.667553186416626
3.6698286533355713
3.6723098754882812
3.675274610519409
3.6783509254455566
3.681523323059082
3.684577703475952
3.6869308948516846
3.6885011196136475
3.6894686222076416
3.690140962600708
3.6905417442321777
3.6905531883239746
3.6904590129852295
3.690340995788574
3.690312623977661
3.6903042793273926
3.690930128097534
3.6922311782836914
3.694124698638916
3.696563482284546
3.699960231781006
3.7043039798736572
3.7088913917541504
3.713477849960327
3.7178280353546143
3.722059488296509
3.725477695465088
3.7278192043304443
3.729581594467163
3.730743646621704
3.7311086654663086
3.7308621406555176
3.7300333976745605
3.72904109954834
3.7284650802612305
3.7281370162963867
3.7280755043029785
3.7285337448120117
3.7296411991119385
3.7320878505706787
3.7355432510375977
3.7400455474853516
3.745680570602417
3.7519795894622803
3.7586822509765625
3.7655508518218994
3.7725512981414795
3.7793595790863037
3.785856008529663
3.791590452194214
3.7969532012939453
3.8019185066223145
3.8062500953674316
3.809980630874634
3.813152313232422
3.815683126449585
3.8177995681762695
3.8194656372070312
3.820739507675171
3.8218674659729004
3.822777271270752
3.8232462406158447
3.823971748352051
3.8247108459472656
3.8252687454223633
3.8255839347839355
3.8255906105041504
3.8255603313446045
3.8252665996551514
3.824838399887085
3.824101209640503
3.8232200145721436
3.8224337100982666
3.8216710090637207
3.820657253265381
3.8194921016693115
3.8182249069213867
3.8171191215515137
3.816093683242798
3.8150694370269775
3.8138790130615234
3.8127036094665527
3.811314821243286
3.8094847202301025
3.8074111938476562
3.805241107940674
3.802734136581421
3.799609661102295
3.7961313724517822
3.7921833992004395
3.788085460662842
3.7840473651885986
3.779960870742798
3.7757229804992676
3.771878719329834
3.768235445022583
3.764981269836426
3.762526750564575
3.7606005668640137
3.7595760822296143
3.7595345973968506
3.760371685028076
3.761957883834839
3.764497756958008
3.767759323120117
3.7710015773773193
3.774317741394043
3.7779057025909424
3.781416416168213
3.7842068672180176
3.7867212295532227
3.788602828979492
3.7901694774627686
3.791161060333252
3.7915477752685547
3.791781187057495
3.791510820388794
3.7909767627716064
3.79006290435791
3.788705348968506
3.78737735748291
3.7859084606170654
3.784165620803833
3.7817881107330322
3.779245138168335
3.776049852371216
3.7724244594573975
3.768148183822632
3.7635247707366943
3.7585718631744385
3.7531614303588867
3.747518539428711
3.7416934967041016
3.7358484268188477
3.7302072048187256
3.725034236907959
3.7207212448120117
3.7171247005462646
3.7144858837127686
3.7127268314361572
3.7119054794311523
3.7116940021514893
3.711817502975464
3.711886167526245
3.7115821838378906
3.7108917236328125
3.709047555923462
3.706040382385254
3.701627254486084
3.695629835128784
3.688363790512085
3.6798624992370605
3.670048713684082
3.659121036529541
3.6476902961730957
3.636073589324951
3.6251628398895264
3.614938497543335
3.605219602584839
3.5964412689208984
3.588900089263916
3.58306884765625
3.5788350105285645
3.57599139213562
3.5743978023529053
3.573961019515991
3.5742859840393066
3.5751352310180664
3.575836658477783
3.57593035697937
3.575382947921753
3.5740599632263184
3.5719728469848633
3.5688469409942627
3.5645811557769775
3.5593972206115723
3.553921937942505
3.5487160682678223
3.5438308715820312
3.5394420623779297
3.536207914352417
3.534113645553589
3.53356671333313
3.534620761871338
3.537032127380371
3.5406320095062256
3.5455358028411865
3.551483631134033
3.557563304901123
3.5638022422790527
3.569934606552124
3.5756185054779053
3.5804603099823
3.5838875770568848
3.585969924926758
3.586306571960449
3.585338592529297
3.583268404006958
3.580059766769409
3.5764353275299072
3.572362184524536
3.5682101249694824
3.5642471313476562
3.560655117034912
3.5577070713043213
3.5554237365722656
3.5537514686584473
3.5527262687683105
3.5526275634765625
3.5530290603637695
3.5539348125457764
3.5547571182250977
3.555929660797119
3.5570437908172607
3.5580995082855225
3.5590269565582275
3.5599184036254883
3.5611753463745117
3.5629634857177734
3.5649685859680176
3.567256450653076
3.5698907375335693
3.5727713108062744
3.57576060295105
3.578911542892456
3.5821101665496826
3.5850446224212646
3.587418794631958
3.5890586376190186
3.589566946029663
3.5893003940582275
3.587919235229492
3.5856120586395264
3.5822532176971436
3.5783932209014893
3.574273109436035
3.569888114929199
3.5656375885009766
3.5617690086364746
3.5584452152252197
3.555851936340332
3.554215908050537
3.5536184310913086
3.5539681911468506
3.5555334091186523
3.558143377304077
3.5616514682769775
3.565650701522827
3.5698349475860596
3.5738677978515625
3.5775911808013916
3.580674171447754
3.5822649002075195
3.582637310028076
3.5816025733947754
3.5792324542999268
3.575786828994751
3.5712409019470215
3.5660409927368164
3.560208797454834
3.554283857345581
3.548734188079834
3.5434625148773193
3.539052963256836
3.5356879234313965
3.5332014560699463
3.531397581100464
3.530308485031128
3.5298309326171875
3.5294084548950195
3.529215097427368
3.5288267135620117
3.5280306339263916
3.5268990993499756
3.52493953704834
3.522261381149292
3.5190062522888184
3.5154643058776855
3.511584997177124
3.5072522163391113
3.502671003341675
3.498256206512451
3.4940764904022217
3.4901506900787354
3.4866247177124023
3.4832398891448975
3.4797885417938232
3.4767637252807617
3.473811149597168
3.4711198806762695
3.4685075283050537
3.4662981033325195
3.464232921600342
3.462463140487671
3.4607648849487305
3.4587562084198
3.457151174545288
3.455876111984253
3.455065965652466
3.4549267292022705
3.455453872680664
3.4567816257476807
3.4589550495147705
3.4623913764953613
3.466968059539795
3.4725582599639893
3.4790589809417725
3.4863994121551514
3.4938411712646484
3.5012543201446533
3.5084359645843506
3.5150303840637207
3.5208969116210938
3.5261452198028564
3.5302772521972656
3.5335843563079834
3.5356078147888184
3.5364136695861816
3.5359883308410645
3.5345067977905273
3.532296657562256
3.529526948928833
3.526695489883423
3.524125099182129
3.521949052810669
3.5201282501220703
3.518751621246338
3.5176141262054443
3.516085624694824
3.514681577682495
3.5130128860473633
3.5111069679260254
3.509122371673584
3.506584405899048
3.503422975540161
3.4994864463806152
3.494839906692505
3.489170789718628
3.4826531410217285
3.4755663871765137
3.467953681945801
3.459995746612549
3.4516422748565674
3.4432718753814697
3.4349822998046875
3.4267640113830566
3.4186503887176514
3.4107630252838135
3.4031262397766113
3.39550518989563
3.3879425525665283
3.380504846572876
3.3730578422546387
3.365701675415039
3.3584794998168945
3.3512890338897705
3.3442609310150146
3.3378796577453613
3.331894874572754
3.3260560035705566
3.3206756114959717
3.3155601024627686
3.3108952045440674
3.306652545928955
3.303253650665283
3.300319194793701
3.2974016666412354
3.294508695602417
3.2915258407592773
3.288789749145508
3.285982370376587
3.283184766769409
3.280301570892334
3.277196168899536
3.274331569671631
3.2718875408172607
3.2697250843048096
3.2677345275878906
3.2663819789886475
3.2656595706939697
3.265242338180542
3.264953374862671
3.264817953109741
3.2650389671325684
3.2658636569976807
3.2669105529785156
3.26790452003479
3.2687416076660156
3.2693238258361816
3.2698984146118164
3.270343065261841
3.270169734954834
3.269892930984497
3.2691493034362793
3.267620801925659
3.265387773513794
3.2626149654388428
3.2598791122436523
3.2570102214813232
3.2542319297790527
3.2517800331115723
3.249629020690918
3.2477152347564697
3.246478319168091
3.2456374168395996
3.2452123165130615
3.244936943054199
3.2451963424682617
3.2460434436798096
3.2471632957458496
3.248375415802002
3.2494375705718994
3.2506582736968994
3.252002477645874
3.253326654434204
3.2543821334838867
3.255333185195923
3.2559080123901367
3.2561261653900146
3.256131649017334
3.2559866905212402
3.2556891441345215
3.25532865524292
3.2547738552093506
3.2543187141418457
3.253901243209839
3.253682851791382
3.253758430480957
3.2539196014404297
3.254084348678589
3.254232883453369
3.254420280456543
3.25434947013855
3.2545535564422607
3.2546284198760986
3.254958152770996
3.255542516708374
3.2558417320251465
3.256244659423828
3.25647234916687
3.2566452026367188
3.2571258544921875
3.25783634185791
3.258995294570923
3.2601962089538574
3.2620041370391846
3.264045476913452
3.2660491466522217
3.26835036277771
3.2710137367248535
3.2739338874816895
3.276671886444092
3.27895450592041
3.2812838554382324
3.283503770828247
3.2856414318084717
3.2878546714782715
3.290328025817871
3.2932169437408447
3.2965264320373535
3.3000645637512207
3.3039023876190186
3.3083369731903076
3.313263416290283
3.3189878463745117
3.3253650665283203
3.332336187362671
3.3404409885406494
3.3494033813476562
3.358922243118286
3.3686373233795166
3.378382682800293
3.388087749481201
3.3974149227142334
3.406689405441284
3.4156198501586914
3.4243123531341553
3.4325668811798096
3.4405124187469482
3.4484713077545166
3.4564902782440186
3.4642999172210693
3.472323417663574
3.4806113243103027
3.4893698692321777
3.498598575592041
3.508575677871704
3.5194625854492188
3.5306856632232666
3.542933702468872
3.556077480316162
3.569561243057251
3.5831522941589355
3.5965609550476074
3.6095755100250244
3.6222641468048096
3.6346778869628906
3.6466612815856934
3.6579196453094482
3.6681649684906006
3.6774473190307617
3.6857550144195557
3.693474531173706
3.7003798484802246
3.7064321041107178
3.7118096351623535
3.71671462059021
3.721221923828125
3.7252581119537354
3.7288591861724854
3.7320034503936768
3.734771251678467
3.73732328414917
3.739633083343506
3.7413442134857178
3.7422590255737305
3.74212908744812
3.7410364151000977
3.739030122756958
3.7359023094177246
3.7321927547454834
3.7275397777557373
3.7221806049346924
3.7159957885742188
3.7089426517486572
3.7012131214141846
3.693002700805664
3.6846680641174316
3.676424503326416
3.6682653427124023
3.660460948944092
3.653400421142578
3.6467959880828857
3.640568733215332
3.634798288345337
3.628993272781372
3.622854709625244
3.616281032562256
3.60945463180542
3.602348804473877
3.594348430633545
3.5856590270996094
3.5764942169189453
3.567168951034546
3.5576729774475098
3.548163890838623
3.5387866497039795
3.5296618938446045
3.520911693572998
3.5128464698791504
3.5055713653564453
3.499177932739258
3.4936683177948
3.4888877868652344
3.4850411415100098
3.4815735816955566
3.4784321784973145
3.475444793701172
3.4722626209259033
3.4689102172851562
3.465320348739624
3.4614150524139404
3.4569714069366455
3.4519572257995605
3.446324110031128
3.4405760765075684
3.434584379196167
3.428345203399658
3.4225354194641113
3.416771411895752
3.4114139080047607
3.4066760540008545
3.4025683403015137
3.399251937866211
3.397080659866333
3.3958373069763184
3.39511775970459
3.395287036895752
3.39603328704834
3.397590398788452
3.3998892307281494
3.40297532081604
3.4064717292785645
3.4108452796936035
3.4160048961639404
3.4217138290405273
3.4283792972564697
3.436237335205078
3.444821357727051
3.4538066387176514
3.46370530128479
3.4743027687072754
3.48561692237854
3.4970197677612305
3.508310317993164
3.5197017192840576
3.530874490737915
3.541607618331909
3.55153226852417
3.5604522228240967
3.568575620651245
3.5761542320251465
3.5828986167907715
3.5891611576080322
3.59486722946167
3.6005706787109375
3.6061434745788574
3.611908197402954
3.618384838104248
3.6257152557373047
3.634204626083374
3.6437571048736572
3.6545560359954834
3.6663730144500732
3.6787421703338623
3.691774606704712
3.7048304080963135
3.7172670364379883
3.7288191318511963
3.7392044067382812
3.7485544681549072
3.7566933631896973
3.763798236846924
3.7701797485351562
3.775844097137451
3.7807812690734863
3.785299301147461
3.78926682472229
3.792884588241577
3.7967875003814697
3.8009085655212402
3.8052518367767334
3.8098039627075195
3.8145787715911865
3.8196675777435303
3.8254430294036865
3.8313841819763184
3.8374710083007812
3.843409538269043
3.8492047786712646
3.8540282249450684
3.8577768802642822
3.8607540130615234
3.862499475479126
3.863083600997925
3.8622231483459473
3.859966993331909
3.8564107418060303
3.851766586303711
3.846505641937256
3.8407528400421143
3.8348233699798584
3.828772783279419
3.822873830795288
3.817429304122925
3.8125689029693604
3.808525800704956
3.805536985397339
3.8034420013427734
3.802117109298706
3.8010551929473877
3.8004019260406494
3.799917221069336
3.7996318340301514
3.7993690967559814
3.799193859100342
3.799070358276367
3.7986462116241455
3.797875165939331
3.796666383743286
3.7954306602478027
3.7943296432495117
3.7932729721069336
3.792339324951172
3.791358709335327
3.790407657623291
3.789411783218384
3.7883996963500977
3.787306547164917
3.786299228668213
3.785229444503784
3.784095048904419
3.7831969261169434
3.7822015285491943
3.781364917755127
3.780733108520508
3.7806365489959717
3.780851364135742
3.781285524368286
3.78245210647583
3.784296989440918
3.787196636199951
3.791102170944214
3.796225070953369
3.8020286560058594
3.808825731277466
3.816605806350708
3.824847459793091
3.833261489868164
3.8419649600982666
3.850872755050659
3.85957407951355
3.867888927459717
3.8757688999176025
3.883310317993164
3.8905391693115234
3.8970000743865967
3.9032132625579834
3.909147262573242
3.9147346019744873
3.9203646183013916
3.9257636070251465
3.9311094284057617
3.936650037765503
3.9423975944519043
3.9484097957611084
3.9540622234344482
3.959486246109009
3.9643514156341553
3.9684395790100098
3.971937417984009
3.9747488498687744
3.9766550064086914
3.9775991439819336
3.977804183959961
3.97708797454834
3.9758036136627197
3.973466157913208
3.970592498779297
3.9673473834991455
3.9638946056365967
3.959702730178833
3.9554879665374756
3.951202392578125
3.9467647075653076
3.941814422607422
3.936432361602783
3.9308931827545166
3.9250524044036865
3.9188880920410156
3.912627935409546
3.906209707260132
3.8992042541503906
3.892089366912842
3.884550094604492
3.8763625621795654
3.867791175842285
3.8588404655456543
3.8495543003082275
3.8401222229003906
3.830955982208252
3.822349786758423
3.8140058517456055
3.8060224056243896
3.798870801925659
3.7926721572875977
3.786900281906128
3.781761407852173
3.77705979347229
3.772522211074829
3.7680346965789795
3.7634506225585938
3.7585747241973877
3.7529497146606445
3.746797800064087
3.7401058673858643
3.7331387996673584
3.7257189750671387
3.7178874015808105
3.7099034786224365
3.7020957469940186
3.6945815086364746
3.687756061553955
3.6816253662109375
3.6762466430664062
3.671725034713745
3.6680774688720703
3.665271759033203
3.6632492542266846
3.662334680557251
3.662238121032715
3.662842273712158
3.6639211177825928
3.665175199508667
3.6662392616271973
3.6670479774475098
3.667435884475708
3.6673314571380615
3.667119264602661
3.666898012161255
3.6664466857910156
3.6660654544830322
3.6657891273498535
3.6656594276428223
3.6654741764068604
3.6653711795806885
3.6654269695281982
3.665712356567383
3.666271924972534
3.666949510574341
3.6677587032318115
3.6683082580566406
3.6683642864227295
3.6677935123443604
3.6669182777404785
3.665689706802368
3.6638758182525635
3.6615474224090576
3.6587562561035156
3.6554179191589355
3.6517438888549805
3.6479623317718506
3.6445469856262207
3.6413183212280273
3.6386513710021973
3.6367342472076416
3.6356940269470215
3.635498523712158
3.6359004974365234
3.6368699073791504
3.6380362510681152
3.6392550468444824
3.64035701751709
3.641477108001709
3.6420843601226807
3.642148971557617
3.6414132118225098
3.640045642852783
3.637613296508789
3.6342575550079346
3.630082130432129
3.6250743865966797
3.619450330734253
3.613541841506958
3.6079790592193604
3.6029884815216064
3.598742723464966
3.5952255725860596
3.5926918983459473
3.5909364223480225
3.5897018909454346
3.5888988971710205
3.5885918140411377
3.588575839996338
3.5881447792053223
3.587202310562134
3.5857720375061035
3.5836284160614014
3.580617666244507
3.57675838470459
3.57185435295105
3.56613826751709
3.559415102005005
3.552067279815674
3.5441441535949707
3.5357472896575928
3.5266170501708984
3.5173051357269287
3.507866382598877
3.498633861541748
3.4899842739105225
3.4818267822265625
3.473907232284546
3.4663195610046387
3.4590539932250977
3.4518415927886963
3.4445531368255615
3.437427520751953
3.430793285369873
3.4245212078094482
3.4183156490325928
3.413066864013672
3.4084413051605225
3.404395341873169
3.400907039642334
3.3981242179870605
3.396066188812256
3.3947200775146484
3.3937156200408936
3.393012285232544
3.3927457332611084
3.392366647720337
3.3918111324310303
3.3912510871887207
3.3905892372131348
3.389498710632324
3.388279914855957
3.386698007583618
3.384779691696167
3.382725477218628
3.3806276321411133
3.3783090114593506
3.3761677742004395
3.3742141723632812
3.3727266788482666
3.3717377185821533
3.3715641498565674
3.3719747066497803
3.3734703063964844
3.376194715499878
3.38004994392395
3.384657382965088
3.3902504444122314
3.3967127799987793
3.4039008617401123
3.411022186279297
3.417905569076538
3.4248340129852295
3.4311680793762207
3.436924457550049
3.441804885864258
3.4454686641693115
3.447951555252075
3.44901442527771
3.448824167251587
3.447834014892578
3.4462010860443115
3.443918466567993
3.4410746097564697
3.4377777576446533
3.4343104362487793
3.4312915802001953
3.428891181945801
3.427211046218872
3.4260799884796143
3.425676107406616
3.426079034805298
3.4268271923065186
3.428210735321045
3.4303410053253174
3.432830333709717
3.435810089111328
3.4390501976013184
3.442699909210205
3.4468772411346436
3.451497793197632
3.4566099643707275
3.462083339691162
3.4679970741271973
3.474048137664795
3.4801692962646484
3.4865100383758545
3.492687463760376
3.4983561038970947
3.5039138793945312
3.5092337131500244
3.513887405395508
3.5179693698883057
3.521976947784424
3.5256528854370117
3.529407501220703
3.532775402069092
3.5358667373657227
3.539196252822876
3.5427708625793457
3.5469489097595215
3.551286220550537
3.5560920238494873
3.5611319541931152
3.5663039684295654
3.5721030235290527
3.5782687664031982
3.5847461223602295
3.5912113189697266
3.5978188514709473
3.604240894317627
3.610799789428711
3.6174912452697754
3.6238582134246826
3.6298980712890625
3.635636568069458
3.6412928104400635
3.646674156188965
3.651606559753418
3.6561102867126465
3.6603076457977295
3.66442608833313
3.668717384338379
3.6730799674987793
3.6772310733795166
3.6811115741729736
3.68495512008667
3.6886215209960938
3.6926302909851074
3.6965253353118896
3.699829339981079
3.703092575073242
3.705920457839966
3.708287239074707
3.7103633880615234
3.711721897125244
3.7123043537139893
3.7121710777282715
3.7115979194641113
3.7104263305664062
3.7086334228515625
3.7063567638397217
3.703672170639038
3.70084285736084
3.697812080383301
3.694847583770752
3.6915507316589355
3.687823534011841
3.684122323989868
3.680659532546997
3.677523612976074
3.674323320388794
3.6713974475860596
3.6690399646759033
3.666926383972168
3.6648547649383545
3.662943124771118
3.6613218784332275
3.659724235534668
3.658031702041626
3.6561973094940186
3.654104471206665
3.6517021656036377
3.649177312850952
3.646348714828491
3.642906665802002
3.6391189098358154
3.634615421295166
3.629558801651001
3.623811960220337
3.617666482925415
3.61130690574646
3.6050326824188232
3.598667621612549
3.592198610305786
3.5854759216308594
3.5786852836608887
3.5720913410186768
3.565372943878174
3.558439254760742
3.5511720180511475
3.543778419494629
3.5359861850738525
3.527827024459839
3.519258975982666
3.5103671550750732
3.501471996307373
3.4922726154327393
3.4824342727661133
3.472383499145508
3.4622995853424072
3.4522862434387207
3.4421298503875732
3.432480573654175
3.4232234954833984
3.414717435836792
3.406618356704712
3.3986613750457764
3.3909130096435547
3.383364200592041
3.3758018016815186
3.368236541748047
3.360914707183838
3.3539838790893555
3.3470468521118164
3.3400819301605225
3.332782745361328
3.3254525661468506
3.318464517593384
3.3115649223327637
3.3049583435058594
3.298511505126953
3.2922656536102295
3.286444902420044
3.280531167984009
3.274691343307495
3.269160270690918
3.263939380645752
3.258796453475952
3.253539562225342
3.248526096343994
3.2435171604156494
3.2383666038513184
3.232905626296997
3.227214813232422
3.221003532409668
3.2144722938537598
3.2071473598480225
3.1997225284576416
3.1917660236358643
3.1834239959716797
3.174954891204834
3.1666347980499268
3.1585001945495605
3.150617837905884
3.1430211067199707
3.1360044479370117
3.129685878753662
3.1240432262420654
3.1191797256469727
3.1152114868164062
3.1117985248565674
3.1087937355041504
3.1057851314544678
3.102754592895508
3.0999011993408203
3.096802234649658
3.0934102535247803
3.0897042751312256
3.085620880126953
3.0812928676605225
3.076564073562622
3.0714683532714844
3.0660722255706787
3.0603229999542236
3.0543341636657715
3.0481786727905273
3.041825294494629
3.035301923751831
3.0285797119140625
3.0222742557525635
3.0162858963012695
3.010593891143799
3.0054991245269775
3.0008857250213623
2.9970498085021973
2.993713855743408
2.990891218185425
2.9886152744293213
2.986603021621704
2.984790802001953
2.9833831787109375
2.982605457305908
2.982145071029663
2.98211407661438
2.982292652130127
2.9829421043395996
2.983870506286621
2.9849696159362793
2.9865143299102783
2.988645076751709
2.990953207015991
2.9936745166778564
2.9964547157287598
2.99991774559021
3.003877639770508
3.0082952976226807
3.013282537460327
3.0188522338867188
3.0250332355499268
3.0321552753448486
3.039897918701172
3.0484235286712646
3.0575008392333984
3.0668649673461914
3.0764870643615723
3.086026430130005
3.095660448074341
3.1052234172821045
3.1151351928710938
3.125185251235962
3.134921073913574
3.144254684448242
3.152902841567993
3.1609058380126953
3.168285369873047
3.175194501876831
3.1816346645355225
3.1879255771636963
3.1942150592803955
3.2003395557403564
3.206043243408203
3.2112815380096436
3.2164721488952637
3.2215588092803955
3.2266414165496826
3.2317187786102295
3.2366349697113037
3.241697311401367
3.2469065189361572
3.2524302005767822
3.2583115100860596
3.2644410133361816
3.271005392074585
3.2779009342193604
3.285238742828369
3.2929790019989014
3.3008198738098145
3.308511972427368
3.3161494731903076
3.3239853382110596
3.3319802284240723
3.3393774032592773
3.346100091934204
3.3517353534698486
3.3565146923065186
3.3602278232574463
3.3629088401794434
3.364428997039795
3.364649534225464
3.364020347595215
3.362614393234253
3.359905242919922
3.35673451423645
3.3531992435455322
3.3493547439575195
3.345444917678833
3.3419189453125
3.338557004928589
3.335822105407715
3.333265781402588
3.3312604427337646
3.3293278217315674
3.3276758193969727
3.3263890743255615
3.3254008293151855
3.3243353366851807
3.322838544845581
3.3208529949188232
3.318714141845703
3.3162331581115723
3.3132317066192627
3.3096730709075928
3.30556583404541
3.3008532524108887
3.295677423477173
3.289919376373291
3.2839863300323486
3.278061866760254
3.272226333618164
3.2667195796966553
3.2618205547332764
3.257222890853882
3.253366470336914
3.2500827312469482
3.247368812561035
3.245328187942505
3.2440731525421143
3.243751287460327
3.244074583053589
3.2451834678649902
3.2469911575317383
3.2496719360351562
3.2527055740356445
3.2560787200927734
3.259826898574829
3.2639968395233154
3.268490791320801
3.2728514671325684
3.277085304260254
3.2810027599334717
3.2845911979675293
3.2878477573394775
3.2902004718780518
3.291760206222534
3.292686939239502
3.2931151390075684
3.2927255630493164
3.291741132736206
3.29072642326355
3.289937973022461
3.289407968521118
3.2891669273376465
3.2894186973571777
3.2903730869293213
3.291599750518799
3.2935237884521484
3.2963485717773438
3.299910068511963
3.3042242527008057
3.309037685394287
3.31411075592041
3.319209098815918
3.324204683303833
3.329091787338257
3.333615303039551
3.3374381065368652
3.340566635131836
3.342750072479248
3.343695640563965
3.3438448905944824
3.343482255935669
3.3417911529541016
3.339137315750122
3.335745096206665
3.3318674564361572
3.327444076538086
3.3227379322052
3.317690372467041
3.3127923011779785
3.307969331741333
3.3037383556365967
3.3000457286834717
3.297123908996582
3.294966459274292
3.2932052612304688
3.291940450668335
3.2912495136260986
3.2911376953125
3.291095495223999
3.291478395462036
3.2915589809417725
3.2912206649780273
3.29015851020813
3.2890219688415527
3.2871062755584717
3.284651279449463
3.2816147804260254
3.278005838394165
3.273521900177002
3.2685155868530273
3.2628495693206787
3.25643253326416
3.249415397644043
3.241816520690918
3.2339272499084473
3.225821018218994
3.2177326679229736
3.2096638679504395
3.2019100189208984
3.19467830657959
3.18843674659729
3.182884693145752
3.1785709857940674
3.1751973628997803
3.172887086868286
3.171438217163086
3.1709330081939697
3.1712095737457275
3.1721973419189453
3.1736514568328857
3.17568302154541
3.177957534790039
3.1805286407470703
3.1832430362701416
3.186012029647827
3.188743829727173
3.1912858486175537
3.1936230659484863
3.195502996444702
3.1970255374908447
3.198193073272705
3.1989400386810303
3.199537515640259
3.200113534927368
3.2007265090942383
3.201408624649048
3.202202558517456
3.202857732772827
3.2033283710479736
3.204577684402466
3.2069175243377686
3.2100436687469482
3.2138168811798096
3.218754529953003
3.224909782409668
3.231785774230957
3.2392773628234863
3.2473347187042236
3.2562801837921143
3.265876054763794
3.275498390197754
3.2852346897125244
3.294539213180542
3.3033924102783203
3.3114418983459473
3.3187172412872314
3.3250954151153564
3.3302066326141357
3.334482192993164
3.337761878967285
3.3403468132019043
3.3420965671539307
3.3431429862976074
3.3437163829803467
3.3437438011169434
3.343343496322632
3.342460870742798
3.341437339782715
3.340426445007324
3.3395588397979736
3.338804244995117
3.338423490524292
3.3380205631256104
3.337642192840576
3.337770938873291
3.338242530822754
3.338738441467285
3.3392913341522217
3.3395583629608154
3.339717149734497
3.3395848274230957
3.3394229412078857
3.3391995429992676
3.338568687438965
3.337472677230835
3.336057186126709
3.334648609161377
3.333109140396118
3.3309364318847656
3.3278074264526367
3.3238916397094727
3.31943941116333
3.3146188259124756
3.309507131576538
3.3041536808013916
3.298999309539795
3.293729066848755
3.2888972759246826
3.284646511077881
3.2813994884490967
3.2797152996063232
3.2792322635650635
3.280043601989746
3.2822821140289307
3.285721778869629
3.2902073860168457
3.2955548763275146
3.3014333248138428
3.3074488639831543
3.3136813640594482
3.3196468353271484
3.325361490249634
3.330622673034668
3.334977865219116
3.3386762142181396
3.3415536880493164
3.3436994552612305
3.3453595638275146
3.3464395999908447
3.3473269939422607
3.348309278488159
3.3495981693267822
3.3512914180755615
3.353879690170288
3.3572020530700684
3.3617122173309326
3.36755633354187
3.3742709159851074
3.3817453384399414
3.3902194499969482
3.3994553089141846
3.4089314937591553
3.418607473373413
3.428452730178833
3.438673973083496
3.4489128589630127
3.4590659141540527
3.4687917232513428
3.478621482849121
3.488408088684082
3.498293161392212
3.508181095123291
3.5176949501037598
3.526846170425415
3.535254955291748
3.543429136276245
3.5510592460632324
3.5577051639556885
3.5637240409851074
3.5692055225372314
3.5737133026123047
3.576915740966797
3.5787782669067383
3.5793957710266113
3.578899383544922
3.577425479888916
3.5751254558563232
3.572140693664551
3.5688014030456543
3.5654759407043457
3.562157392501831
3.5591869354248047
3.556851387023926
3.554980993270874
3.5541510581970215
3.5541205406188965
3.554546594619751
3.5550057888031006
3.5558438301086426
3.556520938873291
3.55710506439209
3.557502508163452
3.557377338409424
3.556492328643799
3.554608106613159
3.55204439163208
3.5486559867858887
3.544921636581421
3.5413050651550293
3.5377328395843506
3.5343799591064453
3.531790256500244
3.530630588531494
3.5307769775390625
3.5324127674102783
3.535942554473877
3.5408432483673096
3.547130823135376
3.555152654647827
3.5643222332000732
3.5741934776306152
3.5845947265625
3.5952532291412354
3.6056771278381348
3.615917921066284
3.62573504447937
3.634608507156372
3.642699718475342
3.6496098041534424
3.6553866863250732
3.6593375205993652
3.661872625350952
3.6634628772735596
3.664250135421753
3.6647984981536865
3.6652722358703613
3.6656341552734375
3.6660993099212646
3.666569232940674
3.667249917984009
3.6684937477111816
3.6705455780029297
3.6732802391052246
3.676724910736084
3.6806864738464355
3.6854372024536133
3.6907331943511963
3.6967945098876953
3.7036337852478027
3.711210012435913
3.719254732131958
3.7275888919830322
3.7363533973693848
3.7454285621643066
3.7543649673461914
3.762977361679077
3.770948648452759
3.778688907623291
3.7856554985046387
3.7915148735046387
3.7962968349456787
3.7997052669525146
3.801628589630127
3.801790475845337
3.8009467124938965
3.7991507053375244
3.7961337566375732
3.79225492477417
3.787593364715576
3.782933473587036
3.77823805809021
3.7737228870391846
3.7697999477386475
3.7665059566497803
3.763702154159546
3.7612171173095703
3.7591049671173096
3.757688283920288
3.7567522525787354
3.7563936710357666
3.7560248374938965
3.755645751953125
3.754521131515503
3.752272844314575
3.748659133911133
3.743694305419922
3.7373273372650146
3.729402780532837
3.719879150390625
3.7088723182678223
3.6970925331115723
3.6848533153533936
3.672412157058716
3.660297155380249
3.6488149166107178
3.638115882873535
3.6284279823303223
3.619633913040161
3.612367630004883
3.606796979904175
3.6028263568878174
3.6002259254455566
3.598801851272583
3.5983943939208984
3.598388671875
3.598604202270508
3.5987894535064697
3.598707675933838
3.598155975341797
3.5970914363861084
3.595134735107422
3.592263698577881
3.588594675064087
3.5843429565429688
3.579587936401367
3.5742390155792236
3.568910598754883
3.5638530254364014
3.559427261352539
3.5558578968048096
3.552924871444702
3.5505354404449463
3.5489635467529297
3.548312187194824
3.5486385822296143
3.550004482269287
3.552663564682007
3.5561959743499756
3.560577869415283
3.565493583679199
3.5709314346313477
3.5768771171569824
3.583322048187256
3.5903241634368896
3.597362518310547
3.6044483184814453
3.6120901107788086
3.620206832885742
3.6289236545562744
3.6381642818450928
3.6478211879730225
3.657402515411377
3.666844129562378
3.67592191696167
3.6848771572113037
3.6936447620391846
3.701864242553711
3.709512233734131
3.7166199684143066
3.7230470180511475
3.7287063598632812
3.734041690826416
3.7388687133789062
3.743434190750122
3.7478229999542236
3.7525336742401123
3.7575674057006836
3.762831211090088
3.7682011127471924
3.7737627029418945
3.7795090675354004
3.7854411602020264
3.7911112308502197
3.796663761138916
3.8018722534179688
3.8066444396972656
3.810882091522217
3.814594030380249
3.817565679550171
3.8200244903564453
3.821923017501831
3.823482036590576
3.8244121074676514
3.8246991634368896
3.824570655822754
3.823857545852661
3.823017120361328
3.822221517562866
3.8214621543884277
3.8210031986236572
3.8204398155212402
3.819875478744507
3.8193180561065674
3.8186426162719727
3.8181240558624268
3.817291498184204
3.816105365753174
3.814546585083008
3.812474250793457
3.809931993484497
3.8069660663604736
3.8034706115722656
3.7999072074890137
3.7954649925231934
3.7907774448394775
3.7857890129089355
3.7805442810058594
3.774970054626465
3.7690298557281494
3.7629642486572266
3.756833791732788
3.7504775524139404
3.743849277496338
3.736694574356079
3.7292935848236084
3.721338987350464
3.7124736309051514
3.703153133392334
3.6933557987213135
3.6831655502319336
3.672492504119873
3.6613807678222656
3.649444103240967
3.6371068954467773
3.6243224143981934
3.61102557182312
3.5977652072906494
3.5844881534576416
3.5716137886047363
3.5594210624694824
3.548387289047241
3.538361072540283
3.5297563076019287
3.522559404373169
3.5158956050872803
3.5100491046905518
3.504753828048706
3.499990224838257
3.4958832263946533
3.49206805229187
3.488086462020874
3.483696699142456
3.479093074798584
3.4742870330810547
3.4693446159362793
3.464277744293213
3.4590790271759033
3.45348858833313
3.4479470252990723
3.442375659942627
3.436681032180786
3.430954694747925
3.425253391265869
3.4195799827575684
3.414109945297241
3.40899658203125
3.40421462059021
3.3997609615325928
3.3956353664398193
3.3914437294006348
3.3876030445098877
3.3842427730560303
3.381227731704712
3.3788866996765137
3.376941680908203
3.375622272491455
3.3749966621398926
3.374871015548706
3.374967336654663
3.375108480453491
3.3757550716400146
3.3767192363739014
3.377408266067505
3.377730369567871
3.377377986907959
3.376439094543457
3.3745534420013428
3.371711492538452
3.3678267002105713
3.3633217811584473
3.3578317165374756
3.351630449295044
3.3450214862823486
3.33839750289917
3.3318746089935303
3.3258018493652344
3.320446014404297
3.315610408782959
3.3113865852355957
3.3077738285064697
3.305147171020508
3.3032002449035645
3.3017702102661133
3.3012685775756836
3.3011281490325928
3.3009073734283447
3.3008198738098145
3.3004424571990967
3.299232006072998
3.2975428104400635
3.295729875564575
3.2936840057373047
3.291593313217163
3.2894599437713623
3.287095308303833
3.2843644618988037
3.2817373275756836
3.2795426845550537
3.2779788970947266
3.276566982269287
3.2753190994262695
3.2743661403656006
3.2741096019744873
3.274219036102295
3.274733781814575
3.2752163410186768
3.2755308151245117
3.2759039402008057
3.276109218597412
3.276590585708618
3.2769434452056885
3.2772669792175293
3.2775838375091553
3.2781505584716797
3.279165506362915
3.2803783416748047
3.2818007469177246
3.283825159072876
3.286404609680176
3.2895052433013916
3.293416738510132
3.2980220317840576
3.303436279296875
3.3092293739318848
3.3148324489593506
3.3203485012054443
3.325676679611206
3.3303534984588623
3.334106922149658
3.336754560470581
3.338223457336426
3.338603973388672
3.338113784790039
3.3365020751953125
3.3340506553649902
3.331519603729248
3.3290669918060303
3.326571464538574
3.323988914489746
3.321894645690918
3.320276975631714
3.319265604019165
3.3191211223602295
3.319894313812256
3.3215441703796387
3.3240864276885986
3.3270981311798096
3.33024263381958
3.3335249423980713
3.3363707065582275
3.3385818004608154
3.340184450149536
3.340815782546997
3.3406782150268555
3.3392703533172607
3.3370566368103027
3.3339240550994873
3.330256938934326
3.326310396194458
3.3222544193267822
3.31856369972229
3.3150172233581543
3.3121843338012695
3.3100078105926514
3.3085877895355225
3.308271884918213
3.3088529109954834
3.310018301010132
3.3119428157806396
3.3142809867858887
3.316957473754883
3.319826126098633
3.322784185409546
