18.672622680664062
19.17031478881836
19.763385772705078
20.45252799987793
21.171438217163086
21.952302932739258
22.723569869995117
23.449596405029297
24.14052963256836
24.730093002319336
25.21202850341797
25.590559005737305
25.816835403442383
25.896724700927734
25.89401626586914
25.796058654785156
25.5950927734375
25.288843154907227
24.8449764251709
24.28007698059082
23.644489288330078
22.962194442749023
22.204021453857422
21.376893997192383
20.468626022338867
19.505876541137695
18.493844985961914
17.513879776000977
16.527299880981445
15.566629409790039
14.679208755493164
13.851588249206543
13.146845817565918
12.5803804397583
12.198643684387207
11.970324516296387
11.927275657653809
12.037788391113281
12.261906623840332
12.616218566894531
13.058564186096191
13.532831192016602
13.968518257141113
14.335190773010254
14.634482383728027
14.78874397277832
14.786102294921875
14.651124954223633
14.350737571716309
13.86263370513916
13.222761154174805
12.397473335266113
11.463592529296875
10.375067710876465
9.261100769042969
8.138646125793457
7.098600387573242
6.190275192260742
5.4827799797058105
4.936444282531738
4.59571647644043
4.436042785644531
4.509017467498779
4.7491631507873535
5.137683868408203
5.593318939208984
6.129037857055664
6.724836349487305
7.360395431518555
8.100692749023438
8.884986877441406
9.645711898803711
10.375308990478516
11.064311027526855
11.695754051208496
12.269354820251465
12.811960220336914
13.370400428771973
13.909433364868164
14.47767162322998
15.1160249710083
15.776623725891113
16.493104934692383
17.295673370361328
18.131258010864258
18.979284286499023
19.81333351135254
20.617015838623047
21.391738891601562
22.150426864624023
22.801664352416992
23.31346893310547
23.669353485107422
23.87959861755371
23.945030212402344
23.83683967590332
23.576677322387695
23.182109832763672
22.730865478515625
22.196435928344727
21.589004516601562
20.939271926879883
20.260223388671875
19.649818420410156
19.14240837097168
18.786785125732422
18.535184860229492
18.40546989440918
18.39693832397461
18.479684829711914
18.64729881286621
18.886146545410156
19.197092056274414
19.528114318847656
19.88300323486328
20.244808197021484
20.541994094848633
20.790325164794922
20.988075256347656
21.128171920776367
21.263952255249023
21.366153717041016
21.47730255126953
21.632387161254883
21.776634216308594
21.932546615600586
22.05255126953125
22.19078254699707
22.330997467041016
22.45442008972168
22.591739654541016
22.716693878173828
22.823360443115234
22.904687881469727
22.989376068115234
23.05372428894043
23.092313766479492
23.11568832397461
23.10820198059082
23.086095809936523
23.021787643432617
22.94049835205078
22.84041404724121
22.699264526367188
22.51197052001953
22.312896728515625
22.073123931884766
21.80564308166504
21.595321655273438
21.41698455810547
21.316246032714844
21.28919219970703
21.302602767944336
21.372955322265625
21.465723037719727
21.56053352355957
21.61936378479004
21.65350341796875
21.68364906311035
21.688766479492188
21.678207397460938
21.69695281982422
21.753812789916992
21.830169677734375
21.90509605407715
21.99416160583496
22.126232147216797
22.288740158081055
22.420597076416016
22.546480178833008
22.6726131439209
22.840335845947266
22.98965835571289
23.10286521911621
23.179603576660156
23.211536407470703
23.23308753967285
23.20224952697754
23.130441665649414
22.997194290161133
22.83664894104004
22.714757919311523
22.66259002685547
22.69097328186035
22.80161476135254
22.931047439575195
23.1381778717041
23.409210205078125
23.737180709838867
24.162534713745117
24.67728042602539
25.294145584106445
26.019189834594727
26.80801010131836
27.626598358154297
28.486026763916016
29.367996215820312
30.233428955078125
31.05495834350586
31.821243286132812
32.539886474609375
33.229434967041016
33.92251968383789
34.577972412109375
35.12437057495117
35.593753814697266
35.94247055053711
36.20181655883789
36.37440872192383
36.506282806396484
36.5308837890625
36.43046188354492
36.2282829284668
35.902530670166016
35.428367614746094
34.828712463378906
34.13909912109375
33.356075286865234
32.51106643676758
31.62164878845215
30.707712173461914
29.828123092651367
28.97383689880371
28.193330764770508
27.52715492248535
27.038564682006836
26.788602828979492
26.818586349487305
27.138904571533203
27.7746524810791
28.71116828918457
29.872236251831055
31.248191833496094
32.80067443847656
34.46501541137695
36.08200454711914
37.56939697265625
38.85490417480469
39.90982437133789
40.71260452270508
41.247955322265625
41.549625396728516
41.49848556518555
41.10743713378906
40.449432373046875
39.521175384521484
38.34713363647461
36.979835510253906
35.45358657836914
33.778785705566406
31.975879669189453
30.123071670532227
28.2427978515625
26.34195327758789
24.476045608520508
22.674766540527344
20.9661922454834
19.374406814575195
17.920745849609375
16.620874404907227
15.530021667480469
14.694267272949219
14.166084289550781
13.874844551086426
13.90034008026123
14.30000114440918
15.070877075195312
16.184528350830078
17.579763412475586
19.228832244873047
21.081512451171875
23.144515991210938
25.343883514404297
27.61788558959961
29.93680191040039
32.21856689453125
34.373287200927734
36.393619537353516
38.25803756713867
39.92263412475586
41.323333740234375
42.496131896972656
43.44562911987305
44.175392150878906
44.660213470458984
44.850059509277344
44.81417465209961
44.53486251831055
44.05598831176758
43.41474914550781
42.61070251464844
41.6259765625
40.515602111816406
39.30170822143555
38.05342102050781
36.78794860839844
35.571510314941406
34.41520690917969
33.3653678894043
32.428955078125
31.595195770263672
30.8460636138916
30.19101333618164
29.678808212280273
29.27019500732422
29.02874755859375
28.963382720947266
29.030506134033203
29.282588958740234
29.737117767333984
30.443342208862305
31.36102867126465
32.45124053955078
33.69923782348633
35.07929611206055
36.5625114440918
38.12528991699219
39.68552017211914
41.18570327758789
42.57102966308594
43.88034439086914
45.11133575439453
46.26238250732422
47.29279708862305
48.1829948425293
48.95856475830078
49.62233352661133
50.13710403442383
50.552677154541016
50.84547805786133
51.02740478515625
51.089290618896484
51.023284912109375
50.86777114868164
50.59678649902344
50.17298126220703
49.62617874145508
48.946266174316406
48.15821838378906
47.303436279296875
46.34635543823242
45.31117630004883
44.25461959838867
43.19602966308594
42.168357849121094
41.155757904052734
40.20158004760742
39.30607986450195
38.508785247802734
37.794620513916016
37.16340255737305
36.64646911621094
36.246707916259766
35.968204498291016
35.81373596191406
35.72519302368164
35.74428939819336
35.87018585205078
36.076560974121094
36.36222839355469
36.697662353515625
37.055389404296875
37.45747375488281
37.86282730102539
38.27426528930664
38.68202209472656
39.169227600097656
39.69888687133789
40.28676986694336
40.893959045410156
41.557823181152344
42.29941177368164
43.081241607666016
43.877532958984375
44.63985061645508
45.343868255615234
45.9754638671875
46.48162078857422
46.81203842163086
47.015380859375
47.089393615722656
47.04131317138672
46.83846664428711
46.56658172607422
46.1453971862793
45.56755828857422
44.88106918334961
44.10713195800781
43.26861572265625
42.36729049682617
41.443973541259766
40.524234771728516
39.64715576171875
38.81951141357422
38.12250900268555
37.55875015258789
37.16257858276367
36.89457702636719
36.7903938293457
36.8444709777832
37.061187744140625
37.43501663208008
37.95011520385742
38.49480438232422
39.05289077758789
39.59101867675781
40.08884811401367
40.542015075683594
40.929080963134766
41.21929168701172
41.41110610961914
41.515235900878906
41.579463958740234
41.642513275146484
41.65434265136719
41.65130615234375
41.629573822021484
41.58692932128906
41.596466064453125
41.61103820800781
41.59773635864258
41.59177017211914
41.59015655517578
41.565555572509766
41.55409240722656
41.56753158569336
41.62131881713867
41.74057388305664
41.933292388916016
42.19662094116211
42.49732208251953
42.845359802246094
43.197261810302734
43.55829620361328
43.9627571105957
44.35299301147461
44.77094268798828
45.19486999511719
45.549896240234375
45.84321975708008
46.04894256591797
46.1334342956543
46.170143127441406
46.065982818603516
45.78451156616211
45.35497283935547
44.76526641845703
44.01078414916992
43.11617660522461
42.080039978027344
40.919281005859375
39.679901123046875
38.3547248840332
37.039180755615234
35.74633026123047
34.532142639160156
33.474369049072266
32.62837219238281
31.991640090942383
31.59260368347168
31.43991470336914
31.551315307617188
31.882436752319336
32.40821838378906
33.035831451416016
33.68955612182617
34.41647720336914
35.1690788269043
35.94467544555664
36.7305908203125
37.513065338134766
38.28739929199219
39.02135467529297
39.69371032714844
40.329349517822266
40.950531005859375
41.50872802734375
42.03107833862305
42.56761932373047
43.07264709472656
43.551734924316406
43.98563003540039
44.33899688720703
44.61760330200195
44.89985275268555
45.1574821472168
45.36238479614258
45.488765716552734
45.5104866027832
45.453399658203125
45.33512878417969
45.15663146972656
44.9865608215332
44.79609298706055
44.61936950683594
44.4492301940918
44.30199432373047
44.157466888427734
44.01036071777344
43.858097076416016
43.70088195800781
43.53706741333008
43.38630294799805
43.23634338378906
43.10894775390625
42.98784255981445
42.888431549072266
42.7904167175293
42.70622253417969
42.613277435302734
42.564422607421875
42.541107177734375
42.533241271972656
42.553627014160156
42.60714340209961
42.73401641845703
42.91509246826172
43.1821403503418
43.48395538330078
43.820526123046875
44.126773834228516
44.42753219604492
44.701786041259766
44.96748352050781
45.26474380493164
45.55290985107422
45.798065185546875
46.03888702392578
46.22391891479492
46.31906509399414
46.407012939453125
46.4815559387207
46.53839874267578
46.579872131347656
46.620174407958984
46.68518829345703
46.75077819824219
46.77256774902344
46.798648834228516
46.79048156738281
46.81212615966797
46.86973190307617
46.96138381958008
47.04319381713867
47.09612274169922
47.044551849365234
46.911617279052734
46.72137451171875
46.44866943359375
46.04982376098633
45.537025451660156
44.93128204345703
44.19444274902344
43.36088180541992
42.475582122802734
41.535804748535156
40.624691009521484
39.76555633544922
38.994136810302734
38.33320617675781
37.84437561035156
37.51945495605469
37.34954833984375
37.354583740234375
37.497413635253906
37.76354217529297
38.11927032470703
38.54549789428711
39.024505615234375
39.48152542114258
39.88335418701172
40.22045135498047
40.492183685302734
40.66236877441406
40.734275817871094
40.645259857177734
40.50022506713867
40.25164031982422
39.92383575439453
39.54491424560547
39.148536682128906
38.713531494140625
38.2098388671875
37.66334915161133
37.16636276245117
36.69074630737305
36.21541213989258
35.798526763916016
35.4451904296875
35.183467864990234
35.03801345825195
34.99675750732422
35.0399055480957
35.104217529296875
35.216957092285156
35.397274017333984
35.61941146850586
35.91783905029297
36.21992492675781
36.54300308227539
36.889286041259766
37.25474166870117
37.70004653930664
38.215179443359375
38.81969451904297
39.503318786621094
40.21363830566406
40.93625259399414
41.655765533447266
42.29349136352539
42.888336181640625
43.4100456237793
43.86841583251953
44.203224182128906
44.3835334777832
44.45188522338867
44.401222229003906
44.2291259765625
43.95906066894531
43.62928771972656
43.23068618774414
42.84833908081055
42.434906005859375
42.01803970336914
41.53815841674805
41.03527069091797
40.59104919433594
40.225406646728516
39.90169906616211
39.64360427856445
39.42422866821289
39.21708297729492
39.07837677001953
38.92498779296875
38.76829528808594
38.62479782104492
38.443843841552734
38.18622589111328
37.84271240234375
37.43831253051758
36.944801330566406
36.35676956176758
35.72006607055664
35.01799392700195
34.27336883544922
33.534664154052734
32.805355072021484
32.120418548583984
31.53964614868164
31.05167007446289
30.624744415283203
30.25636100769043
29.917144775390625
29.574743270874023
29.2911434173584
29.064830780029297
28.92194366455078
28.809621810913086
28.743932723999023
28.742361068725586
28.80872344970703
28.9691162109375
29.200841903686523
29.532569885253906
29.972362518310547
30.49210548400879
31.127944946289062
31.80545997619629
32.562557220458984
33.316898345947266
34.04575729370117
34.777374267578125
35.43220901489258
36.01350784301758
36.49297332763672
36.881187438964844
37.17137145996094
37.367733001708984
37.40370178222656
37.2961540222168
37.02617645263672
36.62171173095703
36.13169860839844
35.51586151123047
34.819820404052734
34.05472183227539
33.26114273071289
32.474334716796875
31.69931411743164
30.966506958007812
30.290740966796875
29.679237365722656
29.136873245239258
28.723459243774414
28.421789169311523
28.225141525268555
28.107330322265625
28.06545639038086
28.08867645263672
28.186763763427734
28.335554122924805
28.543193817138672
28.80170440673828
29.119609832763672
29.49559783935547
29.945465087890625
30.440706253051758
30.991588592529297
31.58015251159668
32.2036247253418
32.82216262817383
33.41477966308594
33.93918991088867
34.396324157714844
34.74457550048828
34.99739074707031
35.141014099121094
35.14329528808594
35.06914138793945
34.89866638183594
34.6501579284668
34.40126419067383
34.117401123046875
33.79372787475586
33.50402069091797
33.30830764770508
33.20115280151367
33.17148971557617
33.32660675048828
33.64020919799805
34.13220977783203
34.80221176147461
35.58915328979492
36.47623062133789
37.44589614868164
38.46404266357422
39.48518371582031
40.48231506347656
41.41825485229492
42.266231536865234
42.97160339355469
43.54353713989258
44.00017166137695
44.28725814819336
44.40181350708008
44.328224182128906
44.06648254394531
43.627098083496094
42.98967361450195
42.153717041015625
41.176414489746094
40.08806228637695
38.8819465637207
37.56537628173828
36.10803985595703
34.58848190307617
33.097869873046875
31.638652801513672
30.243391036987305
28.939504623413086
27.798959732055664
26.837759017944336
26.069162368774414
25.450908660888672
24.957611083984375
24.576114654541016
24.36869239807129
24.29540252685547
24.356487274169922
24.556034088134766
24.885814666748047
25.363750457763672
25.937543869018555
26.614315032958984
27.393320083618164
28.256053924560547
29.16498565673828
30.154775619506836
31.16389274597168
32.17223358154297
33.160728454589844
34.16209030151367
35.16495132446289
36.144962310791016
37.0385627746582
37.846092224121094
38.50707244873047
39.06576156616211
39.5250244140625
39.855804443359375
40.06924819946289
40.15985870361328
40.10752868652344
39.93688201904297
39.64813232421875
39.247440338134766
38.708797454833984
38.05591583251953
37.298851013183594
36.44308853149414
35.47450637817383
34.409725189208984
33.25697326660156
32.07853317260742
30.865116119384766
29.553138732910156
28.248865127563477
27.012508392333984
25.87342071533203
24.83100128173828
23.95757293701172
23.264253616333008
22.721506118774414
22.33669090270996
22.201627731323242
22.278284072875977
22.49441146850586
22.848997116088867
23.31951904296875
23.90576171875
24.55642318725586
25.235437393188477
25.919368743896484
26.611539840698242
27.348451614379883
28.038330078125
28.76335334777832
29.458524703979492
30.09174156188965
30.704988479614258
31.279863357543945
31.794509887695312
32.245182037353516
32.62443542480469
32.91709518432617
33.09266662597656
33.19791030883789
33.20657730102539
33.15973663330078
33.038516998291016
32.860870361328125
32.579708099365234
32.2265625
31.730432510375977
31.083507537841797
30.331941604614258
29.546567916870117
28.7357120513916
27.837066650390625
26.900053024291992
26.013965606689453
25.132566452026367
24.313234329223633
23.541473388671875
22.79800033569336
22.116130828857422
21.510604858398438
20.980512619018555
20.572580337524414
20.361324310302734
20.331167221069336
20.394638061523438
20.62071418762207
20.959869384765625
21.40144920349121
21.884727478027344
22.456092834472656
23.091995239257812
23.74567985534668
24.347848892211914
24.922142028808594
25.491256713867188
26.00197982788086
26.393678665161133
26.621410369873047
26.705556869506836
26.654491424560547
26.433700561523438
26.03520393371582
25.489702224731445
24.796356201171875
24.001495361328125
23.119583129882812
22.149866104125977
21.08626937866211
20.030616760253906
19.039356231689453
18.136974334716797
17.29986000061035
16.5920352935791
15.977554321289062
15.470757484436035
15.125107765197754
14.943974494934082
14.974769592285156
15.248357772827148
15.776432991027832
16.534711837768555
17.489234924316406
18.620433807373047
19.889358520507812
21.244140625
22.675613403320312
24.142202377319336
25.54043197631836
26.810592651367188
27.95062828063965
28.935997009277344
29.787185668945312
30.511882781982422
31.10521125793457
31.524179458618164
31.790197372436523
31.917566299438477
31.890352249145508
31.712390899658203
31.428285598754883
30.976093292236328
30.41860580444336
29.755945205688477
28.93902015686035
28.001819610595703
26.918109893798828
25.773122787475586
24.602842330932617
23.43136215209961
22.211044311523438
21.020191192626953
19.907297134399414
18.91033363342285
18.046398162841797
17.28594207763672
16.684104919433594
16.19574737548828
15.794569969177246
15.474874496459961
15.263333320617676
15.159955024719238
15.1986083984375
15.401113510131836
15.738287925720215
16.152360916137695
16.681964874267578
17.2625789642334
17.903474807739258
18.633026123046875
19.39305305480957
20.1661319732666
20.921485900878906
21.624475479125977
22.204267501831055
22.617042541503906
22.921358108520508
23.085317611694336
23.08392333984375
22.94388771057129
22.74843406677246
22.490432739257812
22.20499610900879
21.897945404052734
21.564146041870117
21.25334930419922
20.97591209411621
20.722522735595703
20.502946853637695
20.329341888427734
20.154483795166016
19.98456382751465
19.826183319091797
19.661794662475586
19.520843505859375
19.332494735717773
19.1674747467041
18.930259704589844
18.606287002563477
18.223491668701172
17.772520065307617
17.24627113342285
16.6532039642334
16.021312713623047
15.386128425598145
14.745260238647461
14.147870063781738
13.649460792541504
13.280461311340332
13.058465957641602
12.96168327331543
13.06237506866455
13.328376770019531
13.7404146194458
14.258050918579102
14.858813285827637
15.5344820022583
16.285747528076172
17.051197052001953
17.750410079956055
18.391468048095703
18.94489097595215
19.444114685058594
19.831859588623047
20.179424285888672
20.441957473754883
20.633270263671875
20.7938175201416
20.86701011657715
20.912729263305664
20.959260940551758
20.947715759277344
20.897245407104492
20.84933853149414
20.747831344604492
20.534732818603516
20.24559211730957
19.88304901123047
19.42193031311035
18.869720458984375
18.274621963500977
17.601680755615234
16.93175506591797
16.281801223754883
15.685741424560547
15.141462326049805
14.653726577758789
14.193185806274414
13.788533210754395
13.479114532470703
13.282248497009277
13.212676048278809
13.249826431274414
13.397636413574219
13.679436683654785
14.108914375305176
14.705683708190918
15.405447006225586
16.24422836303711
17.222402572631836
18.302165985107422
19.516511917114258
20.83492088317871
22.25475311279297
23.712202072143555
25.21430015563965
26.69192886352539
28.051128387451172
29.351009368896484
30.53848648071289
31.60407829284668
32.51852798461914
33.20500564575195
33.714820861816406
34.09283447265625
34.33319091796875
34.48489761352539
34.54916763305664
34.46037673950195
34.20559310913086
33.797935485839844
33.21328353881836
32.44978332519531
31.544809341430664
30.532316207885742
29.421083450317383
28.241853713989258
27.020429611206055
25.830015182495117
24.677274703979492
23.598426818847656
22.562156677246094
21.623062133789062
20.815019607543945
20.12631607055664
19.589160919189453
19.151464462280273
18.78111457824707
18.47430419921875
18.2309627532959
18.014877319335938
17.844675064086914
17.680644989013672
17.524486541748047
17.424848556518555
17.32373809814453
17.24982452392578
17.213428497314453
17.19498634338379
17.221168518066406
17.307523727416992
17.45013427734375
17.7073974609375
18.043752670288086
18.481660842895508
19.039043426513672
19.67116928100586
20.39218521118164
21.150684356689453
21.893108367919922
22.62917709350586
23.34210777282715
23.982072830200195
24.489957809448242
24.9113712310791
25.198335647583008
25.293651580810547
25.206323623657227
24.90738296508789
24.392446517944336
23.65499496459961
22.683076858520508
21.512210845947266
20.169498443603516
18.735742568969727
17.273723602294922
15.855987548828125
14.506182670593262
13.290702819824219
12.25508975982666
11.463468551635742
10.905900001525879
10.551556587219238
10.4302339553833
10.507162094116211
10.798686027526855
11.293243408203125
11.956222534179688
12.787588119506836
13.738262176513672
14.81468391418457
16.003686904907227
17.296396255493164
18.640317916870117
20.03030776977539
21.380695343017578
22.719022750854492
24.106075286865234
25.455856323242188
26.699018478393555
27.788143157958984
28.69198226928711
29.37625503540039
29.881790161132812
30.20853614807129
30.34743881225586
30.279443740844727
30.014678955078125
29.533157348632812
28.835479736328125
27.971189498901367
26.888591766357422
25.60685157775879
24.20758628845215
22.776865005493164
21.336009979248047
19.967042922973633
18.72434425354004
17.57718849182129
16.499652862548828
15.526572227478027
14.684700012207031
14.004534721374512
13.562501907348633
13.350865364074707
13.3316068649292
13.43913745880127
13.726178169250488
14.197646141052246
14.803268432617188
15.508699417114258
16.31903839111328
17.274606704711914
18.309223175048828
19.407136917114258
20.518571853637695
21.649593353271484
22.750871658325195
23.872228622436523
24.93780517578125
25.925310134887695
26.816621780395508
27.576904296875
28.159461975097656
28.614553451538086
28.901012420654297
28.98585319519043
28.893814086914062
28.659870147705078
28.306411743164062
27.874998092651367
27.40583610534668
26.904829025268555
26.41938018798828
25.928497314453125
25.517675399780273
25.259933471679688
25.13572883605957
25.164749145507812
25.373931884765625
25.73846435546875
26.28560447692871
27.000471115112305
27.861278533935547
28.86359405517578
29.981552124023438
31.178226470947266
32.4223518371582
33.63526916503906
34.79643249511719
35.88624954223633
36.881256103515625
37.769500732421875
38.5919189453125
39.30935287475586
39.9871826171875
40.61629104614258
41.19335174560547
41.69685363769531
42.12925338745117
42.490718841552734
42.78736877441406
42.98168182373047
43.076602935791016
43.07365417480469
43.001373291015625
42.81423568725586
42.49697494506836
42.049530029296875
41.46364974975586
40.75864028930664
39.91608428955078
38.9980354309082
38.02486038208008
37.047821044921875
36.060977935791016
35.069644927978516
34.19019317626953
33.41978454589844
32.802181243896484
32.34546661376953
32.12432098388672
32.11274337768555
32.2974739074707
32.704612731933594
33.326271057128906
34.16163635253906
35.16329574584961
36.32459259033203
37.593482971191406
38.89596176147461
40.21397018432617
41.488121032714844
42.685054779052734
43.765724182128906
44.68267059326172
45.44126892089844
46.04499435424805
46.48347854614258
46.86101531982422
47.17579650878906
47.480003356933594
47.787086486816406
48.1281852722168
48.457618713378906
48.806732177734375
49.140621185302734
49.48727798461914
49.78407669067383
49.993675231933594
50.14421844482422
50.2152214050293
50.137123107910156
49.91023254394531
49.5372428894043
49.02354431152344
48.359134674072266
47.53525924682617
46.571739196777344
45.56114959716797
44.531986236572266
43.46597671508789
42.40279769897461
41.393070220947266
40.45115661621094
39.62831497192383
38.924224853515625
38.399417877197266
38.07880783081055
38.01905822753906
38.146568298339844
38.456722259521484
38.95930480957031
39.60793685913086
40.412750244140625
41.390621185302734
42.49947738647461
43.742671966552734
45.035804748535156
46.360408782958984
47.71379089355469
49.059471130371094
50.375247955322266
51.60609817504883
52.76070022583008
53.78615188598633
54.678375244140625
55.346435546875
55.79736328125
56.03535461425781
56.054805755615234
55.88400650024414
55.485294342041016
54.88651657104492
54.126895904541016
53.18031692504883
52.04515075683594
50.690555572509766
49.163883209228516
47.518836975097656
45.79254150390625
44.08633804321289
42.44768142700195
40.92524719238281
39.58573913574219
38.46232986450195
37.586265563964844
36.94489288330078
36.5751838684082
36.46382141113281
36.5996208190918
36.937583923339844
37.42170333862305
38.05801773071289
38.80272674560547
39.70670700073242
40.73764419555664
41.932003021240234
43.22548294067383
44.6279411315918
46.12007522583008
47.65885543823242
49.28049850463867
50.92888641357422
52.64030075073242
54.33124542236328
55.946651458740234
57.44247817993164
58.8071174621582
60.00675582885742
61.01304244995117
61.7789192199707
62.31422805786133
62.601661682128906
62.66110610961914
62.49299621582031
62.14621353149414
61.60569763183594
60.9078369140625
60.04991149902344
59.00657653808594
57.84867477416992
56.59800720214844
55.23918914794922
53.84482955932617
52.42292404174805
51.07143783569336
49.87501525878906
48.84834289550781
48.071224212646484
47.52157211303711
47.17983627319336
46.97211456298828
46.8846321105957
46.957923889160156
47.1016845703125
47.26851272583008
47.47624206542969
47.701168060302734
47.94160079956055
48.17042541503906
48.33454513549805
48.4109001159668
48.4178581237793
48.41722869873047
48.39335250854492
48.35832214355469
48.33659744262695
48.363529205322266
48.42051315307617
48.51959991455078
48.65414810180664
48.80436706542969
48.9984016418457
49.18749237060547
49.35294723510742
49.49787521362305
49.57575988769531
49.61655807495117
49.597328186035156
49.48197937011719
49.29545593261719
49.07632064819336
48.78401565551758
48.491363525390625
48.19048309326172
47.860206604003906
47.508975982666016
47.18608856201172
46.8493766784668
46.50973892211914
46.163475036621094
45.856937408447266
45.57683181762695
45.35581970214844
45.18165588378906
45.01362991333008
44.88894271850586
44.88926696777344
44.95591735839844
45.06404495239258
45.223297119140625
45.428348541259766
45.71154022216797
46.08755111694336
46.56278991699219
47.084163665771484
47.62433624267578
48.18709182739258
48.74112319946289
49.262062072753906
49.74753189086914
50.14864730834961
50.48479461669922
50.744712829589844
50.927955627441406
50.99922180175781
50.94328689575195
50.812904357910156
50.59574508666992
50.27373504638672
49.84990310668945
49.32875061035156
48.73530197143555
48.072364807128906
47.37238311767578
46.656028747558594
45.939422607421875
45.166709899902344
44.35356521606445
43.5207633972168
42.63593673706055
41.728057861328125
40.78913116455078
39.876304626464844
38.99168014526367
38.171958923339844
37.45176696777344
36.835140228271484
36.332096099853516
35.9781379699707
35.77334213256836
35.66788864135742
35.725460052490234
35.93558120727539
36.33329772949219
36.89237976074219
37.6159553527832
38.47513198852539
39.44940185546875
40.48822021484375
41.543941497802734
42.57313537597656
43.46485137939453
44.2003173828125
44.7949333190918
45.202816009521484
45.481407165527344
45.610191345214844
45.614723205566406
45.43337631225586
45.065372467041016
44.59196853637695
43.958194732666016
43.183135986328125
42.26078414916992
41.225547790527344
40.17240524291992
39.11789321899414
38.07802200317383
37.10590362548828
36.21806335449219
35.4394645690918
34.75412368774414
34.14823532104492
33.66548156738281
33.301029205322266
33.07989501953125
33.01348114013672
33.10219192504883
33.29806900024414
33.52230453491211
33.80689239501953
34.12948226928711
34.529788970947266
34.983375549316406
35.48298263549805
36.02204895019531
36.59965515136719
37.2525749206543
37.97146987915039
38.73565673828125
39.53728103637695
40.32895278930664
41.06174850463867
41.722171783447266
42.34147262573242
42.89799880981445
43.305328369140625
43.600379943847656
43.77753448486328
43.83664321899414
43.7721061706543
43.587520599365234
43.21430587768555
42.6989860534668
42.078880310058594
41.35224151611328
40.54413604736328
39.6480712890625
38.70772171020508
37.70676040649414
36.711814880371094
35.75477981567383
34.901100158691406
34.16386413574219
33.53620529174805
33.07722091674805
32.76289367675781
32.641639709472656
32.6987190246582
32.870880126953125
33.14824295043945
33.512840270996094
33.88009262084961
34.25321960449219
34.63047790527344
34.96271896362305
35.258750915527344
35.52630615234375
35.787960052490234
36.04726791381836
36.30851364135742
36.554019927978516
36.756771087646484
36.8863525390625
37.005184173583984
37.0674934387207
37.047672271728516
36.97911071777344
36.886390686035156
36.70905303955078
36.4774284362793
36.2299919128418
35.94844436645508
35.67939376831055
35.404232025146484
35.108680725097656
34.80482482910156
34.49800109863281
34.20351028442383
33.93747329711914
33.76417922973633
33.6676139831543
33.66005325317383
33.726417541503906
33.835853576660156
34.01416778564453
34.191680908203125
34.435245513916016
34.66593933105469
34.90834426879883
35.17042541503906
35.41677474975586
35.6629524230957
35.854774475097656
35.9736213684082
36.02538299560547
36.00452423095703
35.91545486450195
35.812782287597656
35.66579818725586
35.560665130615234
35.48456573486328
35.46841812133789
35.45293426513672
35.47726058959961
35.54997253417969
35.69215393066406
35.858619689941406
36.06214141845703
36.253360748291016
36.44407653808594
36.580589294433594
36.62260437011719
36.57067108154297
36.44084930419922
36.19406509399414
35.880592346191406
35.556278228759766
35.166805267333984
34.68620681762695
34.150814056396484
33.66593551635742
33.25576400756836
32.904964447021484
32.5665168762207
32.21150588989258
31.894559860229492
31.652545928955078
31.475807189941406
31.401723861694336
31.359119415283203
31.369508743286133
31.482240676879883
31.699705123901367
32.01064682006836
32.34201431274414
32.676815032958984
32.99169158935547
33.31061553955078
33.58408737182617
33.791439056396484
33.96650314331055
34.08692932128906
34.096954345703125
34.04020690917969
33.88985061645508
33.661624908447266
33.38468551635742
33.055538177490234
32.70127868652344
32.31968307495117
31.879417419433594
31.463356018066406
31.070281982421875
30.709545135498047
30.41645050048828
30.148530960083008
29.931306838989258
29.718692779541016
29.520200729370117
29.34296989440918
29.20915985107422
29.11473274230957
29.08298683166504
29.037046432495117
28.995590209960938
28.980632781982422
29.028850555419922
29.140480041503906
29.271677017211914
29.4489688873291
29.672950744628906
29.929468154907227
30.143892288208008
30.358200073242188
30.61396598815918
30.94232749938965
31.305438995361328
31.674346923828125
32.01875686645508
32.32216262817383
32.622318267822266
32.874019622802734
33.068359375
33.215354919433594
33.31135940551758
33.356536865234375
33.38249969482422
33.34953689575195
33.26591491699219
33.17648696899414
33.060943603515625
32.93457794189453
32.75983810424805
32.53452682495117
32.27035140991211
31.928136825561523
31.56675148010254
31.15604591369629
30.75515365600586
30.332170486450195
29.863195419311523
29.340839385986328
28.845937728881836
28.36465072631836
27.848468780517578
27.341657638549805
26.81279754638672
26.34149742126465
25.908803939819336
25.54182243347168
25.229873657226562
24.930540084838867
24.658193588256836
24.404102325439453
24.111711502075195
23.82886505126953
23.469148635864258
23.0883846282959
22.670835494995117
22.233047485351562
21.69219398498535
21.095720291137695
20.50960350036621
19.96031379699707
19.47089958190918
19.0366153717041
18.65729522705078
18.408586502075195
18.257225036621094
18.268112182617188
18.37550926208496
18.574745178222656
18.8887996673584
19.327085494995117
19.89061737060547
20.545940399169922
21.252473831176758
22.02648162841797
22.80442237854004
23.597000122070312
24.413667678833008
25.165985107421875
25.91459083557129
26.672510147094727
27.365724563598633
28.00585174560547
28.620494842529297
29.19567108154297
29.719436645507812
30.20516586303711
30.630840301513672
30.991788864135742
31.284278869628906
31.503787994384766
31.592958450317383
31.604238510131836
31.56207275390625
31.393400192260742
31.05901527404785
30.60855484008789
30.058218002319336
29.427648544311523
28.692039489746094
27.870811462402344
27.00680160522461
26.102519989013672
25.137392044067383
24.180335998535156
23.23044204711914
22.32242202758789
21.526460647583008
20.884647369384766
20.424427032470703
20.161062240600586
20.073030471801758
20.20134162902832
20.51871109008789
21.0518741607666
21.7231388092041
22.500560760498047
23.406160354614258
24.407968521118164
25.439651489257812
26.483003616333008
27.44547462463379
28.322717666625977
29.080965042114258
29.645349502563477
30.03449249267578
30.244945526123047
30.27174949645996
30.064828872680664
29.634193420410156
29.045724868774414
28.305631637573242
27.44135093688965
26.4934024810791
25.44556999206543
24.289634704589844
23.13626480102539
21.9945068359375
20.866785049438477
19.771684646606445
18.73650360107422
17.75432014465332
16.851118087768555
15.987391471862793
15.166964530944824
14.422398567199707
13.808347702026367
13.319962501525879
12.963567733764648
12.788512229919434
12.722232818603516
12.742721557617188
12.853078842163086
12.983646392822266
13.20280933380127
13.458925247192383
13.767450332641602
14.147215843200684
14.639586448669434
15.254951477050781
16.040128707885742
16.990787506103516
18.078266143798828
19.250890731811523
20.46647834777832
21.7022705078125
22.9069881439209
24.09733772277832
25.2054443359375
26.205245971679688
27.04279899597168
27.75710105895996
28.292552947998047
28.633644104003906
28.763029098510742
28.66915512084961
28.33259391784668
27.776880264282227
27.0684814453125
26.246421813964844
25.33403205871582
24.393245697021484
23.449600219726562
22.49710464477539
21.57581329345703
20.72889518737793
19.96805763244629
19.273469924926758
18.69434356689453
18.328269958496094
18.162113189697266
18.18164825439453
18.3641414642334
18.69884490966797
19.226112365722656
19.936006546020508
20.728927612304688
21.66380500793457
22.639328002929688
23.685489654541016
24.739971160888672
25.760406494140625
26.691360473632812
27.518648147583008
28.23720359802246
28.870222091674805
29.4149169921875
29.884170532226562
30.330209732055664
30.72813606262207
31.14240837097168
31.56412124633789
31.984413146972656
32.4178466796875
32.84451675415039
33.230716705322266
33.54735565185547
33.80356216430664
33.953773498535156
34.003604888916016
33.980224609375
33.888671875
33.69650650024414
33.440223693847656
33.08080291748047
32.6075325012207
32.03721237182617
31.323762893676758
30.541976928710938
29.694223403930664
28.863689422607422
28.077112197875977
27.379953384399414
26.824726104736328
26.45423126220703
26.271577835083008
26.272375106811523
26.461416244506836
26.799068450927734
27.243850708007812
27.77690315246582
28.386070251464844
29.009721755981445
29.67462730407715
30.318485260009766
30.951112747192383
31.546510696411133
32.03016662597656
32.397823333740234
32.64060592651367
32.72297668457031
32.641265869140625
32.406002044677734
32.06941604614258
31.569042205810547
30.913768768310547
30.156084060668945
29.34337043762207
28.453956604003906
27.565059661865234
26.634977340698242
25.677288055419922
24.740005493164062
23.91761589050293
23.171039581298828
22.5296573638916
22.0334415435791
21.660921096801758
21.4140682220459
21.286954879760742
21.254079818725586
21.318361282348633
21.503337860107422
21.874191284179688
22.43606185913086
23.141000747680664
23.944639205932617
24.866363525390625
25.83974266052246
26.83420753479004
27.812110900878906
28.766921997070312
29.7283992767334
30.68317413330078
31.596786499023438
32.46195983886719
33.2899055480957
34.00619888305664
34.627418518066406
35.15801239013672
35.561954498291016
35.78914260864258
35.87644577026367
35.7718505859375
35.43451690673828
34.923553466796875
34.242767333984375
33.37981033325195
32.29010009765625
31.01345443725586
29.562326431274414
27.968339920043945
26.298566818237305
24.51782989501953
22.722414016723633
20.992277145385742
19.348106384277344
17.81815528869629
16.461938858032227
15.24580192565918
14.210043907165527
13.311598777770996
12.557188034057617
12.015223503112793
11.638198852539062
11.443037986755371
11.448540687561035
11.645788192749023
12.036715507507324
12.645798683166504
13.350064277648926
14.16265869140625
15.031494140625
15.93969440460205
16.91410255432129
17.92731475830078
18.943679809570312
19.944744110107422
20.95634651184082
21.91611671447754
22.84868621826172
23.711212158203125
24.524686813354492
25.255592346191406
25.950267791748047
26.63591194152832
27.314653396606445
27.942930221557617
28.52591323852539
28.989727020263672
29.28435707092285
29.417512893676758
29.384239196777344
29.265195846557617
29.026832580566406
28.685482025146484
28.2946720123291
27.893150329589844
27.506336212158203
27.11414909362793
26.709890365600586
26.273710250854492
25.77021026611328
25.260744094848633
24.70550537109375
24.126129150390625
23.56551742553711
23.00224494934082
22.466115951538086
21.948715209960938
21.469947814941406
21.04372787475586
20.669233322143555
20.363964080810547
20.133974075317383
20.009939193725586
20.03490447998047
20.251224517822266
20.60987663269043
21.103384017944336
21.679323196411133
22.27532386779785
22.883508682250977
23.452238082885742
23.952754974365234
24.38242530822754
24.757680892944336
25.1339054107666
25.46141242980957
25.771799087524414
26.079545974731445
26.354400634765625
26.615732192993164
26.85393714904785
27.011459350585938
27.09050178527832
27.133350372314453
27.121007919311523
27.092023849487305
27.056089401245117
26.982900619506836
26.88010597229004
26.792272567749023
26.71625328063965
26.653661727905273
26.607864379882812
26.63039207458496
26.73625373840332
26.963539123535156
27.298402786254883
27.732755661010742
28.296905517578125
28.997127532958984
29.772319793701172
30.573213577270508
31.394311904907227
32.22282409667969
33.06641387939453
33.9295768737793
34.80899429321289
35.69517135620117
36.57212448120117
37.42375946044922
38.2234001159668
38.95640182495117
39.60038375854492
40.16556930541992
40.69610595703125
41.186195373535156
41.61518859863281
42.037940979003906
42.46392822265625
42.87791061401367
43.22145080566406
43.48613739013672
43.675132751464844
43.7269287109375
43.69430160522461
43.566505432128906
43.37833023071289
43.10652542114258
42.79124450683594
42.442108154296875
42.029571533203125
41.57815170288086
41.11195373535156
40.59450912475586
39.997467041015625
39.388755798339844
38.784061431884766
38.182857513427734
37.638145446777344
37.24874496459961
36.987762451171875
36.87763595581055
36.95100021362305
37.169654846191406
37.49106979370117
37.93745040893555
38.49385070800781
39.148475646972656
39.849361419677734
40.592044830322266
41.33467102050781
42.05261993408203
42.708717346191406
43.26483154296875
43.716461181640625
44.086097717285156
44.39671325683594
44.68236541748047
44.972530364990234
45.25246047973633
45.49351119995117
45.73458480834961
46.01662063598633
46.32543182373047
46.615535736083984
46.92799377441406
47.270408630371094
47.669368743896484
48.10103988647461
48.52754211425781
48.983001708984375
49.424861907958984
49.78156661987305
50.01658248901367
50.11974334716797
50.12294006347656
50.013160705566406
49.7791633605957
49.378902435302734
48.87353515625
48.31229782104492
47.70603561401367
47.073875427246094
46.46308517456055
45.95384979248047
45.520877838134766
45.169700622558594
44.93745040893555
44.8534049987793
44.84837341308594
44.90785217285156
45.06801223754883
45.27265930175781
45.48757553100586
45.706302642822266
45.86770248413086
45.986446380615234
46.094051361083984
46.13787078857422
46.19007110595703
46.26473617553711
46.37571334838867
46.560054779052734
46.786502838134766
47.04582214355469
47.27705383300781
47.47645568847656
47.64606857299805
47.74889373779297
47.794349670410156
47.81136703491211
47.820552825927734
47.77216339111328
47.6609001159668
47.49836730957031
47.275882720947266
47.007930755615234
46.6473503112793
46.20036315917969
45.662635803222656
45.01417541503906
44.275394439697266
43.46339416503906
42.533485412597656
41.540287017822266
40.580684661865234
39.635093688964844
38.751190185546875
37.92609405517578
37.221466064453125
36.68293762207031
36.338871002197266
36.14470291137695
36.12357711791992
36.28342056274414
36.597618103027344
37.01479721069336
37.48522186279297
37.98762130737305
38.454795837402344
38.894447326660156
39.34237289428711
39.84749221801758
40.40299606323242
41.03313446044922
41.72358703613281
42.440643310546875
43.128257751464844
43.76599884033203
44.400047302246094
44.99184036254883
45.50743865966797
45.99917984008789
46.43124008178711
46.816165924072266
47.147727966308594
47.42063522338867
47.634788513183594
47.791988372802734
47.8915901184082
47.897789001464844
47.81993865966797
47.69744110107422
47.517066955566406
47.27836990356445
47.003395080566406
46.72164535522461
46.406681060791016
46.09706115722656
45.80964279174805
45.504390716552734
45.197872161865234
44.889713287353516
44.625457763671875
44.42814254760742
44.32868957519531
44.287879943847656
44.29313659667969
44.31741714477539
44.36137390136719
44.40263366699219
44.45431137084961
44.513526916503906
44.594905853271484
44.708003997802734
44.90108871459961
45.14896774291992
45.42494583129883
45.69514083862305
45.98039245605469
46.26067352294922
46.52972412109375
46.76206588745117
46.956214904785156
47.10737609863281
47.240421295166016
47.29152297973633
47.251155853271484
47.13221740722656
46.94664001464844
46.64027404785156
46.241119384765625
45.79005432128906
45.29191970825195
44.733882904052734
44.15625762939453
43.59243392944336
43.08290100097656
42.5911750793457
42.16594696044922
41.865413665771484
41.68852996826172
41.62331771850586
41.722599029541016
42.004920959472656
42.399105072021484
42.916893005371094
43.57369613647461
44.33385467529297
45.1931266784668
46.082115173339844
46.96572494506836
47.81423568725586
48.629425048828125
49.40964126586914
50.12289047241211
50.7404670715332
51.24275207519531
51.6049690246582
51.89885330200195
52.1226806640625
52.297386169433594
52.501617431640625
52.70835494995117
52.94181823730469
53.220855712890625
53.53623580932617
53.89696502685547
54.32796096801758
54.80121994018555
55.258541107177734
55.644866943359375
55.97170639038086
56.196197509765625
56.286338806152344
56.2524299621582
56.10746383666992
55.80045700073242
55.34462356567383
54.71607208251953
54.0122184753418
53.228515625
52.404930114746094
51.58447265625
50.77232360839844
50.007545471191406
49.334617614746094
48.71921157836914
48.22335433959961
47.838462829589844
47.57131576538086
47.44017028808594
47.377925872802734
47.43496322631836
47.568382263183594
47.742530822753906
47.998817443847656
48.254085540771484
48.49563217163086
48.719112396240234
48.9102668762207
49.04798126220703
49.13868713378906
49.15304183959961
49.07959747314453
48.96138000488281
48.76936721801758
48.51778793334961
48.21286392211914
47.89053726196289
47.547630310058594
47.17533874511719
46.79866409301758
46.4292106628418
46.07341384887695
45.702598571777344
45.30278015136719
44.847900390625
44.358428955078125
43.85039520263672
43.339481353759766
42.793312072753906
42.217830657958984
41.65061569213867
41.14167022705078
40.71186447143555
40.35353088378906
40.107566833496094
39.970542907714844
39.90190505981445
39.923492431640625
40.0640983581543
40.26283264160156
40.530399322509766
40.85057830810547
41.23646926879883
41.65876388549805
42.091705322265625
42.47760772705078
42.80970764160156
43.075958251953125
43.252872467041016
43.370216369628906
43.426414489746094
43.41737747192383
43.42018508911133
43.341732025146484
43.17547607421875
42.961727142333984
42.68840408325195
42.33643341064453
41.90946960449219
41.44249725341797
40.91649627685547
40.378395080566406
39.840843200683594
39.27214813232422
38.66729736328125
38.09339904785156
37.615386962890625
37.2357292175293
36.940120697021484
36.69783020019531
36.541316986083984
36.489891052246094
36.54045486450195
36.72011184692383
37.00455856323242
37.395687103271484
37.85469436645508
38.425437927246094
39.07619857788086
39.80183029174805
40.612548828125
41.4139518737793
42.18251419067383
42.880287170410156
43.51063537597656
44.037532806396484
44.4412727355957
44.72812271118164
44.823638916015625
44.76084899902344
44.511837005615234
44.063533782958984
43.44115447998047
42.64025115966797
41.73038101196289
40.6826286315918
39.47532653808594
38.12879943847656
36.66838073730469
35.09979248046875
33.500755310058594
31.94162940979004
30.413890838623047
28.939254760742188
27.59014320373535
26.370073318481445
25.273046493530273
24.379291534423828
23.61977767944336
23.057336807250977
22.70884132385254
22.54814338684082
22.561790466308594
22.77778434753418
23.18446159362793
23.685775756835938
24.33133888244629
25.1221981048584
26.0538272857666
27.066436767578125
28.122201919555664
29.1524600982666
30.1737003326416
31.130212783813477
32.015960693359375
32.79232406616211
33.47792053222656
34.01522445678711
34.40696716308594
34.613609313964844
34.650997161865234
34.485069274902344
34.09765625
33.51634979248047
32.7255859375
31.808273315429688
30.763378143310547
29.639083862304688
28.456876754760742
27.2041015625
25.940643310546875
24.712007522583008
23.52984619140625
22.396299362182617
21.34853172302246
20.351879119873047
19.458999633789062
18.653175354003906
17.93223762512207
17.33860969543457
16.85114860534668
16.50046730041504
16.31154441833496
16.258451461791992
16.32899284362793
16.504919052124023
16.775320053100586
17.160097122192383
17.600181579589844
18.05546760559082
18.495025634765625
18.901386260986328
19.258832931518555
19.5084171295166
19.64933967590332
19.6551570892334
19.532480239868164
19.21390151977539
18.678442001342773
17.907817840576172
16.98992156982422
15.927316665649414
14.777631759643555
13.567146301269531
12.365255355834961
11.162408828735352
10.004704475402832
8.852450370788574
7.772558212280273
6.764000415802002
5.868079662322998
5.126290321350098
4.595239162445068
4.313307762145996
4.278500080108643
4.423971176147461
4.7502360343933105
5.197944164276123
5.757970333099365
6.3465070724487305
6.980418682098389
7.700712203979492
8.54798412322998
9.57382869720459
10.747241020202637
12.07996940612793
13.519750595092773
15.003116607666016
16.54393768310547
18.07778549194336
19.636043548583984
21.196157455444336
22.76836395263672
24.328916549682617
25.835811614990234
27.247568130493164
28.54489517211914
29.705718994140625
30.6903076171875
31.48097801208496
32.05403518676758
32.37435531616211
32.487022399902344
32.33412551879883
31.941837310791016
31.304821014404297
30.47308349609375
29.491596221923828
28.41341209411621
27.249980926513672
26.059261322021484
24.825620651245117
23.610145568847656
22.448389053344727
21.424358367919922
20.445789337158203
19.61205291748047
18.961767196655273
18.446434020996094
18.08221435546875
17.855850219726562
17.735065460205078
17.76618003845215
17.921064376831055
18.22404670715332
18.63719367980957
19.120712280273438
19.6513729095459
20.20873260498047
20.82048225402832
21.3906192779541
21.97779083251953
22.559921264648438
23.106386184692383
23.66823959350586
24.242286682128906
24.824596405029297
25.423192977905273
26.04490852355957
26.74151039123535
27.45793914794922
28.231891632080078
29.05645179748535
29.934585571289062
30.84693145751953
31.71046257019043
32.51762390136719
33.24620819091797
33.82499694824219
34.24485778808594
34.50126266479492
34.59929656982422
34.57461929321289
34.35776138305664
34.0018424987793
33.51788330078125
32.97285461425781
32.39793014526367
31.808778762817383
31.217117309570312
30.606369018554688
29.979623794555664
29.44342613220215
28.94489288330078
28.558584213256836
28.24564552307129
28.015241622924805
27.837202072143555
27.739177703857422
27.747331619262695
27.834985733032227
27.99459457397461
28.226377487182617
28.486574172973633
28.70836639404297
28.9587345123291
29.155376434326172
29.315025329589844
29.45128631591797
29.536439895629883
29.575210571289062
29.539033889770508
29.429365158081055
29.26862335205078
29.04203224182129
28.79515838623047
28.51261329650879
28.194072723388672
27.849523544311523
27.541290283203125
27.220260620117188
26.950925827026367
26.672029495239258
26.42699432373047
26.176023483276367
25.90515899658203
25.637821197509766
25.404008865356445
25.143569946289062
24.90398406982422
24.701217651367188
24.53014373779297
24.373722076416016
24.186981201171875
24.030126571655273
23.885000228881836
23.77116584777832
23.734251022338867
23.774269104003906
23.843698501586914
23.967252731323242
24.1265869140625
24.290164947509766
24.469661712646484
24.675601959228516
24.938621520996094
25.182661056518555
25.459882736206055
25.734752655029297
25.960983276367188
26.167495727539062
26.365957260131836
26.569549560546875
26.75748634338379
26.867422103881836
26.940509796142578
26.962255477905273
26.994421005249023
26.997167587280273
26.96800422668457
26.920278549194336
26.876920700073242
26.815616607666016
26.744224548339844
26.67584991455078
26.612398147583008
26.533334732055664
26.436729431152344
26.290319442749023
26.14340591430664
26.002534866333008
25.888277053833008
25.807039260864258
25.710248947143555
25.575773239135742
25.44306755065918
25.24574089050293
25.015398025512695
24.714431762695312
24.36711311340332
23.947315216064453
23.49266242980957
23.03535270690918
22.613544464111328
22.19477653503418
21.815759658813477
21.470556259155273
21.221332550048828
21.06178092956543
21.056961059570312
21.192829132080078
21.504728317260742
21.969106674194336
22.532203674316406
23.17186737060547
23.83561897277832
24.53019142150879
25.23862648010254
25.919172286987305
26.538297653198242
27.054943084716797
27.463611602783203
27.827348709106445
28.11419105529785
28.286752700805664
28.344881057739258
28.221628189086914
28.00942039489746
27.730117797851562
27.341703414916992
26.82184410095215
26.178653717041016
25.446672439575195
24.674163818359375
23.8684139251709
23.028732299804688
22.160079956054688
21.253934860229492
20.318344116210938
19.35842514038086
18.411054611206055
17.576601028442383
16.858898162841797
16.303237915039062
15.946825981140137
15.731526374816895
15.646061897277832
15.650205612182617
15.725117683410645
15.967290878295898
16.355377197265625
16.900867462158203
17.598636627197266
18.42206573486328
19.33516502380371
20.336483001708984
21.389793395996094
22.4859676361084
23.600622177124023
24.681747436523438
25.72083282470703
26.743547439575195
27.73659896850586
28.6632137298584
29.553699493408203
30.419408798217773
31.162635803222656
31.768966674804688
32.293235778808594
32.71427917480469
32.98833084106445
33.11750030517578
33.08362579345703
32.87687683105469
32.537506103515625
32.0468864440918
31.44240379333496
30.726125717163086
29.92557144165039
29.062902450561523
28.11667823791504
27.158294677734375
26.214618682861328
25.306642532348633
24.45835304260254
23.688291549682617
23.023820877075195
22.424331665039062
21.84331512451172
21.274852752685547
20.774932861328125
20.361000061035156
20.02472686767578
19.813169479370117
19.724119186401367
19.726139068603516
19.873645782470703
20.059429168701172
20.31669807434082
20.707704544067383
21.18341636657715
21.73572540283203
22.352811813354492
22.989858627319336
23.6607666015625
24.374706268310547
25.091066360473633
25.834699630737305
26.53129768371582
27.17723846435547
27.754194259643555
28.25313949584961
28.6202449798584
28.82247543334961
28.912559509277344
28.87700080871582
28.753437042236328
28.536771774291992
28.205913543701172
27.785598754882812
27.2491455078125
26.622737884521484
25.885787963867188
25.092687606811523
24.280818939208984
23.460046768188477
22.693429946899414
22.016986846923828
21.47109031677246
21.070322036743164
20.840709686279297
20.749116897583008
20.799650192260742
20.958911895751953
21.279369354248047
21.803974151611328
22.55672836303711
23.46965980529785
24.541913986206055
25.715166091918945
26.95854377746582
28.205331802368164
29.43606185913086
30.666921615600586
31.889863967895508
33.134578704833984
34.40331268310547
35.64917755126953
36.87697219848633
38.04361343383789
39.12716293334961
40.13017654418945
41.04941177368164
41.838802337646484
42.464271545410156
42.91926956176758
43.17259979248047
43.255367279052734
43.12516784667969
42.751705169677734
42.13792037963867
41.32026672363281
40.285011291503906
39.051998138427734
37.63458251953125
36.022945404052734
34.27614212036133
32.516963958740234
30.789478302001953
29.15122413635254
27.618200302124023
26.2849178314209
25.136871337890625
24.21902847290039
23.55876350402832
23.162153244018555
23.106857299804688
23.362390518188477
23.912033081054688
24.778453826904297
25.932092666625977
27.339494705200195
28.916288375854492
30.658185958862305
32.501121520996094
34.44062042236328
36.4759407043457
38.60015869140625
40.69072341918945
42.688446044921875
44.545745849609375
46.21502685546875
47.7046012878418
49.02413558959961
50.14228057861328
51.11617660522461
51.87714385986328
52.46730422973633
52.830787658691406
52.9826545715332
52.9220085144043
52.62775802612305
52.128421783447266
51.46797180175781
50.60927200317383
49.54750061035156
48.29203796386719
46.8758659362793
45.3341064453125
43.72854995727539
42.12599182128906
40.5591926574707
39.101253509521484
37.7366828918457
36.4925537109375
35.428466796875
34.525333404541016
33.78866195678711
33.27165222167969
32.97933578491211
32.821197509765625
32.815704345703125
33.027408599853516
33.43748092651367
34.0330696105957
34.76442337036133
35.62572479248047
36.61096954345703
37.64558029174805
38.710391998291016
39.7544059753418
40.76845932006836
41.70756912231445
42.524593353271484
43.287559509277344
43.966854095458984
44.55657196044922
45.033870697021484
45.36701583862305
45.57948303222656
45.655025482177734
45.536739349365234
45.28208541870117
44.918113708496094
44.40045928955078
43.764427185058594
42.95834732055664
42.02821350097656
41.01066207885742
39.91706466674805
38.774436950683594
37.60414505004883
36.39445877075195
35.21309280395508
34.10329055786133
33.02948760986328
32.060523986816406
31.211925506591797
30.434185028076172
29.78360366821289
29.27576446533203
28.851402282714844
28.48613929748535
28.165542602539062
27.907405853271484
27.71561050415039
27.572479248046875
27.49151039123535
27.455039978027344
27.46871566772461
27.583358764648438
27.797513961791992
28.08420753479004
28.463176727294922
28.875350952148438
29.362272262573242
29.983776092529297
30.70632553100586
31.471050262451172
32.30733108520508
33.18934631347656
34.05475616455078
34.85537338256836
35.55293655395508
36.13567352294922
36.6225471496582
36.962623596191406
37.14594268798828
37.18547439575195
37.0914421081543
36.84925079345703
36.46125030517578
35.95319747924805
35.30522155761719
34.566532135009766
33.79726791381836
33.01673126220703
32.22675323486328
31.49585723876953
30.846336364746094
30.28957748413086
29.84490394592285
29.53278160095215
29.351608276367188
29.234439849853516
29.238014221191406
29.37017822265625
29.625057220458984
29.99540138244629
30.44162368774414
30.939476013183594
31.47531509399414
32.02582550048828
32.581581115722656
33.11747741699219
33.654964447021484
34.15314483642578
34.5928840637207
34.946197509765625
35.21858596801758
35.48246383666992
35.70441818237305
35.88420486450195
36.0135383605957
36.040103912353516
35.98600769042969
35.8902587890625
35.71710968017578
35.545448303222656
35.32601547241211
35.0518684387207
34.71699523925781
34.33305358886719
33.90739822387695
33.43656539916992
32.94629669189453
32.46015548706055
31.94695472717285
31.432998657226562
30.94569969177246
30.516599655151367
30.115785598754883
29.820514678955078
29.68393325805664
29.68083381652832
29.863082885742188
30.223495483398438
30.7587833404541
31.416240692138672
32.21957778930664
33.1534538269043
34.18151092529297
35.34372329711914
36.58084487915039
37.891746520996094
39.223121643066406
40.56034851074219
41.84064865112305
43.00810241699219
44.02598571777344
44.895416259765625
45.660675048828125
46.274662017822266
46.72146224975586
46.93946838378906
46.908477783203125
46.65203094482422
46.220558166503906
45.64400100708008
44.937129974365234
44.13483428955078
43.244266510009766
42.282493591308594
41.303958892822266
40.314632415771484
39.35295867919922
38.4417839050293
37.57154083251953
36.815364837646484
36.14423751831055
35.58015441894531
35.147247314453125
34.81589889526367
34.57786560058594
34.4375114440918
34.35127258300781
34.38370132446289
34.49473190307617
34.67949676513672
34.96484375
35.36119079589844
35.78449249267578
36.251441955566406
36.727081298828125
37.25425338745117
37.83655548095703
38.4127082824707
38.93912124633789
39.42786407470703
39.92021560668945
40.36198043823242
40.759681701660156
41.10734558105469
41.42053985595703
41.71385955810547
41.94883346557617
42.12273406982422
42.21813201904297
42.26658248901367
42.264129638671875
42.17836380004883
41.98557662963867
41.666378021240234
41.26462173461914
40.82868957519531
40.32367706298828
39.725276947021484
39.065303802490234
38.344688415527344
37.55641555786133
36.73174285888672
35.87441635131836
34.99365997314453
34.070220947265625
33.13230895996094
32.23174285888672
31.418270111083984
30.747303009033203
30.190942764282227
29.715560913085938
29.392236709594727
29.155839920043945
29.026811599731445
28.978166580200195
29.022686004638672
29.17159080505371
29.416940689086914
29.760671615600586
30.169591903686523
30.61532974243164
31.10468864440918
31.63144302368164
32.2069206237793
32.80301284790039
33.451229095458984
34.13007736206055
34.9100341796875
35.741119384765625
36.611141204833984
37.503543853759766
38.43523025512695
39.37089157104492
40.26005935668945
41.1049919128418
41.9052619934082
42.604888916015625
43.265377044677734
43.80747604370117
44.24515151977539
44.63470458984375
44.955772399902344
45.16058349609375
45.30068588256836
45.334014892578125
45.283546447753906
45.118892669677734
44.84272384643555
44.43387985229492
43.892642974853516
43.25556945800781
42.5106201171875
41.73488998413086
40.97808074951172
40.22270965576172
39.5057258605957
38.85032272338867
38.268314361572266
37.8015251159668
37.43855667114258
37.184696197509766
37.091224670410156
37.11784362792969
37.25571060180664
37.513729095458984
37.881553649902344
38.33574295043945
38.865943908691406
39.437747955322266
40.00413513183594
40.55421829223633
41.0086669921875
41.38621520996094
41.652618408203125
41.767215728759766
41.75183868408203
41.64741897583008
41.44507598876953
41.157875061035156
40.73894500732422
40.1999397277832
39.60612106323242
38.96269226074219
38.29903030395508
37.63591003417969
37.00135040283203
36.36345672607422
35.762760162353516
35.21880340576172
34.725975036621094
34.307403564453125
33.94904327392578
33.660377502441406
33.45915985107422
33.27366638183594
33.1093635559082
33.02729034423828
33.0142707824707
33.10242462158203
33.30855941772461
33.582035064697266
33.95766067504883
34.376956939697266
34.85847854614258
35.39771270751953
36.0367317199707
36.75859069824219
37.55529022216797
38.4172248840332
39.32035446166992
40.246456146240234
41.2692985534668
42.32639694213867
43.34839630126953
44.29341125488281
45.1437873840332
45.90059280395508
46.47376251220703
46.8302116394043
46.97953414916992
46.92107391357422
46.636146545410156
46.12653350830078
45.40616989135742
44.474708557128906
43.325992584228516
42.0007209777832
40.51723098754883
38.89979934692383
37.15625
35.32350158691406
33.43731689453125
31.54069709777832
29.707918167114258
27.918609619140625
26.28375816345215
24.832225799560547
23.527435302734375
22.39508056640625
21.484474182128906
20.798036575317383
20.3402156829834
20.04837417602539
19.943613052368164
20.0263671875
20.297842025756836
20.791107177734375
21.48198890686035
22.370769500732422
23.43794059753418
24.652481079101562
26.01675796508789
27.50771713256836
29.08635711669922
30.708383560180664
32.29646301269531
33.801719665527344
35.22915267944336
36.511627197265625
37.68199157714844
38.70549774169922
39.55108642578125
40.19437026977539
40.618839263916016
40.7813835144043
40.733943939208984
40.44921875
39.94371032714844
39.23878860473633
38.36186981201172
37.35580825805664
36.215736389160156
34.911224365234375
33.44619369506836
31.928300857543945
30.317171096801758
28.6926212310791
27.1358585357666
25.648406982421875
24.248550415039062
22.958328247070312
21.828262329101562
20.88907241821289
20.137577056884766
19.583614349365234
19.24151611328125
19.137887954711914
19.274782180786133
19.615341186523438
20.152204513549805
20.881744384765625
21.747831344604492
22.727006912231445
23.777006149291992
24.912580490112305
26.062814712524414
27.17249298095703
28.271299362182617
29.321273803710938
30.329845428466797
31.254133224487305
32.08113479614258
32.822608947753906
33.44820785522461
33.960350036621094
34.3390007019043
34.59562301635742
34.684608459472656
34.60365676879883
34.38176727294922
34.04043197631836
33.6299934387207
33.096824645996094
32.48845291137695
31.816104888916016
31.068164825439453
30.288623809814453
29.47815704345703
28.668386459350586
27.890174865722656
27.158918380737305
26.506881713867188
25.888385772705078
25.36905860900879
24.952037811279297
24.64857292175293
24.486282348632812
24.442445755004883
24.49225425720215
24.66534423828125
24.954835891723633
25.358348846435547
25.91103172302246
26.605653762817383
27.43501091003418
28.35028648376465
29.341632843017578
30.291133880615234
31.214597702026367
32.11444091796875
32.98118591308594
33.7265739440918
34.41226577758789
35.03556823730469
35.60527801513672
36.049991607666016
36.38180923461914
36.57725524902344
36.65715408325195
36.656856536865234
36.543670654296875
36.41975402832031
36.25389862060547
36.015682220458984
35.72628402709961
35.43815994262695
35.22937774658203
35.057735443115234
34.92136001586914
34.837406158447266
34.809913635253906
34.8470344543457
34.91203308105469
35.05460739135742
35.2597770690918
35.4609260559082
35.668426513671875
35.85927200317383
35.99988555908203
36.0810432434082
36.09684753417969
36.03338623046875
35.88789749145508
35.67598342895508
35.447166442871094
35.23208999633789
35.022377014160156
34.82068634033203
34.675209045410156
34.588768005371094
34.55815887451172
34.594520568847656
34.66797637939453
34.85553741455078
35.12528991699219
35.443050384521484
35.82133865356445
36.23037338256836
36.65605545043945
37.08866882324219
37.48611831665039
37.84593963623047
38.16960906982422
38.426692962646484
38.580535888671875
38.608360290527344
38.52212142944336
38.33198928833008
38.07820510864258
37.811378479003906
37.54317092895508
37.2818603515625
36.9745979309082
36.67378616333008
36.3677978515625
36.03022003173828
35.66019821166992
35.273704528808594
34.83395004272461
34.361873626708984
33.87310791015625
33.40029525756836
32.95757293701172
32.50736618041992
32.05302047729492
31.581893920898438
31.1016902923584
30.643930435180664
30.18417739868164
29.719785690307617
29.26958656311035
28.863859176635742
28.534273147583008
28.27266502380371
28.096824645996094
28.038143157958984
28.20600128173828
28.63004493713379
29.239883422851562
30.072864532470703
31.10845184326172
32.27595901489258
33.545997619628906
34.86547088623047
36.15793228149414
37.451595306396484
38.66425323486328
39.77574157714844
40.77676773071289
41.602909088134766
42.26172637939453
42.70799255371094
42.9637451171875
43.07584762573242
43.03437423706055
42.88090133666992
42.643516540527344
42.34805679321289
42.0036506652832
41.644893646240234
41.25981903076172
40.89250183105469
40.555110931396484
40.240806579589844
39.94403839111328
39.64463806152344
39.39923858642578
39.213645935058594
39.053306579589844
38.94953155517578
38.84922790527344
38.771663665771484
38.68781661987305
38.535099029541016
38.32843017578125
38.0670051574707
37.77133560180664
37.427711486816406
37.033695220947266
36.62890625
36.190704345703125
35.744903564453125
35.32158660888672
34.961116790771484
34.672264099121094
34.45925521850586
34.287105560302734
34.15134048461914
34.029659271240234
33.95564270019531
33.86697006225586
33.78102111816406
33.684226989746094
33.55512237548828
33.40554428100586
33.19423294067383
32.95109939575195
32.68416976928711
32.40620803833008
32.13107681274414
31.852140426635742
31.561689376831055
31.296524047851562
31.06272315979004
30.878694534301758
30.801618576049805
30.75867462158203
30.713428497314453
30.674577713012695
30.63217544555664
30.555343627929688
30.480236053466797
30.383956909179688
30.221548080444336
30.0048885345459
29.72539710998535
29.423505783081055
29.082542419433594
28.686561584472656
28.278696060180664
27.824630737304688
27.325763702392578
26.85573387145996
26.403352737426758
26.02676773071289
25.69129180908203
25.440858840942383
25.254358291625977
25.116615295410156
25.110868453979492
25.26616859436035
25.49459457397461
25.82503890991211
26.211280822753906
26.69207000732422
27.206464767456055
27.70835304260254
28.181411743164062
28.62171173095703
29.0504207611084
29.405357360839844
29.694278717041016
29.966306686401367
30.232629776000977
30.486310958862305
30.742794036865234
30.955806732177734
31.160078048706055
31.386564254760742
31.600013732910156
31.801057815551758
31.926572799682617
32.011878967285156
32.05012893676758
32.0216178894043
31.971078872680664
31.904361724853516
31.816326141357422
31.774946212768555
31.7642879486084
31.809728622436523
31.948152542114258
32.176239013671875
32.50205993652344
32.95654296875
33.51887130737305
34.16481399536133
34.923763275146484
35.72734069824219
36.61781311035156
37.55848693847656
38.51396942138672
39.490623474121094
40.44116973876953
41.3387336730957
42.145111083984375
42.89693069458008
43.575748443603516
44.16898727416992
44.61714172363281
44.908145904541016
45.03193283081055
45.009498596191406
44.845848083496094
44.54255676269531
44.17742919921875
43.720279693603516
43.220890045166016
42.74406814575195
42.24777603149414
41.73896408081055
41.236881256103516
40.709754943847656
40.14219284057617
39.54371643066406
38.93498611450195
38.330810546875
37.74011993408203
37.16852951049805
36.581478118896484
36.00878143310547
35.44750213623047
34.919925689697266
34.481624603271484
34.149444580078125
33.893592834472656
33.765995025634766
33.74211883544922
33.82744598388672
34.013710021972656
34.28744888305664
34.66699981689453
35.131431579589844
35.65829849243164
36.26549530029297
36.89155197143555
37.49725341796875
38.110774993896484
38.73679733276367
39.3387565612793
39.896846771240234
40.3774528503418
40.79935073852539
41.11333084106445
41.29619598388672
41.395572662353516
41.366966247558594
41.22637176513672
40.96953582763672
40.619014739990234
40.180294036865234
39.68032455444336
39.1221809387207
38.50668716430664
37.804832458496094
37.079185485839844
36.237728118896484
35.33186340332031
34.42913818359375
33.542640686035156
32.749969482421875
32.0314826965332
31.413061141967773
30.89788055419922
30.501705169677734
30.194896697998047
30.03151512145996
29.927268981933594
29.89084815979004
29.931764602661133
30.063610076904297
30.24110984802246
30.427478790283203
30.690773010253906
31.002986907958984
31.370601654052734
31.763078689575195
32.19953536987305
32.63359069824219
33.05100631713867
33.473628997802734
33.94599914550781
34.44148254394531
34.96343994140625
35.54547119140625
36.19520950317383
36.85745620727539
37.5530891418457
38.2913703918457
39.020957946777344
39.75543212890625
40.45515441894531
41.168392181396484
41.88750076293945
42.59541702270508
43.31476974487305
43.97657775878906
44.57209777832031
45.06047058105469
45.4939079284668
45.88481903076172
46.09159851074219
46.15462112426758
46.11436080932617
45.97601318359375
45.73782730102539
45.389400482177734
44.964569091796875
44.45222473144531
43.917259216308594
43.3959846496582
42.905364990234375
42.51301574707031
42.20783615112305
41.962501525878906
41.830169677734375
41.752784729003906
41.67121887207031
41.56779098510742
41.45451354980469
41.32083511352539
41.130462646484375
40.95035171508789
40.72093963623047
40.44623947143555
40.150634765625
39.858829498291016
39.5352897644043
39.156768798828125
38.711055755615234
38.249114990234375
37.756500244140625
37.23223114013672
36.728843688964844
36.24905014038086
35.76044464111328
35.32637023925781
34.948360443115234
34.685546875
34.52457046508789
34.43782424926758
34.393672943115234
34.383846282958984
34.45457458496094
34.54896926879883
34.62429428100586
34.74113082885742
34.887752532958984
34.990989685058594
35.0528450012207
35.05643081665039
35.001075744628906
34.90998840332031
34.7758674621582
34.61180114746094
34.42829895019531
34.214439392089844
33.982826232910156
33.75230026245117
33.529693603515625
33.369136810302734
33.20336151123047
33.04370880126953
32.89555358886719
32.79615020751953
32.76902770996094
32.782203674316406
32.84926223754883
32.90732955932617
33.00398635864258
33.08858108520508
33.132713317871094
33.171688079833984
33.207801818847656
33.17402648925781
33.12637710571289
33.07355499267578
33.048553466796875
33.03318405151367
33.01079559326172
33.0373420715332
33.115474700927734
33.20556640625
33.33667755126953
33.534664154052734
33.72669219970703
33.899471282958984
34.05289840698242
34.195186614990234
34.295589447021484
34.30853271484375
34.28417205810547
34.156524658203125
33.94527053833008
33.6997184753418
33.39246368408203
33.04124450683594
32.586910247802734
32.0582160949707
31.465917587280273
30.830047607421875
30.19122886657715
29.556949615478516
28.95267677307129
28.445297241210938
28.065593719482422
27.7357234954834
27.476041793823242
27.320844650268555
27.24789047241211
27.236560821533203
27.321374893188477
27.50920295715332
27.745922088623047
27.98064613342285
28.20537757873535
28.374814987182617
28.534282684326172
28.68129539489746
28.741506576538086
28.758811950683594
28.728660583496094
28.65877342224121
28.542335510253906
28.348236083984375
28.099956512451172
27.787534713745117
27.406837463378906
26.946231842041016
26.460981369018555
25.938390731811523
25.294408798217773
24.556568145751953
23.761531829833984
22.941282272338867
22.099580764770508
21.20686149597168
20.30481719970703
19.367733001708984
18.43727684020996
17.542510986328125
16.726449966430664
15.984872817993164
15.324511528015137
14.775469779968262
14.358649253845215
14.1166410446167
14.049407958984375
14.19084358215332
14.573224067687988
15.213227272033691
16.03045654296875
17.034862518310547
18.235492706298828
19.56792449951172
21.037790298461914
22.633726119995117
24.29617691040039
25.945831298828125
27.589616775512695
29.199148178100586
30.743877410888672
32.12763595581055
33.356468200683594
34.43879699707031
35.323848724365234
36.034637451171875
36.60871124267578
37.06276321411133
37.327430725097656
37.438777923583984
37.38980484008789
37.144317626953125
36.79502487182617
36.359352111816406
35.80139923095703
35.185306549072266
34.49467849731445
33.7420768737793
32.95525360107422
32.187870025634766
31.490591049194336
30.849218368530273
30.32088279724121
29.90296745300293
29.600324630737305
29.40949249267578
29.319860458374023
29.39877700805664
29.641719818115234
29.989768981933594
30.44088363647461
30.983732223510742
31.659912109375
32.42224884033203
33.237754821777344
34.098812103271484
35.040184020996094
36.01793670654297
37.00461196899414
37.95293426513672
38.82640838623047
39.611915588378906
40.34999084472656
41.04661178588867
41.675819396972656
42.2154655456543
42.65058135986328
42.95160675048828
43.10289001464844
43.10133743286133
42.956016540527344
42.65788650512695
42.155574798583984
41.53558349609375
40.82273483276367
40.033164978027344
39.20069885253906
38.32054138183594
37.40257263183594
36.49519729614258
35.6271858215332
34.7852897644043
33.999359130859375
33.243858337402344
32.51599884033203
31.847864151000977
31.219329833984375
30.618043899536133
30.07002067565918
29.608753204345703
29.231456756591797
28.92327880859375
28.71927833557129
28.618040084838867
28.62986946105957
28.749109268188477
28.88503646850586
29.076555252075195
29.34026336669922
29.690866470336914
30.0697021484375
30.451684951782227
30.816925048828125
31.172523498535156
31.52495765686035
31.871692657470703
32.18748092651367
32.43868637084961
32.61790084838867
32.72249984741211
32.73945999145508
32.61271286010742
32.368953704833984
31.99140739440918
31.489912033081055
30.840986251831055
30.055438995361328
29.14154815673828
28.10708236694336
26.967247009277344
25.770841598510742
24.5266056060791
23.239665985107422
22.032657623291016
20.893573760986328
19.83220672607422
18.912425994873047
18.18366813659668
17.650217056274414
17.305940628051758
17.185579299926758
17.267242431640625
17.58509063720703
18.095359802246094
18.765705108642578
19.596900939941406
20.582246780395508
21.691020965576172
22.913311004638672
24.21382713317871
25.519786834716797
26.70762825012207
27.81881332397461
28.846651077270508
29.73812484741211
30.479398727416992
31.020998001098633
31.37946319580078
31.548818588256836
31.53801727294922
31.407276153564453
31.141700744628906
30.737384796142578
30.218252182006836
29.562578201293945
28.830385208129883
28.084321975708008
27.346134185791016
26.59520721435547
25.82993507385254
25.08031463623047
24.379709243774414
23.718204498291016
23.07024574279785
22.519393920898438
22.023921966552734
21.59272575378418
21.19791603088379
20.840890884399414
20.558231353759766
20.292226791381836
20.043128967285156
19.80388069152832
19.64339828491211
19.492685317993164
19.381866455078125
19.3486385345459
19.362733840942383
19.42441177368164
19.5194091796875
19.640653610229492
19.81875991821289
20.044692993164062
20.302928924560547
20.65458869934082
21.01491355895996
21.363649368286133
21.687026977539062
21.973648071289062
22.191274642944336
22.360624313354492
22.471769332885742
