-129.55113220214844
-129.82080078125
-130.21409606933594
-130.75259399414062
-131.3885040283203
-132.12481689453125
-132.91029357910156
-133.7392578125
-134.5716094970703
-135.38514709472656
-136.16737365722656
-136.92869567871094
-137.62086486816406
-138.24024963378906
-138.8301239013672
-139.35618591308594
-139.79656982421875
-140.15296936035156
-140.42068481445312
-140.60562133789062
-140.73110961914062
-140.7600860595703
-140.6688232421875
-140.50497436523438
-140.26528930664062
-139.94761657714844
-139.51698303222656
-139.01077270507812
-138.41421508789062
-137.77865600585938
-137.13584899902344
-136.46046447753906
-135.7664337158203
-135.0609893798828
-134.38357543945312
-133.7408447265625
-133.1667022705078
-132.64688110351562
-132.19204711914062
-131.80284118652344
-131.48086547851562
-131.22702026367188
-131.03622436523438
-130.86842346191406
-130.753662109375
-130.67849731445312
-130.6218719482422
-130.57534790039062
-130.5248260498047
-130.4895477294922
-130.4657440185547
-130.40931701660156
-130.35374450683594
-130.29100036621094
-130.25588989257812
-130.23184204101562
-130.227783203125
-130.2425537109375
-130.25106811523438
-130.25245666503906
-130.22727966308594
-130.16244506835938
-130.0806427001953
-129.9368438720703
-129.77090454101562
-129.5365753173828
-129.2687530517578
-129.00025939941406
-128.7117156982422
-128.4251708984375
-128.10934448242188
-127.73770904541016
-127.33330535888672
-126.89134216308594
-126.43478393554688
-125.98046112060547
-125.57514953613281
-125.22198486328125
-124.96653747558594
-124.82721710205078
-124.8296890258789
-124.96805572509766
-125.30081939697266
-125.85936737060547
-126.60652160644531
-127.535400390625
-128.59979248046875
-129.76690673828125
-131.00735473632812
-132.31593322753906
-133.6304473876953
-134.90902709960938
-136.11431884765625
-137.25796508789062
-138.3469696044922
-139.3599395751953
-140.3056640625
-141.17001342773438
-141.9845733642578
-142.75144958496094
-143.4723358154297
-144.13816833496094
-144.7578887939453
-145.33055114746094
-145.87747192382812
-146.3737335205078
-146.782470703125
-147.11744689941406
-147.40237426757812
-147.60130310058594
-147.72508239746094
-147.79840087890625
-147.8095703125
-147.77479553222656
-147.7023162841797
-147.59136962890625
-147.43939208984375
-147.24620056152344
-147.036865234375
-146.84344482421875
-146.7005157470703
-146.59068298339844
-146.53167724609375
-146.57199096679688
-146.67422485351562
-146.8256072998047
-147.0255889892578
-147.3082733154297
-147.63551330566406
-147.96827697753906
-148.3259735107422
-148.6926727294922
-149.01251220703125
-149.28306579589844
-149.5040283203125
-149.66363525390625
-149.78060913085938
-149.84164428710938
-149.85177612304688
-149.81590270996094
-149.74380493164062
-149.6485595703125
-149.5570831298828
-149.47134399414062
-149.39666748046875
-149.3333282470703
-149.27105712890625
-149.23422241210938
-149.22586059570312
-149.2299346923828
-149.2759552001953
-149.34803771972656
-149.3833770751953
-149.40158081054688
-149.38504028320312
-149.32106018066406
-149.1888885498047
-148.9958953857422
-148.73764038085938
-148.43453979492188
-148.08258056640625
-147.72056579589844
-147.37100219726562
-147.05384826660156
-146.78611755371094
-146.58827209472656
-146.46743774414062
-146.4377899169922
-146.4651336669922
-146.57601928710938
-146.74314880371094
-146.9964141845703
-147.3119354248047
-147.6648712158203
-148.06504821777344
-148.4813995361328
-148.9407958984375
-149.4426727294922
-149.98370361328125
-150.5482940673828
-151.103759765625
-151.67388916015625
-152.25160217285156
-152.87295532226562
-153.5098114013672
-154.15121459960938
-154.82699584960938
-155.5111083984375
-156.2008056640625
-156.8783721923828
-157.49374389648438
-158.06300354003906
-158.59451293945312
-159.05630493164062
-159.43524169921875
-159.72409057617188
-159.9304656982422
-160.0310516357422
-160.01577758789062
-159.90139770507812
-159.70431518554688
-159.41873168945312
-159.0462646484375
-158.61183166503906
-158.07972717285156
-157.48948669433594
-156.83277893066406
-156.119140625
-155.39407348632812
-154.6853790283203
-153.97341918945312
-153.28347778320312
-152.6260986328125
-151.98016357421875
-151.359375
-150.7674102783203
-150.20709228515625
-149.65216064453125
-149.0963897705078
-148.52455139160156
-147.98294067382812
-147.47793579101562
-146.97903442382812
-146.53640747070312
-146.16253662109375
-145.91250610351562
-145.77040100097656
-145.75253295898438
-145.86277770996094
-146.1165771484375
-146.55015563964844
-147.1375732421875
-147.8520965576172
-148.649169921875
-149.48855590820312
-150.2837677001953
-151.01292419433594
-151.62490844726562
-152.07066345214844
-152.36639404296875
-152.49826049804688
-152.4927978515625
-152.3177947998047
-152.0093536376953
-151.6003875732422
-151.09686279296875
-150.49464416503906
-149.8368682861328
-149.14450073242188
-148.4048309326172
-147.64451599121094
-146.89990234375
-146.1578826904297
-145.4410400390625
-144.73431396484375
-144.05853271484375
-143.4010467529297
-142.7678680419922
-142.1806640625
-141.65646362304688
-141.22178649902344
-140.8943634033203
-140.7479248046875
-140.75596618652344
-140.9453582763672
-141.36012268066406
-141.97396850585938
-142.83663940429688
-143.8983612060547
-145.1576385498047
-146.56178283691406
-148.09547424316406
-149.71951293945312
-151.4061737060547
-153.1260986328125
-154.84835815429688
-156.5147247314453
-158.09950256347656
-159.5858612060547
-160.97039794921875
-162.18795776367188
-163.27272033691406
-164.1876983642578
-164.9160614013672
-165.43374633789062
-165.7304229736328
-165.8095245361328
-165.6931610107422
-165.37115478515625
-164.8708953857422
-164.1811065673828
-163.2967071533203
-162.2447052001953
-161.07948303222656
-159.82533264160156
-158.52471923828125
-157.1900177001953
-155.85389709472656
-154.52838134765625
-153.21998596191406
-151.9144744873047
-150.61668395996094
-149.33949279785156
-148.105224609375
-146.89358520507812
-145.73104858398438
-144.629150390625
-143.61012268066406
-142.73196411132812
-142.02883911132812
-141.55270385742188
-141.28250122070312
-141.24432373046875
-141.4190673828125
-141.7683868408203
-142.28163146972656
-142.9351806640625
-143.68801879882812
-144.4949188232422
-145.3016357421875
-146.12745666503906
-146.94161987304688
-147.73170471191406
-148.46929931640625
-149.16397094726562
-149.78834533691406
-150.36898803710938
-150.87718200683594
-151.36097717285156
-151.79550170898438
-152.19615173339844
-152.5264892578125
-152.76467895507812
-152.9280548095703
-153.02342224121094
-153.0301513671875
-152.9484100341797
-152.7486114501953
-152.42266845703125
-151.9874267578125
-151.43540954589844
-150.7763214111328
-150.017333984375
-149.19479370117188
-148.36460876464844
-147.5248565673828
-146.70132446289062
-145.9042510986328
-145.13873291015625
-144.445068359375
-143.79006958007812
-143.1813507080078
-142.68026733398438
-142.25262451171875
-141.90428161621094
-141.6319580078125
-141.4656219482422
-141.405029296875
-141.43104553222656
-141.5614776611328
-141.7534942626953
-141.99937438964844
-142.2849578857422
-142.63299560546875
-143.03045654296875
-143.47686767578125
-143.98583984375
-144.54852294921875
-145.16943359375
-145.8669891357422
-146.6432342529297
-147.53025817871094
-148.48899841308594
-149.5318603515625
-150.6389923095703
-151.76412963867188
-152.8932647705078
-153.9649658203125
-154.95179748535156
-155.83238220214844
-156.60845947265625
-157.25439453125
-157.73109436035156
-158.0401611328125
-158.10646057128906
-157.93606567382812
-157.59075927734375
-157.0730743408203
-156.3932647705078
-155.56222534179688
-154.65342712402344
-153.67022705078125
-152.70521545410156
-151.80064392089844
-150.9786376953125
-150.27618408203125
-149.7587127685547
-149.40016174316406
-149.21705627441406
-149.26373291015625
-149.50218200683594
-149.94683837890625
-150.5811309814453
-151.33909606933594
-152.20567321777344
-153.1484832763672
-154.14654541015625
-155.18612670898438
-156.2091522216797
-157.2052459716797
-158.13966369628906
-159.01475524902344
-159.83828735351562
-160.5886688232422
-161.2421112060547
-161.77796936035156
-162.22215270996094
-162.59072875976562
-162.91993713378906
-163.183349609375
-163.37754821777344
-163.51443481445312
-163.59881591796875
-163.64779663085938
-163.6356658935547
-163.56593322753906
-163.47145080566406
-163.3665008544922
-163.25872802734375
-163.1107940673828
-162.9140625
-162.6636962890625
-162.3446044921875
-161.9678192138672
-161.5079345703125
-160.94403076171875
-160.3103485107422
-159.61485290527344
-158.8532257080078
-158.06378173828125
-157.2620849609375
-156.44818115234375
-155.66636657714844
-154.88453674316406
-154.06857299804688
-153.26861572265625
-152.45571899414062
-151.64085388183594
-150.86520385742188
-150.1293487548828
-149.42025756835938
-148.79664611816406
-148.27291870117188
-147.91102600097656
-147.66928100585938
-147.56797790527344
-147.64382934570312
-147.90052795410156
-148.31436157226562
-148.87330627441406
-149.56124877929688
-150.37570190429688
-151.26681518554688
-152.2227020263672
-153.2153778076172
-154.20782470703125
-155.189697265625
-156.13673400878906
-157.05357360839844
-157.912841796875
-158.72665405273438
-159.5216522216797
-160.2706298828125
-160.97055053710938
-161.6507110595703
-162.28712463378906
-162.8616485595703
-163.36209106445312
-163.7831573486328
-164.13311767578125
-164.41748046875
-164.61427307128906
-164.70130920410156
-164.6938018798828
-164.60354614257812
-164.39930725097656
-164.0646514892578
-163.6126251220703
-163.03221130371094
-162.35719299316406
-161.5675048828125
-160.70069885253906
-159.77401733398438
-158.8199005126953
-157.83267211914062
-156.85867309570312
-155.90907287597656
-155.03932189941406
-154.2339630126953
-153.4883270263672
-152.85198974609375
-152.34950256347656
-151.989501953125
-151.7484588623047
-151.62059020996094
-151.55752563476562
-151.56192016601562
-151.58184814453125
-151.617919921875
-151.66049194335938
-151.7245635986328
-151.78933715820312
-151.8474578857422
-151.91055297851562
-151.9501495361328
-151.986083984375
-152.0000457763672
-152.02850341796875
-152.05885314941406
-152.13462829589844
-152.266845703125
-152.46401977539062
-152.7359619140625
-153.09793090820312
-153.52011108398438
-153.97769165039062
-154.41554260253906
-154.84527587890625
-155.2308807373047
-155.52687072753906
-155.7379608154297
-155.857421875
-155.8832244873047
-155.8166046142578
-155.645751953125
-155.389404296875
-155.04238891601562
-154.6108856201172
-154.12164306640625
-153.58834838867188
-153.04696655273438
-152.5071258544922
-151.99339294433594
-151.528076171875
-151.09278869628906
-150.68016052246094
-150.3329315185547
-150.07342529296875
-149.87364196777344
-149.70913696289062
-149.59532165527344
-149.495849609375
-149.37351989746094
-149.21315002441406
-149.0384063720703
-148.8397979736328
-148.63623046875
-148.419921875
-148.1904754638672
-147.96697998046875
-147.77232360839844
-147.62945556640625
-147.56236267089844
-147.545654296875
-147.6151580810547
-147.7437744140625
-147.96754455566406
-148.26739501953125
-148.61695861816406
-148.98275756835938
-149.35955810546875
-149.7444610595703
-150.1475830078125
-150.53457641601562
-150.89707946777344
-151.2461700439453
-151.5590362548828
-151.79452514648438
-151.94615173339844
-152.0135955810547
-152.03512573242188
-151.98696899414062
-151.90557861328125
-151.8107147216797
-151.73609924316406
-151.69900512695312
-151.68606567382812
-151.74114990234375
-151.87449645996094
-152.08828735351562
-152.40237426757812
-152.80567932128906
-153.30592346191406
-153.8670654296875
-154.49827575683594
-155.19540405273438
-155.93824768066406
-156.69683837890625
-157.43093872070312
-158.12515258789062
-158.78660583496094
-159.40213012695312
-159.93753051757812
-160.37815856933594
-160.73956298828125
-161.003173828125
-161.15899658203125
-161.2002716064453
-161.09934997558594
-160.84263610839844
-160.4457244873047
-159.91445922851562
-159.2938690185547
-158.6110076904297
-157.8783721923828
-157.10472106933594
-156.3241424560547
-155.53201293945312
-154.7436981201172
-154.0003204345703
-153.28648376464844
-152.6728057861328
-152.16160583496094
-151.7662811279297
-151.46084594726562
-151.26275634765625
-151.19854736328125
-151.2516326904297
-151.39065551757812
-151.65029907226562
-151.98439025878906
-152.3697967529297
-152.8200225830078
-153.29342651367188
-153.7886962890625
-154.2943572998047
-154.8152313232422
-155.33566284179688
-155.83253479003906
-156.32493591308594
-156.76748657226562
-157.14593505859375
-157.42196655273438
-157.61068725585938
-157.71542358398438
-157.7736358642578
-157.79241943359375
-157.78863525390625
-157.7417449951172
-157.65036010742188
-157.54238891601562
-157.40603637695312
-157.2004852294922
-156.9398193359375
-156.65748596191406
-156.35134887695312
-156.06793212890625
-155.77664184570312
-155.50436401367188
-155.28970336914062
-155.12258911132812
-155.0079803466797
-154.91616821289062
-154.87435913085938
-154.91612243652344
-155.04945373535156
-155.25418090820312
-155.5147247314453
-155.84609985351562
-156.21885681152344
-156.58270263671875
-156.9332275390625
-157.23878479003906
-157.50054931640625
-157.7378387451172
-157.94171142578125
-158.09237670898438
-158.2183837890625
-158.29859924316406
-158.3043212890625
-158.22926330566406
-158.09619140625
-157.9087677001953
-157.6360626220703
-157.32273864746094
-156.94761657714844
-156.54205322265625
-156.13343811035156
-155.72474670410156
-155.28892517089844
-154.83473205566406
-154.3879852294922
-153.92257690429688
-153.47816467285156
-153.03675842285156
-152.6195068359375
-152.21185302734375
-151.7925567626953
-151.3540496826172
-150.89535522460938
-150.4036407470703
-149.87442016601562
-149.305419921875
-148.6956024169922
-148.05868530273438
-147.4457550048828
-146.84457397460938
-146.2866668701172
-145.79637145996094
-145.39694213867188
-145.07400512695312
-144.8448028564453
-144.7306365966797
-144.7072296142578
-144.79598999023438
-144.990478515625
-145.2436065673828
-145.53550720214844
-145.85606384277344
-146.208740234375
-146.57130432128906
-146.9563446044922
-147.35983276367188
-147.76248168945312
-148.19972229003906
-148.68411254882812
-149.14599609375
-149.60362243652344
-150.09658813476562
-150.61895751953125
-151.2100372314453
-151.84507751464844
-152.4670867919922
-153.0689239501953
-153.64361572265625
-154.16796875
-154.63397216796875
-155.0051727294922
-155.31568908691406
-155.52284240722656
-155.62628173828125
-155.607421875
-155.48480224609375
-155.24789428710938
-154.90782165527344
-154.46461486816406
-153.96112060546875
-153.3528289794922
-152.6527557373047
-151.87359619140625
-151.04933166503906
-150.21087646484375
-149.37869262695312
-148.56678771972656
-147.78533935546875
-147.0921630859375
-146.5550537109375
-146.16763305664062
-145.94894409179688
-145.91163635253906
-146.1004180908203
-146.4825439453125
-147.09291076660156
-147.8613739013672
-148.7796173095703
-149.76544189453125
-150.81651306152344
-151.8925018310547
-152.98838806152344
-154.08477783203125
-155.1245574951172
-156.1053466796875
-156.99053955078125
-157.79539489746094
-158.5164794921875
-159.1863555908203
-159.76058959960938
-160.26681518554688
-160.70603942871094
-161.06158447265625
-161.3172149658203
-161.48448181152344
-161.56626892089844
-161.55445861816406
-161.42962646484375
-161.1616668701172
-160.7686309814453
-160.2891387939453
-159.74917602539062
-159.2255401611328
-158.72219848632812
-158.2347412109375
-157.763671875
-157.2812957763672
-156.80389404296875
-156.34771728515625
-155.88778686523438
-155.4283447265625
-154.9541473388672
-154.4845733642578
-153.9952392578125
-153.49014282226562
-152.9491424560547
-152.4022979736328
-151.85301208496094
-151.3173828125
-150.81568908691406
-150.35980224609375
-149.98126220703125
-149.6610870361328
-149.43310546875
-149.2935028076172
-149.2054443359375
-149.14434814453125
-149.1762237548828
-149.27967834472656
-149.4153289794922
-149.57359313964844
-149.74913024902344
-149.94503784179688
-150.1349639892578
-150.3240203857422
-150.46865844726562
-150.58177185058594
-150.68069458007812
-150.7059326171875
-150.70022583007812
-150.61326599121094
-150.47337341308594
-150.27513122558594
-150.02101135253906
-149.7122039794922
-149.39480590820312
-149.04571533203125
-148.65562438964844
-148.22579956054688
-147.7918701171875
-147.31417846679688
-146.80931091308594
-146.26324462890625
-145.6895294189453
-145.0625762939453
-144.3942413330078
-143.6646728515625
-142.88418579101562
-142.06756591796875
-141.22657775878906
-140.3910675048828
-139.55679321289062
-138.73423767089844
-137.96197509765625
-137.22561645507812
-136.5546875
-135.90989685058594
-135.30482482910156
-134.77743530273438
-134.32778930664062
-133.96351623535156
-133.7129364013672
-133.55465698242188
-133.4945831298828
-133.50677490234375
-133.63023376464844
-133.8299560546875
-134.08877563476562
-134.38751220703125
-134.74127197265625
-135.13682556152344
-135.55862426757812
-135.97134399414062
-136.363525390625
-136.7574005126953
-137.11619567871094
-137.43751525878906
-137.7117462158203
-137.93576049804688
-138.10159301757812
-138.21670532226562
-138.28553771972656
-138.30784606933594
-138.30374145507812
-138.30667114257812
-138.3125457763672
-138.29559326171875
-138.2482452392578
-138.19935607910156
-138.16575622558594
-138.14480590820312
-138.1488800048828
-138.20767211914062
-138.31137084960938
-138.4630126953125
-138.6688232421875
-138.95932006835938
-139.37704467773438
-139.8965301513672
-140.50927734375
-141.1983642578125
-141.9488067626953
-142.78675842285156
-143.67938232421875
-144.59771728515625
-145.4906463623047
-146.3547821044922
-147.13760375976562
-147.81407165527344
-148.40151977539062
-148.85714721679688
-149.19110107421875
-149.37969970703125
-149.4188690185547
-149.2740478515625
-148.97000122070312
-148.4916229248047
-147.8291778564453
-147.0120849609375
-146.08189392089844
-145.03598022460938
-143.9554443359375
-142.85031127929688
-141.7180633544922
-140.60040283203125
-139.51307678222656
-138.4967803955078
-137.5475616455078
-136.67735290527344
-135.878662109375
-135.15231323242188
-134.53118896484375
-134.0631561279297
-133.74874877929688
-133.56195068359375
-133.48104858398438
-133.4962158203125
-133.62521362304688
-133.86370849609375
-134.18194580078125
-134.60238647460938
-135.13941955566406
-135.7884521484375
-136.53822326660156
-137.3520965576172
-138.2371368408203
-139.1515350341797
-140.100341796875
-141.10557556152344
-142.10682678222656
-143.1085968017578
-144.10711669921875
-145.05621337890625
-145.91909790039062
-146.69143676757812
-147.38381958007812
-147.95643615722656
-148.38900756835938
-148.70933532714844
-148.94229125976562
-149.05105590820312
-149.04940795898438
-148.9322509765625
-148.71011352539062
-148.39724731445312
-147.9967041015625
-147.5202178955078
-146.980224609375
-146.39328002929688
-145.7566680908203
-145.0859375
-144.401123046875
-143.7227783203125
-143.06373596191406
-142.3854522705078
-141.71395874023438
-141.05026245117188
-140.37457275390625
-139.7263946533203
-139.07366943359375
-138.3959197998047
-137.72360229492188
-137.0665740966797
-136.43919372558594
-135.84986877441406
-135.3262481689453
-134.88980102539062
-134.5642852783203
-134.36256408691406
-134.2747802734375
-134.3874969482422
-134.68141174316406
-135.142578125
-135.74447631835938
-136.46002197265625
-137.26614379882812
-138.1381072998047
-139.02719116210938
-139.89321899414062
-140.69456481933594
-141.4380340576172
-142.07308959960938
-142.59405517578125
-143.02723693847656
-143.32798767089844
-143.50086975097656
-143.580322265625
-143.55125427246094
-143.41815185546875
-143.17984008789062
-142.84205627441406
-142.41680908203125
-141.94992065429688
-141.43060302734375
-140.85304260253906
-140.21824645996094
-139.55882263183594
-138.86219787597656
-138.1566162109375
-137.39820861816406
-136.61778259277344
-135.86306762695312
-135.15399169921875
-134.5191650390625
-133.95518493652344
-133.45094299316406
-132.9998016357422
-132.58079528808594
-132.18788146972656
-131.80270385742188
-131.4539031982422
-131.1486358642578
-130.91087341308594
-130.71510314941406
-130.62283325195312
-130.65170288085938
-130.76502990722656
-130.9795684814453
-131.2865447998047
-131.65853881835938
-132.11279296875
-132.66802978515625
-133.30508422851562
-134.00657653808594
-134.75511169433594
-135.50576782226562
-136.22677612304688
-136.94973754882812
-137.64634704589844
-138.32254028320312
-138.9795684814453
-139.56678771972656
-140.09153747558594
-140.5663299560547
-140.96971130371094
-141.3334197998047
-141.64468383789062
-141.87612915039062
-141.9938507080078
-142.00570678710938
-141.8867645263672
-141.64833068847656
-141.31161499023438
-140.91705322265625
-140.4786834716797
-140.0133056640625
-139.55047607421875
-139.10757446289062
-138.69619750976562
-138.34286499023438
-138.05526733398438
-137.83001708984375
-137.70091247558594
-137.65199279785156
-137.68203735351562
-137.75439453125
-137.86077880859375
-137.9705047607422
-138.09698486328125
-138.24761962890625
-138.4036407470703
-138.5725860595703
-138.6988983154297
-138.8291778564453
-138.9336395263672
-139.02012634277344
-139.10951232910156
-139.18936157226562
-139.22926330566406
-139.23751831054688
-139.21939086914062
-139.1954345703125
-139.16445922851562
-139.08584594726562
-138.97921752929688
-138.85665893554688
-138.7344207763672
-138.52871704101562
-138.2581024169922
-137.97390747070312
-137.67747497558594
-137.3639678955078
-137.00839233398438
-136.6409454345703
-136.2581024169922
-135.83140563964844
-135.37594604492188
-134.84994506835938
-134.2741241455078
-133.62936401367188
-132.88821411132812
-132.12327575683594
-131.34002685546875
-130.61392211914062
-129.98435974121094
-129.49472045898438
-129.1728515625
-129.0485076904297
-129.1278076171875
-129.4396514892578
-129.93919372558594
-130.5705108642578
-131.29551696777344
-132.09136962890625
-132.9482421875
-133.84994506835938
-134.78555297851562
-135.72987365722656
-136.66574096679688
-137.6043243408203
-138.51882934570312
-139.41131591796875
-140.27699279785156
-141.09669494628906
-141.8082275390625
-142.44686889648438
-143.015869140625
-143.48880004882812
-143.81809997558594
-144.0287628173828
-144.10597229003906
-144.03208923339844
-143.8603515625
-143.57080078125
-143.17361450195312
-142.6629638671875
-142.05763244628906
-141.36129760742188
-140.5789031982422
-139.73602294921875
-138.80650329589844
-137.850341796875
-136.9028778076172
-135.99200439453125
-135.13267517089844
-134.35604858398438
-133.67239379882812
-133.10020446777344
-132.61044311523438
-132.18972778320312
-131.8574981689453
-131.60736083984375
-131.46420288085938
-131.3784637451172
-131.32318115234375
-131.27296447753906
-131.24208068847656
-131.22254943847656
-131.23440551757812
-131.2471923828125
-131.25082397460938
-131.2650146484375
-131.28199768066406
-131.3058319091797
-131.33102416992188
-131.36624145507812
-131.4203338623047
-131.53602600097656
-131.71876525878906
-131.94915771484375
-132.2299346923828
-132.55943298339844
-132.91976928710938
-133.2993927001953
-133.66421508789062
-134.00062561035156
-134.32830810546875
-134.62655639648438
-134.8841094970703
-135.12863159179688
-135.38441467285156
-135.64234924316406
-135.8882293701172
-136.1296844482422
-136.37791442871094
-136.65829467773438
-136.9725341796875
-137.315185546875
-137.6769561767578
-138.03616333007812
-138.36767578125
-138.65956115722656
-138.90245056152344
-139.11497497558594
-139.27488708496094
-139.36941528320312
-139.4054718017578
-139.33493041992188
-139.12826538085938
-138.79515075683594
-138.34445190429688
-137.78839111328125
-137.13592529296875
-136.40599060058594
-135.67291259765625
-134.9943084716797
-134.3949737548828
-133.91778564453125
-133.5742645263672
-133.3602294921875
-133.29232788085938
-133.3321075439453
-133.4563751220703
-133.6460418701172
-133.8682098388672
-134.07748413085938
-134.2957763671875
-134.49722290039062
-134.6274871826172
-134.7106170654297
-134.72445678710938
-134.66603088378906
-134.52450561523438
-134.3340301513672
-134.10546875
-133.87509155273438
-133.64710998535156
-133.43017578125
-133.2447052001953
-133.10353088378906
-133.0310516357422
-133.03529357910156
-133.15521240234375
-133.39599609375
-133.78616333007812
-134.3013458251953
-134.95176696777344
-135.7605743408203
-136.6863250732422
-137.67669677734375
-138.6863250732422
-139.65481567382812
-140.56338500976562
-141.35525512695312
-141.99928283691406
-142.4697723388672
-142.8000946044922
-143.0049591064453
-143.13595581054688
-143.22283935546875
-143.31991577148438
-143.44961547851562
-143.61073303222656
-143.78610229492188
-143.9967498779297
-144.2519989013672
-144.5251922607422
-144.7809295654297
-145.01638793945312
-145.21429443359375
-145.33241271972656
-145.35183715820312
-145.25953674316406
-145.02732849121094
-144.6504669189453
-144.15298461914062
-143.54904174804688
-142.8610382080078
-142.13282775878906
-141.37661743164062
-140.6164093017578
-139.9116973876953
-139.2900848388672
-138.7913818359375
-138.41416931152344
-138.1678009033203
-138.08905029296875
-138.20294189453125
-138.50253295898438
-138.96432495117188
-139.56776428222656
-140.30892944335938
-141.12237548828125
-142.01107788085938
-142.9686737060547
-143.99134826660156
-145.07504272460938
-146.19558715820312
-147.3521728515625
-148.51983642578125
-149.69293212890625
-150.79457092285156
-151.8027801513672
-152.6988983154297
-153.4724578857422
-154.1167755126953
-154.64678955078125
-155.0756378173828
-155.4051971435547
-155.65048217773438
-155.76275634765625
-155.70924377441406
-155.4923095703125
-155.14610290527344
-154.67120361328125
-154.0592803955078
-153.2799835205078
-152.38980102539062
-151.45254516601562
-150.52740478515625
-149.64990234375
-148.8700408935547
-148.21722412109375
-147.72817993164062
-147.41087341308594
-147.28392028808594
-147.3159637451172
-147.48825073242188
-147.8054656982422
-148.21939086914062
-148.69371032714844
-149.19854736328125
-149.698486328125
-150.15232849121094
-150.56436157226562
-150.93629455566406
-151.25575256347656
-151.52777099609375
-151.7608642578125
-151.9293975830078
-152.04139709472656
-152.11692810058594
-152.1709747314453
-152.2392578125
-152.343017578125
-152.52183532714844
-152.78123474121094
-153.10816955566406
-153.4571075439453
-153.8214111328125
-154.16632080078125
-154.4747314453125
-154.68069458007812
-154.77365112304688
-154.72811889648438
-154.5388946533203
-154.20330810546875
-153.72314453125
-153.09519958496094
-152.35433959960938
-151.51177978515625
-150.6057586669922
-149.66943359375
-148.75543212890625
-147.93553161621094
-147.2501220703125
-146.720947265625
-146.35260009765625
-146.17550659179688
-146.15501403808594
-146.2508544921875
-146.4437255859375
-146.68797302246094
-146.98719787597656
-147.3054962158203
-147.5958709716797
-147.81700134277344
-147.9743194580078
-148.02085876464844
-147.9581298828125
-147.78004455566406
-147.51390075683594
-147.1507110595703
-146.75393676757812
-146.31552124023438
-145.87046813964844
-145.45472717285156
-145.10728454589844
-144.85179138183594
-144.7019500732422
-144.66998291015625
-144.75230407714844
-144.94879150390625
-145.21292114257812
-145.53518676757812
-145.89784240722656
-146.27964782714844
-146.6321563720703
-146.9087371826172
-147.11834716796875
-147.24815368652344
-147.29595947265625
-147.23423767089844
-147.10150146484375
-146.86492919921875
-146.53810119628906
-146.13580322265625
-145.7042999267578
-145.2490692138672
-144.80517578125
-144.3734588623047
-143.9539794921875
-143.56027221679688
-143.18431091308594
-142.8318634033203
-142.48892211914062
-142.13107299804688
-141.7917022705078
-141.43177795410156
-141.07310485839844
-140.73915100097656
-140.41256713867188
-140.12477111816406
-139.8555908203125
-139.6459503173828
-139.50326538085938
-139.41107177734375
-139.36473083496094
-139.36123657226562
-139.4144744873047
-139.53729248046875
-139.70645141601562
-139.91392517089844
-140.1531524658203
-140.43310546875
-140.70310974121094
-140.989013671875
-141.27874755859375
-141.56982421875
-141.8486328125
-142.0859832763672
-142.2765655517578
-142.44692993164062
-142.62115478515625
-142.8238067626953
-143.0255584716797
-143.25711059570312
-143.4724578857422
-143.6827850341797
-143.8865203857422
-144.02845764160156
-144.15216064453125
-144.24241638183594
-144.2917938232422
-144.30747985839844
-144.27931213378906
-144.21353149414062
-144.12777709960938
-144.04368591308594
-143.97882080078125
-143.93113708496094
-143.90489196777344
-143.93905639648438
-144.01837158203125
-144.1727752685547
-144.3809814453125
-144.6508026123047
-144.97906494140625
-145.38719177246094
-145.864501953125
-146.35557556152344
-146.90345764160156
-147.45999145507812
-147.998291015625
-148.49832153320312
-148.9410400390625
-149.2981719970703
-149.5386962890625
-149.6664581298828
-149.6704864501953
-149.52488708496094
-149.24530029296875
-148.88436889648438
-148.42550659179688
-147.89735412597656
-147.31878662109375
-146.73931884765625
-146.21511840820312
-145.7569580078125
-145.3827362060547
-145.13233947753906
-144.98265075683594
-144.91293334960938
-144.95631408691406
-145.07936096191406
-145.27606201171875
-145.53878784179688
-145.83970642089844
-146.16873168945312
-146.5099334716797
-146.80787658691406
-147.07601928710938
-147.32333374023438
-147.5563507080078
-147.7715301513672
-147.96249389648438
-148.11094665527344
-148.29986572265625
-148.51136779785156
-148.75216674804688
-149.04922485351562
-149.40570068359375
-149.8257293701172
-150.29234313964844
-150.80020141601562
-151.3351287841797
-151.87677001953125
-152.37142944335938
-152.82266235351562
-153.22312927246094
-153.5396728515625
-153.75308227539062
-153.8393096923828
-153.7633819580078
-153.54522705078125
-153.20472717285156
-152.75563049316406
-152.20933532714844
-151.5683135986328
-150.8350067138672
-150.01097106933594
-149.146240234375
-148.29974365234375
-147.46633911132812
-146.67193603515625
-145.93026733398438
-145.25619506835938
-144.62525939941406
-144.0518341064453
-143.52163696289062
-143.0322265625
-142.5497589111328
-142.08038330078125
-141.6297149658203
-141.15760803222656
-140.66233825683594
-140.11997985839844
-139.54995727539062
-138.97596740722656
-138.41806030273438
-137.86447143554688
-137.34764099121094
-136.86880493164062
-136.4337615966797
-136.0405731201172
-135.7316436767578
-135.48806762695312
-135.2953643798828
-135.1775360107422
-135.1129150390625
-135.10174560546875
-135.1245880126953
-135.194580078125
-135.29600524902344
-135.452880859375
-135.6744842529297
-135.9592742919922
-136.28042602539062
-136.68292236328125
-137.18360900878906
-137.75726318359375
-138.4525146484375
-139.2093048095703
-140.0464630126953
-140.93515014648438
-141.8423614501953
-142.7520751953125
-143.63294982910156
-144.48333740234375
-145.2517547607422
-145.9665985107422
-146.5908203125
-147.14820861816406
-147.6511993408203
-148.08004760742188
-148.43338012695312
-148.68247985839844
-148.85520935058594
-148.95091247558594
-149.01844787597656
-149.05845642089844
-149.10191345214844
-149.1239013671875
-149.15574645996094
-149.20091247558594
-149.302001953125
-149.45970153808594
-149.6573486328125
-149.8731689453125
-150.14772033691406
-150.43246459960938
-150.71368408203125
-150.99281311035156
-151.2416534423828
-151.4477081298828
-151.59323120117188
-151.68783569335938
-151.70675659179688
-151.6967010498047
-151.6589813232422
-151.59967041015625
-151.53318786621094
-151.5119171142578
-151.53842163085938
-151.61795043945312
-151.74624633789062
-151.90504455566406
-152.11044311523438
-152.34884643554688
-152.5879364013672
-152.81201171875
-153.00912475585938
-153.186767578125
-153.35626220703125
-153.53466796875
-153.7339630126953
-153.9596405029297
-154.19622802734375
-154.43299865722656
-154.66041564941406
-154.85340881347656
-155.02285766601562
-155.1689453125
-155.29869079589844
-155.43101501464844
-155.55372619628906
-155.69680786132812
-155.83555603027344
-156.00511169433594
-156.213134765625
-156.4364776611328
-156.66973876953125
-156.87525939941406
-157.0408935546875
-157.16241455078125
-157.27272033691406
-157.35740661621094
-157.3799591064453
-157.34298706054688
-157.2139129638672
-157.0194091796875
-156.7484893798828
-156.42100524902344
-156.05490112304688
-155.65768432617188
-155.2206573486328
-154.74917602539062
-154.2944793701172
-153.8641357421875
-153.4557647705078
-153.05224609375
-152.65744018554688
-152.28692626953125
-151.94305419921875
-151.59591674804688
-151.26223754882812
-150.97589111328125
-150.7347412109375
-150.5015106201172
-150.28695678710938
-150.07412719726562
-149.8511199951172
-149.63136291503906
-149.43516540527344
-149.2574920654297
-149.0727081298828
-148.89950561523438
-148.76126098632812
-148.69073486328125
-148.68226623535156
-148.74752807617188
-148.90455627441406
-149.13772583007812
-149.45822143554688
-149.83824157714844
-150.2813720703125
-150.7806396484375
-151.3123321533203
-151.8893280029297
-152.46890258789062
-153.07337951660156
-153.6543731689453
-154.21376037597656
-154.720947265625
-155.18470764160156
-155.61521911621094
-155.9880828857422
-156.29336547851562
-156.54766845703125
-156.77857971191406
-156.94061279296875
-157.0390625
-157.09263610839844
-157.09097290039062
-157.01060485839844
-156.83901977539062
-156.57867431640625
-156.2676239013672
-155.8986053466797
-155.48486328125
-155.0037078857422
-154.47689819335938
-153.898681640625
-153.29202270507812
-152.6951904296875
-152.10462951660156
-151.5735626220703
-151.10903930664062
-150.71437072753906
-150.45059204101562
-150.2999267578125
-150.2886962890625
-150.39614868164062
-150.59417724609375
-150.88011169433594
-151.25929260253906
-151.72891235351562
-152.23165893554688
-152.7530517578125
-153.28240966796875
-153.798828125
-154.2864532470703
-154.70960998535156
-155.03781127929688
-155.3008270263672
-155.4888153076172
-155.60650634765625
-155.66619873046875
-155.6841278076172
-155.66384887695312
-155.6151123046875
-155.57763671875
-155.556396484375
-155.56369018554688
-155.58090209960938
-155.62240600585938
-155.66265869140625
-155.7105712890625
-155.78851318359375
-155.8585205078125
-155.88494873046875
-155.86940002441406
-155.82247924804688
-155.74737548828125
-155.625732421875
-155.46839904785156
-155.30039978027344
-155.1240692138672
-154.9609375
-154.86741638183594
-154.810302734375
-154.8201141357422
-154.907958984375
-155.09640502929688
-155.36082458496094
-155.68533325195312
-156.0841827392578
-156.54742431640625
-157.06398010253906
-157.63058471679688
-158.19476318359375
-158.73170471191406
-159.25685119628906
-159.72592163085938
-160.1144561767578
-160.43670654296875
-160.63314819335938
-160.7117156982422
-160.6705780029297
-160.45565795898438
-160.09959411621094
-159.6504364013672
-159.10977172851562
-158.45974731445312
-157.7331085205078
-156.931640625
-156.08070373535156
-155.20533752441406
-154.3085479736328
-153.3458709716797
-152.32791137695312
-151.3210906982422
-150.3813934326172
-149.5173797607422
-148.71046447753906
-147.96266174316406
-147.25027465820312
-146.59202575683594
-145.98577880859375
-145.4330291748047
-144.9206085205078
-144.43812561035156
-144.00001525878906
-143.6138458251953
-143.27615356445312
-142.96226501464844
-142.67877197265625
-142.4342041015625
-142.2185516357422
-142.08055114746094
-141.99171447753906
-142.00161743164062
-142.0868682861328
-142.28082275390625
-142.58367919921875
-143.01942443847656
-143.58071899414062
-144.2407989501953
-144.9752655029297
-145.75595092773438
-146.5603485107422
-147.35154724121094
-148.14779663085938
-148.91976928710938
-149.62474060058594
-150.2482452392578
-150.78909301757812
-151.2527618408203
-151.62203979492188
-151.90858459472656
-152.10000610351562
-152.18954467773438
-152.1625213623047
-152.02447509765625
-151.7666778564453
-151.3822784423828
-150.90231323242188
-150.35438537597656
-149.76918029785156
-149.15029907226562
-148.52320861816406
-147.90451049804688
-147.23936462402344
-146.5902099609375
-145.9656982421875
-145.35240173339844
-144.78709411621094
-144.2812957763672
-143.85231018066406
-143.51190185546875
-143.24476623535156
-143.04051208496094
-142.935302734375
-142.88650512695312
-142.87432861328125
-142.8822479248047
-142.88026428222656
-142.84414672851562
-142.7532958984375
-142.59312438964844
-142.3583526611328
-142.04913330078125
-141.7200164794922
-141.38243103027344
-141.02349853515625
-140.68841552734375
-140.39564514160156
-140.15357971191406
-139.99195861816406
-139.8877716064453
-139.8267364501953
-139.8232879638672
-139.86468505859375
-139.9235076904297
-140.0001678466797
-140.08779907226562
-140.18405151367188
-140.30007934570312
-140.43722534179688
-140.56150817871094
-140.64990234375
-140.70677185058594
-140.75128173828125
-140.78944396972656
-140.81845092773438
-140.86068725585938
-140.9136505126953
-141.0150909423828
-141.17965698242188
-141.40599060058594
-141.67501831054688
-142.02871704101562
-142.43893432617188
-142.8668975830078
-143.29598999023438
-143.69808959960938
-144.04600524902344
-144.3230438232422
-144.54200744628906
-144.71363830566406
-144.83216857910156
-144.87301635742188
-144.82655334472656
-144.6869354248047
-144.4907989501953
-144.21302795410156
-143.89105224609375
-143.53750610351562
-143.2005157470703
-142.83511352539062
-142.48483276367188
-142.16970825195312
-141.91441345214844
-141.71348571777344
-141.6105499267578
-141.6135711669922
-141.71002197265625
-141.9401397705078
-142.28256225585938
-142.70225524902344
-143.15704345703125
-143.67233276367188
-144.21084594726562
-144.7680206298828
-145.36111450195312
-145.95457458496094
-146.5470733642578
-147.11526489257812
-147.68728637695312
-148.27305603027344
-148.8379364013672
-149.3773193359375
-149.92811584472656
-150.4501953125
-150.93276977539062
-151.37550354003906
-151.78062438964844
-152.14002990722656
-152.45164489746094
-152.70628356933594
-152.92147827148438
-153.08755493164062
-153.1988525390625
-153.27525329589844
-153.32882690429688
-153.36343383789062
-153.33384704589844
-153.30392456054688
-153.24974060058594
-153.16390991210938
-153.07623291015625
-152.98422241210938
-152.8505859375
-152.6745147705078
-152.44635009765625
-152.17446899414062
-151.84751892089844
-151.48533630371094
-151.04615783691406
-150.54721069335938
-149.99952697753906
-149.3809051513672
-148.70277404785156
-147.9872589111328
-147.2776641845703
-146.6057891845703
-145.968017578125
-145.39219665527344
-144.8235626220703
-144.29666137695312
-143.81015014648438
-143.3791961669922
-143.01840209960938
-142.7500762939453
-142.5772247314453
-142.4451904296875
-142.3798065185547
-142.38433837890625
-142.41542053222656
-142.4734344482422
-142.55258178710938
-142.64810180664062
-142.7718963623047
-142.91847229003906
-143.089111328125
-143.29953002929688
-143.53517150878906
-143.82464599609375
-144.12814331054688
-144.44442749023438
-144.74122619628906
-145.0309600830078
-145.3400421142578
-145.64114379882812
-145.90731811523438
-146.1409454345703
-146.34654235839844
-146.48211669921875
-146.56915283203125
-146.5635223388672
-146.4691925048828
-146.29893493652344
-146.0534210205078
-145.7628631591797
-145.39747619628906
-144.98004150390625
-144.50582885742188
-144.00843811035156
-143.4976043701172
-142.991455078125
-142.51043701171875
-142.10516357421875
-141.75912475585938
-141.4990692138672
-141.32876586914062
-141.23451232910156
-141.24188232421875
-141.34695434570312
-141.51052856445312
-141.7220916748047
-141.9937744140625
-142.322265625
-142.7229766845703
-143.17147827148438
-143.6189727783203
-144.017333984375
-144.3566436767578
-144.64328002929688
-144.86842346191406
-145.0074920654297
-145.04202270507812
-144.9704132080078
-144.8330841064453
-144.5930938720703
-144.2579345703125
-143.87855529785156
-143.4578857421875
-143.01083374023438
-142.5679931640625
-142.12835693359375
-141.67552185058594
-141.22921752929688
-140.79713439941406
-140.4034423828125
-140.03964233398438
-139.71165466308594
-139.4121856689453
-139.12986755371094
-138.93084716796875
-138.774658203125
-138.6378936767578
-138.54229736328125
-138.49388122558594
-138.49429321289062
-138.52593994140625
-138.60128784179688
-138.70315551757812
-138.84458923339844
-139.0032196044922
-139.1537628173828
-139.31048583984375
-139.45947265625
-139.58177185058594
-139.7085418701172
-139.8284454345703
-139.95631408691406
-140.07398986816406
-140.15982055664062
-140.2151336669922
-140.2553253173828
-140.27682495117188
-140.2661590576172
-140.23768615722656
-140.20582580566406
-140.152099609375
-140.12977600097656
-140.16201782226562
-140.2207794189453
-140.29930114746094
-140.39053344726562
-140.49282836914062
-140.61328125
-140.72314453125
-140.79437255859375
-140.80215454101562
-140.7369842529297
-140.59442138671875
-140.38937377929688
-140.10951232910156
-139.77252197265625
-139.35629272460938
-138.8661346435547
-138.29150390625
-137.64512634277344
-136.92279052734375
-136.16818237304688
-135.40382385253906
-134.6728973388672
-134.0186004638672
-133.42489624023438
-132.95066833496094
-132.57357788085938
-132.3252410888672
-132.2034912109375
-132.2144317626953
-132.29428100585938
-132.43194580078125
-132.6479949951172
-132.94143676757812
-133.28240966796875
-133.61831665039062
-133.90887451171875
-134.16268920898438
-134.39950561523438
-134.6417694091797
-134.91722106933594
-135.28067016601562
-135.7372589111328
-136.27928161621094
-136.9308624267578
-137.7069854736328
-138.6054229736328
-139.57891845703125
-140.6136932373047
-141.67901611328125
-142.74708557128906
-143.78411865234375
-144.71990966796875
-145.5146026611328
-146.16969299316406
-146.6453399658203
-146.91639709472656
-146.9963836669922
-146.9370880126953
-146.73204040527344
-146.40467834472656
-145.9982452392578
-145.54820251464844
-145.15048217773438
-144.79017639160156
-144.45008850097656
-144.1964111328125
-144.06687927246094
-144.07522583007812
-144.20755004882812
-144.46139526367188
-144.83786010742188
-145.3280792236328
-145.88232421875
-146.54360961914062
-147.26161193847656
-147.97781372070312
-148.673828125
-149.32870483398438
-149.915771484375
-150.42538452148438
-150.84947204589844
-151.22964477539062
-151.5539093017578
-151.8367919921875
-152.10462951660156
-152.3777618408203
-152.63980102539062
-152.85003662109375
-153.01943969726562
-153.15342712402344
-153.2194366455078
-153.2029266357422
-153.0903778076172
-152.85238647460938
-152.4681396484375
-151.9614715576172
-151.30731201171875
-150.52310180664062
-149.60655212402344
-148.5802001953125
-147.4445343017578
-146.2273712158203
-144.96192932128906
-143.6728057861328
-142.3984832763672
-141.19073486328125
-140.07261657714844
-139.0814971923828
-138.200927734375
-137.43833923339844
-136.81016540527344
-136.31573486328125
-135.93064880371094
-135.68896484375
-135.5435333251953
-135.49517822265625
-135.5364532470703
-135.64013671875
-135.77996826171875
-135.94241333007812
-136.10879516601562
-136.23919677734375
-136.36375427246094
-136.4700469970703
-136.57373046875
-136.7283477783203
-136.920166015625
-137.19276428222656
-137.5409698486328
-137.94874572753906
-138.44686889648438
-139.05178833007812
-139.73707580566406
-140.47018432617188
-141.29197692871094
-142.17527770996094
-143.08004760742188
-143.9540252685547
-144.75978088378906
-145.5056915283203
-146.1593780517578
-146.69790649414062
-147.09510803222656
-147.3777313232422
-147.57798767089844
-147.6997833251953
-147.7384033203125
-147.656005859375
-147.46438598632812
-147.22471618652344
-146.92926025390625
-146.59396362304688
-146.2047576904297
-145.7948455810547
-145.34584045410156
-144.88577270507812
-144.4007110595703
-143.90017700195312
-143.3743133544922
-142.86647033691406
-142.3487548828125
-141.85256958007812
-141.38433837890625
-140.95108032226562
-140.5465545654297
-140.21034240722656
-139.96400451660156
-139.8377685546875
-139.8208770751953
-139.9010009765625
-140.06300354003906
-140.3072052001953
-140.60450744628906
-140.9499053955078
-141.33316040039062
-141.74728393554688
-142.1693878173828
-142.5941619873047
-143.0055389404297
-143.35963439941406
-143.67494201660156
-143.89793395996094
-144.03114318847656
-144.0789337158203
-144.0446014404297
-143.9078369140625
-143.6927947998047
-143.42759704589844
-143.13958740234375
-142.8431396484375
-142.53363037109375
-142.2346649169922
-141.9479217529297
-141.7058868408203
-141.52626037597656
-141.45936584472656
-141.50927734375
-141.67796325683594
-141.92869567871094
-142.23292541503906
-142.5667724609375
-142.93212890625
-143.30877685546875
-143.68565368652344
-144.00997924804688
-144.2722930908203
-144.4972686767578
-144.6809539794922
-144.79800415039062
-144.86146545410156
-144.85955810546875
-144.77316284179688
-144.58584594726562
-144.31842041015625
-144.0005340576172
-143.60986328125
-143.1806182861328
-142.73634338378906
-142.2852783203125
-141.8396453857422
-141.4003143310547
-140.95639038085938
-140.51095581054688
-140.02554321289062
-139.54290771484375
-139.06759643554688
-138.5818634033203
-138.10043334960938
-137.60916137695312
-137.12037658691406
-136.65444946289062
-136.2000274658203
-135.76290893554688
-135.3334503173828
-134.9153594970703
-134.52293395996094
-134.18324279785156
-133.90028381347656
-133.68414306640625
-133.53195190429688
-133.49537658691406
-133.56951904296875
-133.7767333984375
-134.1024627685547
-134.5128173828125
-135.0104522705078
-135.58905029296875
-136.2680206298828
-137.0708465576172
-137.94256591796875
-138.81817626953125
-139.6984100341797
-140.59388732910156
-141.4528350830078
-142.3049774169922
-143.11668395996094
-143.8947296142578
-144.63929748535156
-145.34967041015625
-146.0299530029297
-146.67628479003906
-147.2667694091797
-147.76492309570312
-148.19737243652344
-148.58267211914062
-148.92649841308594
-149.2230224609375
-149.46621704101562
-149.70465087890625
-149.89840698242188
-150.06964111328125
-150.2274627685547
-150.3633575439453
-150.46875
-150.51858520507812
-150.49656677246094
-150.42266845703125
-150.28807067871094
-150.0493621826172
-149.7330780029297
-149.30133056640625
-148.73638916015625
-148.029052734375
-147.2000732421875
-146.26206970214844
-145.24099731445312
-144.141357421875
-142.99281311035156
-141.83937072753906
-140.68836975097656
-139.5564727783203
-138.4844207763672
-137.47198486328125
-136.56459045410156
-135.80166625976562
-135.18756103515625
-134.72207641601562
-134.43763732910156
-134.29159545898438
-134.28924560546875
-134.44822692871094
-134.7212677001953
-135.12496948242188
-135.61898803710938
-136.16139221191406
-136.78028869628906
-137.45608520507812
-138.1804962158203
-138.9182586669922
-139.6603546142578
-140.4076690673828
-141.19029235839844
-141.99209594726562
-142.7693328857422
-143.48446655273438
-144.16769409179688
-144.79058837890625
-145.32431030273438
-145.73480224609375
-146.02029418945312
-146.208740234375
-146.2420196533203
-146.15185546875
-145.9613494873047
-145.68873596191406
-145.3509063720703
-144.95289611816406
-144.4996337890625
-144.02293395996094
-143.5321807861328
-143.03195190429688
-142.54092407226562
-142.0889434814453
-141.62295532226562
-141.13548278808594
-140.65538024902344
-140.13388061523438
-139.61846923828125
-139.122314453125
-138.722412109375
-138.40318298339844
-138.1820831298828
-138.07778930664062
-138.050537109375
-138.0892791748047
-138.19818115234375
-138.38893127441406
-138.66445922851562
-138.9901580810547
-139.3881378173828
-139.85791015625
-140.3665008544922
-140.93418884277344
-141.51168823242188
-142.08445739746094
-142.66856384277344
-143.27871704101562
-143.89454650878906
-144.52633666992188
-145.21253967285156
-145.9005584716797
-146.60479736328125
-147.29579162597656
-147.98565673828125
-148.66744995117188
-149.3322296142578
-149.97354125976562
-150.6144561767578
-151.226318359375
-151.83958435058594
-152.4593963623047
-153.0879364013672
-153.69845581054688
-154.27366638183594
-154.82029724121094
-155.36192321777344
-155.8577423095703
-156.3515167236328
-156.83932495117188
-157.3099822998047
-157.78640747070312
-158.24551391601562
-158.67527770996094
-159.0413055419922
-159.36326599121094
-159.63397216796875
-159.87496948242188
-160.07965087890625
-160.23280334472656
-160.35903930664062
-160.43190002441406
-160.49148559570312
-160.51315307617188
-160.50970458984375
-160.50135803222656
-160.4718017578125
-160.43556213378906
-160.39039611816406
-160.36412048339844
-160.30030822753906
-160.16673278808594
-159.9449920654297
-159.6602783203125
-159.25439453125
-158.70364379882812
-158.02572631835938
-157.23753356933594
-156.33236694335938
-155.3102569580078
-154.19662475585938
-152.98304748535156
-151.68218994140625
-150.27438354492188
-148.76341247558594
-147.1464080810547
-145.49098205566406
-143.8080596923828
-142.12265014648438
-140.4485321044922
-138.8423309326172
-137.31419372558594
-135.95111083984375
-134.73678588867188
-133.7494354248047
-133.02212524414062
-132.5645751953125
-132.3755645751953
-132.44313049316406
-132.7554168701172
-133.2658233642578
-133.91677856445312
-134.68951416015625
-135.54632568359375
-136.50975036621094
-137.53173828125
-138.6243438720703
-139.76307678222656
-140.99147033691406
-142.32028198242188
-143.710205078125
-145.17523193359375
-146.6746826171875
-148.1576690673828
-149.6282958984375
-151.0393829345703
-152.36524963378906
-153.57479858398438
-154.6497039794922
-155.59861755371094
-156.38258361816406
-156.9669952392578
-157.35604858398438
-157.57748413085938
-157.61029052734375
-157.4713592529297
-157.1746368408203
-156.71119689941406
-156.13052368164062
-155.42005920410156
-154.60723876953125
-153.7033233642578
-152.71511840820312
-151.7378387451172
-150.77737426757812
-149.9062042236328
-149.16880798339844
-148.553955078125
-148.08497619628906
-147.766845703125
-147.61209106445312
-147.59066772460938
-147.720458984375
-147.93727111816406
-148.23106384277344
-148.582275390625
-148.9699249267578
-149.37245178222656
-149.80615234375
-150.2717742919922
-150.76971435546875
-151.26319885253906
-151.73143005371094
-152.20469665527344
-152.66903686523438
-153.10047912597656
-153.50253295898438
-153.89007568359375
-154.2576141357422
-154.5708465576172
-154.84422302246094
-155.0607452392578
-155.223388671875
-155.34304809570312
-155.42242431640625
-155.48953247070312
-155.5402374267578
-155.60903930664062
-155.69107055664062
-155.76953125
-155.85443115234375
-155.94473266601562
-156.04483032226562
-156.1420135498047
-156.2540740966797
-156.3566436767578
-156.45855712890625
-156.5309295654297
-156.612060546875
-156.67037963867188
-156.72091674804688
-156.7632598876953
-156.8007049560547
-156.81834411621094
-156.8027801513672
-156.7732696533203
-156.70962524414062
-156.60769653320312
-156.49710083007812
-156.36947631835938
-156.23654174804688
-156.1280975341797
-156.03160095214844
-155.90728759765625
-155.77455139160156
-155.6531219482422
-155.52462768554688
-155.40118408203125
-155.30140686035156
-155.20858764648438
-155.07737731933594
-154.96246337890625
-154.82554626464844
-154.668212890625
-154.45648193359375
-154.20367431640625
-153.90670776367188
-153.52178955078125
-153.06532287597656
-152.57144165039062
-152.03134155273438
-151.47549438476562
-150.91079711914062
-150.35403442382812
-149.79306030273438
-149.2439727783203
-148.70602416992188
-148.23953247070312
-147.82379150390625
-147.4666290283203
-147.16749572753906
-146.9364013671875
-146.7711944580078
-146.66763305664062
-146.61312866210938
-146.6106414794922
-146.67176818847656
-146.76235961914062
-146.89537048339844
-147.06732177734375
-147.27896118164062
-147.53749084472656
-147.84681701660156
-148.24949645996094
-148.70777893066406
-149.17919921875
-149.67445373535156
-150.17604064941406
-150.68490600585938
-151.1837158203125
-151.6575164794922
-152.134765625
-152.54246520996094
-152.9003143310547
-153.19898986816406
-153.41961669921875
-153.55422973632812
-153.58709716796875
-153.51519775390625
-153.37060546875
-153.1375732421875
-152.84568786621094
-152.45303344726562
-151.98878479003906
-151.45985412597656
-150.83377075195312
-150.1126708984375
-149.29685974121094
-148.47561645507812
-147.65597534179688
-146.86590576171875
-146.1206817626953
-145.41041564941406
-144.7857208251953
-144.24395751953125
-143.80140686035156
-143.46865844726562
-143.2598876953125
-143.17527770996094
-143.18544006347656
-143.25502014160156
-143.4292755126953
-143.67205810546875
-143.99952697753906
-144.38711547851562
-144.8252410888672
-145.3140411376953
-145.85545349121094
-146.44155883789062
-147.0638427734375
-147.71238708496094
-148.38780212402344
-149.08395385742188
-149.82701110839844
-150.5993194580078
-151.36007690429688
-152.09597778320312
-152.8190460205078
-153.50852966308594
-154.1488800048828
-154.73565673828125
-155.24481201171875
-155.67050170898438
-156.03729248046875
-156.30995178222656
-156.479736328125
-156.5526123046875
-156.51583862304688
-156.39976501464844
-156.1720428466797
-155.83279418945312
-155.4084930419922
-154.9083709716797
-154.3495330810547
-153.74034118652344
-153.08152770996094
-152.3569793701172
-151.5981903076172
-150.81300354003906
-150.0328826904297
-149.26083374023438
-148.51080322265625
-147.78750610351562
-147.11143493652344
-146.4825439453125
-145.91835021972656
-145.45606994628906
-145.12722778320312
-144.92123413085938
-144.85147094726562
-144.94471740722656
-145.17800903320312
-145.55592346191406
-146.0597381591797
-146.69363403320312
-147.49838256835938
-148.40423583984375
-149.39706420898438
-150.468017578125
-151.61044311523438
-152.7966766357422
-154.01544189453125
-155.2631072998047
-156.52835083007812
-157.76527404785156
-158.9385223388672
-160.0211181640625
-161.01983642578125
-161.95315551757812
-162.8295135498047
-163.61976623535156
-164.3415069580078
-164.9453582763672
-165.44338989257812
-165.85604858398438
-166.14865112304688
-166.3327178955078
-166.38641357421875
-166.3372802734375
-166.1687469482422
-165.8853759765625
-165.4984588623047
-165.04454040527344
-164.5211944580078
-163.95062255859375
-163.33950805664062
-162.7056427001953
-162.0763702392578
-161.4561309814453
-160.89312744140625
-160.3770751953125
-159.88369750976562
-159.4370880126953
-159.04603576660156
-158.71873474121094
-158.47506713867188
-158.307861328125
-158.192626953125
-158.1558074951172
-158.2081298828125
-158.31988525390625
-158.47531127929688
-158.68678283691406
-158.93072509765625
-159.19908142089844
-159.47213745117188
-159.71566772460938
-159.9351348876953
-160.12472534179688
-160.24424743652344
-160.33448791503906
-160.3820343017578
-160.37734985351562
-160.322021484375
-160.18128967285156
-159.94110107421875
-159.61851501464844
-159.18386840820312
-158.65325927734375
-158.02737426757812
-157.34683227539062
-156.61550903320312
-155.86289978027344
-155.1175537109375
-154.39239501953125
-153.6930694580078
-153.01907348632812
-152.40084838867188
-151.8329620361328
-151.33705139160156
-150.93930053710938
-150.62399291992188
-150.42236328125
-150.3485870361328
-150.39566040039062
-150.56466674804688
-150.858154296875
-151.2693634033203
-151.78634643554688
-152.38861083984375
-153.08241271972656
-153.85975646972656
-154.68202209472656
-155.54534912109375
-156.46510314941406
-157.40570068359375
-158.35842895507812
-159.28057861328125
-160.13026428222656
-160.92185974121094
-161.64376831054688
-162.27357482910156
-162.8022918701172
-163.1792449951172
-163.42906188964844
-163.5305633544922
-163.45016479492188
-163.21202087402344
-162.81100463867188
-162.26707458496094
-161.5763397216797
-160.7842254638672
-159.9021453857422
-158.90748596191406
-157.80882263183594
-156.63912963867188
-155.4102325439453
-154.12643432617188
-152.82334899902344
-151.5301971435547
-150.22938537597656
-148.92251586914062
-147.65301513671875
-146.4478759765625
-145.33668518066406
-144.3433380126953
-143.4979705810547
-142.83267211914062
-142.35687255859375
-142.08724975585938
-142.01458740234375
-142.1009063720703
-142.32456970214844
-142.68072509765625
-143.13829040527344
-143.71209716796875
-144.39468383789062
-145.17303466796875
-145.9950408935547
-146.85874938964844
-147.7474365234375
-148.64295959472656
-149.5644073486328
-150.5171356201172
-151.44058227539062
-152.30496215820312
-153.11941528320312
-153.85455322265625
-154.4948272705078
-155.01907348632812
-155.4248046875
-155.73072814941406
-155.93026733398438
-156.03871154785156
-156.0547332763672
-155.98178100585938
-155.82742309570312
-155.5802459716797
-155.2694549560547
-154.8790283203125
-154.40220642089844
-153.8601531982422
-153.2847137451172
-152.66612243652344
-152.0177001953125
-151.3646240234375
-150.7142791748047
-150.0924530029297
-149.5491943359375
-149.09144592285156
-148.7230987548828
-148.45066833496094
-148.25860595703125
-148.0868377685547
-147.98257446289062
-147.92599487304688
-147.8787384033203
-147.86305236816406
-147.87232971191406
-147.8957977294922
-147.936279296875
-147.9712371826172
-148.004638671875
-148.05032348632812
-148.0665740966797
-148.10055541992188
-148.15997314453125
-148.26182556152344
-148.36691284179688
-148.46212768554688
-148.55746459960938
-148.6748504638672
-148.83804321289062
-149.0047607421875
-149.14572143554688
-149.29165649414062
-149.40003967285156
-149.46873474121094
-149.4763641357422
-149.43997192382812
-149.34263610839844
-149.162353515625
-148.91319274902344
-148.58554077148438
-148.19281005859375
-147.80221557617188
-147.3884735107422
-146.93075561523438
-146.450439453125
-145.96710205078125
-145.50274658203125
-145.0313720703125
-144.62632751464844
-144.27639770507812
-143.99130249023438
-143.7458038330078
-143.5567626953125
-143.37452697753906
-143.1873016357422
-142.97711181640625
-142.77481079101562
-142.5731658935547
-142.32183837890625
-142.0104217529297
-141.6598663330078
-141.2601318359375
-140.87301635742188
-140.4914093017578
-140.1153106689453
-139.75881958007812
-139.43182373046875
-139.1634979248047
-139.0069580078125
-138.98838806152344
-139.0799102783203
-139.29690551757812
-139.64263916015625
-140.07322692871094
-140.6104736328125
-141.185302734375
-141.7832794189453
-142.42379760742188
-143.05020141601562
-143.62649536132812
-144.15818786621094
-144.64019775390625
-145.02256774902344
-145.34783935546875
-145.6162567138672
-145.8157958984375
-145.9776611328125
-146.0782928466797
-146.14991760253906
-146.16165161132812
-146.12237548828125
-146.01951599121094
-145.8769073486328
-145.71676635742188
-145.5660400390625
-145.4332275390625
-145.32131958007812
-145.22352600097656
-145.1297607421875
-145.03213500976562
-144.93240356445312
-144.80462646484375
-144.6708221435547
-144.51559448242188
-144.35964965820312
-144.211181640625
-144.0339813232422
-143.83749389648438
-143.62875366210938
-143.39393615722656
-143.1219940185547
-142.84857177734375
-142.58323669433594
-142.34507751464844
-142.12515258789062
-141.93994140625
-141.78402709960938
-141.6640167236328
-141.589111328125
-141.5287628173828
-141.4794464111328
-141.45118713378906
-141.4127197265625
-141.3712158203125
-141.344482421875
-141.31446838378906
-141.21994018554688
-141.0701904296875
-140.8629150390625
-140.58383178710938
-140.2598876953125
-139.88034057617188
-139.47561645507812
-139.035888671875
-138.5505828857422
-138.08212280273438
-137.61871337890625
-137.1840057373047
-136.81040954589844
-136.49234008789062
-136.2335662841797
-136.00245666503906
-135.8359375
-135.70733642578125
-135.6553955078125
-135.63768005371094
-135.65269470214844
-135.69076538085938
-135.74803161621094
-135.83596801757812
-135.91482543945312
-135.99609375
-136.06944274902344
-136.16175842285156
-136.24317932128906
-136.30755615234375
-136.33168029785156
-136.3047637939453
-136.22607421875
-136.12953186035156
-136.04734802246094
-135.99127197265625
-135.9517822265625
-135.90805053710938
-135.87594604492188
-135.84298706054688
-135.83824157714844
-135.87762451171875
-135.98020935058594
-136.14862060546875
-136.3739776611328
-136.64675903320312
-136.9751434326172
-137.3716583251953
-137.80685424804688
-138.28900146484375
-138.83218383789062
-139.42559814453125
-140.0634765625
-140.73550415039062
-141.4227294921875
-142.11460876464844
-142.8196258544922
-143.4840850830078
-144.10797119140625
-144.71595764160156
-145.31781005859375
-145.9434356689453
-146.5862274169922
-147.22357177734375
-147.82809448242188
-148.41690063476562
-148.96939086914062
-149.49197387695312
-149.95712280273438
-150.41024780273438
-150.85968017578125
-151.2845001220703
-151.69500732421875
-152.0723114013672
-152.41293334960938
-152.72735595703125
-153.00018310546875
-153.21484375
-153.35638427734375
-153.39808654785156
-153.35629272460938
-153.2447967529297
-153.078857421875
-152.88111877441406
-152.64370727539062
-152.359619140625
-152.00274658203125
-151.5742645263672
-151.12777709960938
-150.62220764160156
-150.07711791992188
-149.5403289794922
-149.0435028076172
-148.57754516601562
-148.1164093017578
-147.6542205810547
-147.18849182128906
-146.70323181152344
-146.2135772705078
-145.73666381835938
-145.2831268310547
-144.86578369140625
-144.49502563476562
-144.15768432617188
-143.88372802734375
-143.65414428710938
-143.47242736816406
-143.34620666503906
-143.30653381347656
-143.34690856933594
-143.49244689941406
-143.71511840820312
-144.04421997070312
-144.4718475341797
-145.00405883789062
-145.64883422851562
-146.4024200439453
-147.22213745117188
-148.08985900878906
-148.99342346191406
-149.92449951171875
-150.855224609375
-151.73886108398438
-152.55198669433594
-153.31744384765625
-154.0469512939453
-154.7086944580078
-155.27796936035156
-155.78929138183594
-156.2251434326172
-156.56651306152344
-156.81817626953125
-156.9689483642578
-157.03689575195312
-157.0043182373047
-156.90045166015625
-156.71707153320312
-156.45742797851562
-156.16290283203125
-155.81834411621094
-155.453857421875
-155.05503845214844
-154.64639282226562
-154.24069213867188
-153.8108673095703
-153.40431213378906
-153.02940368652344
-152.68463134765625
-152.41091918945312
-152.2173614501953
-152.08642578125
-151.99789428710938
-151.9214630126953
-151.8629150390625
-151.83050537109375
-151.8123016357422
-151.75782775878906
-151.6697540283203
-151.57513427734375
-151.44125366210938
-151.2371826171875
-150.95791625976562
-150.61363220214844
-150.2254180908203
-149.7675323486328
-149.26588439941406
-148.76502990722656
-148.2796630859375
-147.8161163330078
-147.37640380859375
-147.01063537597656
-146.67076110839844
-146.38832092285156
-146.18739318847656
-146.04139709472656
-145.93991088867188
-145.88491821289062
-145.8811492919922
-145.94082641601562
-146.0457305908203
-146.18539428710938
-146.36740112304688
-146.59324645996094
-146.8651885986328
-147.1798553466797
-147.5140380859375
-147.8920135498047
-148.29293823242188
-148.7114715576172
-149.14186096191406
-149.62722778320312
-150.1247100830078
-150.6342010498047
-151.1312255859375
-151.62747192382812
-152.09388732910156
-152.55178833007812
-152.98773193359375
-153.39344787597656
-153.76161193847656
-154.08750915527344
-154.3666229248047
-154.56471252441406
-154.6692352294922
-154.6665802001953
-154.5379180908203
-154.29205322265625
-153.91726684570312
-153.40692138671875
-152.80177307128906
-152.07176208496094
-151.26991271972656
-150.38491821289062
-149.44541931152344
-148.45779418945312
-147.42529296875
-146.37457275390625
-145.33123779296875
-144.3359832763672
-143.3486328125
-142.39068603515625
-141.4759979248047
-140.6324462890625
-139.85850524902344
-139.14816284179688
-138.4999237060547
-137.92724609375
-137.40724182128906
-136.93260192871094
-136.52040100097656
-136.1924285888672
-135.97561645507812
-135.87344360351562
-135.90525817871094
-136.048095703125
-136.2894287109375
-136.6669464111328
-137.12574768066406
-137.65695190429688
-138.2642822265625
-138.92469787597656
-139.625732421875
-140.35076904296875
-141.08702087402344
-141.81466674804688
-142.53614807128906
-143.230224609375
-143.87025451660156
-144.47525024414062
-145.04037475585938
-145.56744384765625
-146.00718688964844
-146.37435913085938
-146.65464782714844
-146.89013671875
-147.072509765625
-147.19723510742188
-147.26805114746094
-147.24057006835938
-147.1593780517578
-147.0120391845703
-146.8264923095703
-146.63014221191406
-146.43557739257812
-146.23660278320312
-146.06898498535156
-145.9228973388672
-145.83834838867188
-145.78712463378906
-145.78297424316406
-145.8236846923828
-145.95294189453125
-146.1495361328125
-146.4209747314453
-146.7466278076172
-147.1214141845703
-147.51718139648438
-147.93946838378906
-148.33981323242188
-148.76348876953125
-149.20025634765625
-149.62098693847656
-150.0296630859375
-150.41502380371094
-150.76358032226562
-151.0941619873047
-151.36053466796875
-151.58482360839844
-151.7388458251953
-151.82830810546875
-151.84056091308594
-151.7648468017578
-151.601318359375
-151.3655242919922
-151.07606506347656
-150.7435760498047
-150.3915252685547
-149.9872589111328
-149.54664611816406
-149.05197143554688
-148.5153350830078
-147.95660400390625
-147.39169311523438
-146.83419799804688
-146.2855224609375
-145.7806396484375
-145.31979370117188
-144.89027404785156
-144.5050506591797
-144.1509246826172
-143.8303985595703
-143.55459594726562
-143.3128204345703
-143.099365234375
-142.96792602539062
-142.89010620117188
-142.8477325439453
-142.83470153808594
-142.88705444335938
-142.9927978515625
-143.11630249023438
-143.26878356933594
-143.4422149658203
-143.6205596923828
-143.8266143798828
-144.03660583496094
-144.2010040283203
-144.3504180908203
-144.47972106933594
-144.59352111816406
-144.67074584960938
-144.69068908691406
-144.63735961914062
-144.5523223876953
-144.4667205810547
-144.37303161621094
-144.31227111816406
-144.2763671875
-144.2668914794922
-144.31224060058594
-144.45335388183594
-144.70217895507812
-145.04342651367188
-145.50291442871094
-146.07485961914062
-146.72164916992188
-147.4571533203125
-148.23219299316406
-149.05905151367188
-149.89259338378906
-150.69924926757812
-151.48715209960938
-152.2869873046875
-153.03773498535156
-153.701171875
-154.29318237304688
-154.80682373046875
-155.21888732910156
-155.5261993408203
-155.77577209472656
-155.9287567138672
-155.99722290039062
-155.9763946533203
-155.8986358642578
-155.74307250976562
-155.49920654296875
-155.25245666503906
-154.97750854492188
-154.69427490234375
-154.39825439453125
-154.10736083984375
-153.83511352539062
-153.55865478515625
-153.2816925048828
-152.99179077148438
-152.71824645996094
-152.4464569091797
-152.20228576660156
-151.95777893066406
-151.6820526123047
-151.37347412109375
-151.06195068359375
-150.72808837890625
-150.35784912109375
-149.98123168945312
-149.58848571777344
-149.18753051757812
-148.7596893310547
-148.32443237304688
-147.87998962402344
-147.40589904785156
-146.9267120361328
-146.45034790039062
-145.96910095214844
-145.4921875
-145.01214599609375
-144.55380249023438
-144.09352111816406
-143.62428283691406
-143.1672821044922
-142.701171875
-142.24066162109375
-141.7916259765625
-141.33328247070312
-140.85067749023438
-140.33460998535156
-139.826416015625
-139.3348388671875
-138.89898681640625
-138.5260772705078
-138.204833984375
-137.98802185058594
-137.92576599121094
-137.9886474609375
-138.20973205566406
-138.578857421875
-139.09327697753906
-139.7338409423828
-140.4729461669922
-141.2619171142578
-142.09934997558594
-142.92596435546875
-143.74966430664062
-144.5513153076172
-145.29608154296875
-145.99681091308594
-146.64016723632812
-147.1895294189453
-147.66836547851562
-148.04544067382812
-148.33041381835938
-148.5260772705078
-148.63754272460938
-148.68389892578125
-148.69357299804688
-148.65414428710938
-148.59022521972656
-148.5278778076172
-148.45542907714844
-148.38133239746094
-148.305908203125
-148.2608184814453
-148.21058654785156
-148.1892852783203
-148.19781494140625
-148.22262573242188
-148.2720947265625
-148.29052734375
-148.25587463378906
-148.16429138183594
-148.00572204589844
-147.76991271972656
-147.4734649658203
-147.10809326171875
-146.67689514160156
-146.20834350585938
-145.68313598632812
-145.10592651367188
-144.51568603515625
-143.93495178222656
-143.34681701660156
-142.77838134765625
-142.21728515625
-141.7373046875
-141.3145294189453
-140.88742065429688
-140.46116638183594
-140.09385681152344
-139.75682067871094
-139.48353576660156
-139.25694274902344
-139.08462524414062
-138.97520446777344
-138.90042114257812
-138.8608856201172
-138.85797119140625
-138.90106201171875
-139.01368713378906
-139.19461059570312
-139.4556884765625
-139.81143188476562
-140.21136474609375
-140.6403045654297
-141.10720825195312
-141.57568359375
-142.05587768554688
-142.57296752929688
-143.09397888183594
-143.5824432373047
-144.0233917236328
-144.3890838623047
-144.70936584472656
-144.96987915039062
-145.20408630371094
-145.37326049804688
-145.45907592773438
-145.410400390625
-145.23452758789062
-144.92022705078125
-144.4754180908203
-143.93104553222656
-143.2958984375
-142.5877685546875
-141.79293823242188
-140.95567321777344
-140.11859130859375
-139.28138732910156
-138.460205078125
-137.6669464111328
-136.9438934326172
-136.29421997070312
-135.7256622314453
-135.2146759033203
-134.73165893554688
-134.3324737548828
-133.9835205078125
-133.6788330078125
-133.43707275390625
-133.2600555419922
-133.1529541015625
-133.09866333007812
-133.1029815673828
-133.15309143066406
-133.24571228027344
-133.39952087402344
-133.5951385498047
-133.776123046875
-133.9420166015625
-134.07867431640625
-134.21475219726562
-134.36590576171875
-134.53750610351562
-134.7393341064453
-134.99148559570312
-135.2711181640625
-135.61289978027344
-136.01747131347656
-136.48617553710938
-137.01792907714844
-137.6099090576172
-138.25009155273438
-138.96652221679688
-139.74400329589844
-140.53570556640625
-141.3678436279297
-142.21829223632812
-143.04922485351562
-143.81982421875
-144.5391845703125
-145.20249938964844
-145.77340698242188
-146.24017333984375
-146.61534118652344
-146.91665649414062
-147.11509704589844
-147.19557189941406
-147.1851348876953
-147.11135864257812
-146.9976806640625
-146.83306884765625
-146.68087768554688
-146.53656005859375
-146.4105987548828
-146.31292724609375
-146.24989318847656
-146.1944122314453
-146.1934051513672
-146.20849609375
-146.23947143554688
-146.27684020996094
-146.30038452148438
-146.31785583496094
-146.3155517578125
-146.2830810546875
-146.20989990234375
-146.0738983154297
-145.86392211914062
-145.61813354492188
-145.36135864257812
-145.11158752441406
-144.85565185546875
-144.62156677246094
-144.40455627441406
-144.20936584472656
-144.0531463623047
-143.9639892578125
-143.96392822265625
-144.0519561767578
-144.2270965576172
-144.50363159179688
-144.8188934326172
-145.16607666015625
-145.54666137695312
-145.95704650878906
-146.3412628173828
-146.70631408691406
-147.02915954589844
-147.29489135742188
-147.51043701171875
-147.6520538330078
-147.73016357421875
-147.7481689453125
-147.72784423828125
-147.69227600097656
-147.65574645996094
-147.60816955566406
-147.5641632080078
-147.5364227294922
-147.51620483398438
-147.5205535888672
-147.583740234375
-147.67811584472656
-147.78807067871094
-147.94619750976562
-148.13865661621094
-148.41787719726562
-148.73338317871094
-149.08775329589844
-149.4681396484375
-149.84474182128906
-150.22557067871094
-150.61378479003906
-150.96421813964844
-151.30230712890625
-151.60728454589844
-151.9287567138672
-152.23573303222656
-152.5240020751953
-152.78952026367188
-153.0341796875
-153.26976013183594
-153.47796630859375
-153.6435089111328
-153.7685546875
-153.8589630126953
-153.91748046875
-153.9980926513672
-154.06227111816406
-154.13027954101562
-154.21575927734375
-154.33534240722656
-154.4915771484375
-154.66172790527344
-154.87657165527344
-155.1402587890625
-155.49085998535156
-155.91123962402344
-156.37905883789062
-156.92897033691406
-157.523681640625
-158.15687561035156
-158.76638793945312
-159.38839721679688
-159.99337768554688
-160.56983947753906
-161.13839721679688
-161.638916015625
-162.07644653320312
-162.43936157226562
-162.7528839111328
-163.017333984375
-163.23704528808594
-163.4219970703125
-163.61033630371094
-163.81517028808594
-164.05284118652344
-164.34300231933594
-164.6730499267578
-164.99853515625
-165.28814697265625
-165.54000854492188
-165.76817321777344
-165.92605590820312
-166.0036163330078
-165.99600219726562
-165.89683532714844
-165.69895935058594
-165.39593505859375
-164.9936065673828
-164.5075225830078
-163.95999145507812
-163.3831024169922
-162.74684143066406
-162.06631469726562
-161.3538360595703
-160.64886474609375
-159.93118286132812
-159.21273803710938
-158.52203369140625
-157.853515625
-157.21861267089844
-156.64178466796875
-156.10064697265625
-155.61521911621094
-155.18258666992188
-154.81431579589844
-154.47866821289062
-154.20372009277344
-153.98631286621094
-153.80569458007812
-153.6673126220703
-153.57200622558594
-153.50100708007812
-153.42100524902344
-153.3220977783203
-153.23196411132812
-153.15367126464844
-153.1032257080078
-153.09365844726562
-153.0779571533203
-153.07546997070312
-153.0825653076172
-153.0841522216797
-153.09866333007812
-153.12744140625
-153.15936279296875
-153.1479949951172
-153.09988403320312
-153.0303497314453
-152.94326782226562
-152.836669921875
-152.70155334472656
-152.54779052734375
-152.3824462890625
-152.2141876220703
-152.01336669921875
-151.76776123046875
-151.5094757080078
-151.28131103515625
-151.075927734375
-150.8976593017578
-150.7299346923828
-150.5835418701172
-150.44573974609375
-150.29844665527344
-150.16917419433594
-150.08154296875
-149.99412536621094
-149.92054748535156
-149.86114501953125
-149.8153076171875
-149.7793731689453
-149.73291015625
-149.64816284179688
-149.5339813232422
-149.3867645263672
-149.20118713378906
-148.97645568847656
-148.7670440673828
-148.5949249267578
-148.46131896972656
-148.3674774169922
-148.31517028808594
-148.32452392578125
-148.37672424316406
-148.4610595703125
-148.56658935546875
-148.68023681640625
-148.7931671142578
-148.92132568359375
-149.05909729003906
-149.18093872070312
-149.27293395996094
-149.36090087890625
-149.4231719970703
-149.43731689453125
-149.4312744140625
-149.43362426757812
-149.4547119140625
-149.4502410888672
-149.4160614013672
-149.3706817626953
-149.3207244873047
-149.2490997314453
-149.1529083251953
-149.0039520263672
-148.81503295898438
-148.61769104003906
-148.3784942626953
-148.1218719482422
-147.86158752441406
-147.59291076660156
-147.3035888671875
-147.01577758789062
-146.75747680664062
-146.5283203125
-146.25424194335938
-145.9542999267578
-145.6475830078125
-145.33474731445312
-145.02120971679688
-144.71656799316406
-144.42665100097656
-144.11813354492188
-143.8585662841797
-143.63339233398438
-143.4716033935547
-143.3722686767578
-143.31729125976562
-143.32608032226562
-143.41232299804688
-143.58953857421875
-143.884521484375
-144.2992401123047
-144.82662963867188
-145.4569549560547
-146.14572143554688
-146.8361358642578
-147.5552215576172
-148.25209045410156
-148.91453552246094
-149.5535430908203
-150.1482391357422
-150.6522979736328
-151.06976318359375
-151.4037322998047
-151.66246032714844
-151.7992401123047
-151.82510375976562
-151.7447052001953
-151.55947875976562
-151.28976440429688
-150.94775390625
-150.55906677246094
-150.05984497070312
-149.4506072998047
-148.73065185546875
-147.90634155273438
-147.03053283691406
-146.10462951660156
-145.15476989746094
-144.2153778076172
-143.2783660888672
-142.36550903320312
-141.4664306640625
-140.59915161132812
-139.8078155517578
-139.11366271972656
-138.539794921875
-138.06948852539062
-137.72804260253906
-137.51023864746094
-137.39105224609375
-137.3885040283203
-137.51715087890625
-137.7434539794922
-138.04754638671875
-138.44020080566406
-138.91432189941406
-139.41903686523438
-139.9502716064453
-140.46270751953125
-140.96409606933594
-141.4381103515625
-141.84413146972656
-142.1428680419922
-142.30767822265625
-142.3257598876953
-142.22027587890625
-142.0054168701172
-141.6632843017578
-141.1971893310547
-140.60574340820312
-139.93154907226562
-139.211181640625
-138.47006225585938
-137.7589874267578
-137.05853271484375
-136.3758544921875
-135.76312255859375
-135.2440643310547
-134.8155975341797
-134.49794006347656
-134.28810119628906
-134.18826293945312
-134.21475219726562
-134.33514404296875
-134.5485076904297
-134.8690948486328
-135.27297973632812
-135.7080078125
-136.17149353027344
-136.6396484375
-137.1123046875
-137.6096649169922
-138.10665893554688
-138.64117431640625
-139.20071411132812
-139.7944793701172
-140.42214965820312
-141.0795440673828
-141.7500457763672
-142.41445922851562
-143.07470703125
-143.74307250976562
-144.3921356201172
-144.98980712890625
-145.5314483642578
-146.01541137695312
-146.3846435546875
-146.66282653808594
-146.8800048828125
-147.0199737548828
-147.08688354492188
-147.09579467773438
-147.04954528808594
-146.95912170410156
-146.82167053222656
-146.6169891357422
-146.38462829589844
-146.1167449951172
-145.8176727294922
-145.48550415039062
-145.1215362548828
-144.72097778320312
-144.32261657714844
-143.9114532470703
-143.49977111816406
-143.07846069335938
-142.69741821289062
-142.3686981201172
-142.11032104492188
-141.94593811035156
-141.88722229003906
-141.9131317138672
-142.0171356201172
-142.21083068847656
-142.49899291992188
-142.86598205566406
-143.26821899414062
-143.69073486328125
-144.12867736816406
-144.57528686523438
-145.0408477783203
-145.519287109375
-146.0053253173828
-146.4767608642578
-146.88661193847656
-147.2241973876953
-147.4956512451172
-147.68153381347656
-147.74339294433594
-147.72427368164062
-147.61883544921875
-147.4603729248047
-147.24949645996094
-146.97349548339844
-146.63197326660156
-146.24050903320312
-145.81878662109375
-145.3994598388672
-144.9785614013672
-144.58070373535156
-144.2425079345703
-143.9459228515625
-143.69503784179688
-143.4853515625
-143.31065368652344
-143.17405700683594
-143.05023193359375
-142.98974609375
-142.94546508789062
-142.94534301757812
-142.97286987304688
-142.99803161621094
-143.08294677734375
-143.2082061767578
-143.36465454101562
-143.5671844482422
-143.8506317138672
-144.18304443359375
-144.6106719970703
-145.11404418945312
-145.70191955566406
-146.34921264648438
-147.0331573486328
-147.71392822265625
-148.4311065673828
-149.1741485595703
-149.92758178710938
-150.6719207763672
-151.3818817138672
-152.0195770263672
-152.55398559570312
-152.98468017578125
-153.30715942382812
-153.5200653076172
-153.61988830566406
