-152.3072052001953
-151.53475952148438
-150.74415588378906
-149.91944885253906
-149.04183959960938
-148.1390380859375
-147.1968994140625
-146.2220001220703
-145.20352172851562
-144.12510681152344
-143.00558471679688
-141.8702850341797
-140.7559356689453
-139.6717987060547
-138.65689086914062
-137.69703674316406
-136.81544494628906
-136.0228729248047
-135.29483032226562
-134.65863037109375
-134.13589477539062
-133.7461700439453
-133.46669006347656
-133.27589416503906
-133.1549530029297
-133.09878540039062
-133.11585998535156
-133.2257843017578
-133.384521484375
-133.60569763183594
-133.89105224609375
-134.2589569091797
-134.71487426757812
-135.2555389404297
-135.91387939453125
-136.6751708984375
-137.53378295898438
-138.4602508544922
-139.44769287109375
-140.4910125732422
-141.53369140625
-142.52517700195312
-143.43478393554688
-144.2435302734375
-144.8935546875
-145.385498046875
-145.72857666015625
-145.90306091308594
-145.89772033691406
-145.71481323242188
-145.3495330810547
-144.7987823486328
-144.1157989501953
-143.29330444335938
-142.39244079589844
-141.422607421875
-140.46458435058594
-139.54615783691406
-138.7071533203125
-137.95697021484375
-137.34109497070312
-136.8673553466797
-136.56735229492188
-136.3798370361328
-136.28201293945312
-136.24700927734375
-136.2595672607422
-136.29693603515625
-136.31150817871094
-136.3255615234375
-136.31275939941406
-136.2487030029297
-136.10874938964844
-135.90921020507812
-135.67178344726562
-135.43438720703125
-135.2232666015625
-135.07260131835938
-134.9672088623047
-134.97576904296875
-135.1156463623047
-135.3675994873047
-135.75045776367188
-136.27456665039062
-136.9013671875
-137.6287078857422
-138.41729736328125
-139.25027465820312
-140.0702667236328
-140.83099365234375
-141.50885009765625
-142.0461883544922
-142.44020080566406
-142.6082305908203
-142.58575439453125
-142.38629150390625
-142.02088928222656
-141.49574279785156
-140.87005615234375
-140.12985229492188
-139.3109588623047
-138.43231201171875
-137.5347900390625
-136.6682891845703
-135.8817138671875
-135.2296600341797
-134.71237182617188
-134.3555908203125
-134.17100524902344
-134.16322326660156
-134.3212127685547
-134.6464385986328
-135.13705444335938
-135.7435760498047
-136.40628051757812
-137.1065216064453
-137.80128479003906
-138.45521545410156
-139.05618286132812
-139.583740234375
-140.032958984375
-140.41119384765625
-140.7257537841797
-140.9759521484375
-141.1519317626953
-141.2373504638672
-141.25067138671875
-141.240966796875
-141.20846557617188
-141.16311645507812
-141.1126708984375
-141.06649780273438
-141.0152130126953
-140.94078063964844
-140.85853576660156
-140.7838592529297
-140.68218994140625
-140.5492706298828
-140.39515686035156
-140.25106811523438
-140.0977783203125
-139.91754150390625
-139.7376251220703
-139.55596923828125
-139.3720245361328
-139.175537109375
-138.93807983398438
-138.66847229003906
-138.4113311767578
-138.16525268554688
-137.958251953125
-137.79580688476562
-137.6475830078125
-137.54075622558594
-137.45672607421875
-137.40460205078125
-137.38671875
-137.42318725585938
-137.52960205078125
-137.6789093017578
-137.86297607421875
-138.10960388183594
-138.40809631347656
-138.7635498046875
-139.1510467529297
-139.57534790039062
-140.03675842285156
-140.54730224609375
-141.04649353027344
-141.52723693847656
-142.01885986328125
-142.509765625
-142.96484375
-143.36090087890625
-143.69406127929688
-143.97048950195312
-144.19471740722656
-144.33670043945312
-144.39871215820312
-144.3649444580078
-144.26339721679688
-144.11412048339844
-143.90721130371094
-143.63320922851562
-143.3098907470703
-142.91827392578125
-142.49072265625
-141.94261169433594
-141.2937469482422
-140.59002685546875
-139.84141540527344
-139.05416870117188
-138.24929809570312
-137.39256286621094
-136.50230407714844
-135.62026977539062
-134.71023559570312
-133.81761169433594
-132.9584197998047
-132.12164306640625
-131.3711395263672
-130.7635040283203
-130.33938598632812
-130.09405517578125
-130.0321502685547
-130.1576385498047
-130.46568298339844
-130.91708374023438
-131.49876403808594
-132.171630859375
-132.8721466064453
-133.56787109375
-134.25735473632812
-134.92669677734375
-135.55438232421875
-136.10928344726562
-136.61705017089844
-137.0490264892578
-137.42027282714844
-137.72946166992188
-137.96751403808594
-138.14552307128906
-138.24319458007812
-138.27908325195312
-138.2480926513672
-138.19100952148438
-138.1236572265625
-138.0774383544922
-138.07017517089844
-138.12985229492188
-138.27838134765625
-138.49392700195312
-138.76605224609375
-139.08822631835938
-139.45571899414062
-139.848876953125
-140.246337890625
-140.604736328125
-140.932861328125
-141.2179718017578
-141.46658325195312
-141.65383911132812
-141.71665954589844
-141.669189453125
-141.52696228027344
-141.3031463623047
-141.01551818847656
-140.7078857421875
-140.39126586914062
-140.07339477539062
-139.7732391357422
-139.50778198242188
-139.2928924560547
-139.12049865722656
-139.0109100341797
-138.98316955566406
-139.0095672607422
-139.07614135742188
-139.12693786621094
-139.12989807128906
-139.10983276367188
-139.0669708251953
-138.9976043701172
-138.86973571777344
-138.7273712158203
-138.6016845703125
-138.4987335205078
-138.42196655273438
-138.3636932373047
-138.37213134765625
-138.4596405029297
-138.6608123779297
-138.96163940429688
-139.37461853027344
-139.88613891601562
-140.47361755371094
-141.14100646972656
-141.8601531982422
-142.63394165039062
-143.42218017578125
-144.18209838867188
-144.8999481201172
-145.54612731933594
-146.13784790039062
-146.6891632080078
-147.1444091796875
-147.50889587402344
-147.77676391601562
-147.97781372070312
-148.0967254638672
-148.12127685546875
-148.02664184570312
-147.85797119140625
-147.60733032226562
-147.30377197265625
-146.9214324951172
-146.4806365966797
-145.96217346191406
-145.42665100097656
-144.9027557373047
-144.40078735351562
-143.9475860595703
-143.53753662109375
-143.23159790039062
-143.00497436523438
-142.8526153564453
-142.77919006347656
-142.74017333984375
-142.7200927734375
-142.7386474609375
-142.79876708984375
-142.87002563476562
-142.96484375
-143.0853729248047
-143.23178100585938
-143.43162536621094
-143.64874267578125
-143.91429138183594
-144.21575927734375
-144.53941345214844
-144.9057159423828
-145.28884887695312
-145.64382934570312
-145.95851135253906
-146.21266174316406
-146.39752197265625
-146.48052978515625
-146.46353149414062
-146.37200927734375
-146.197021484375
-145.9739990234375
-145.6842041015625
-145.32742309570312
-144.97891235351562
-144.5859832763672
-144.1668701171875
-143.71759033203125
-143.27001953125
-142.8330535888672
-142.41366577148438
-141.99728393554688
-141.5947265625
-141.2263641357422
-140.8914337158203
-140.59738159179688
-140.33230590820312
-140.10525512695312
-139.9001922607422
-139.70948791503906
-139.53463745117188
-139.37640380859375
-139.24244689941406
-139.1178436279297
-138.99929809570312
-138.867919921875
-138.72573852539062
-138.57513427734375
-138.4567108154297
-138.34657287597656
-138.24038696289062
-138.13394165039062
-138.04405212402344
-137.9911651611328
-137.95909118652344
-137.98789978027344
-138.02981567382812
-138.13653564453125
-138.30264282226562
-138.55340576171875
-138.85516357421875
-139.22023010253906
-139.6690216064453
-140.1646270751953
-140.72105407714844
-141.30020141601562
-141.8878631591797
-142.487548828125
-143.11012268066406
-143.7113037109375
-144.288818359375
-144.80712890625
-145.26368713378906
-145.63194274902344
-145.9510955810547
-146.2063446044922
-146.37669372558594
-146.4892578125
-146.54905700683594
-146.60089111328125
-146.63034057617188
-146.63186645507812
-146.63711547851562
-146.64520263671875
-146.6323699951172
-146.60073852539062
-146.57069396972656
-146.55526733398438
-146.53982543945312
-146.52894592285156
-146.4987335205078
-146.4755401611328
-146.45611572265625
-146.4570770263672
-146.4333953857422
-146.4208526611328
-146.4169464111328
-146.43565368652344
-146.46185302734375
-146.50643920898438
-146.6013641357422
-146.74462890625
-146.93130493164062
-147.20260620117188
-147.55532836914062
-147.9792938232422
-148.48634338378906
-149.1192626953125
-149.8524932861328
-150.65126037597656
-151.48541259765625
-152.30731201171875
-153.09715270996094
-153.8199462890625
-154.4350128173828
-154.9571075439453
-155.3866729736328
-155.70065307617188
-155.92080688476562
-156.0673065185547
-156.13323974609375
-156.12063598632812
-156.07232666015625
-155.98826599121094
-155.8838653564453
-155.80535888671875
-155.75558471679688
-155.69435119628906
-155.65895080566406
-155.65335083007812
-155.65504455566406
-155.65020751953125
-155.5908660888672
-155.54322814941406
-155.45787048339844
-155.33848571777344
-155.1433563232422
-154.88507080078125
-154.5651397705078
-154.171142578125
-153.70347595214844
-153.1959991455078
-152.6483612060547
-152.04759216308594
-151.42198181152344
-150.81260681152344
-150.22645568847656
-149.69760131835938
-149.22537231445312
-148.81922912597656
-148.50161743164062
-148.294921875
-148.21800231933594
-148.2669677734375
-148.42266845703125
-148.67715454101562
-149.00245666503906
-149.40084838867188
-149.87599182128906
-150.37513732910156
-150.92471313476562
-151.52285766601562
-152.137939453125
-152.7762451171875
-153.43247985839844
-154.09683227539062
-154.75254821777344
-155.3970947265625
-156.04934692382812
-156.71365356445312
-157.37152099609375
-158.04296875
-158.70640563964844
-159.3309326171875
-159.88475036621094
-160.37486267089844
-160.7891387939453
-161.09866333007812
-161.2840576171875
-161.3250274658203
-161.2304229736328
-161.01364135742188
-160.65219116210938
-160.17100524902344
-159.567138671875
-158.88636779785156
-158.12257385253906
-157.30682373046875
-156.4036407470703
-155.43490600585938
-154.41036987304688
-153.3579559326172
-152.29576110839844
-151.2481689453125
-150.2320556640625
-149.25477600097656
-148.32923889160156
-147.48435974121094
-146.75205993652344
-146.1697235107422
-145.7142333984375
-145.37637329101562
-145.1875457763672
-145.13893127441406
-145.24069213867188
-145.49636840820312
-145.89027404785156
-146.39170837402344
-146.99130249023438
-147.63232421875
-148.3152313232422
-148.99452209472656
-149.65756225585938
-150.27407836914062
-150.84121704101562
-151.3875732421875
-151.89974975585938
-152.32879638671875
-152.69544982910156
-152.98988342285156
-153.2216033935547
-153.44033813476562
-153.60983276367188
-153.7609100341797
-153.900390625
-154.0562744140625
-154.235107421875
-154.44619750976562
-154.68038940429688
-154.92425537109375
-155.19091796875
-155.50054931640625
-155.84722900390625
-156.22869873046875
-156.6030731201172
-156.95956420898438
-157.2644805908203
-157.5276641845703
-157.70339965820312
-157.77146911621094
-157.7444305419922
-157.61793518066406
-157.38352966308594
-157.045654296875
-156.60186767578125
-156.0751190185547
-155.4819793701172
-154.81942749023438
-154.163330078125
-153.53396606445312
-152.92739868164062
-152.36553955078125
-151.83335876464844
-151.33004760742188
-150.86611938476562
-150.4283447265625
-150.03857421875
-149.70140075683594
-149.3628387451172
-149.03196716308594
-148.6956024169922
-148.32406616210938
-147.9130401611328
-147.45883178710938
-146.9434051513672
-146.3459014892578
-145.65682983398438
-144.9190216064453
-144.1261444091797
-143.31271362304688
-142.5015106201172
-141.702392578125
-140.89537048339844
-140.11996459960938
-139.39932250976562
-138.80751037597656
-138.3170928955078
-137.9170379638672
-137.64639282226562
-137.4969940185547
-137.4584197998047
-137.50564575195312
-137.6138458251953
-137.74684143066406
-137.83709716796875
-137.89198303222656
-137.91116333007812
-137.90164184570312
-137.91432189941406
-137.92385864257812
-137.96536254882812
-138.09129333496094
-138.33670043945312
-138.77679443359375
-139.4405059814453
-140.33938598632812
-141.5091094970703
-142.88092041015625
-144.39169311523438
-146.03785705566406
-147.75404357910156
-149.5030059814453
-151.23321533203125
-152.9155731201172
-154.48500061035156
-155.90789794921875
-157.15260314941406
-158.20262145996094
-159.07815551757812
-159.7576446533203
-160.26646423339844
-160.5755615234375
-160.70663452148438
-160.6422119140625
-160.39231872558594
-159.94158935546875
-159.3026123046875
-158.49423217773438
-157.55792236328125
-156.52578735351562
-155.41526794433594
-154.2574462890625
-153.07518005371094
-151.88705444335938
-150.6756591796875
-149.45140075683594
-148.24032592773438
-147.06661987304688
-145.90562438964844
-144.74002075195312
-143.58250427246094
-142.45950317382812
-141.38934326171875
-140.40927124023438
-139.50997924804688
-138.69129943847656
-137.9735870361328
-137.33872985839844
-136.8052215576172
-136.40235900878906
-136.14193725585938
-136.01284790039062
-135.9996337890625
-136.11776733398438
-136.35272216796875
-136.7137451171875
-137.1619110107422
-137.68399047851562
-138.22708129882812
-138.81356811523438
-139.40745544433594
-140.02964782714844
-140.69677734375
-141.4025115966797
-142.1488494873047
-142.9246063232422
-143.72311401367188
-144.5560302734375
-145.40040588378906
-146.29945373535156
-147.21607971191406
-148.13746643066406
-149.09886169433594
-150.05372619628906
-150.98780822753906
-151.86192321777344
-152.70916748046875
-153.4828643798828
-154.1970672607422
-154.78538513183594
-155.260009765625
-155.62100219726562
-155.88717651367188
-156.0701141357422
-156.1861114501953
-156.25758361816406
-156.27481079101562
-156.22061157226562
-156.1073760986328
-155.92076110839844
-155.6559295654297
-155.32554626464844
-154.9455108642578
-154.5130615234375
-154.04371643066406
-153.53762817382812
-152.97840881347656
-152.3836669921875
-151.7666778564453
-151.09535217285156
-150.39566040039062
-149.68231201171875
-148.98379516601562
-148.30357360839844
-147.6713104248047
-147.081298828125
-146.5635986328125
-146.1426239013672
-145.78396606445312
-145.49636840820312
-145.30381774902344
-145.20579528808594
-145.2064666748047
-145.2513427734375
-145.3560791015625
-145.49082946777344
-145.6768341064453
-145.86892700195312
-146.01315307617188
-146.15689086914062
-146.25372314453125
-146.281982421875
-146.273681640625
-146.22366333007812
-146.10252380371094
-145.9402313232422
-145.7916259765625
-145.65896606445312
-145.56478881835938
-145.5176544189453
-145.5048828125
-145.53363037109375
-145.62965393066406
-145.79022216796875
-146.0055389404297
-146.23422241210938
-146.5357666015625
-146.87496948242188
-147.27081298828125
-147.707763671875
-148.18295288085938
-148.6738739013672
-149.1740264892578
-149.6767578125
-150.15142822265625
-150.5582275390625
-150.8751983642578
-151.1116180419922
-151.27920532226562
-151.37423706054688
-151.3911895751953
-151.3501739501953
-151.27577209472656
-151.14097595214844
-150.9546356201172
-150.699462890625
-150.3638153076172
-149.9555206298828
-149.47329711914062
-148.91238403320312
-148.2335968017578
-147.48402404785156
-146.6838836669922
-145.8834991455078
-145.10328674316406
-144.32005310058594
-143.55052185058594
-142.82044982910156
-142.14007568359375
-141.52354431152344
-140.99908447265625
-140.5856475830078
-140.30526733398438
-140.18182373046875
-140.21292114257812
-140.41476440429688
-140.7993621826172
-141.33682250976562
-142.00234985351562
-142.7559051513672
-143.57643127441406
-144.4385528564453
-145.33154296875
-146.22665405273438
-147.13381958007812
-148.04466247558594
-148.9469757080078
-149.82469177246094
-150.68820190429688
-151.5016632080078
-152.24876403808594
-152.915771484375
-153.50933837890625
-153.9951934814453
-154.37916564941406
-154.66856384277344
-154.858642578125
-154.9486846923828
-154.95382690429688
-154.87767028808594
-154.68516540527344
-154.3563232421875
-153.91127014160156
-153.38742065429688
-152.80239868164062
-152.1739044189453
-151.48333740234375
-150.74887084960938
-150.0027618408203
-149.2996368408203
-148.62442016601562
-147.99624633789062
-147.42385864257812
-146.91793823242188
-146.50909423828125
-146.25369262695312
-146.113037109375
-146.09661865234375
-146.2008514404297
-146.42124938964844
-146.7389373779297
-147.10211181640625
-147.4858856201172
-147.84445190429688
-148.172119140625
-148.46046447753906
-148.67112731933594
-148.84913635253906
-148.99114990234375
-149.08819580078125
-149.15748596191406
-149.18382263183594
-149.18060302734375
-149.13816833496094
-149.05682373046875
-148.98023986816406
-148.89578247070312
-148.85015869140625
-148.80718994140625
-148.80599975585938
-148.85186767578125
-148.972900390625
-149.15484619140625
-149.40846252441406
-149.70223999023438
-150.04786682128906
-150.43296813964844
-150.86668395996094
-151.3252410888672
-151.77474975585938
-152.23800659179688
-152.6799774169922
-153.07359313964844
-153.43096923828125
-153.74118041992188
-153.99208068847656
-154.16966247558594
-154.29803466796875
-154.3406219482422
-154.29449462890625
-154.2151641845703
-154.08714294433594
-153.85531616210938
-153.54356384277344
-153.15769958496094
-152.6826629638672
-152.14024353027344
-151.5337371826172
-150.87863159179688
-150.1761932373047
-149.421630859375
-148.6416015625
-147.84548950195312
-147.01466369628906
-146.1446075439453
-145.23434448242188
-144.29461669921875
-143.34730529785156
-142.38124084472656
-141.3971710205078
-140.4437255859375
-139.50392150878906
-138.5591278076172
-137.59375
-136.5980987548828
-135.5681610107422
-134.56813049316406
-133.5989532470703
-132.71214294433594
-131.89022827148438
-131.1748504638672
-130.52548217773438
-129.98171997070312
-129.53675842285156
-129.1886749267578
-128.92880249023438
-128.81320190429688
-128.78016662597656
-128.84263610839844
-128.99464416503906
-129.19395446777344
-129.44180297851562
-129.7220916748047
-130.0512237548828
-130.4259796142578
-130.82069396972656
-131.20555114746094
-131.58592224121094
-131.97125244140625
-132.36544799804688
-132.78944396972656
-133.26174926757812
-133.77442932128906
-134.360107421875
-135.08729553222656
-135.96060180664062
-136.98019409179688
-138.12765502929688
-139.35800170898438
-140.62416076660156
-141.91177368164062
-143.169921875
-144.34690856933594
-145.39027404785156
-146.31980895996094
-147.09693908691406
-147.70614624023438
-148.14564514160156
-148.4133758544922
-148.52471923828125
-148.5032196044922
-148.34359741210938
-148.0555419921875
-147.64797973632812
-147.10873413085938
-146.4296417236328
-145.667724609375
-144.84344482421875
-143.98934936523438
-143.2054443359375
-142.49351501464844
-141.88296508789062
-141.39715576171875
-141.03793334960938
-140.77198791503906
-140.5637664794922
-140.4209442138672
-140.32479858398438
-140.25546264648438
-140.1991729736328
-140.1280517578125
-140.0201416015625
-139.86502075195312
-139.66563415527344
-139.44569396972656
-139.17752075195312
-138.86241149902344
-138.54098510742188
-138.2288360595703
-137.96173095703125
-137.7279815673828
-137.56446838378906
-137.47779846191406
-137.49774169921875
-137.62319946289062
-137.78944396972656
-137.9911651611328
-138.19949340820312
-138.40760803222656
-138.594482421875
-138.73553466796875
-138.85946655273438
-138.9301300048828
-139.01458740234375
-139.03985595703125
-139.00852966308594
-138.91024780273438
-138.75732421875
-138.58607482910156
-138.44639587402344
-138.34353637695312
-138.2935028076172
-138.31134033203125
-138.4374542236328
-138.69488525390625
-139.07318115234375
-139.5585174560547
-140.1247100830078
-140.73841857910156
-141.3367919921875
-141.9029998779297
-142.42384338378906
-142.88829040527344
-143.25765991210938
-143.5299072265625
-143.68345642089844
-143.6994171142578
-143.58628845214844
-143.3629913330078
-143.0436248779297
-142.6338653564453
-142.1962890625
-141.72979736328125
-141.265869140625
-140.8458709716797
-140.44090270996094
-140.1033935546875
-139.80404663085938
-139.5351104736328
-139.32252502441406
-139.15780639648438
-138.9941864013672
-138.82064819335938
-138.6339111328125
-138.4293975830078
-138.18801879882812
-137.9417266845703
-137.67770385742188
-137.3875274658203
-137.08987426757812
-136.78909301757812
-136.5224609375
-136.30589294433594
-136.15655517578125
-136.08763122558594
-136.09059143066406
-136.17137145996094
-136.32542419433594
-136.54721069335938
-136.7888641357422
-137.04556274414062
-137.3060302734375
-137.59365844726562
-137.89540100097656
-138.18479919433594
-138.49990844726562
-138.8477020263672
-139.21751403808594
-139.6062774658203
-140.02610778808594
-140.4696044921875
-140.88726806640625
-141.3040008544922
-141.7271270751953
-142.1084747314453
-142.4930419921875
-142.89431762695312
-143.28744506835938
-143.67752075195312
-144.07766723632812
-144.50152587890625
-144.94979858398438
-145.3831024169922
-145.7891845703125
-146.17132568359375
-146.48675537109375
-146.69705200195312
-146.79214477539062
-146.7592315673828
-146.59544372558594
-146.3546142578125
-146.05323791503906
-145.67774963378906
-145.2308807373047
-144.7432403564453
-144.24758911132812
-143.7366485595703
-143.2472686767578
-142.7828826904297
-142.3631591796875
-141.98828125
-141.65509033203125
-141.3575439453125
-141.0885772705078
-140.85391235351562
-140.67404174804688
-140.4995880126953
-140.33143615722656
-140.160400390625
-139.98170471191406
-139.8048095703125
-139.6240234375
-139.4686737060547
-139.33480834960938
-139.21998596191406
-139.1244659423828
-139.069580078125
-139.12533569335938
-139.2466278076172
-139.4886932373047
-139.85525512695312
-140.3422393798828
-140.92657470703125
-141.59564208984375
-142.34457397460938
-143.17263793945312
-144.04525756835938
-144.9525909423828
-145.84954833984375
-146.71157836914062
-147.49769592285156
-148.1876983642578
-148.75343322753906
-149.17962646484375
-149.48300170898438
-149.667236328125
-149.74566650390625
-149.70892333984375
-149.54849243164062
-149.29214477539062
-148.94754028320312
-148.53030395507812
-148.0662384033203
-147.57254028320312
-147.06007385253906
-146.53131103515625
-146.00082397460938
-145.5194854736328
-145.0911102294922
-144.74203491210938
-144.48268127441406
-144.34442138671875
-144.28878784179688
-144.30020141601562
-144.4125518798828
-144.62001037597656
-144.90151977539062
-145.25048828125
-145.68496704101562
-146.17686462402344
-146.72483825683594
-147.31346130371094
-147.93138122558594
-148.5638885498047
-149.25209045410156
-149.97760009765625
-150.71875
-151.4378662109375
-152.1605987548828
-152.91073608398438
-153.64425659179688
-154.3511199951172
-154.99819946289062
-155.58743286132812
-156.1109619140625
-156.54586791992188
-156.9083709716797
-157.25978088378906
-157.56248474121094
-157.82778930664062
-158.05201721191406
-158.251220703125
-158.4110107421875
-158.4923553466797
-158.5294189453125
-158.51065063476562
-158.41175842285156
-158.26515197753906
-158.04151916503906
-157.78514099121094
-157.48536682128906
-157.1563720703125
-156.7801055908203
-156.34889221191406
-155.8981475830078
-155.48643493652344
-155.08660888671875
-154.72328186035156
-154.43414306640625
-154.23989868164062
-154.10073852539062
-154.01918029785156
-154.00372314453125
-154.03823852539062
-154.0975799560547
-154.18719482421875
-154.28713989257812
-154.38165283203125
-154.45945739746094
-154.53424072265625
-154.56777954101562
-154.55282592773438
-154.43914794921875
-154.20558166503906
-153.87278747558594
-153.48048400878906
-153.0373992919922
-152.58909606933594
-152.15428161621094
-151.70738220214844
-151.28858947753906
-150.89450073242188
-150.5738983154297
-150.36257934570312
-150.2060546875
-150.13681030273438
-150.15966796875
-150.26885986328125
-150.47506713867188
-150.75794982910156
-151.06654357910156
-151.39292907714844
-151.74822998046875
-152.08193969726562
-152.40316772460938
-152.6845245361328
-152.92703247070312
-153.11563110351562
-153.24374389648438
-153.3248291015625
-153.37330627441406
-153.36538696289062
-153.39004516601562
-153.45318603515625
-153.54185485839844
-153.64010620117188
-153.76937866210938
-153.95632934570312
-154.17344665527344
-154.4071044921875
-154.63058471679688
-154.8557586669922
-155.07154846191406
-155.2557373046875
-155.3543243408203
-155.36122131347656
-155.3075714111328
-155.18226623535156
-154.9824676513672
-154.71063232421875
-154.4106903076172
-154.07919311523438
-153.76351928710938
-153.47915649414062
-153.2816619873047
-153.16033935546875
-153.15736389160156
-153.28805541992188
-153.59536743164062
-154.0401153564453
-154.58201599121094
-155.2491912841797
-155.99929809570312
-156.85235595703125
-157.77980041503906
-158.78982543945312
-159.8203582763672
-160.85055541992188
-161.84385681152344
-162.78475952148438
-163.6619415283203
-164.44642639160156
-165.09121704101562
-165.63046264648438
-166.05242919921875
-166.3383026123047
-166.52354431152344
-166.6080780029297
-166.6163330078125
-166.55462646484375
-166.44192504882812
-166.26547241210938
-166.06417846679688
-165.8203887939453
-165.55674743652344
-165.2728729248047
-164.947998046875
-164.56947326660156
-164.18133544921875
-163.73812866210938
-163.2578125
-162.75282287597656
-162.25872802734375
-161.75523376464844
-161.2772216796875
-160.79393005371094
-160.33872985839844
-159.9182586669922
-159.51144409179688
-159.14151000976562
-158.82940673828125
-158.5518035888672
-158.33724975585938
-158.19186401367188
-158.13101196289062
-158.154296875
-158.27259826660156
-158.4698486328125
-158.7312469482422
-159.07069396972656
-159.50111389160156
-159.99989318847656
-160.56300354003906
-161.1632537841797
-161.7903289794922
-162.39083862304688
-163.00643920898438
-163.6142120361328
-164.19081115722656
-164.75462341308594
-165.2950439453125
-165.79457092285156
-166.23953247070312
-166.62973022460938
-166.9003143310547
-167.04800415039062
-167.07244873046875
-166.97222900390625
-166.7855987548828
-166.48846435546875
-166.11744689941406
-165.72488403320312
-165.30328369140625
-164.89718627929688
-164.515380859375
-164.15863037109375
-163.810791015625
-163.45684814453125
-163.0926055908203
-162.73741149902344
-162.35304260253906
-161.93402099609375
-161.49191284179688
-161.05078125
-160.61257934570312
-160.1983642578125
-159.8298797607422
-159.45993041992188
-159.1085205078125
-158.78919982910156
-158.53587341308594
-158.35716247558594
-158.25167846679688
-158.22372436523438
-158.3311004638672
-158.53733825683594
-158.8634033203125
-159.29318237304688
-159.81845092773438
-160.42864990234375
-161.1123504638672
-161.86978149414062
-162.6956329345703
-163.54452514648438
-164.43634033203125
-165.37351989746094
-166.33633422851562
-167.31065368652344
-168.2455596923828
-169.1106414794922
-169.8836669921875
-170.5478515625
-171.06459045410156
-171.4564971923828
-171.7510223388672
-171.94093322753906
-172.0238494873047
-172.0131378173828
-171.92572021484375
-171.75621032714844
-171.52218627929688
-171.2618865966797
-170.95211791992188
-170.62716674804688
-170.30857849121094
-170.00283813476562
-169.7525177001953
-169.54237365722656
-169.3542938232422
-169.15725708007812
-168.98854064941406
-168.85743713378906
-168.740966796875
-168.6275177001953
-168.56114196777344
-168.5363006591797
-168.56883239746094
-168.65151977539062
-168.72853088378906
-168.7894744873047
-168.8502655029297
-168.9137420654297
-168.99163818359375
-169.0622100830078
-169.15640258789062
-169.2564239501953
-169.35256958007812
-169.4308319091797
-169.48390197753906
-169.49029541015625
-169.40330505371094
-169.22731018066406
-168.98533630371094
-168.6503448486328
-168.2319793701172
-167.7017822265625
-167.08547973632812
-166.34539794921875
-165.53622436523438
-164.6736297607422
-163.76446533203125
-162.83421325683594
-161.89027404785156
-160.9269561767578
-159.98477172851562
-159.0508270263672
-158.12197875976562
-157.2162628173828
-156.33734130859375
-155.4981231689453
-154.72642517089844
-154.0248565673828
-153.39154052734375
-152.83346557617188
-152.38450622558594
-152.048095703125
-151.8586883544922
-151.80154418945312
-151.85679626464844
-152.03590393066406
-152.3543243408203
-152.78985595703125
-153.31231689453125
-153.86045837402344
-154.43202209472656
-155.00558471679688
-155.5673370361328
-156.11582946777344
-156.620361328125
-157.0684051513672
-157.4627227783203
-157.8104248046875
-158.1090087890625
-158.3547821044922
-158.5320587158203
-158.6736297607422
-158.7554473876953
-158.77734375
-158.7460479736328
-158.6901397705078
-158.6327362060547
-158.56979370117188
-158.47137451171875
-158.36935424804688
-158.244140625
-158.091796875
-157.9176788330078
-157.75607299804688
-157.6007537841797
-157.41552734375
-157.21018981933594
-156.97586059570312
-156.70626831054688
-156.4170379638672
-156.09205627441406
-155.73228454589844
-155.34136962890625
-154.9091033935547
-154.4929962158203
-154.05714416503906
-153.641845703125
-153.23829650878906
-152.8443603515625
-152.4815216064453
-152.18875122070312
-151.91587829589844
-151.6869354248047
-151.4932098388672
-151.30613708496094
-151.14561462402344
-150.9787139892578
-150.79440307617188
-150.60769653320312
-150.37684631347656
-150.1322479248047
-149.86578369140625
-149.5946807861328
-149.27613830566406
-148.92681884765625
-148.61087036132812
-148.29559326171875
-147.98660278320312
-147.65283203125
-147.31863403320312
-147.02281188964844
-146.76361083984375
-146.54129028320312
-146.38922119140625
-146.29067993164062
-146.20925903320312
-146.16900634765625
-146.12158203125
-146.07493591308594
-145.9928436279297
-145.9134063720703
-145.8614501953125
-145.8434295654297
-145.82919311523438
-145.80162048339844
-145.7629852294922
-145.70852661132812
-145.64926147460938
-145.60316467285156
-145.53150939941406
-145.4840850830078
-145.41851806640625
-145.38113403320312
-145.3818359375
-145.40469360351562
-145.4590606689453
-145.5720977783203
-145.7029571533203
-145.85279846191406
-146.0655975341797
-146.3374481201172
-146.62750244140625
-146.9402618408203
-147.27281188964844
-147.6166229248047
-147.96107482910156
-148.3075714111328
-148.58233642578125
-148.81832885742188
-149.01429748535156
-149.15602111816406
-149.2665557861328
-149.3391876220703
-149.37672424316406
-149.34681701660156
-149.28599548339844
-149.1770782470703
-149.0614013671875
-148.92990112304688
-148.76348876953125
-148.5772705078125
-148.35816955566406
-148.1135711669922
-147.869873046875
-147.64051818847656
-147.44888305664062
-147.3024444580078
-147.1577911376953
-147.08753967285156
-147.0623779296875
-147.09347534179688
-147.1779327392578
-147.26646423339844
-147.3689727783203
-147.49868774414062
-147.64987182617188
-147.8238067626953
-147.98565673828125
-148.10032653808594
-148.1824188232422
-148.1993865966797
-148.1242218017578
-147.99339294433594
-147.8375701904297
-147.648193359375
-147.44369506835938
-147.23272705078125
-147.01190185546875
-146.7830810546875
-146.54263305664062
-146.31715393066406
-146.08670043945312
-145.85520935058594
-145.64820861816406
-145.4693603515625
-145.3398895263672
-145.231201171875
-145.1558837890625
-145.10362243652344
-145.06753540039062
-145.06015014648438
-145.0884246826172
-145.13290405273438
-145.1818084716797
-145.21768188476562
-145.22430419921875
-145.19711303710938
-145.1262969970703
-144.98788452148438
-144.7637481689453
-144.48333740234375
-144.1412811279297
-143.722900390625
-143.21575927734375
-142.6527099609375
-142.09222412109375
-141.5362548828125
-140.9981231689453
-140.50755310058594
-140.06539916992188
-139.6744842529297
-139.35757446289062
-139.08154296875
-138.87255859375
-138.70233154296875
-138.5440673828125
-138.3894500732422
-138.22329711914062
-138.0563201904297
-137.89430236816406
-137.69586181640625
-137.46583557128906
-137.2367401123047
-137.00157165527344
-136.6982879638672
-136.39007568359375
-136.06434631347656
-135.7380828857422
-135.43023681640625
-135.1472625732422
-134.9091339111328
-134.72735595703125
-134.6442413330078
-134.6507110595703
-134.7625732421875
-134.92221069335938
-135.1024932861328
-135.3050994873047
-135.5333251953125
-135.75096130371094
-135.92942810058594
-136.07325744628906
-136.1851806640625
-136.28469848632812
-136.3281707763672
-136.34317016601562
-136.34095764160156
-136.29522705078125
-136.17156982421875
-135.9984893798828
-135.76832580566406
-135.53138732910156
-135.31459045410156
-135.09181213378906
-134.87559509277344
-134.67478942871094
-134.53292846679688
-134.46548461914062
-134.50880432128906
-134.6070556640625
-134.81846618652344
-135.11502075195312
-135.5122833251953
-135.9629364013672
-136.4672393798828
-137.0174102783203
-137.60614013671875
-138.2130126953125
-138.8082275390625
-139.3801727294922
-139.9274139404297
-140.4272003173828
-140.87969970703125
-141.3038787841797
-141.6652374267578
-141.97216796875
-142.2208251953125
-142.40310668945312
-142.5276336669922
-142.59564208984375
-142.623779296875
-142.6190643310547
-142.58871459960938
-142.5210723876953
-142.40304565429688
-142.24520874023438
-142.05496215820312
-141.81298828125
-141.5153045654297
-141.19529724121094
-140.83509826660156
-140.4534454345703
-140.06089782714844
-139.6445770263672
-139.17225646972656
-138.6851043701172
-138.1941680908203
-137.69927978515625
-137.17642211914062
-136.62872314453125
-136.05096435546875
-135.48751831054688
-134.94366455078125
-134.3870086669922
-133.85122680664062
-133.3331756591797
-132.81130981445312
-132.30331420898438
-131.83554077148438
-131.4088134765625
-131.00729370117188
-130.64353942871094
-130.28077697753906
-129.95619201660156
-129.64852905273438
-129.408203125
-129.17098999023438
-128.92259216308594
-128.70196533203125
-128.50762939453125
-128.34906005859375
-128.25161743164062
-128.13970947265625
-128.0665740966797
-128.0056610107422
-127.98721313476562
-127.9648666381836
-127.97122955322266
-128.0604705810547
-128.1714324951172
-128.2941131591797
-128.45806884765625
-128.66464233398438
-128.93624877929688
-129.22706604003906
-129.58154296875
-130.00015258789062
-130.42800903320312
-130.89813232421875
-131.40066528320312
-131.93495178222656
-132.49647521972656
-133.08395385742188
-133.697509765625
-134.27455139160156
-134.82968139648438
-135.3661651611328
-135.86021423339844
-136.32176208496094
-136.7465362548828
-137.1103057861328
-137.3973846435547
-137.65557861328125
-137.8438720703125
-137.98721313476562
-138.0966033935547
-138.15133666992188
-138.15728759765625
-138.12362670898438
-137.99972534179688
-137.76235961914062
-137.44961547851562
-137.04542541503906
-136.52345275878906
-135.86851501464844
-135.08233642578125
-134.14797973632812
-133.07388305664062
-131.87716674804688
-130.5832061767578
-129.2041778564453
-127.73487854003906
-126.19165802001953
-124.62529754638672
-123.0645980834961
-121.52204132080078
-120.03938293457031
-118.6685791015625
-117.43260192871094
-116.33369445800781
-115.40850067138672
-114.71284484863281
-114.22672271728516
-113.98584747314453
-113.95954132080078
-114.20221710205078
-114.68721008300781
-115.4130630493164
-116.3393783569336
-117.42031860351562
-118.56108856201172
-119.77124786376953
-121.01930236816406
-122.23148345947266
-123.43787384033203
-124.62643432617188
-125.78208923339844
-126.84437561035156
-127.82321166992188
-128.6763916015625
-129.41502380371094
-130.06053161621094
-130.60401916503906
-131.0652313232422
-131.40830993652344
-131.66148376464844
-131.81887817382812
-131.88284301757812
-131.87057495117188
-131.76153564453125
-131.5961456298828
-131.40594482421875
-131.14010620117188
-130.81307983398438
-130.41873168945312
-129.98388671875
-129.52149963378906
-129.025146484375
-128.51527404785156
-127.9980239868164
-127.48507690429688
-126.98545837402344
-126.49439239501953
-125.99934387207031
-125.52861785888672
-125.12773132324219
-124.82013702392578
-124.58692932128906
-124.44764709472656
-124.3997802734375
-124.47428131103516
-124.67293548583984
-125.00604248046875
-125.48210906982422
-126.07707214355469
-126.77581024169922
-127.56553649902344
-128.3896026611328
-129.24765014648438
-130.12423706054688
-131.0041046142578
-131.833740234375
-132.5965576171875
-133.2799835205078
-133.8479461669922
-134.275634765625
-134.57919311523438
-134.72708129882812
-134.75631713867188
-134.6488037109375
-134.44679260253906
-134.1647491455078
-133.78782653808594
-133.35092163085938
-132.90185546875
-132.45799255371094
-132.02439880371094
-131.6524200439453
-131.3500518798828
-131.14292907714844
-131.0167694091797
-130.95201110839844
-130.9226837158203
-130.96368408203125
-131.0840606689453
-131.2437744140625
-131.43106079101562
-131.5938720703125
-131.709716796875
-131.78030395507812
-131.8015594482422
-131.74307250976562
-131.63189697265625
-131.45220947265625
-131.25648498535156
-131.0380401611328
-130.8310546875
-130.72842407226562
-130.7227020263672
-130.8518524169922
-131.1281280517578
-131.6026611328125
-132.23983764648438
-133.02647399902344
-133.9477081298828
-134.92684936523438
-135.94012451171875
-136.9314422607422
-137.8936309814453
-138.81236267089844
-139.6771697998047
-140.46649169921875
-141.15982055664062
-141.7694549560547
-142.2622528076172
-142.62779235839844
-142.83970642089844
-142.909423828125
-142.88702392578125
-142.80621337890625
-142.68212890625
-142.5067901611328
-142.28575134277344
-142.0578155517578
-141.8282470703125
-141.6111602783203
-141.42538452148438
-141.3032989501953
-141.22872924804688
-141.20091247558594
-141.21670532226562
-141.2486114501953
-141.3204803466797
-141.40823364257812
-141.5777130126953
-141.76589965820312
-141.9138641357422
-142.02696228027344
-142.11680603027344
-142.17723083496094
-142.2216796875
-142.23191833496094
-142.2321014404297
-142.2289581298828
-142.17721557617188
-142.12277221679688
-142.0738525390625
-142.02392578125
-142.0111846923828
-142.00929260253906
-142.02178955078125
-142.08306884765625
-142.17213439941406
-142.28590393066406
-142.4217987060547
-142.5863800048828
-142.7273406982422
-142.84461975097656
-142.9377899169922
-142.99864196777344
-143.05796813964844
-143.0941619873047
-143.10472106933594
-143.09898376464844
-143.0769805908203
-143.00906372070312
-142.90206909179688
-142.77882385253906
-142.62625122070312
-142.46046447753906
-142.29090881347656
-142.14434814453125
-142.04525756835938
-141.99464416503906
-142.01329040527344
-142.10658264160156
-142.2467498779297
-142.45509338378906
-142.736083984375
-143.0587921142578
-143.3958282470703
-143.75523376464844
-144.10491943359375
-144.4071502685547
-144.65281677246094
-144.85829162597656
-145.02505493164062
-145.13406372070312
-145.21408081054688
-145.2609405517578
-145.26580810546875
-145.25376892089844
-145.25389099121094
-145.26657104492188
-145.30032348632812
-145.3538055419922
-145.4309539794922
-145.51834106445312
-145.63302612304688
-145.75621032714844
-145.90435791015625
-146.06503295898438
-146.25811767578125
-146.44085693359375
-146.6040496826172
-146.7572784423828
-146.86453247070312
-146.93792724609375
-147.02249145507812
-147.0635986328125
-147.10255432128906
-147.12257385253906
-147.1121826171875
-147.1000213623047
-147.08958435058594
-147.08624267578125
-147.09716796875
-147.10980224609375
-147.13279724121094
-147.15023803710938
-147.18016052246094
-147.18630981445312
-147.16720581054688
-147.1396942138672
-147.10748291015625
-147.06597900390625
-146.99484252929688
-146.93028259277344
-146.83750915527344
-146.70672607421875
-146.58285522460938
-146.44659423828125
-146.30172729492188
-146.1758270263672
-146.06661987304688
-145.99330139160156
-145.9786376953125
-146.05386352539062
-146.1921844482422
-146.37832641601562
-146.62799072265625
-146.88970947265625
-147.20045471191406
-147.49000549316406
-147.76138305664062
-148.01388549804688
-148.2229766845703
-148.38182067871094
-148.50125122070312
-148.6087646484375
-148.66928100585938
-148.69847106933594
-148.7259063720703
-148.75146484375
-148.7539825439453
-148.7963409423828
-148.8665313720703
-148.9750518798828
-149.14990234375
-149.38619995117188
-149.681396484375
-150.05105590820312
-150.4461669921875
-150.85903930664062
-151.2596435546875
-151.64710998535156
-152.02041625976562
-152.3332061767578
-152.58863830566406
-152.80508422851562
-152.96517944335938
-153.09036254882812
-153.18646240234375
-153.20985412597656
-153.17929077148438
-153.11331176757812
-153.01185607910156
-152.874267578125
-152.7335662841797
-152.56178283691406
-152.3775177001953
-152.20640563964844
-152.01658630371094
-151.84056091308594
-151.66607666015625
-151.5250244140625
-151.38143920898438
-151.23133850097656
-151.0929412841797
-150.9356689453125
-150.763427734375
-150.60543823242188
-150.44126892089844
-150.28305053710938
-150.09359741210938
-149.8990020751953
-149.70477294921875
-149.5188446044922
-149.3525390625
-149.20323181152344
-149.09133911132812
-149.01239013671875
-148.949951171875
-148.93678283691406
-148.9722900390625
-149.0778350830078
-149.26356506347656
-149.53086853027344
-149.87562561035156
-150.2753448486328
-150.7292022705078
-151.1865692138672
-151.6328582763672
-152.04391479492188
-152.4161376953125
-152.70494079589844
-152.93247985839844
-153.10231018066406
-153.20077514648438
-153.2517852783203
-153.26419067382812
-153.23385620117188
-153.13970947265625
-152.99459838867188
-152.84446716308594
-152.66957092285156
-152.45187377929688
-152.22776794433594
-152.0174560546875
-151.8089141845703
-151.63706970214844
-151.506591796875
-151.41519165039062
-151.37918090820312
-151.3653106689453
-151.3981475830078
-151.48675537109375
-151.6307830810547
-151.8091583251953
-152.0256805419922
-152.28355407714844
-152.5613250732422
-152.84024047851562
-153.08807373046875
-153.31405639648438
-153.5163116455078
-153.6627655029297
-153.75946044921875
-153.79774475097656
-153.7904052734375
-153.7503662109375
-153.68092346191406
-153.56321716308594
-153.4490203857422
-153.38299560546875
-153.34596252441406
-153.3531036376953
-153.44383239746094
-153.60650634765625
-153.8437042236328
-154.131103515625
-154.4679412841797
-154.85775756835938
-155.30276489257812
-155.78245544433594
-156.27342224121094
-156.74647521972656
-157.17892456054688
-157.59666442871094
-157.9977264404297
-158.3778533935547
-158.74298095703125
-159.0686492919922
-159.34503173828125
-159.60223388671875
-159.82566833496094
-160.0613250732422
-160.27626037597656
-160.46630859375
-160.62802124023438
-160.8138885498047
-160.92689514160156
-161.00694274902344
-161.099609375
-161.15512084960938
-161.1849822998047
-161.20730590820312
-161.201416015625
-161.15907287597656
-161.1199493408203
-161.0195770263672
-160.87257385253906
-160.70379638671875
-160.55667114257812
-160.4325714111328
-160.35537719726562
-160.29464721679688
-160.270751953125
-160.27406311035156
-160.31137084960938
-160.38661193847656
-160.50057983398438
-160.6510772705078
-160.8333282470703
-161.0338592529297
-161.26853942871094
-161.5375518798828
-161.81996154785156
-162.1078338623047
-162.37640380859375
-162.59820556640625
-162.78936767578125
-162.9484405517578
-163.07781982421875
-163.1661834716797
-163.21347045898438
-163.23931884765625
-163.25498962402344
-163.23777770996094
-163.2041473388672
-163.16751098632812
-163.1360626220703
-163.13465881347656
-163.1849365234375
-163.25
-163.34658813476562
-163.4699249267578
-163.6634979248047
-163.92823791503906
-164.2350616455078
-164.571533203125
-164.9417724609375
-165.33998107910156
-165.77867126464844
-166.25393676757812
-166.7202911376953
-167.19143676757812
-167.64112854003906
-168.07888793945312
-168.51376342773438
-168.9208526611328
-169.3456268310547
-169.7902069091797
-170.24111938476562
-170.71368408203125
-171.20111083984375
-171.70298767089844
-172.2070770263672
-172.71536254882812
-173.2047882080078
-173.64401245117188
-174.00730895996094
-174.2813720703125
-174.42837524414062
-174.45021057128906
-174.3435821533203
-174.1341094970703
-173.85813903808594
-173.55697631835938
-173.22128295898438
-172.89376831054688
-172.59014892578125
-172.29974365234375
-172.02304077148438
-171.78860473632812
-171.5850830078125
-171.45053100585938
-171.3717041015625
-171.3269500732422
-171.31834411621094
-171.3509063720703
-171.4322052001953
-171.5540771484375
-171.7041015625
-171.87039184570312
-172.05532836914062
-172.21139526367188
-172.3533935546875
-172.50282287597656
-172.63465881347656
-172.7213897705078
-172.80120849609375
-172.8873748779297
-172.97044372558594
-173.03074645996094
-173.0945281982422
-173.1567840576172
-173.26795959472656
-173.39324951171875
-173.5440673828125
-173.70785522460938
-173.87623596191406
-173.97669982910156
-174.0216522216797
-174.0270233154297
-174.02871704101562
-173.954345703125
-173.8578338623047
-173.73635864257812
-173.59815979003906
-173.4082794189453
-173.1818389892578
-172.943603515625
-172.70030212402344
-172.44561767578125
-172.18368530273438
-171.9366912841797
-171.71142578125
-171.52157592773438
-171.3704833984375
-171.215576171875
-171.07138061523438
-170.9033660888672
-170.68252563476562
-170.41744995117188
-170.0987091064453
-169.72900390625
-169.2790985107422
-168.72955322265625
-168.07186889648438
-167.29905700683594
-166.48577880859375
-165.6641082763672
-164.83987426757812
-164.05191040039062
-163.34371948242188
-162.7294921875
-162.22169494628906
-161.80923461914062
-161.50352478027344
-161.3244171142578
-161.24794006347656
-161.26438903808594
-161.31964111328125
-161.40586853027344
-161.4630126953125
-161.49600219726562
-161.50193786621094
-161.47927856445312
-161.4213104248047
-161.32127380371094
-161.1678009033203
-160.9601593017578
-160.6855926513672
-160.37481689453125
-160.02877807617188
-159.66818237304688
-159.31605529785156
-158.98892211914062
-158.67575073242188
-158.37191772460938
-158.0852508544922
-157.8179931640625
-157.6001739501953
-157.396484375
-157.24949645996094
-157.1307373046875
-157.0298614501953
-157.0012969970703
-156.9872283935547
-156.9659881591797
-156.9214324951172
-156.83468627929688
-156.6982421875
-156.5377960205078
-156.37107849121094
-156.1698760986328
-155.96409606933594
-155.73863220214844
-155.53062438964844
-155.31898498535156
-155.11863708496094
-154.9270477294922
-154.72837829589844
-154.51699829101562
-154.28463745117188
-154.03065490722656
-153.76962280273438
-153.49623107910156
-153.22154235839844
-152.9248504638672
-152.62664794921875
-152.33497619628906
-152.01339721679688
-151.70114135742188
-151.40379333496094
-151.1409454345703
-150.9071044921875
-150.7029266357422
-150.5533447265625
-150.45265197753906
-150.4014434814453
-150.40074157714844
-150.46263122558594
-150.5506134033203
-150.6681365966797
-150.80126953125
-150.9424591064453
-151.0767059326172
-151.18060302734375
-151.22569274902344
-151.18621826171875
-151.05606079101562
-150.83526611328125
-150.53594970703125
-150.1624298095703
-149.7443084716797
-149.31349182128906
-148.83946228027344
-148.3423614501953
-147.83450317382812
-147.33615112304688
-146.83938598632812
-146.3616485595703
-145.9127197265625
-145.48739624023438
-145.08424377441406
-144.71014404296875
-144.3863983154297
-144.0846405029297
-143.83177185058594
-143.66848754882812
-143.58795166015625
-143.61558532714844
-143.71726989746094
-143.90296936035156
-144.2019805908203
-144.58375549316406
-145.06822204589844
-145.62017822265625
-146.2482147216797
-146.9234161376953
-147.68551635742188
-148.5162811279297
-149.40582275390625
-150.3553924560547
-151.31597900390625
-152.31298828125
-153.29295349121094
-154.27418518066406
-155.1937713623047
-156.028076171875
-156.743408203125
-157.2938995361328
-157.71478271484375
-157.95582580566406
-158.02081298828125
-157.92141723632812
-157.68360900878906
-157.3226776123047
-156.845947265625
-156.27474975585938
-155.58401489257812
-154.81056213378906
-153.9355010986328
-152.94923400878906
-151.90106201171875
-150.79824829101562
-149.6548309326172
-148.5264434814453
-147.42538452148438
-146.33848571777344
-145.338134765625
-144.4132843017578
-143.58995056152344
-142.8990478515625
-142.30284118652344
-141.8019256591797
-141.4628448486328
-141.25868225097656
-141.13478088378906
-141.09820556640625
-141.1872100830078
-141.3255157470703
-141.4872283935547
-141.65118408203125
-141.7953338623047
-141.92852783203125
-142.0541229248047
-142.13365173339844
-142.1861572265625
-142.19773864746094
-142.18084716796875
-142.13327026367188
-142.021728515625
-141.829345703125
-141.57098388671875
-141.23031616210938
-140.78170776367188
-140.2098388671875
-139.54510498046875
-138.81930541992188
-138.0710906982422
-137.325439453125
-136.623779296875
-135.9644775390625
-135.383544921875
-134.9073028564453
-134.5239715576172
-134.2532501220703
-134.06813049316406
-133.94944763183594
-133.9085693359375
-133.93927001953125
-134.01907348632812
-134.17422485351562
-134.40380859375
-134.6842803955078
-135.0097198486328
-135.3400115966797
-135.69815063476562
-136.10543823242188
-136.5531005859375
-137.0740966796875
-137.6282958984375
-138.218994140625
-138.84902954101562
-139.49671936035156
-140.1365203857422
-140.74197387695312
-141.2913055419922
-141.7708282470703
-142.14305114746094
-142.38641357421875
-142.48666381835938
-142.46499633789062
-142.32669067382812
-142.07980346679688
-141.72702026367188
-141.28443908691406
-140.71786499023438
-140.03546142578125
-139.28582763671875
-138.47494506835938
-137.61428833007812
-136.7266845703125
-135.88645935058594
-135.1046905517578
-134.41197204589844
-133.80975341796875
-133.27085876464844
-132.83465576171875
-132.47596740722656
-132.1763458251953
-131.92926025390625
-131.70265197753906
-131.49862670898438
-131.31378173828125
-131.17152404785156
-131.0836639404297
-131.07412719726562
-131.15811157226562
-131.31185913085938
-131.51321411132812
-131.7956085205078
-132.21649169921875
-132.7548065185547
-133.44345092773438
-134.31468200683594
-135.34544372558594
-136.54490661621094
-137.88552856445312
-139.29443359375
-140.71188354492188
-142.08592224121094
-143.3644561767578
-144.502197265625
-145.4668426513672
-146.23568725585938
-146.80938720703125
-147.1797332763672
-147.35470581054688
-147.34454345703125
-147.1763458251953
-146.84249877929688
-146.38555908203125
-145.807373046875
-145.09884643554688
-144.28231811523438
-143.4423370361328
-142.56326293945312
-141.666015625
-140.74563598632812
-139.86618041992188
-139.035400390625
-138.22491455078125
-137.48016357421875
-136.79678344726562
-136.11322021484375
-135.45350646972656
-134.7914276123047
-134.10678100585938
-133.36167907714844
-132.52816772460938
-131.64044189453125
-130.68536376953125
-129.6840057373047
-128.60751342773438
-127.52674865722656
-126.4792709350586
-125.45587921142578
-124.52839660644531
-123.70098114013672
-123.0440444946289
-122.55935668945312
-122.27728271484375
-122.22161865234375
-122.37469482421875
-122.743408203125
-123.29964447021484
-123.94052124023438
-124.6614761352539
-125.44371795654297
-126.2328109741211
-126.96748352050781
-127.61827850341797
-128.1779022216797
-128.6846160888672
-129.10092163085938
-129.43283081054688
-129.68316650390625
-129.877685546875
-130.0044403076172
-130.13108825683594
-130.21804809570312
-130.28945922851562
-130.36863708496094
-130.53347778320312
-130.7772216796875
-131.1372528076172
-131.5686492919922
-132.050537109375
-132.54058837890625
-133.05328369140625
-133.59132385253906
-134.1240692138672
-134.61520385742188
-135.03367614746094
-135.37857055664062
-135.63304138183594
-135.8358917236328
-135.97091674804688
-136.0345001220703
-136.0550994873047
-136.0213623046875
-135.95233154296875
-135.8156280517578
-135.62594604492188
-135.39578247070312
-135.14146423339844
-134.87911987304688
-134.59112548828125
-134.2767791748047
-133.9476318359375
-133.64195251464844
-133.3301544189453
-133.00091552734375
-132.6333770751953
-132.246826171875
-131.82376098632812
-131.39041137695312
-130.9281005859375
-130.4699249267578
-129.9917449951172
-129.5007781982422
-129.010498046875
-128.54153442382812
-128.082763671875
-127.62846374511719
-127.20694732666016
-126.81709289550781
-126.45118713378906
-126.08616638183594
-125.7536849975586
-125.46263885498047
-125.21882629394531
-125.01720428466797
-124.89964294433594
-124.88127899169922
-124.9244384765625
-125.08411407470703
-125.33334350585938
-125.66444396972656
-126.11006164550781
-126.62397766113281
-127.21137237548828
-127.86860656738281
-128.5984649658203
-129.35765075683594
-130.10342407226562
-130.8251495361328
-131.52565002441406
-132.2118682861328
-132.849609375
-133.45599365234375
-134.02273559570312
-134.53782653808594
-134.97793579101562
-135.35501098632812
-135.6719207763672
-135.9424285888672
-136.16326904296875
-136.3516845703125
-136.50152587890625
-136.62261962890625
-136.70997619628906
-136.80935668945312
-136.8788299560547
-136.93032836914062
-136.9427490234375
-136.8987274169922
-136.79437255859375
-136.634033203125
-136.43348693847656
-136.1912841796875
-135.8633270263672
-135.43814086914062
-134.97434997558594
-134.4705047607422
-133.95269775390625
-133.43978881835938
-132.96791076660156
-132.59994506835938
-132.34068298339844
-132.21926879882812
-132.2342987060547
-132.3729248046875
-132.66773986816406
-133.09841918945312
-133.6416015625
-134.2545623779297
-134.90968322753906
-135.5623779296875
-136.18663024902344
-136.7627716064453
-137.2524871826172
-137.65760803222656
-137.97454833984375
-138.2164306640625
-138.38233947753906
-138.4947509765625
-138.53085327148438
-138.51437377929688
-138.45223999023438
-138.35414123535156
-138.2299041748047
-138.07699584960938
-137.95538330078125
-137.87242126464844
-137.83294677734375
-137.86285400390625
-137.9724578857422
-138.14743041992188
-138.37315368652344
-138.6015167236328
-138.8212890625
-139.02491760253906
-139.20144653320312
-139.3437957763672
-139.4501190185547
-139.51853942871094
-139.53639221191406
-139.48330688476562
-139.34909057617188
-139.14401245117188
-138.86672973632812
-138.53558349609375
-138.1714324951172
-137.77798461914062
-137.35861206054688
-136.93077087402344
-136.51910400390625
-136.1320037841797
-135.75753784179688
-135.39126586914062
-135.02772521972656
-134.68130493164062
-134.3248748779297
-133.9838104248047
-133.64312744140625
-133.3033905029297
-132.95742797851562
-132.61581420898438
-132.29122924804688
-131.9910125732422
-131.73489379882812
-131.47775268554688
-131.2658233642578
-131.0739288330078
-130.9031982421875
-130.76206970214844
-130.6405487060547
-130.53396606445312
-130.47293090820312
-130.43592834472656
-130.3680877685547
-130.25733947753906
-130.13092041015625
-129.98342895507812
-129.80245971679688
-129.5863494873047
-129.34835815429688
-129.0939178466797
-128.79620361328125
-128.4657745361328
-128.14418029785156
-127.84886169433594
-127.56105041503906
-127.29843139648438
-127.04426574707031
-126.7821273803711
-126.57550811767578
-126.39863586425781
-126.2267074584961
-126.10309600830078
-126.04193878173828
-126.04608917236328
-126.11595916748047
-126.24929809570312
-126.4446029663086
-126.70289611816406
-127.0096664428711
-127.40857696533203
-127.87696075439453
-128.4454803466797
-129.07598876953125
-129.7164764404297
-130.3585968017578
-130.9444122314453
-131.4567108154297
-131.89173889160156
-132.266845703125
-132.5576171875
-132.77944946289062
-132.9016876220703
-132.9342803955078
-132.88233947753906
-132.7400360107422
-132.52645874023438
-132.23072814941406
-131.8863067626953
-131.49256896972656
-131.0987091064453
-130.71316528320312
-130.3876495361328
-130.1750946044922
-130.03831481933594
-130.0072784423828
-130.07931518554688
-130.26278686523438
-130.5789031982422
-130.97291564941406
-131.42117309570312
-131.9185028076172
-132.42247009277344
-132.91397094726562
-133.37733459472656
-133.7498779296875
-134.05067443847656
-134.290283203125
-134.4620361328125
-134.62242126464844
-134.7793426513672
-134.94708251953125
-135.18223571777344
-135.44334411621094
-135.78526306152344
-136.20233154296875
-136.64634704589844
-137.1140899658203
-137.57366943359375
-138.01173400878906
-138.42251586914062
-138.7716064453125
-139.0561981201172
-139.24807739257812
-139.34681701660156
-139.3437957763672
-139.27072143554688
-139.08091735839844
-138.76150512695312
-138.3066864013672
-137.7666015625
-137.13998413085938
-136.4418182373047
-135.69520568847656
-134.9210968017578
-134.145751953125
-133.4310302734375
-132.82986450195312
-132.3442840576172
-131.99014282226562
-131.76524353027344
-131.66287231445312
-131.68994140625
-131.81443786621094
-132.0250244140625
-132.2611083984375
-132.50416564941406
-132.75669860839844
-133.0258026123047
-133.29440307617188
-133.5457000732422
-133.78042602539062
-134.00669860839844
-134.2186737060547
-134.41220092773438
-134.62522888183594
-134.83334350585938
-135.03623962402344
-135.25584411621094
-135.49278259277344
-135.75347900390625
-136.0206756591797
-136.2815399169922
-136.5845489501953
-136.89517211914062
-137.2115020751953
-137.5439453125
-137.85987854003906
-138.12359619140625
-138.34681701660156
-138.5592803955078
-138.7045440673828
-138.77418518066406
-138.78187561035156
-138.77549743652344
-138.741943359375
-138.66131591796875
-138.5538330078125
-138.42535400390625
-138.26983642578125
-138.1142120361328
-137.95033264160156
-137.78855895996094
-137.61343383789062
-137.45968627929688
-137.41229248046875
-137.43809509277344
-137.53302001953125
-137.68295288085938
-137.8873748779297
-138.15557861328125
-138.4501495361328
-138.7479248046875
-139.08497619628906
-139.43844604492188
-139.829345703125
-140.22726440429688
-140.6575927734375
-141.12832641601562
-141.6565399169922
-142.2124786376953
-142.76068115234375
-143.33578491210938
-143.91754150390625
-144.4368438720703
-144.90899658203125
-145.35299682617188
-145.7362518310547
-146.083251953125
-146.3542938232422
-146.55441284179688
-146.71267700195312
-146.8219451904297
-146.88075256347656
-146.9226837158203
-146.93626403808594
-146.93063354492188
-146.94947814941406
-146.9695281982422
-146.99169921875
-147.01461791992188
-147.03018188476562
-147.07244873046875
-147.11593627929688
-147.16827392578125
-147.24032592773438
-147.32199096679688
-147.42266845703125
-147.5161590576172
-147.6237030029297
-147.7732696533203
-147.944091796875
-148.17178344726562
-148.43231201171875
-148.74505615234375
-149.08746337890625
-149.50169372558594
-149.96649169921875
-150.46568298339844
-150.98983764648438
-151.5146484375
-152.01434326171875
-152.4679412841797
-152.90975952148438
-153.3142852783203
-153.64105224609375
-153.903564453125
-154.09918212890625
-154.2364044189453
-154.26979064941406
-154.24462890625
-154.1334686279297
-153.92138671875
-153.63150024414062
-153.2674560546875
-152.85360717773438
-152.40304565429688
-151.9439239501953
-151.48353576660156
-151.0397186279297
-150.64393615722656
-150.3310089111328
-150.12033081054688
-149.9860076904297
-149.92005920410156
-149.9304962158203
-150.02288818359375
-150.1527099609375
-150.28721618652344
-150.4404754638672
-150.62257385253906
-150.83554077148438
-151.0333709716797
-151.19126892089844
-151.313232421875
-151.36280822753906
-151.3399200439453
-151.26181030273438
-151.1472625732422
-150.97869873046875
-150.77383422851562
-150.52981567382812
-150.2344512939453
-149.97323608398438
-149.73190307617188
-149.560546875
-149.44662475585938
-149.3840789794922
-149.3821563720703
-149.47142028808594
-149.63998413085938
-149.90147399902344
-150.22430419921875
-150.63626098632812
-151.0890350341797
-151.56021118164062
-152.04000854492188
-152.51873779296875
-152.98265075683594
-153.45648193359375
-153.93597412109375
-154.38763427734375
-154.8244171142578
-155.2700958251953
-155.70004272460938
-156.1298065185547
-156.55032348632812
-156.9761962890625
-157.40997314453125
-157.8388214111328
-158.27410888671875
-158.7017059326172
-159.1475067138672
-159.58901977539062
-160.00433349609375
-160.36727905273438
-160.66619873046875
-160.92123413085938
-161.11483764648438
-161.23402404785156
-161.27879333496094
-161.20608520507812
-160.9952392578125
-160.65753173828125
-160.25375366210938
-159.77598571777344
-159.2007293701172
-158.52139282226562
-157.75730895996094
-156.9457550048828
-156.11581420898438
-155.26075744628906
-154.3865509033203
-153.5052490234375
-152.6317901611328
-151.767333984375
-150.93490600585938
-150.14358520507812
-149.40994262695312
-148.73455810546875
-148.12449645996094
-147.61790466308594
-147.18072509765625
-146.84861755371094
-146.6168212890625
-146.4565887451172
-146.40643310546875
-146.45591735839844
-146.59927368164062
-146.83177185058594
-147.15797424316406
-147.5634307861328
-148.04974365234375
-148.5714111328125
-149.13314819335938
-149.69410705566406
-150.2350311279297
-150.790771484375
-151.3485565185547
-151.87498474121094
-152.3790283203125
-152.83358764648438
-153.26953125
-153.68695068359375
-154.06057739257812
-154.42364501953125
-154.7281036376953
-154.9700927734375
-155.1417999267578
-155.24122619628906
-155.28346252441406
-155.26397705078125
-155.1900177001953
-155.0201416015625
-154.7672119140625
-154.43807983398438
-154.02865600585938
-153.5732421875
-153.05755615234375
-152.48434448242188
-151.85304260253906
-151.1534423828125
-150.39102172851562
-149.59933471679688
-148.78939819335938
-147.96633911132812
-147.14947509765625
-146.3863525390625
-145.68798828125
-145.0790252685547
-144.60447692871094
-144.25990295410156
-144.0606231689453
-143.99761962890625
-144.0972442626953
-144.31871032714844
-144.65078735351562
-145.1127471923828
-145.64076232910156
-146.25241088867188
-146.8834686279297
-147.52403259277344
-148.18516540527344
-148.8763885498047
-149.5757598876953
-150.26773071289062
-150.91407775878906
-151.5594482421875
-152.13084411621094
-152.6520233154297
-153.1360321044922
-153.57159423828125
-153.98780822753906
-154.3629913330078
-154.71238708496094
-155.0452117919922
-155.3502960205078
-155.67921447753906
-155.9527587890625
-156.22447204589844
-156.4824981689453
-156.7302703857422
-157.00511169433594
-157.3062744140625
-157.63070678710938
-157.94747924804688
-158.27259826660156
-158.58499145507812
-158.8583221435547
-159.1317901611328
-159.38356018066406
-159.61781311035156
-159.8437957763672
-160.0352325439453
-160.19354248046875
-160.34974670410156
-160.493408203125
-160.63998413085938
-160.78297424316406
-160.91140747070312
-161.00375366210938
-161.06515502929688
-161.1072998046875
-161.135009765625
-161.1276397705078
-161.07835388183594
-160.972412109375
-160.80282592773438
-160.5369110107422
-160.21084594726562
-159.7796173095703
-159.262451171875
-158.6746826171875
-157.98570251464844
-157.22694396972656
-156.36814880371094
-155.39337158203125
-154.3377227783203
-153.2368927001953
-152.09957885742188
-150.93948364257812
-149.76409912109375
-148.61114501953125
-147.53558349609375
-146.5525360107422
-145.64950561523438
-144.8382110595703
-144.18067932128906
-143.6434326171875
-143.26458740234375
-143.05746459960938
-143.0014190673828
-143.10511779785156
-143.3498077392578
-143.71824645996094
-144.18797302246094
-144.7359161376953
-145.31417846679688
-145.9579315185547
-146.60768127441406
-147.24728393554688
-147.91722106933594
-148.6082305908203
-149.28550720214844
-149.9484100341797
-150.63978576660156
-151.33853149414062
-152.0286865234375
-152.74342346191406
-153.48670959472656
-154.2440643310547
-155.00692749023438
-155.72422790527344
-156.4035186767578
-157.05838012695312
-157.63986206054688
-158.15638732910156
-158.59124755859375
-158.95021057128906
-159.21107482910156
-159.34474182128906
-159.3026123046875
-159.1347198486328
-158.8096160888672
-158.32461547851562
-157.6772918701172
-156.83665466308594
-155.8412628173828
-154.71484375
-153.46142578125
-152.14370727539062
-150.82391357421875
-149.49374389648438
-148.2071990966797
-146.99159240722656
-145.88731384277344
-144.88912963867188
-144.01092529296875
-143.2767333984375
-142.66943359375
-142.15184020996094
-141.7449493408203
-141.40896606445312
-141.17640686035156
-141.00967407226562
-140.90631103515625
-140.86256408691406
-140.8618621826172
-140.93992614746094
-141.09744262695312
-141.3204803466797
-141.6129913330078
-141.94943237304688
-142.33139038085938
-142.77406311035156
-143.29063415527344
-143.85963439941406
-144.44798278808594
-145.04502868652344
-145.62921142578125
-146.1895294189453
-146.7406463623047
-147.2598114013672
-147.68556213378906
-147.9984130859375
-148.18905639648438
-148.23690795898438
-148.1612091064453
-147.93124389648438
-147.57920837402344
-147.11741638183594
-146.55471801757812
-145.93125915527344
-145.22476196289062
-144.4571990966797
-143.66656494140625
-142.878173828125
-142.09539794921875
-141.36276245117188
-140.6584930419922
-139.9657440185547
-139.31407165527344
-138.72059631347656
-138.21221923828125
-137.76492309570312
-137.38079833984375
-137.10491943359375
-136.94085693359375
-136.8982391357422
-136.9701690673828
-137.1938018798828
-137.52816772460938
-137.96636962890625
-138.51416015625
-139.14552307128906
-139.85128784179688
-140.6127166748047
-141.4174041748047
-142.22215270996094
-143.04261779785156
-143.84596252441406
-144.62020874023438
-145.3633270263672
-146.07540893554688
-146.75331115722656
-147.3493194580078
-147.88705444335938
-148.37973022460938
-148.8525848388672
-149.26321411132812
-149.63414001464844
-149.986572265625
-150.30015563964844
-150.60255432128906
-150.87637329101562
-151.1147003173828
-151.32577514648438
-151.46881103515625
-151.5625457763672
-151.5853729248047
-151.5387420654297
-151.44482421875
-151.30650329589844
-151.1470184326172
-150.92938232421875
-150.67013549804688
-150.41001892089844
-150.1358184814453
-149.87429809570312
-149.64852905273438
-149.49258422851562
-149.44644165039062
-149.51112365722656
-149.6527557373047
-149.90438842773438
-150.2549591064453
-150.70162963867188
-151.19692993164062
-151.7769775390625
-152.35894775390625
-152.96243286132812
-153.56248474121094
-154.18020629882812
-154.76876831054688
-155.35850524902344
-155.93060302734375
-156.4849395751953
-156.98626708984375
-157.41891479492188
-157.77313232421875
-158.0260772705078
-158.19357299804688
-158.26524353027344
-158.2469482421875
-158.1267852783203
-157.89840698242188
-157.5592498779297
-157.11692810058594
-156.5847930908203
-155.93795776367188
-155.19554138183594
-154.35972595214844
-153.45132446289062
-152.4746551513672
-151.43173217773438
-150.368896484375
-149.24720764160156
-148.07705688476562
-146.8743438720703
-145.65093994140625
-144.42434692382812
-143.1960906982422
-141.9893798828125
-140.85260009765625
-139.748046875
-138.69236755371094
-137.72398376464844
-136.8811492919922
-136.15855407714844
-135.60809326171875
-135.22409057617188
-134.98678588867188
-134.8655548095703
-134.87510681152344
-134.9974822998047
-135.2471923828125
-135.59486389160156
-136.01126098632812
-136.48326110839844
-136.99252319335938
-137.49868774414062
-138.0090789794922
-138.47882080078125
-138.89047241210938
-139.26222229003906
-139.60824584960938
-139.88507080078125
-140.08668518066406
-140.24122619628906
-140.34141540527344
-140.38877868652344
-140.398681640625
-140.4163818359375
-140.4367218017578
-140.41380310058594
-140.39205932617188
-140.3851318359375
-140.3916778564453
-140.41741943359375
-140.46670532226562
-140.48521423339844
-140.46951293945312
-140.4706573486328
-140.4981689453125
-140.5394287109375
-140.54913330078125
-140.55203247070312
-140.55813598632812
-140.54824829101562
-140.5294647216797
-140.51016235351562
-140.49749755859375
-140.52931213378906
-140.57875061035156
-140.69578552246094
-140.89480590820312
-141.2023162841797
-141.63232421875
-142.1957550048828
-142.87380981445312
-143.64865112304688
-144.50537109375
-145.421142578125
-146.3858642578125
-147.34988403320312
-148.27816772460938
-149.140869140625
-149.94422912597656
-150.65719604492188
-151.26576232910156
-151.79783630371094
-152.23291015625
-152.59149169921875
-152.8623809814453
-153.06478881835938
-153.2010498046875
-153.2484130859375
-153.24391174316406
-153.19314575195312
-153.07460021972656
-152.89488220214844
-152.6881561279297
-152.4373779296875
-152.21839904785156
-152.01463317871094
-151.80715942382812
-151.60653686523438
-151.37669372558594
-151.15682983398438
-150.94786071777344
-150.73895263671875
-150.5173797607422
-150.2749786376953
-150.00808715820312
-149.70242309570312
-149.34954833984375
-148.97486877441406
-148.5836639404297
-148.19259643554688
-147.80560302734375
-147.41160583496094
-147.02740478515625
-146.64207458496094
-146.2794647216797
-145.93414306640625
-145.62986755371094
-145.35891723632812
-145.12281799316406
-144.91221618652344
-144.7295684814453
-144.53579711914062
-144.32928466796875
-144.10946655273438
-143.8568878173828
-143.58177185058594
-143.2498016357422
-142.8618927001953
-142.41854858398438
-141.94003295898438
-141.40789794921875
-140.8639373779297
-140.314697265625
-139.76416015625
-139.21664428710938
-138.6994171142578
-138.21875
-137.8265380859375
-137.53001403808594
-137.30300903320312
-137.1518096923828
-137.0719451904297
-137.06031799316406
-137.06884765625
-137.1188201904297
-137.19046020507812
-137.26588439941406
-137.3079833984375
-137.29684448242188
-137.27908325195312
-137.2586212158203
-137.2436065673828
-137.30044555664062
-137.38504028320312
-137.5376434326172
-137.7781982421875
-138.07313537597656
-138.50067138671875
-139.02391052246094
-139.66452026367188
-140.4124755859375
-141.26307678222656
-142.21083068847656
-143.23655700683594
-144.2635498046875
-145.28640747070312
-146.28262329101562
-147.23728942871094
-148.08499145507812
-148.8429718017578
-149.4806671142578
-149.99136352539062
-150.35537719726562
-150.5556640625
-150.59390258789062
-150.5380096435547
-150.4011993408203
-150.1964569091797
-149.96267700195312
-149.6780242919922
-149.4136505126953
-149.2046356201172
-149.01316833496094
-148.83131408691406
-148.66505432128906
-148.50021362304688
-148.3207550048828
-148.12217712402344
-147.93414306640625
-147.73484802246094
-147.50595092773438
-147.31365966796875
-147.15354919433594
-147.01220703125
-146.90386962890625
-146.86341857910156
-146.88121032714844
-146.94532775878906
-147.02932739257812
-147.12057495117188
-147.22898864746094
-147.33956909179688
-147.4508514404297
-147.5428009033203
-147.5552978515625
-147.52943420410156
-147.43850708007812
-147.2894287109375
-147.08843994140625
-146.853759765625
-146.55947875976562
-146.19915771484375
-145.79495239257812
-145.3615264892578
-144.9025421142578
-144.46229553222656
-144.02224731445312
-143.59388732910156
-143.1959228515625
-142.8441925048828
-142.53895568847656
-142.32090759277344
-142.15713500976562
-142.03680419921875
-141.93161010742188
-141.84901428222656
-141.7738494873047
-141.70883178710938
-141.63803100585938
-141.5525665283203
-141.46124267578125
-141.40380859375
-141.37103271484375
-141.40689086914062
-141.4827880859375
-141.57093811035156
-141.7152862548828
-141.89920043945312
-142.12367248535156
-142.41282653808594
-142.75555419921875
-143.11109924316406
-143.46128845214844
-143.75950622558594
-144.0025634765625
-144.1885223388672
-144.29220581054688
-144.32679748535156
-144.28854370117188
-144.17965698242188
-144.02685546875
-143.8432159423828
-143.64219665527344
-143.43954467773438
-143.23150634765625
-143.04771423339844
-142.8505859375
-142.6795654296875
-142.4950408935547
-142.2834930419922
-142.07200622558594
-141.8280792236328
-141.57089233398438
-141.2996826171875
-141.04505920410156
-140.78111267089844
-140.50448608398438
-140.16429138183594
-139.7708282470703
-139.2735137939453
-138.70281982421875
-138.11183166503906
-137.4700927734375
-136.80738830566406
-136.1479034423828
-135.49392700195312
-134.88223266601562
-134.31825256347656
-133.79054260253906
-133.34310913085938
-132.98672485351562
-132.74685668945312
-132.61770629882812
-132.5756378173828
-132.6182403564453
-132.73358154296875
-132.93040466308594
-133.17092895507812
-133.4607696533203
-133.7847442626953
-134.15591430664062
-134.56613159179688
-134.99867248535156
-135.47190856933594
-135.98544311523438
-136.5154571533203
-137.05044555664062
-137.62806701660156
-138.233642578125
-138.82937622070312
-139.43873596191406
-140.03477478027344
-140.6284942626953
-141.23617553710938
-141.82046508789062
-142.38153076171875
-142.8870391845703
-143.3341827392578
-143.7089080810547
-144.012451171875
-144.2353515625
-144.3469696044922
-144.37135314941406
-144.30145263671875
-144.11819458007812
-143.85328674316406
-143.50698852539062
-143.0731964111328
-142.5497589111328
-141.95570373535156
-141.29270935058594
-140.56631469726562
-139.8154296875
-139.03237915039062
-138.2655029296875
-137.58218383789062
-136.9813995361328
-136.4786834716797
-136.10191345214844
-135.8481903076172
-135.68173217773438
-135.61094665527344
-135.61082458496094
-135.65480041503906
-135.7555389404297
-135.95223999023438
-136.19003295898438
-136.46701049804688
-136.72488403320312
-136.98593139648438
-137.25379943847656
-137.51629638671875
-137.7820281982422
-138.02943420410156
-138.2965850830078
-138.56739807128906
-138.8661651611328
-139.19723510742188
-139.53842163085938
-139.90357971191406
-140.2615966796875
-140.64395141601562
-141.03469848632812
-141.45620727539062
-141.91470336914062
-142.40115356445312
-142.90963745117188
-143.45013427734375
-143.97256469726562
-144.5077667236328
-145.0618896484375
-145.57589721679688
-146.0470428466797
-146.46719360351562
-146.84593200683594
-147.1786651611328
-147.45494079589844
-147.67758178710938
-147.8157958984375
-147.886474609375
-147.93724060058594
-147.96109008789062
-147.97509765625
-148.01564025878906
-148.0723419189453
-148.1698455810547
-148.29286193847656
-148.45840454101562
-148.66690063476562
-148.88352966308594
-149.07583618164062
-149.2205810546875
-149.34271240234375
-149.4126434326172
-149.4521484375
-149.46343994140625
-149.41531372070312
-149.3147430419922
-149.1756134033203
-148.99508666992188
-148.80245971679688
-148.59085083007812
-148.34873962402344
-148.1314239501953
-147.90625
-147.67759704589844
-147.47898864746094
-147.3026580810547
-147.1467742919922
-147.02552795410156
-146.9508056640625
-146.8890380859375
-146.82086181640625
-146.7126922607422
-146.60934448242188
-146.47706604003906
-146.33595275878906
-146.1793670654297
-145.99111938476562
-145.79290771484375
-145.5801544189453
-145.3693389892578
-145.1610565185547
-144.9755096435547
-144.86328125
-144.8057861328125
-144.78517150878906
-144.83856201171875
-144.99839782714844
-145.25941467285156
-145.61538696289062
-146.0445098876953
-146.56996154785156
-147.16619873046875
-147.82278442382812
-148.54188537597656
-149.23770141601562
-149.9021759033203
-150.50872802734375
-151.02456665039062
-151.4793243408203
-151.8359375
-152.0606231689453
-152.1696319580078
-152.14874267578125
-152.05960083007812
-151.8915557861328
-151.64859008789062
-151.35781860351562
-150.99603271484375
-150.6226348876953
-150.27626037597656
-149.97808837890625
-149.7386474609375
-149.5276336669922
-149.3637237548828
-149.2169952392578
-149.10130310058594
-149.0532684326172
-149.03599548339844
-149.0484161376953
-149.07986450195312
-149.13536071777344
-149.1951904296875
-149.28440856933594
-149.40830993652344
-149.55128479003906
-149.7351531982422
-149.9265899658203
-150.13734436035156
-150.36512756347656
-150.61073303222656
-150.9116973876953
-151.27479553222656
-151.6752166748047
-152.13665771484375
-152.67039489746094
-153.26502990722656
-153.92251586914062
-154.63168334960938
-155.35862731933594
-156.0823974609375
-156.7921905517578
-157.4457550048828
-158.0176544189453
-158.5085906982422
-158.90464782714844
-159.2327117919922
-159.4847869873047
-159.65545654296875
-159.7825164794922
-159.87582397460938
-159.9235076904297
-159.92196655273438
-159.8865966796875
-159.7762451171875
-159.5953826904297
-159.3551483154297
-159.04730224609375
-158.6593780517578
-158.19834899902344
-157.68081665039062
-157.1133270263672
-156.50523376464844
-155.87039184570312
-155.2144775390625
-154.528564453125
-153.84730529785156
-153.1223602294922
-152.37960815429688
-151.60008239746094
-150.7897491455078
-149.91368103027344
-148.9873046875
-148.05152893066406
-147.13462829589844
-146.22579956054688
-145.34429931640625
-144.50148010253906
-143.7345733642578
-143.0492706298828
-142.45782470703125
-142.0172576904297
-141.72850036621094
-141.6034698486328
-141.6258544921875
-141.75576782226562
-141.97853088378906
-142.24354553222656
-142.55909729003906
-142.90048217773438
-143.21865844726562
-143.50814819335938
-143.7357940673828
-143.92041015625
-144.0708465576172
-144.1586456298828
-144.1973114013672
-144.18563842773438
-144.1542510986328
-144.1063232421875
-144.0308380126953
-143.92218017578125
-143.75564575195312
-143.54769897460938
-143.32846069335938
-143.09030151367188
-142.8279571533203
-142.5538330078125
-142.27784729003906
-141.99143981933594
-141.67108154296875
-141.34962463378906
-141.0667266845703
-140.7979278564453
-140.55865478515625
-140.34674072265625
-140.1769256591797
-140.0658721923828
-140.00360107421875
-139.94644165039062
-139.9443817138672
-140.0161895751953
-140.17076110839844
-140.39993286132812
-140.68409729003906
-140.98992919921875
-141.32997131347656
-141.72982788085938
-142.18775939941406
-142.66920471191406
-143.163330078125
-143.6422119140625
-144.12344360351562
-144.57217407226562
-144.97683715820312
-145.3162078857422
-145.59681701660156
-145.82058715820312
-145.96861267089844
-146.02920532226562
-146.0017547607422
-145.8924102783203
-145.68914794921875
-145.40960693359375
-145.0299072265625
-144.59266662597656
-144.1374053955078
-143.65438842773438
-143.13351440429688
-142.61883544921875
-142.1350555419922
-141.67636108398438
-141.2806854248047
-140.9527130126953
-140.7096710205078
-140.574951171875
-140.5496826171875
-140.6031036376953
-140.7315673828125
-140.91983032226562
-141.1279296875
-141.33694458007812
-141.5322723388672
-141.68719482421875
-141.7284698486328
-141.6710662841797
-141.5125274658203
-141.25192260742188
-140.8902130126953
-140.40963745117188
-139.8304901123047
-139.1519317626953
-138.40774536132812
-137.6300811767578
-136.82431030273438
-136.04066467285156
-135.30711364746094
-134.64060974121094
-134.06040954589844
-133.60824584960938
-133.2743377685547
-133.05711364746094
-132.9655303955078
-133.02200317382812
-133.17938232421875
-133.438720703125
-133.7525634765625
-134.13209533691406
-134.5585479736328
-134.9949951171875
-135.37767028808594
-135.69264221191406
-135.9198760986328
-136.040283203125
-136.02734375
-135.8937225341797
-135.62680053710938
-135.2049102783203
-134.63671875
-133.95277404785156
-133.1663055419922
-132.28512573242188
-131.34024047851562
-130.39584350585938
-129.48516845703125
-128.6320343017578
-127.8806381225586
-127.28873443603516
-126.80589294433594
-126.46855163574219
-126.30376434326172
-126.2791748046875
-126.33540344238281
-126.5009536743164
-126.78460693359375
