2.97546471 0.7741
2.96688141 0.7620
2.95995484 0.7574
2.95527117 0.7590
2.95294795 0.7650
2.95242125 0.7748
2.95316191 0.7875
2.95471338 0.8026
2.95660292 0.8221
2.95829082 0.8452
2.95885452 0.8694
2.95852937 0.8929
2.95767842 0.9136
2.95674920 0.9300
2.95571074 0.9418
2.95413615 0.9485
2.95082202 0.9489
2.94533606 0.9443
2.93775747 0.9366
2.92784158 0.9280
2.91600504 0.9207
2.90232508 0.9162
2.88735634 0.9138
2.87178201 0.9133
2.85699400 0.9132
2.84386873 0.9132
2.83294391 0.9130
2.82486390 0.9133
2.81881818 0.9143
2.81350046 0.9154
2.80849520 0.9174
2.80310737 0.9196
2.79867428 0.9228
2.79547675 0.9257
2.79415942 0.9277
2.79518773 0.9282
2.79868826 0.9270
2.80359662 0.9238
2.80758509 0.9169
2.80883847 0.9052
2.80516601 0.8866
2.79855385 0.8685
2.78968533 0.8539
2.78084733 0.8466
2.77299498 0.8436
2.76719563 0.8434
2.76536349 0.8446
2.76922655 0.8465
2.77813351 0.8496
2.79128155 0.8594
2.80391153 0.8886
2.80683638 0.9231
2.79907733 0.9319
2.78790626 0.9344
2.77691729 0.9357
2.76830033 0.9359
2.76354130 0.9351
2.76202104 0.9321
2.76327580 0.9272
2.76497074 0.9174
2.76379859 0.8984
2.75643263 0.8731
2.74370017 0.8513
2.72837032 0.8369
2.71283308 0.8287
2.69857368 0.8225
2.68753213 0.8166
2.68173989 0.8110
2.68299657 0.8061
2.69291950 0.8018
2.71145752 0.8016
2.73653576 0.8087
2.76499483 0.8265
2.79317809 0.8572
2.81619090 0.8972
2.83109664 0.9371
2.83834813 0.9640
2.84072490 0.9747
2.84135468 0.9748
2.84244771 0.9702
2.84450412 0.9647
2.84624422 0.9594
2.84754928 0.9553
2.84809433 0.9525
2.84864884 0.9518
2.84975724 0.9532
2.85157130 0.9572
2.85393454 0.9631
2.85741233 0.9705
2.86285021 0.9778
2.86920236 0.9831
2.87712821 0.9870
2.88455444 0.9861
2.89047839 0.9794
2.89317999 0.9667
2.89218884 0.9497
2.88796865 0.9311
2.88197757 0.9134
2.87559125 0.8964
2.87026666 0.8800
2.86811923 0.8665
2.86969090 0.8544
2.87464097 0.8445
2.88332148 0.8428
2.89356661 0.8809
2.89762497 0.9655
2.89202374 0.9597
2.88404714 0.9494
2.87603931 0.9398
2.86901686 0.9285
2.86450087 0.9162
2.86369618 0.9043
2.86688630 0.8950
2.87452592 0.8875
2.88560254 0.8835
2.89928471 0.8822
2.91343981 0.8846
2.92636178 0.8906
2.93688460 0.8997
2.94477206 0.9097
2.95019273 0.9196
2.95388272 0.9302
2.95692676 0.9416
2.95934977 0.9541
2.96266706 0.9676
2.96666652 0.9802
2.97114035 0.9886
2.97578521 0.9904
2.98054385 0.9860
2.98598928 0.9756
2.99301193 0.9608
3.00124976 0.9438
3.01014558 0.9266
3.01813646 0.9108
3.02419229 0.8964
3.02826748 0.8847
3.03044221 0.8752
3.02694137 0.8651
3.02070421 0.8677
3.01707048 0.8735
3.01469791 0.8930
3.01176234 0.9255
3.00492248 0.9402
2.99610497 0.9477
2.98694338 0.9568
2.97824063 0.9671
2.97063270 0.9771
2.96387363 0.9860
2.95773153 0.9925
2.95205865 0.9950
2.94676531 0.9926
2.94239866 0.9841
2.93941251 0.9704
2.93804018 0.9522
2.93726889 0.9318
2.93654710 0.9112
2.93655163 0.8934
2.93703097 0.8805
2.93741473 0.8730
2.93680675 0.8709
2.93593903 0.8727
2.93458477 0.8778
2.93265714 0.8856
2.93089655 0.8957
2.92973053 0.9072
2.92964835 0.9190
2.93174585 0.9304
2.93605081 0.9413
2.94221061 0.9501
2.95004377 0.9568
2.95851380 0.9608
2.96694338 0.9618
2.97466387 0.9593
2.98162755 0.9533
2.98811546 0.9447
2.99489042 0.9373
3.00210338 0.9327
3.00891293 0.9358
3.01173554 0.9433
3.00838015 0.9451
3.00022776 0.9476
2.98848872 0.9522
2.97420789 0.9575
2.95799706 0.9640
2.94202434 0.9706
2.92774162 0.9772
2.91663393 0.9830
2.90955942 0.9885
2.90736117 0.9963
2.90895296 1.0075
2.90938137 0.9907
2.89702257 0.8666
2.87635734 0.7955
2.85501890 0.7669
2.83737946 0.7518
2.82580792 0.7433
2.82141359 0.7383
2.82530208 0.7378
2.83721198 0.7452
2.85436876 0.7708
2.87072252 0.8728
2.86972858 0.9875
2.85775999 1.0081
2.84657427 1.0142
2.83800459 1.0200
2.83314540 1.0265
2.83190726 1.0329
2.83247138 1.0363
2.83609469 1.0376
2.84205997 1.0351
2.84987564 1.0295
2.85884333 1.0213
2.86851271 1.0115
2.87845436 1.0012
2.88687395 0.9906
2.89086520 0.9704
2.88507164 0.9116
2.87190407 0.8557
2.86083803 0.8278
2.85642375 0.8112
2.85979804 0.8005
2.86878914 0.8271
2.86890719 0.9580
2.86256714 0.9744
2.85670381 0.9849
2.85045034 0.9940
2.84270994 1.0007
2.83360362 1.0040
2.82380179 1.0040
2.81388759 1.0000
2.80437143 0.9926
2.79505425 0.9817
2.78584880 0.9670
2.77690384 0.9500
2.76830168 0.9323
2.75999876 0.9146
2.75292174 0.8982
2.74868463 0.8864
2.74823540 0.8829
2.74827099 0.8788
2.74255770 0.8683
2.73708286 0.8767
2.73692254 0.8922
2.74325685 0.9091
2.75525608 0.9256
2.77117892 0.9400
2.78953828 0.9521
2.80854810 0.9607
2.82713468 0.9661
2.84519639 0.9672
2.86264928 0.9656
2.87915149 0.9624
2.89461325 0.9578
2.90841733 0.9522
2.91982789 0.9450
2.92889652 0.9359
2.93477226 0.9240
2.93579520 0.9094
2.93222900 0.8969
2.92741291 0.8875
2.92291722 0.8791
2.91896582 0.8694
2.91526269 0.8581
2.90995962 0.8462
2.90331226 0.8359
2.89557206 0.8268
2.88644279 0.8185
2.87674368 0.8099
2.86626579 0.8017
2.85650637 0.7955
2.84941170 0.7919
2.84675841 0.7913
2.84820721 0.7942
2.85345462 0.7995
2.86115752 0.8062
2.86910791 0.8128
2.87643263 0.8182
2.88220841 0.8206
2.88704415 0.8203
2.89124336 0.8191
2.89641853 0.8217
2.90129742 0.8434
2.89831772 0.8926
2.88603534 0.9203
2.87213890 0.9324
2.86178904 0.9411
2.85660147 0.9491
2.85646415 0.9580
2.86040379 0.9662
2.86750034 0.9726
2.87726101 0.9761
2.88841767 0.9753
2.90100535 0.9686
2.91391565 0.9561
2.92644581 0.9376
2.93777057 0.9143
2.94731018 0.8880
2.95449229 0.8574
2.95803961 0.7911
2.94035940 0.8379
2.91775360 0.8593
2.89828316 0.8698
2.88283622 0.8763
2.87181964 0.8792
2.86499163 0.8784
2.86173680 0.8736
2.86089806 0.8652
2.86257198 0.8536
2.86619346 0.8397
2.87119301 0.8255
2.87831160 0.8137
2.88732213 0.8069
2.89753006 0.8091
2.90724731 0.8292
2.91415855 0.8639
2.91842366 0.8913
2.92125262 0.9040
2.92348853 0.9062
2.92586785 0.9035
2.92753908 0.9021
2.92926206 0.9052
2.93065163 0.9126
2.93176923 0.9224
2.93303281 0.9305
2.93551428 0.9345
2.93904124 0.9319
2.94367631 0.9224
2.94917301 0.9057
2.95552076 0.8821
2.96128964 0.8439
2.96263630 0.7743
2.95455553 0.8011
2.94867204 0.8216
2.94636527 0.8340
2.94751418 0.8418
2.95036018 0.8474
2.95310935 0.8520
2.95545362 0.8573
2.95779786 0.8659
2.95965391 0.8779
2.96239223 0.8924
2.96606982 0.9084
2.96991352 0.9241
2.97347790 0.9372
2.97588681 0.9468
2.97667667 0.9532
2.97529376 0.9566
2.97132891 0.9569
2.96532849 0.9547
2.95778232 0.9497
2.94951522 0.9417
2.94017001 0.9212
2.92561621 0.8640
2.90671285 0.8352
2.89102020 0.8290
2.87894782 0.8271
2.87058346 0.8261
2.86655450 0.8258
2.86547799 0.8264
2.86697380 0.8301
2.86941069 0.8381
2.87115058 0.8506
2.87050858 0.8641
2.86946521 0.8766
2.86886688 0.8875
2.86936346 0.8956
2.87179854 0.9003
2.87555861 0.9013
2.88082346 0.9010
2.88774838 0.9008
2.89643653 0.9036
2.90611213 0.9100
2.91584282 0.9190
2.92415110 0.9271
2.93047579 0.9299
2.93566760 0.9235
2.93942420 0.9055
2.94189413 0.8811
2.94352927 0.8640
2.94537171 0.8577
2.94835058 0.8596
2.95145921 0.8752
2.95181130 0.9050
2.94687178 0.9197
2.93939431 0.9233
2.93146861 0.9228
2.92475260 0.9199
2.91926013 0.9132
2.91476309 0.9026
2.90992031 0.8819
2.90405422 0.8508
2.89585437 0.8279
2.88584542 0.8255
2.87500032 0.8347
2.86396169 0.8469
2.85295374 0.8581
2.84350498 0.8651
2.83616625 0.8683
2.83158491 0.8676
2.83169422 0.8649
2.83664007 0.8601
2.84661787 0.8544
2.85997150 0.8490
2.86589176 0.8711
2.86288409 0.8880
2.85923704 0.8986
2.85698760 0.9090
2.85777821 0.9206
2.86171415 0.9335
2.86905360 0.9480
2.87871094 0.9633
2.89031454 0.9775
2.90225198 0.9883
2.91432014 0.9938
2.92550373 0.9915
2.93440046 0.9710
2.93341291 0.8788
2.91933413 0.8356
2.90488549 0.8337
2.89456477 0.8403
2.88951986 0.8497
2.88970501 0.8624
2.89506113 0.8797
2.90098854 0.9004
2.90361350 0.9193
2.89994474 0.9281
2.89156799 0.9263
2.87944796 0.9194
2.86520068 0.9122
2.84957132 0.9066
2.83265982 0.9030
2.81451609 0.9024
2.79771009 0.9063
2.78384135 0.9133
2.77436127 0.9214
2.76947737 0.9287
2.76915495 0.9339
2.77363671 0.9373
2.78137702 0.9378
2.79155688 0.9362
2.80347458 0.9313
2.81506477 0.9238
2.82565815 0.9165
2.83510793 0.9140
2.84236912 0.9161
2.84724048 0.9209
2.85017663 0.9246
2.85239781 0.9246
2.85629906 0.9222
2.86273811 0.9148
2.87063731 0.8879
2.87342646 0.7887
2.86730498 0.7431
2.86371884 0.7459
2.86344430 0.7558
2.86626138 0.7663
2.87193226 0.7745
2.88038979 0.7800
2.89110435 0.7829
2.90482157 0.7851
2.92139007 0.7935
2.93819382 0.8431
2.94561248 0.9290
2.94498600 0.9388
2.94263926 0.9393
2.93877610 0.9380
2.93361909 0.9339
2.92946595 0.9288
2.92557701 0.9215
2.92254432 0.9128
2.92052971 0.9039
2.91968674 0.8944
2.91954741 0.8847
2.91926641 0.8751
2.91856625 0.8651
2.91745995 0.8563
2.91704521 0.8492
2.91685110 0.8451
2.91656507 0.8435
2.91642070 0.8451
2.91627779 0.8491
2.91624381 0.8562
2.91677752 0.8666
2.91810390 0.8799
2.91950639 0.8963
2.92139841 0.9149
2.92388574 0.9333
2.92694471 0.9505
2.93066918 0.9660
2.93483157 0.9781
2.93891031 0.9856
2.94277370 0.9869
2.94534797 0.9814
2.94661224 0.9675
2.94600598 0.9486
2.94345889 0.9293
2.94066807 0.9139
2.93782585 0.9045
2.93610030 0.9033
2.93395614 0.9060
2.93048652 0.9085
2.92515716 0.9097
2.91800259 0.9084
2.90864544 0.9059
2.89806157 0.9043
2.88648847 0.9050
2.87555594 0.9071
2.86644472 0.9100
2.86059458 0.9125
2.85709987 0.9131
2.85671364 0.9126
2.86002051 0.9110
2.86701254 0.9091
2.87812313 0.9059
2.89327146 0.8985
2.90931123 0.8649
2.90853454 0.7841
2.89838492 0.7868
2.89223548 0.8027
2.89115624 0.8177
2.89442478 0.8299
2.90074015 0.8382
2.90961254 0.8432
2.91984177 0.8467
2.92725343 0.8506
2.92274227 0.8490
2.90879585 0.8547
2.89351318 0.8699
2.88033809 0.8894
2.87105071 0.9094
2.86510451 0.9258
2.86208856 0.9361
2.86194486 0.9410
2.86359305 0.9408
2.86604694 0.9368
2.86932462 0.9281
2.87375238 0.9072
2.87870820 0.8296
2.87618044 0.7092
2.87180249 0.7339
2.87281036 0.7652
2.87774015 0.8021
2.88316314 0.8413
2.88678083 0.8691
2.88656380 0.8790
2.88445795 0.8786
2.88256604 0.8757
2.88303093 0.8758
2.88581267 0.8795
2.89222458 0.8887
2.90098421 0.9009
2.91027192 0.9140
2.91837595 0.9240
2.92379916 0.9277
2.92542195 0.9203
2.92285315 0.8988
2.91598340 0.8641
2.90567965 0.8261
2.89279228 0.7958
2.88075659 0.7790
2.86943996 0.7728
2.86100057 0.7766
2.85746397 0.7861
2.85792353 0.7979
2.86424623 0.8130
2.87398412 0.8285
2.88523227 0.8444
2.89519406 0.8617
2.90114055 0.8824
2.90082417 0.9056
2.89525326 0.9179
2.88853232 0.9217
2.88333133 0.9217
2.88054049 0.9174
2.87969912 0.8950
2.87536728 0.8517
2.86945569 0.8511
2.86388780 0.8511
2.85885419 0.8491
2.85423463 0.8453
2.85031990 0.8399
2.84622483 0.8349
2.84209076 0.8316
2.83834066 0.8300
2.83523407 0.8303
2.83286368 0.8308
2.83177259 0.8293
2.83229101 0.8257
2.83594143 0.8193
2.84306963 0.8122
2.85435150 0.8087
2.86703182 0.8391
2.87327655 0.9286
2.87350687 0.9560
2.87347171 0.9651
2.87400002 0.9685
2.87551823 0.9689
2.87673017 0.9675
2.87741359 0.9650
2.87746757 0.9610
2.87676056 0.9558
2.87507332 0.9494
2.87240636 0.9415
2.86965117 0.9324
2.86790530 0.9229
2.86783362 0.9138
2.87009986 0.9070
2.87421825 0.9041
2.87910345 0.9046
2.88401649 0.9064
2.88840153 0.9071
2.89170123 0.9049
2.89387288 0.9015
2.89545690 0.8997
2.89755822 0.8991
2.90131222 0.8979
2.90761878 0.8958
2.91574889 0.8923
2.92463376 0.8882
2.93326885 0.8838
2.94023649 0.8820
2.94408880 0.8800
2.94423305 0.8786
2.94213885 0.8751
2.93895508 0.8707
2.93602495 0.8666
2.93476097 0.8646
2.93379620 0.8629
2.93399135 0.8628
2.93385544 0.8633
2.93164307 0.8645
2.92756653 0.8683
2.92240216 0.8729
2.91768698 0.8791
2.91464521 0.8858
2.91424177 0.8922
2.91696026 0.8982
2.92236225 0.9046
2.92867755 0.9118
2.93333359 0.9189
2.93438421 0.9260
2.93074879 0.9302
2.92551810 0.9306
2.92174628 0.9279
2.91977614 0.9238
2.91926454 0.9184
2.91999024 0.9117
2.92174705 0.9029
2.92395125 0.8935
2.92732080 0.8867
2.93256410 0.8846
2.93938335 0.8894
2.94674450 0.8994
2.95383727 0.9131
2.96030943 0.9254
2.96649974 0.9385
2.96921136 0.8841
2.95456861 0.8402
2.94401246 0.8324
2.93724967 0.8252
2.93458102 0.8193
2.93586773 0.8157
2.93924008 0.8140
2.94276725 0.8152
2.94465446 0.8221
2.94333013 0.8336
2.93784455 0.8448
2.93019961 0.8510
2.92157323 0.8538
2.91389112 0.8562
2.90833135 0.8599
2.90709185 0.8661
2.91030415 0.8734
2.91762217 0.8799
2.92580027 0.8726
2.93113317 0.8058
2.92313710 0.7597
2.91387628 0.7668
2.91011223 0.7805
2.91122623 0.8004
2.91417180 0.8215
2.91789643 0.8422
2.92106619 0.8608
2.92231025 0.8761
2.92147167 0.8883
2.91896949 0.8979
2.91501864 0.9035
2.91044464 0.9065
2.90571770 0.9076
2.90107936 0.9073
2.89741435 0.9063
2.89581126 0.9057
2.89732031 0.9052
2.90157702 0.9030
2.90184508 0.8886
2.88347540 0.8684
2.85686107 0.8633
2.83359843 0.8609
2.81634648 0.8602
2.80597294 0.8620
2.80160520 0.8665
2.80269583 0.8746
2.80618787 0.8866
2.81055556 0.9009
2.81336606 0.9157
2.81509955 0.9279
2.81568320 0.9341
2.81567201 0.9309
2.81592401 0.9177
2.81696470 0.8943
2.81785252 0.8621
2.81947943 0.8276
2.82223982 0.7955
2.82704947 0.7738
2.83496593 0.7658
2.84570180 0.7709
2.85802408 0.7851
2.87059568 0.8052
2.88210819 0.8296
2.89157952 0.8556
2.89773654 0.8838
2.89999384 0.9116
2.89945056 0.9347
2.89822647 0.9520
2.89835881 0.9689
2.90025072 0.9876
2.90280275 1.0101
2.90435536 1.0344
2.90282567 1.0519
2.89851545 1.0593
2.89231583 1.0580
2.88473082 1.0513
2.87661431 1.0404
2.86875295 1.0261
2.86210498 1.0095
2.85742969 0.9904
2.85501407 0.9688
2.85539043 0.9458
2.85848921 0.9227
2.86301740 0.9016
2.86951936 0.8912
2.87395367 0.9204
2.86786604 0.9543
2.85644279 0.9641
2.84593318 0.9761
2.83817325 0.9861
2.83389424 0.9920
2.83303705 0.9933
2.83646485 0.9903
2.84421372 0.9849
2.85542445 0.9780
2.86861451 0.9697
2.88158895 0.9598
2.89189136 0.9472
2.89831447 0.9317
2.90077129 0.9131
2.90060732 0.8921
2.89990943 0.8700
2.90118072 0.8511
2.90446451 0.8389
2.90942460 0.8365
2.91358710 0.8442
2.91752206 0.8614
2.92067401 0.8827
2.92346911 0.9052
2.92592386 0.9253
2.92866525 0.9412
2.93215443 0.9513
2.93707612 0.9556
2.94421230 0.9537
2.95315598 0.9451
2.96411757 0.9284
2.97584163 0.9022
2.98804552 0.8638
2.99475198 0.8710
2.99153590 0.9200
2.98844673 0.9382
2.98573449 0.9465
2.98388914 0.9485
2.98395314 0.9456
2.98546490 0.9360
2.98663529 0.9177
2.98398867 0.8937
2.97617946 0.8776
2.96339075 0.8749
2.94816477 0.8824
2.93306309 0.8929
2.91923572 0.9036
2.90825543 0.9131
2.90121986 0.9204
2.89930302 0.9254
2.90254784 0.9287
2.90985303 0.9302
2.91930285 0.9295
2.92915786 0.9269
2.93743055 0.9257
2.94352020 0.9252
2.94792092 0.9251
2.95201979 0.9259
2.95700028 0.9282
2.96275240 0.9302
2.96908432 0.9323
2.97439101 0.9363
2.97702085 0.9397
2.97567646 0.9428
2.97114549 0.9461
2.96302672 0.9498
2.95369616 0.9544
2.94466628 0.9589
2.93757993 0.9631
2.93452017 0.9675
2.93473742 0.9690
2.93936662 0.9681
2.94722291 0.9645
2.95663395 0.9585
2.96699775 0.9512
2.97772867 0.9448
2.98899802 0.9412
3.00064074 0.9413
3.01198178 0.9426
3.02212752 0.9383
3.02285838 0.8988
3.00619161 0.8672
2.98338362 0.8593
2.96130282 0.8559
2.94272504 0.8531
2.92815171 0.8507
2.91834262 0.8492
2.91290825 0.8480
2.91100564 0.8454
2.91267761 0.8417
2.91851849 0.8370
2.92834692 0.8300
2.94136668 0.8209
2.95624630 0.8097
2.97135314 0.7952
2.98548364 0.7831
2.98847505 0.9112
2.98748594 0.9245
2.98579999 0.9280
2.98309027 0.9262
2.97968376 0.9214
2.97334450 0.9083
2.96199227 0.8912
2.94609904 0.8811
2.92934214 0.8803
2.91567357 0.8856
2.90729402 0.8944
2.90360800 0.9072
2.90303276 0.9218
2.90274610 0.9369
2.90091399 0.9491
2.89758445 0.9561
2.89305147 0.9576
2.88789313 0.9526
2.88355901 0.9439
2.88151123 0.9336
2.88192436 0.9214
2.88466011 0.9067
2.88811711 0.8853
2.89017798 0.8539
2.88807314 0.8195
2.88149769 0.8030
2.87284079 0.8030
2.86439072 0.8077
2.85666152 0.8148
2.85040225 0.8289
2.84496005 0.8531
2.83934097 0.8797
2.83426124 0.8984
2.83098779 0.9101
2.82958517 0.9182
2.82851867 0.9248
2.82754148 0.9306
2.82553752 0.9350
2.82232079 0.9367
2.81872775 0.9364
2.81584519 0.9347
2.81489974 0.9335
2.81596978 0.9327
2.81783935 0.9321
2.81915468 0.9314
2.81889089 0.9310
2.81655910 0.9312
2.81218911 0.9319
2.80755678 0.9345
2.80368774 0.9386
2.80129393 0.9435
2.80116070 0.9495
2.80446871 0.9566
2.81111119 0.9638
2.81961940 0.9714
2.82839317 0.9794
2.83596165 0.9874
2.83637858 0.9006
2.82352595 0.7844
2.80676456 0.7591
2.79205837 0.7594
2.78221410 0.7685
2.77916727 0.7824
2.78286543 0.7984
2.79115287 0.8149
2.80151605 0.8307
2.81208953 0.8455
2.82006905 0.8564
2.82552053 0.8632
2.82963967 0.8677
2.83300008 0.8720
2.83659142 0.8813
2.83977434 0.9012
2.84011365 0.9269
2.83750675 0.9433
2.83433550 0.9531
2.83232857 0.9612
2.83324742 0.9684
2.83674994 0.9734
2.84164043 0.9752
2.84703227 0.9736
2.85152759 0.9689
2.85544692 0.9631
2.85798821 0.9569
2.86110205 0.9505
2.86496454 0.9429
2.87126579 0.9359
2.87905186 0.9289
2.88799879 0.9225
2.89733853 0.9169
2.90600597 0.9132
2.91358912 0.9131
2.91973776 0.9175
2.92438376 0.9244
2.92795002 0.9339
2.93022958 0.9413
2.93108569 0.9461
2.93101319 0.9493
2.93032685 0.9502
2.92927074 0.9501
2.92750811 0.9505
2.92469771 0.9500
2.92009433 0.9325
2.90926164 0.8774
2.89588269 0.8524
2.88517651 0.8447
2.87683684 0.8411
2.87025500 0.8368
2.86563682 0.8295
2.86340088 0.8192
2.86368128 0.8091
2.86694192 0.8038
2.87293652 0.8148
2.88214481 0.8506
2.89101241 0.9031
2.89744015 0.9382
2.90127304 0.9496
2.90326162 0.9522
2.90356530 0.9519
2.90200598 0.9489
2.89807845 0.9434
2.89273213 0.9356
2.88748928 0.9279
2.88372672 0.9213
2.88316853 0.9171
2.88655336 0.9130
2.89391800 0.9084
2.90347716 0.9000
2.91444373 0.8874
2.92603589 0.8704
2.93711772 0.8514
2.94695379 0.8368
2.95490262 0.8345
2.96146798 0.8554
2.96564764 0.8907
2.96718146 0.9238
2.96574216 0.9417
2.96183673 0.9446
2.95600829 0.9417
2.94811031 0.9362
2.93889733 0.9306
2.92881447 0.9267
2.91901997 0.9255
2.91043276 0.9269
2.90483780 0.9326
2.90248663 0.9395
2.90347306 0.9451
2.90843937 0.9492
2.91754094 0.9507
2.92988169 0.9486
2.94457723 0.9451
2.95892864 0.9405
2.97057404 0.9366
2.97753756 0.9347
2.97891393 0.9347
2.97548305 0.9365
2.96906301 0.9396
2.96080168 0.9422
2.95301054 0.9428
2.94666167 0.9417
2.94226684 0.9391
2.93944404 0.9347
2.93784482 0.9303
2.93639187 0.9278
2.93395318 0.9276
2.93119840 0.9319
2.92700960 0.9372
2.92199137 0.9425
2.91722691 0.9467
2.91344457 0.9488
2.91113574 0.9471
2.91029074 0.9420
2.90973719 0.9347
2.90872112 0.9287
2.90739639 0.9277
2.90568390 0.9336
2.90411225 0.9468
2.90312777 0.9644
2.90264472 0.9834
2.90264839 1.0013
2.90326377 1.0158
2.90373714 1.0257
2.90313523 1.0307
2.90110621 1.0303
2.89742116 1.0243
2.89287910 1.0114
2.88790333 0.9890
2.88346940 0.9601
2.88072066 0.9293
2.88049026 0.8971
2.88470910 0.8675
2.89147022 0.8390
2.90038094 0.8157
2.90859390 0.7951
2.91367993 0.7798
2.91517133 0.7777
2.91284661 0.7924
2.90715842 0.8282
2.89685015 0.8709
2.88321420 0.9023
2.86861636 0.9229
2.85622194 0.9364
2.84715692 0.9451
2.84131032 0.9501
2.83830252 0.9523
2.83723970 0.9523
2.83735468 0.9492
2.83725710 0.9416
2.83535481 0.9307
2.83241749 0.9195
2.82872955 0.9081
2.82466793 0.8971
2.82069486 0.8861
2.81670286 0.8766
2.81211950 0.8698
2.80636698 0.8672
2.79925810 0.8700
2.79122664 0.8771
2.78460861 0.8867
2.77996372 0.8975
2.77785164 0.9073
2.77874813 0.9148
2.78189418 0.9187
2.78700425 0.9180
2.79338892 0.9124
2.80002086 0.9019
2.80702757 0.8870
2.81454593 0.8677
2.82290731 0.8448
2.83201934 0.8184
2.84198413 0.7907
2.85285187 0.7613
2.86439895 0.7319
2.87624512 0.7024
2.88699048 0.6966
2.88884836 0.8441
2.88605039 0.9063
2.88390698 0.9296
2.88210399 0.9455
2.88004936 0.9628
2.87737141 0.9791
2.87450076 0.9946
2.87166569 1.0059
2.86993534 1.0118
2.86964333 1.0096
2.87020974 1.0014
2.87006458 0.9895
2.86875757 0.9770
2.86632590 0.9659
2.86363538 0.9565
2.86115929 0.9481
2.85977455 0.9397
2.86117763 0.9313
2.86604598 0.9249
2.87367240 0.9223
2.88231085 0.9241
2.89014728 0.9298
2.89574118 0.9389
2.89816774 0.9511
2.89665760 0.9650
2.89111723 0.9792
2.88173025 0.9918
2.86991867 0.9994
2.85727317 1.0021
2.84550741 0.9999
2.83626114 0.9923
2.83034238 0.9788
2.82902092 0.9617
2.83217589 0.9410
2.83910299 0.9157
2.84785131 0.8834
2.85739285 0.8375
2.86660021 0.7727
2.87299105 0.7209
2.87631607 0.7280
2.87822993 0.7616
2.87917902 0.7997
2.87945761 0.8356
2.87907251 0.8672
2.87765633 0.8943
2.87532869 0.9171
2.87183824 0.9364
2.86709092 0.9526
2.86267875 0.9664
2.86038535 0.9772
2.86191766 0.9842
2.86766464 0.9848
2.87836886 0.9803
2.89270438 0.9692
2.91003058 0.9538
2.92950601 0.9376
2.95005086 0.9276
2.96261065 0.8638
2.96261128 0.8320
2.96348571 0.8336
2.96625365 0.8371
2.97066273 0.8388
2.97410803 0.8406
2.97554783 0.8426
2.97473712 0.8449
2.97246011 0.8464
2.97068545 0.8465
2.97111706 0.8477
2.97330717 0.8594
2.97179130 0.9527
2.95970025 0.9851
2.94702288 0.9894
2.93787064 0.9899
2.93278697 0.9864
2.93221515 0.9786
2.93653260 0.9654
2.94456675 0.9461
2.95422456 0.9262
2.96379815 0.9143
2.97193140 0.9263
2.97621179 0.9590
2.97510731 0.9677
2.97062145 0.9613
2.96496347 0.9551
2.95923006 0.9507
2.95259165 0.9483
2.94515440 0.9468
2.93634626 0.9459
2.92642938 0.9464
2.91590385 0.9477
2.90738063 0.9517
2.90193600 0.9570
2.89995351 0.9634
2.90038424 0.9690
2.90330701 0.9774
2.90812691 0.9870
2.91378154 1.0021
2.91976485 1.0212
2.92199016 0.9098
2.92176687 0.8507
2.92128659 0.8749
2.91893139 0.9117
2.91443393 0.9349
2.90870843 0.9545
2.90361911 0.9648
2.90102462 0.9728
2.90129062 0.9800
2.90387626 0.9884
2.90820692 0.9997
2.91068590 1.0122
2.91023550 1.0203
2.90790328 1.0215
2.90391693 1.0178
2.89944211 1.0117
2.89560029 1.0032
2.89301349 0.9939
2.89038403 0.9816
2.88877483 0.9694
2.88768230 0.9583
2.88619494 0.9505
2.88444766 0.9471
2.88130095 0.9468
2.87713856 0.9459
2.87247259 0.9459
2.86775192 0.9478
2.86353599 0.9516
2.86000322 0.9572
2.85732012 0.9636
2.85324438 0.9659
2.84634182 0.9569
2.83628706 0.9383
2.82434282 0.9197
2.81231354 0.9070
2.80179386 0.9022
2.79441035 0.9060
2.79073591 0.9179
2.79075161 0.9355
2.79383074 0.9570
2.79918894 0.9797
2.80530069 0.9987
2.81125662 1.0125
2.81706573 1.0214
2.82216074 1.0258
2.82622819 1.0270
2.82911182 1.0271
2.83012691 1.0269
2.82955465 1.0270
2.82813819 1.0275
2.82778472 1.0294
2.82974339 1.0321
2.83395920 1.0343
2.83943337 1.0330
2.84479817 1.0218
2.84849124 0.9902
2.84887696 0.9338
2.84683892 0.8796
2.84435862 0.8461
2.84151258 0.8309
2.83835404 0.8308
2.83358862 0.8418
2.82837515 0.8602
2.82332394 0.8808
2.81851059 0.9012
2.81486966 0.9203
2.81365217 0.9381
2.81546927 0.9553
2.81925735 0.9712
2.82395181 0.9842
2.82778294 0.9904
2.82973712 0.9869
2.83094472 0.9776
2.83293626 0.9685
2.83561417 0.9623
2.83911853 0.9618
2.84096721 0.9651
2.84125176 0.9711
2.84003962 0.9765
2.83859041 0.9806
2.83833671 0.9830
2.84101467 0.9852
2.84688974 0.9893
2.85533648 0.9967
2.86566200 1.0051
2.87501354 1.0078
2.88109757 0.9972
2.88315367 0.9761
2.88322804 0.9521
2.88265980 0.9287
2.88148845 0.9053
2.87906985 0.8838
2.87572029 0.8637
2.87217110 0.8461
2.86799868 0.8294
2.86388169 0.8137
2.86098652 0.7980
2.85907799 0.7820
2.85790876 0.7652
2.85772097 0.7481
2.85849010 0.7316
2.86069880 0.7183
2.86439053 0.7094
2.86850715 0.7052
2.87240027 0.7082
2.87404354 0.7217
2.87018523 0.7466
2.86171150 0.7721
2.85087565 0.7893
2.84013955 0.7978
2.83279179 0.8029
2.83004451 0.8097
2.83239775 0.8227
2.83925604 0.8437
2.84784925 0.8677
2.85694386 0.8896
2.86488540 0.9072
2.87111313 0.9202
2.87597159 0.9288
2.88051477 0.9351
2.88412827 0.9385
2.88799497 0.9405
2.89114129 0.9397
2.89363031 0.9350
2.89611472 0.9269
2.89862560 0.9159
2.90143975 0.9032
2.90503068 0.8902
2.90992638 0.8759
2.91619685 0.8598
2.92357957 0.8415
2.93154106 0.8220
2.94101264 0.8049
2.95255256 0.7960
2.96494690 0.8001
2.97773245 0.8244
2.98776954 0.8622
2.99324725 0.9022
2.99407987 0.9381
2.99121188 0.9658
2.98588259 0.9856
2.97986556 1.0006
2.97384137 1.0095
2.96895313 1.0137
2.96405395 1.0136
2.95872178 1.0095
2.95316363 1.0029
2.94745680 0.9944
2.94321671 0.9847
2.93962620 0.9710
2.93593402 0.9518
2.93072755 0.9243
2.92307256 0.8876
2.91275185 0.8433
2.89916435 0.7976
2.88441433 0.7571
2.87035210 0.7263
2.85969010 0.7083
2.85320169 0.7035
2.85041006 0.7111
2.84982867 0.7279
2.85021647 0.7479
2.85111203 0.7689
2.85242525 0.7875
2.85539072 0.8057
2.85906782 0.8219
2.86322981 0.8368
2.86766733 0.8500
2.87153421 0.8587
2.87469741 0.8618
2.87719599 0.8566
2.87974803 0.8421
2.88260504 0.8169
2.88452885 0.7806
2.88557328 0.7366
2.88597071 0.6955
2.88696364 0.6765
2.88591981 0.9917
2.87070207 1.0540
2.85388172 1.0695
2.83779421 1.0838
2.82367438 1.0953
2.81219569 1.1033
2.80367147 1.1072
2.79833260 1.1076
2.79513823 1.1047
2.79397451 1.0998
2.79307370 1.0930
2.79209110 1.0848
2.79084618 1.0761
2.78887067 1.0669
2.78601738 1.0581
2.78297572 1.0502
2.78155260 1.0436
2.78284071 1.0388
2.78703825 1.0339
2.79246490 1.0234
2.79689898 0.9862
2.79577927 0.8802
2.78470572 0.7376
2.76717334 0.6534
2.74874488 0.6147
2.73209315 0.5969
2.71946206 0.5900
2.71176645 0.5897
2.71054090 0.5951
2.71731758 0.6068
2.73243117 0.6265
2.75442952 0.6546
2.78001639 0.6916
2.80607029 0.7408
2.82826471 0.8062
2.84235364 0.8841
2.84651058 0.9568
2.84268585 1.0018
2.83555610 1.0200
2.82897213 1.0246
2.82455630 1.0240
2.82261956 1.0191
2.82214640 1.0087
2.82260217 0.9897
2.82263855 0.9578
2.82023502 0.9150
2.81406779 0.8741
2.80460817 0.8489
2.79458927 0.8388
2.78678982 0.8363
2.78195158 0.8379
2.78108232 0.8409
2.78495190 0.8450
2.79294815 0.8473
2.80468261 0.8478
2.81834011 0.8465
2.83191363 0.8436
2.84447707 0.8408
2.85566587 0.8413
2.86504041 0.8493
2.87219955 0.8690
2.87675590 0.8975
2.88061183 0.9274
2.88389088 0.9506
2.88783933 0.9633
2.89296343 0.9640
2.89865722 0.9462
2.90306806 0.8967
2.90321271 0.8202
2.89816595 0.7665
2.89048011 0.7456
2.88437447 0.7464
2.88105490 0.7587
2.88102491 0.7778
2.88456788 0.8013
2.89120480 0.8249
2.89838220 0.8462
2.90412000 0.8645
2.90678229 0.8805
2.90601983 0.8954
2.90166018 0.9100
2.89432037 0.9262
2.88602132 0.9454
2.87872169 0.9667
2.87362649 0.9885
2.87071484 1.0091
2.87039846 1.0250
2.87376062 1.0350
2.88174003 1.0393
2.89320377 1.0385
2.90716670 1.0359
2.92177212 1.0356
2.92846333 0.8626
2.92028079 0.7024
2.91002435 0.6749
2.90004365 0.6631
2.89133319 0.6554
2.88415004 0.6476
2.87927714 0.6394
2.87786782 0.6324
2.87765367 0.6275
2.87888991 0.6271
2.88204966 0.6329
2.88769450 0.6463
2.89718939 0.6642
2.90977923 0.6846
2.92210328 0.7171
2.92957830 0.7933
2.93160169 0.8611
2.93382062 0.8886
2.93891533 0.9007
2.94781447 0.9071
2.96063007 0.9118
2.97567456 0.9186
2.99046853 0.9285
3.00201495 0.9421
3.00840855 0.9521
3.01094194 0.9576
3.00942252 0.9477
3.00386229 0.9060
2.99869067 0.9055
2.99359905 0.9662
2.98607605 0.9724
2.97754163 0.9679
2.96951760 0.9618
2.96218125 0.9515
2.95520270 0.9360
2.94822744 0.9159
2.94154267 0.8955
2.93545565 0.8776
2.93006173 0.8650
2.92659065 0.8588
2.92478131 0.8595
2.92356987 0.8657
2.92115372 0.8757
2.91692479 0.8871
2.91051271 0.8977
2.90181264 0.9054
2.89195557 0.9081
2.88027225 0.9048
2.86880497 0.8943
2.85950277 0.8787
2.85404331 0.8596
2.85523272 0.8396
2.86317186 0.8210
2.87599334 0.8048
2.89139610 0.7927
2.90620289 0.7851
2.91791411 0.7838
2.92546381 0.7900
2.92918458 0.8029
2.93139173 0.8206
2.93404310 0.8412
2.93838040 0.8602
2.94380434 0.8755
2.94762487 0.8862
2.94823496 0.8863
2.94401885 0.8772
2.93499230 0.8729
2.92353164 0.8712
2.91234745 0.8674
2.90275578 0.8582
2.89480793 0.8440
2.88888701 0.8271
2.88419341 0.8114
2.88192552 0.7991
2.88203373 0.7909
2.88524813 0.7852
2.89037438 0.7803
2.89770309 0.7745
2.90610549 0.7680
2.91573026 0.7628
2.92678257 0.7620
2.93190306 0.8992
2.92180169 0.8943
2.91223166 0.8911
2.90372965 0.8883
2.89631688 0.8865
2.89086146 0.8872
2.88780037 0.8898
2.88757438 0.8949
2.88941780 0.9011
2.89453765 0.9094
2.90184141 0.9180
2.91097027 0.9252
2.92152944 0.9309
2.93113141 0.9332
2.93767933 0.9275
2.93909393 0.9120
2.93573058 0.8980
2.92911470 0.8907
2.92143035 0.8864
2.91478636 0.8845
2.91089827 0.8870
2.90953567 0.8934
2.90964435 0.9014
2.90921805 0.9080
2.90598011 0.9082
2.90074929 0.9032
2.89445806 0.8956
2.88803381 0.8869
2.88142525 0.8780
2.87618250 0.8703
2.87388637 0.8647
2.87522086 0.8602
2.88016898 0.8566
2.88789247 0.8536
2.89786913 0.8500
2.90830818 0.8478
2.91872115 0.8490
2.92662949 0.8623
2.92261171 0.8564
2.91535995 0.8521
2.90846653 0.8505
2.90187166 0.8502
2.89583457 0.8503
2.89190134 0.8510
2.89030640 0.8527
2.89174488 0.8568
2.89592033 0.8630
2.90278555 0.8700
2.91239754 0.8758
2.92274801 0.8786
2.93339637 0.8766
2.94299119 0.8691
2.95089348 0.8584
2.95697279 0.8484
2.96104219 0.8468
2.96216346 0.8607
2.95948525 0.8816
2.95324903 0.8999
2.94464224 0.9139
2.93618585 0.9243
2.92878580 0.9325
2.92329916 0.9389
2.92038599 0.9440
2.92082449 0.9478
2.92524919 0.9505
2.93205033 0.9525
2.93834136 0.9536
2.94249904 0.9536
2.94385303 0.9522
2.94197172 0.9491
2.93781864 0.9423
2.93285269 0.9322
2.92880946 0.9205
2.92880675 0.9094
2.93200235 0.9020
2.93788641 0.8997
2.94362389 0.9005
2.94740451 0.9001
2.94896158 0.9075
2.94841052 0.9301
2.94393863 0.9403
2.93623131 0.9422
2.92721564 0.9455
2.91783950 0.9492
2.90901239 0.9528
2.90092356 0.9554
2.89345761 0.9583
2.88677729 0.9643
2.88102083 0.9723
2.87649444 0.9816
2.87254792 0.9890
2.86806047 0.9929
2.86386289 0.9933
2.86182947 0.9913
2.86373768 0.9887
2.87059725 0.9876
2.88001597 0.9871
2.88886729 0.9845
2.89473324 0.9813
2.89766316 0.9824
2.89859671 0.9904
2.89793194 1.0019
2.89677780 1.0141
2.89622404 1.0245
2.89670586 1.0327
2.89807200 1.0384
2.90077507 1.0423
2.90394013 1.0448
2.90679935 1.0473
2.90936935 1.0508
2.91204206 1.0533
2.91418094 1.0525
2.91441497 1.0458
2.91303533 1.0316
2.91131948 1.0081
2.91021481 0.9712
2.90986043 0.9161
2.90877460 0.8392
2.90422890 0.7610
2.89631551 0.7177
2.88765458 0.7056
2.87939753 0.7090
2.87152844 0.7161
2.86353011 0.7233
2.85696800 0.7288
2.85278032 0.7331
2.85148569 0.7378
2.85528313 0.7447
2.86452942 0.7559
2.87846858 0.7757
2.89599296 0.8087
2.91377011 0.8589
2.92746431 0.9132
2.93537492 0.9535
2.93803962 0.9697
2.93837434 0.9652
2.93893874 0.9470
2.94084462 0.9195
2.94560742 0.8852
2.95276762 0.8350
2.95776591 0.7708
2.95164460 0.8087
2.94283422 0.8427
2.93410817 0.8609
2.92622763 0.8669
2.91956316 0.8634
2.91483386 0.8513
2.91330001 0.8342
2.91541480 0.8169
2.92131817 0.8030
2.93058964 0.8013
2.94058850 0.8328
2.94541312 0.9248
2.93917767 1.0052
2.92784629 1.0362
2.91653735 1.0483
2.90630479 1.0495
2.89794965 1.0458
2.89017218 1.0378
2.88374570 1.0295
2.87928257 1.0233
2.87721616 1.0209
2.87812906 1.0213
2.88106993 1.0122
2.88087374 0.9181
2.87155461 0.7864
2.86064477 0.7389
2.85364921 0.7128
2.85178105 0.6944
2.85415601 0.6805
2.86155101 0.6774
2.87269844 0.6961
2.88596400 0.7567
2.89636758 0.8624
2.90081016 0.9595
2.90103476 1.0188
2.89873581 1.0498
2.89606750 1.0656
2.89325591 1.0710
2.88986672 1.0698
2.88556071 1.0641
2.88004130 1.0515
2.87391671 1.0284
2.86754215 0.9729
2.85901390 0.8410
2.84501725 0.6965
2.82812045 0.6324
2.81405053 0.6076
2.80657370 0.5904
2.80706341 0.5753
2.81601311 0.5620
2.83176877 0.5542
2.85145232 0.5744
2.86810878 0.7033
2.87471620 0.8905
2.87496868 0.9892
2.87438644 1.0375
2.87478379 1.0646
2.87699890 1.0819
2.88139159 1.0944
2.88731027 1.1041
2.89378655 1.1104
2.90134245 1.1136
2.91038928 1.1131
2.92064349 1.1036
2.93170937 1.0743
2.93918989 0.9770
2.93605158 0.8137
2.92734553 0.7540
2.92007640 0.7407
2.91665398 0.7397
2.91655097 0.7436
2.91932236 0.7562
2.92250187 0.7850
2.92318911 0.8433
2.92058390 0.9137
2.91648036 0.9655
2.91322404 0.9944
2.91225681 1.0086
2.91342514 1.0135
2.91604563 1.0124
2.91923592 1.0094
2.92224150 1.0034
2.92412688 0.9849
2.92441939 0.9493
2.92316064 0.8940
2.91928165 0.8292
2.91395895 0.7745
2.90983645 0.7369
2.90794284 0.7096
2.90845055 0.6868
2.91178849 0.6689
2.91821047 0.6519
2.92586698 0.5997
2.91943434 0.8918
2.90119440 0.9427
2.88191234 0.9583
2.86302299 0.9590
2.84551189 0.9509
2.83150457 0.9378
2.82238397 0.9221
2.81807574 0.9024
2.81743205 0.8857
2.81938565 0.8695
2.82323948 0.8568
2.82803292 0.8505
2.83410419 0.8577
2.84041041 0.8954
2.84538532 0.9714
2.84855278 1.0369
2.85028213 1.0626
2.85100905 1.0672
2.85104479 1.0697
2.84915156 1.0751
2.84422647 1.0826
2.83658304 1.0902
2.82796301 1.0954
2.82045185 1.0954
2.81494941 1.0888
2.81412185 1.0734
2.81785844 0.9945
2.81898062 0.6719
2.81673465 0.5844
2.81650436 0.5754
2.81966256 0.5792
2.82535714 0.5888
2.83192569 0.6052
2.83962030 0.6289
2.84845095 0.6603
2.85804338 0.7014
2.86794221 0.7504
2.87891011 0.8062
2.88885895 0.8674
2.89566629 0.9278
2.89712853 0.9815
2.89208949 1.0211
2.88248087 1.0462
2.87118379 1.0593
2.86017061 1.0633
2.85049799 1.0590
2.84334185 1.0476
2.83978847 1.0312
2.83919761 1.0123
2.84127457 0.9940
2.84460619 0.9779
2.84813810 0.9649
2.85143498 0.9554
2.85580343 0.9510
2.86051069 0.9512
2.86514336 0.9547
2.86969652 0.9612
2.87327007 0.9713
2.87565660 0.9826
2.87684183 0.9942
2.87710520 1.0049
2.87723191 1.0146
2.87811336 1.0234
2.88031688 1.0305
2.88321366 1.0350
2.88505416 1.0322
2.88451934 1.0202
2.88042780 0.9954
2.87313654 0.9630
2.86402095 0.9314
2.85539837 0.9050
2.84891451 0.8816
2.84720490 0.8591
2.85106128 0.8339
2.86005799 0.8057
2.87341012 0.7756
2.89153419 0.7483
2.91341081 0.7295
2.93720617 0.7627
2.94877453 1.0403
2.94211969 1.0730
2.93098274 1.0752
2.91743972 1.0747
2.90294658 1.0704
2.88950880 1.0623
2.87735537 1.0502
2.86493440 1.0351
2.85223562 1.0214
2.83994328 1.0107
2.83072955 1.0046
2.82555065 1.0005
2.82511030 0.9968
2.82865370 0.9923
2.83506853 0.9889
2.84304408 0.9862
2.84998705 0.9776
2.85110615 0.9479
2.84708741 0.9226
2.84259657 0.9192
2.84056399 0.9304
2.84134657 0.9490
2.84429210 0.9696
2.84699537 0.9882
2.84832971 1.0026
2.84775442 1.0108
2.84570309 1.0136
2.84299921 1.0104
2.84099124 1.0034
2.84044139 0.9943
2.84092822 0.9844
2.84061832 0.9717
2.83663258 0.9540
2.82989142 0.9398
2.82385377 0.9331
2.81997654 0.9309
2.82000327 0.9310
2.82415938 0.9327
2.83028928 0.9366
2.83690933 0.9431
2.84297615 0.9518
2.84813556 0.9621
2.85118732 0.9721
2.85191400 0.9796
2.84998204 0.9839
2.84726487 0.9861
2.84556995 0.9876
2.84572071 0.9878
2.84787283 0.9851
2.85150145 0.9789
2.85659870 0.9700
2.86238262 0.9607
2.86851781 0.9522
2.87524931 0.9466
2.88301299 0.9440
2.89307784 0.9448
2.90653038 0.9490
2.92360277 0.9575
2.94269782 0.9697
2.96049081 0.9774
2.96971370 0.8775
2.97088961 0.8219
2.97027802 0.8138
2.96845288 0.8201
2.96605029 0.8324
2.96266002 0.8456
2.95892073 0.8585
2.95591321 0.8674
2.95472692 0.8724
2.95579778 0.8762
2.95894272 0.8839
2.96247500 0.8988
2.96420515 0.9163
2.96279549 0.9298
2.95831616 0.9381
2.95218355 0.9450
2.94631534 0.9530
2.94242891 0.9614
2.94116155 0.9678
2.94214355 0.9709
2.94387117 0.9700
2.94576542 0.9662
2.94692702 0.9600
2.94737310 0.9546
2.94803666 0.9533
2.95089061 0.9588
2.95526666 0.9696
2.96267464 0.9811
2.97123139 0.9751
2.97698210 0.9257
2.97834991 0.8717
2.97872766 0.8446
2.97935408 0.8312
2.98103935 0.8229
2.98436752 0.8171
2.98923113 0.8138
2.98493983 0.8867
2.96766041 0.8969
2.95259608 0.9066
2.94166214 0.9165
2.93375067 0.9246
2.92808046 0.9305
2.92265516 0.9332
2.91891309 0.9354
2.91629066 0.9384
2.91458699 0.9430
2.91326161 0.9465
2.91340459 0.9483
2.91503348 0.9458
2.91864809 0.9399
2.92338431 0.9290
2.92347557 0.8571
2.91684614 0.8076
2.91041908 0.8014
2.90647268 0.8067
2.90439909 0.8207
2.90362048 0.8438
2.90380787 0.8732
2.90454733 0.9013
2.90697890 0.9262
2.91124427 0.9441
2.91705979 0.9547
2.92438648 0.9610
2.93209268 0.9670
2.93782561 0.9756
2.93950790 0.9882
2.93631189 1.0038
2.92887346 1.0202
2.92039861 1.0349
2.91462907 1.0464
2.91394697 1.0536
2.91902123 1.0561
2.92744608 1.0528
2.93619236 1.0442
2.94297038 1.0300
2.94739238 1.0080
2.94984136 0.9762
2.95159334 0.9321
2.95299662 0.8376
2.94580979 0.7411
2.92920297 0.8011
2.91301152 0.8273
2.89827399 0.8375
2.88636052 0.8393
2.87893411 0.8409
2.87737724 0.8478
2.88162929 0.8608
2.88953247 0.8783
2.89974347 0.9001
2.90990565 0.9258
2.91711362 0.9543
2.92005378 0.9775
2.91994414 0.9899
2.91794710 0.9944
2.91484168 0.9944
2.91087696 0.9916
2.90627617 0.9868
2.90193906 0.9814
2.89837931 0.9757
2.89767197 0.9691
2.90097387 0.9022
2.89686059 0.7903
2.89508204 0.8037
2.89524739 0.8156
2.89791291 0.8261
2.90115991 0.8352
2.90290781 0.8414
2.89936220 0.8408
2.88773194 0.8346
2.87024583 0.8326
2.85128759 0.8378
2.83399066 0.8489
2.82046348 0.8645
2.81162340 0.8824
2.80783773 0.9012
2.80767562 0.9211
2.81041973 0.9423
2.81438754 0.9640
2.81800633 0.9832
2.82193633 0.9992
2.82754928 1.0090
2.83640224 1.0056
2.84877482 0.9690
2.85841775 0.8691
2.86173578 0.8014
2.86418625 0.7869
2.86919993 0.7874
2.87539718 0.7926
2.88261386 0.8008
2.88910967 0.8101
2.89322777 0.8172
2.89210986 0.8197
2.88669069 0.8194
2.87674393 0.8143
2.86624027 0.8067
2.85737016 0.7993
2.85235286 0.7959
2.85140241 0.8007
2.85318714 0.8133
2.85539809 0.8331
2.85762720 0.8564
2.85933442 0.8690
2.86140163 0.8620
2.86675832 0.8359
2.87424749 0.7875
2.88336079 0.7262
2.89324385 0.6705
2.90462353 0.6519
2.91646173 0.7419
2.91855275 1.0619
2.91604254 1.0568
2.91322004 1.0462
2.91069761 1.0325
2.90943707 1.0179
2.90843801 1.0027
2.90769656 0.9870
2.90719299 0.9740
2.90608124 0.9645
2.90464684 0.9622
2.90345516 0.9656
2.90293915 0.9723
2.90320946 0.9792
2.90454255 0.9839
2.90677039 0.9866
2.91084346 0.9882
2.91617673 0.9906
2.92175235 0.9928
2.92627357 0.9931
2.93025178 0.9933
2.93417793 0.9937
2.93818602 0.9912
2.94111757 0.9818
2.94305503 0.9635
2.94454079 0.9357
2.94481176 0.8967
2.94374482 0.8518
2.93922413 0.8073
2.93064284 0.7731
2.91935476 0.7520
2.90766346 0.7394
2.89793586 0.7311
2.89175511 0.7242
2.88985014 0.7192
2.89270443 0.7194
2.89908921 0.8108
2.89464347 0.9688
2.88819007 0.9737
2.88426534 0.9835
2.88396514 0.9997
2.88641618 1.0194
2.89011703 1.0373
2.89344390 1.0494
2.89640308 1.0553
2.89996205 1.0571
2.90573727 1.0566
2.91393398 1.0543
2.92427686 1.0506
2.93591303 1.0453
2.94669338 1.0369
2.95540507 1.0219
2.96001644 0.9942
2.95949583 0.9524
2.95409477 0.9116
2.94658677 0.8829
2.93866790 0.8671
2.93251556 0.8638
2.92748754 0.8726
2.92293120 0.8926
2.91766411 0.9191
2.91222311 0.9469
2.90748074 0.9711
2.90498964 0.9913
2.90546619 1.0069
2.90779750 1.0201
2.91015764 1.0288
2.91039383 1.0315
2.90759620 1.0253
2.90208367 1.0101
2.89387419 0.9880
2.88524199 0.9646
2.87894959 0.9458
2.87645437 0.9344
2.87913101 0.9304
2.88523144 0.9301
2.89390098 0.9304
2.90360879 0.9282
2.91311773 0.9262
2.92260097 0.9433
2.92993010 0.9894
2.93278134 1.0321
2.93160106 1.0493
2.93036976 1.0584
2.93075520 1.0622
2.93203425 1.0614
2.93392367 1.0579
2.93454646 1.0523
2.93304128 1.0469
2.92823970 1.0429
2.91911718 1.0376
2.90512192 1.0295
2.88830432 1.0200
2.87260548 1.0148
2.86112978 1.0153
2.85464524 1.0190
2.85024882 1.0060
2.83997486 0.9086
2.81696615 0.7490
2.79107252 0.6649
2.76950027 0.6255
2.75432452 0.6064
2.74672070 0.6013
2.74458544 0.6082
2.74669149 0.6274
2.75269928 0.6571
2.76165266 0.6945
2.77377214 0.7374
2.78990241 0.7873
2.80885296 0.8520
2.82703838 0.9377
2.83821906 1.0076
2.83869381 1.0136
2.83181865 0.9835
2.82400312 0.9530
2.82080811 0.9341
2.82548940 0.9251
2.83779305 0.9205
2.85541655 0.9138
2.87417961 0.8992
2.89212625 0.8747
2.90823877 0.8443
2.92349064 0.8460
2.93165033 1.0596
2.92357508 1.0043
2.91330998 0.9968
2.90268988 0.9936
2.89294644 0.9902
2.88493547 0.9914
2.87850515 0.9997
2.87284487 1.0148
2.86722879 1.0348
2.85982563 1.0535
2.84930534 1.0635
2.83575289 1.0625
2.82033804 1.0538
2.80571942 1.0445
2.79396718 1.0383
2.78559143 1.0346
2.77982788 1.0306
2.77618275 1.0247
2.77441265 1.0179
2.77448135 1.0122
2.77670077 1.0091
2.77957363 1.0086
2.78336169 1.0093
2.78807954 1.0091
2.79384744 1.0060
2.80034587 0.9981
2.80773741 0.9875
2.81522685 0.9774
2.82239348 0.9712
2.82884585 0.9744
2.83353111 0.9891
2.83418013 1.0068
2.83047658 1.0113
2.82347235 0.9949
2.81675100 0.9730
2.81362672 0.9608
2.81473789 0.9681
2.81786930 0.9931
2.82001289 1.0176
2.82022247 1.0262
2.81913365 1.0260
2.81651844 1.0253
2.81220304 1.0235
2.80683008 1.0188
2.80152066 1.0098
2.79593249 0.9941
2.79032603 0.9718
2.78528260 0.9466
2.78072714 0.9213
2.77740893 0.9010
2.77446870 0.8876
2.77128347 0.8827
2.76814475 0.8887
2.76375210 0.8987
2.75685447 0.9058
2.74728177 0.9080
2.73490935 0.9045
2.72052620 0.8975
2.70710887 0.8909
2.69686403 0.8879
2.69174133 0.8915
2.69101246 0.8998
2.69454916 0.9130
2.70041468 0.9290
2.70781919 0.9450
2.71669716 0.9585
2.72636535 0.9681
2.73615970 0.9719
2.74566434 0.9693
2.75381027 0.9597
2.76004487 0.9402
2.76383035 0.9069
2.76405584 0.8579
2.76005801 0.7992
2.75227392 0.7444
2.74137694 0.7082
2.72995994 0.6947
2.71934389 0.6972
2.71259371 0.7095
2.71219776 0.7297
2.71817405 0.7570
2.72862004 0.7895
2.74203651 0.8256
2.75595106 0.8623
2.76993918 0.8978
2.78224234 0.9290
2.79284727 0.9545
2.80213015 0.9722
2.80980475 0.9825
2.81593292 0.9864
2.81968834 0.9858
2.82074268 0.9815
2.81867759 0.9719
2.81472934 0.9570
2.81012491 0.9342
2.80638185 0.9066
2.80342847 0.8797
2.80106916 0.8608
2.79908740 0.8551
2.79732791 0.8636
2.79506333 0.8844
2.79081853 0.9137
2.78459609 0.9437
2.77877506 0.9690
2.77432819 0.9866
2.77280643 0.9971
2.77293145 0.9995
2.77393378 0.9951
2.77503384 0.9861
2.77692483 0.9754
2.77960695 0.9645
2.78322377 0.9549
2.78764776 0.9475
2.79224894 0.9428
2.79583448 0.9379
2.79682969 0.9225
2.79305761 0.8876
2.78457820 0.8442
2.77532154 0.8124
2.76874033 0.7941
2.76730243 0.7855
2.77264358 0.7843
2.78466226 0.7942
2.80043403 0.8245
2.81530626 0.8832
2.82488479 0.9564
2.82945402 1.0192
2.83148887 1.0614
2.83249562 1.0869
2.83340282 1.1001
2.83372532 1.1041
2.83287286 1.1013
2.83031739 1.0931
2.82631724 1.0814
2.82199349 1.0672
2.81890601 1.0528
2.81870512 1.0368
2.82008504 1.0048
2.81617744 0.9012
2.79585983 0.7232
2.76693852 0.6275
2.74288788 0.5912
2.72942802 0.5776
2.72830714 0.5777
2.73725139 0.5900
2.75310967 0.6232
2.77302670 0.6915
2.79133091 0.7939
2.80553857 0.9032
2.81638517 0.9904
2.82550008 1.0450
2.83368079 1.0758
2.84100531 1.0897
2.84707931 1.0910
2.85155065 1.0825
2.85632237 1.0675
2.86253876 1.0500
2.86991393 1.0257
2.87453443 0.9660
2.86867798 0.8564
2.85691002 0.8012
2.84924111 0.7932
2.85072103 0.8035
2.86002155 0.8187
2.87383794 0.8336
2.89018374 0.8485
2.90576634 0.8651
2.91899983 0.8838
2.92903956 0.9045
2.93536480 0.9248
2.93902176 0.9426
2.94082051 0.9573
2.94147562 0.9681
2.94149276 0.9748
2.94009024 0.9764
2.93710402 0.9715
2.93416906 0.9620
2.93146469 0.9514
2.92863225 0.9415
2.92514951 0.9325
2.92095643 0.9244
2.91661271 0.9164
2.91308282 0.9091
2.91098841 0.9037
2.90952250 0.9015
2.90745603 0.9014
2.90380490 0.9038
2.89821301 0.9092
2.89165748 0.9185
2.88637069 0.9299
2.88458709 0.9412
2.88694636 0.9522
2.89331559 0.9599
2.90269773 0.9630
2.91408265 0.9614
2.92576964 0.9563
2.93651107 0.9511
2.94609295 0.9475
2.95384713 0.9467
2.95978159 0.9490
2.96423014 0.9544
2.96828887 0.9601
2.97317690 0.9670
2.97913599 0.9746
2.98433027 0.9667
2.97962755 0.8787
2.96663099 0.8542
2.95332574 0.8658
2.94259698 0.8853
2.93502218 0.9062
2.93030570 0.9251
2.92843868 0.9390
2.92926604 0.9451
2.93226913 0.9410
2.93609926 0.9219
2.93951443 0.8738
2.93957280 0.7876
2.93136258 0.7139
2.91514854 0.7069
2.89574710 0.7233
2.87618679 0.7428
2.85896469 0.7623
2.84505572 0.7803
2.83507098 0.7966
2.82885972 0.8099
2.82684061 0.8188
2.83000863 0.8229
2.83777154 0.8270
2.84662910 0.8622
2.83847045 0.9062
2.82399284 0.9177
2.81467785 0.9343
2.81164395 0.9524
2.81354489 0.9686
2.81905581 0.9816
2.82698481 0.9905
2.83537701 0.9923
2.84343036 0.9876
2.85185029 0.9791
2.86017259 0.9696
2.86857001 0.9615
2.87745427 0.9559
2.88513558 0.9519
2.89128189 0.9487
2.89600715 0.9457
2.89810688 0.9414
2.89762386 0.9361
2.89463741 0.9302
2.89046275 0.9241
2.88761395 0.9199
2.88882378 0.9192
2.89514808 0.9214
2.90687189 0.9258
2.92194372 0.9296
2.93794661 0.9313
2.95294157 0.9311
2.96447670 0.9303
2.94714497 0.8516
2.92239319 0.8463
2.89936156 0.8376
2.88006390 0.8282
2.86567644 0.8198
2.85662617 0.8134
2.85294432 0.8096
2.85341394 0.8088
2.85659809 0.8144
2.86017978 0.8293
2.86250876 0.8646
2.86115116 0.9027
2.85642071 0.9217
2.85050497 0.9263
2.84466330 0.9220
2.83824323 0.9105
2.83364145 0.8987
2.83343194 0.8903
2.84044309 0.8888
2.85510260 0.8959
2.87492525 0.9100
2.89563589 0.9257
2.91382320 0.9402
2.92747419 0.9504
2.93588726 0.9541
2.93919545 0.9527
2.93804731 0.9479
2.93410077 0.9418
2.92711469 0.9268
2.91605956 0.9018
2.90261314 0.8864
2.89065895 0.8879
2.88218443 0.8991
2.87890932 0.9173
2.88012947 0.9393
2.88365024 0.9586
2.88571902 0.9671
2.88470655 0.9646
2.88199805 0.9593
2.87949397 0.9586
2.87832356 0.9647
2.87905181 0.9740
2.88031982 0.9787
2.88013934 0.9744
2.87889819 0.9623
2.87728516 0.9465
2.87574878 0.9302
2.87289098 0.9150
2.86810130 0.9008
2.86196346 0.8863
2.85553078 0.8719
2.84938298 0.8542
2.84497122 0.8370
2.84354955 0.8267
2.84599167 0.8305
2.85219320 0.8534
2.85859690 0.8975
2.85992377 0.9281
2.85680237 0.9296
2.85308472 0.9222
2.85033458 0.9167
2.84895043 0.9158
2.84834370 0.9180
2.84803684 0.9204
2.84815021 0.9198
2.84928483 0.9164
2.85229928 0.9106
2.85609425 0.9044
2.85983578 0.8991
2.86242368 0.8963
2.86307445 0.8943
2.86228432 0.8906
2.86021853 0.8821
2.85739473 0.8684
2.85625844 0.8533
2.85923291 0.8409
2.86725343 0.8324
2.87885035 0.8283
2.89098734 0.8282
2.90040184 0.8326
2.90572674 0.8391
2.90681344 0.8451
2.90391644 0.8500
2.89796979 0.8534
2.89027089 0.8560
2.88346335 0.8602
2.87914984 0.8651
2.87684149 0.8708
2.87436683 0.8783
2.86997454 0.8851
2.86431424 0.8880
2.85831150 0.8800
2.85151378 0.8273
2.84102632 0.7175
2.82948998 0.6557
2.82267149 0.6325
2.82502129 0.6315
2.83662246 0.6633
2.85101948 0.7360
2.86511668 0.8207
2.87937171 0.8794
2.89372583 0.9149
2.90905841 0.9357
2.92595789 0.9560
2.94100324 0.9464
2.94058102 0.8173
2.94051220 0.8155
2.94159069 0.8217
2.94371536 0.8287
2.94566103 0.8303
2.94658360 0.8272
2.94591935 0.8168
2.94487033 0.8010
2.94546835 0.7843
2.94908088 0.7671
2.95668788 0.7522
2.96954441 0.7391
2.98571902 0.7420
3.00017940 0.8713
3.00335308 0.9732
3.00172644 0.9805
2.99615544 0.9743
2.98728282 0.9669
2.97507705 0.9636
2.95943372 0.9647
2.94109016 0.9698
2.92121070 0.9762
2.90116324 0.9823
2.88229312 0.9854
2.86478247 0.9839
2.84782910 0.9779
2.83116503 0.9684
2.81580189 0.9589
2.80327175 0.9515
2.79439135 0.9492
2.79012552 0.9528
2.79008736 0.9622
2.79448872 0.9774
2.80244962 0.9948
2.81303904 1.0130
2.82312032 1.0271
2.83262280 1.0371
2.84119290 1.0426
2.84851256 1.0439
2.85419778 1.0431
2.85888324 1.0411
2.86380877 1.0402
2.86964591 1.0408
2.87786294 1.0445
2.88755572 1.0484
2.89617157 1.0379
2.89986906 0.9839
2.89795643 0.9250
2.89266680 0.9107
2.88686713 0.9353
2.87957707 0.9902
2.87168844 1.0304
2.86289474 1.0523
2.85472740 1.0632
2.84797444 1.0702
2.84211200 1.0751
2.83772760 1.0797
2.83509457 1.0832
2.83524902 1.0859
2.83857919 1.0870
2.84416238 1.0860
2.85081839 1.0830
2.85775483 1.0768
2.86308088 1.0348
2.86344142 0.9163
2.86098608 0.8500
2.86018230 0.8409
2.86147591 0.8546
2.86424556 0.8856
2.86726347 0.9280
2.86835526 0.9742
2.86557103 1.0132
2.85974516 1.0373
2.85328865 1.0484
2.84929629 1.0509
2.84993419 1.0483
2.85447752 1.0428
2.86086076 1.0371
2.86703758 1.0331
2.87212685 1.0316
2.87556348 1.0313
2.87779352 1.0296
2.87952817 1.0252
2.88214568 1.0194
2.88704576 1.0115
2.89508900 1.0027
2.90602143 0.9971
2.91893803 1.0001
2.93201647 1.0345
2.93510272 1.0165
2.92756754 0.9600
2.92124489 0.9508
2.91686286 0.9513
2.91302969 0.9568
2.91008991 0.9598
2.90738514 0.9597
2.90539873 0.9553
2.90437501 0.9490
2.90281760 0.9406
2.90079758 0.9328
2.89815913 0.9281
2.89524465 0.9310
2.89218109 0.9441
2.88868156 0.9643
2.88419484 0.9809
2.88034869 0.9867
2.87693838 0.9680
2.87274227 0.8996
2.86738380 0.8443
2.86268695 0.8604
2.86091852 0.9355
2.86188555 1.0127
2.86448457 1.0593
2.86817393 1.0817
2.87259551 1.0897
2.87857705 1.0889
2.88638168 1.0835
2.89608057 1.0756
2.90532004 1.0658
2.91236218 1.0563
2.91573891 1.0485
2.91593667 1.0436
2.91366004 1.0421
2.90981930 1.0417
2.90529331 1.0410
2.90150975 1.0374
2.89892155 1.0304
2.89782614 1.0200
2.89719803 1.0061
2.89783340 0.9930
2.90058841 0.9865
2.90656806 0.9979
2.91462133 1.0243
2.92254041 1.0442
2.92953498 1.0465
2.93482873 1.0374
2.93741662 1.0217
2.93725505 1.0025
2.93493738 0.9827
2.92941917 0.9658
2.92326798 0.9535
2.91679891 0.9474
2.91076269 0.9478
2.90589826 0.9515
2.90277276 0.9557
2.90228360 0.9558
2.90459101 0.9489
2.90912804 0.9323
2.91488679 0.9060
2.92028094 0.8726
2.92474921 0.8353
2.92881718 0.8011
2.93429479 0.7764
2.94280189 0.7645
2.95344312 0.7724
2.96406634 0.8088
2.97198762 0.8698
2.97479776 0.9208
2.97368882 0.9471
2.96998483 0.9619
2.96439508 0.9737
2.95779772 0.9845
2.95079367 0.9949
2.94415605 1.0055
2.93866977 1.0157
2.93453130 1.0230
2.93149010 1.0253
2.92990863 1.0204
2.92965581 1.0062
2.92920906 0.9819
2.92638138 0.9480
2.92039899 0.9109
2.91203266 0.8777
2.90295546 0.8559
2.89413655 0.8462
2.88619814 0.8478
2.87935727 0.8582
2.87347314 0.8735
2.86828551 0.8894
2.86411818 0.9007
2.86162805 0.9055
2.86060154 0.9060
2.86186535 0.9021
2.86578610 0.8996
2.87347566 0.9025
2.88375741 0.9126
2.89552075 0.9286
2.90845851 0.9516
2.92189550 0.9688
2.93580302 0.9915
2.94754168 1.0138
2.94570359 0.7376
2.94384175 0.7194
2.94467192 0.7078
2.94787913 0.7164
2.95170442 0.9139
2.94554941 1.0195
2.93551927 1.0285
2.92270812 1.0347
2.90800451 1.0385
2.89266726 1.0392
2.87752240 1.0372
2.86296950 1.0317
2.85107859 1.0261
2.84247326 1.0227
2.83688782 1.0226
2.83474056 1.0272
2.83523388 1.0349
2.83775671 1.0437
2.84076575 1.0505
2.84452167 1.0539
2.84839587 1.0543
2.85137027 1.0540
2.85290013 1.0555
2.85356350 1.0575
2.85318873 1.0459
2.84936917 0.9966
2.84148839 0.9293
2.83133470 0.8860
2.82157579 0.8668
2.81245650 0.8561
2.80469042 0.8481
2.79947273 0.8383
2.79791270 0.8254
2.80138316 0.8075
2.80981779 0.7848
2.82229999 0.7537
2.83798994 0.7094
2.85568411 0.6473
2.86784577 0.7006
2.87069115 0.8493
2.87301972 0.9087
2.87579938 0.9373
2.87833027 0.9560
2.87989409 0.9740
2.88017201 0.9938
2.87890334 1.0155
2.87632692 1.0380
2.87363458 1.0576
2.87067857 1.0711
2.86704323 1.0780
2.86268758 1.0781
2.85835123 1.0735
2.85433448 1.0664
2.85169736 1.0582
2.85045485 1.0518
2.85082441 1.0483
2.85319450 1.0487
2.85539964 1.0513
2.85681461 1.0553
2.85670939 1.0586
2.85482154 1.0582
2.85231562 1.0531
2.84987522 1.0451
2.84684329 1.0352
2.84352755 1.0251
2.84047336 1.0175
2.83758568 1.0121
2.83367537 1.0077
2.82842228 1.0021
2.82233357 0.9925
2.81551349 0.9783
2.80892049 0.9623
2.80336693 0.9483
2.80023307 0.9379
2.79955799 0.9314
2.80132247 0.9287
2.80614644 0.9293
2.81291174 0.9329
2.82054782 0.9407
2.82855867 0.9527
2.83628138 0.9682
2.84353466 0.9840
2.85058621 0.9940
2.85751124 0.9948
2.86528017 0.9899
2.87602454 0.9851
2.89049109 0.9838
2.90744795 0.9861
2.92463265 0.9897
2.93754664 0.9750
2.94001216 0.8296
2.92876568 0.7102
2.91629948 0.6897
2.90846752 0.6900
2.90562285 0.6950
2.90764073 0.6996
2.91289356 0.7028
2.92109426 0.7046
2.93106346 0.7054
2.94198415 0.7082
2.95231538 0.7192
2.96119214 0.7516
2.96796893 0.8179
2.97181805 0.9049
2.97119198 0.9746
2.96592233 1.0084
2.95759882 1.0173
2.94741238 1.0140
2.93571103 1.0052
2.92227905 0.9925
2.90695884 0.9768
2.89122179 0.9589
2.87658702 0.9401
2.86557740 0.9220
2.85897884 0.9060
2.85773838 0.8939
2.86144883 0.8885
2.86911381 0.8887
2.87826429 0.8916
2.88783104 0.8977
2.89593867 0.9056
2.90174738 0.9138
2.90571982 0.9189
2.90954772 0.9198
2.91537560 0.9204
2.92511937 0.9228
2.93900923 0.9261
2.95580925 0.9284
2.97373696 0.9280
2.99114461 0.9222
3.00607154 0.8972
3.00784679 0.7622
2.99312180 0.7864
2.97534636 0.8020
2.95691384 0.8134
2.94028183 0.8210
2.92676152 0.8253
2.91712027 0.8267
2.91252942 0.8249
2.91312448 0.8192
2.91834291 0.8086
2.92657831 0.7912
2.93565651 0.7683
2.94046675 0.7585
2.93662542 0.7853
2.92914743 0.8183
2.92264132 0.8403
2.91888366 0.8541
2.91786133 0.8635
2.91849806 0.8710
2.91968859 0.8759
2.92097647 0.8768
2.92314173 0.8732
2.92634201 0.8652
2.93086238 0.8575
2.93626168 0.8746
2.93633546 0.9359
2.92706486 0.9196
2.91926399 0.9090
2.91489223 0.9055
2.91278510 0.9071
2.91141542 0.9127
2.90961606 0.9228
2.90734345 0.9361
2.90451126 0.9497
2.90112466 0.9567
2.89924622 0.9566
2.89975353 0.9514
2.90239941 0.9433
2.90700650 0.9339
2.91295301 0.9235
2.91945732 0.9092
2.92578885 0.8861
2.93067153 0.8439
2.92930300 0.8249
2.92267569 0.8476
2.91543922 0.8685
2.90925839 0.8840
2.90373142 0.8920
2.89832169 0.8929
2.89209837 0.8880
2.88448800 0.8802
2.87508482 0.8741
2.86362617 0.8727
2.85029611 0.8757
2.83731276 0.8813
2.82604346 0.8868
2.81819988 0.8911
2.81459435 0.8932
2.81553445 0.8924
2.82024499 0.8884
2.82729895 0.8797
2.83508575 0.8644
2.84267880 0.8422
2.84855118 0.8234
2.85418355 0.8142
2.86206751 0.8142
2.87234707 0.8221
2.88372732 0.8379
2.89475674 0.8610
2.90464211 0.8859
2.91283841 0.9028
2.91605074 0.8666
2.90782063 0.8527
2.89625803 0.8670
2.88430967 0.8870
2.87479988 0.9077
2.86977430 0.9267
2.86903871 0.9425
2.87199696 0.9561
2.87676941 0.9670
2.88163387 0.9752
2.88486027 0.9797
2.88572223 0.9797
2.88487651 0.9726
2.88355081 0.9570
2.88155983 0.9282
2.87823237 0.8865
2.87126444 0.8452
2.86293727 0.8249
2.85518078 0.8201
2.85095840 0.8211
2.85137607 0.8243
2.85589108 0.8270
2.86348685 0.8279
2.87309083 0.8279
2.88198873 0.8324
2.88397315 0.8652
2.88031310 0.8914
2.87674303 0.9046
2.87479945 0.9162
2.87320812 0.9303
2.87114766 0.9452
2.86849380 0.9591
2.86549553 0.9691
2.86385434 0.9746
2.86389078 0.9759
2.86717525 0.9733
2.87354746 0.9672
2.88196239 0.9593
2.89149938 0.9507
2.90092588 0.9406
2.90892602 0.9342
2.91479137 0.9612
2.91018387 0.8876
2.90156826 0.8845
2.89214231 0.8881
2.88309691 0.8873
2.87625023 0.8820
2.87169134 0.8725
2.86904595 0.8604
2.86996924 0.8489
2.87335243 0.8383
2.87978212 0.8328
2.88841900 0.8308
2.89877053 0.8315
2.91009091 0.8330
2.92138834 0.8343
2.93002132 0.8401
2.93443827 0.8525
2.93590206 0.8620
2.93638144 0.8681
2.93696993 0.8734
2.93843084 0.8809
2.93954758 0.8936
2.93733221 0.9071
2.93071606 0.9150
2.92314797 0.9185
2.91623803 0.9171
2.91261232 0.9146
2.91141354 0.9092
2.91168876 0.9035
2.91249433 0.8980
2.91408562 0.8943
2.91552316 0.8910
2.91673176 0.8865
2.91843132 0.8789
2.92181348 0.8675
2.92578739 0.8410
2.92228544 0.8022
2.91123683 0.8028
2.89984099 0.8004
2.89137843 0.7954
2.88713163 0.7931
2.88715098 0.8048
2.88821899 0.8413
2.88743194 0.8913
2.88557936 0.9281
2.88693498 0.9484
2.89180954 0.9543
2.89906963 0.9467
2.90722696 0.9284
2.91433918 0.9023
2.91900988 0.8735
2.92145161 0.8485
2.92202894 0.8309
2.92178840 0.8205
2.92141160 0.8159
2.92015176 0.8146
2.91910319 0.8154
2.91920855 0.8150
2.92181220 0.8134
2.92820818 0.8108
2.93973993 0.8085
2.95657714 0.8064
2.97892824 0.8002
2.97300786 0.9298
2.95522117 0.9379
2.93856864 0.9430
2.92663872 0.9472
2.91986329 0.9499
2.91802321 0.9504
2.91994697 0.9498
2.92319388 0.9490
2.92598872 0.9483
2.92719683 0.9471
2.92664485 0.9449
2.92535702 0.9413
2.92455068 0.9365
2.92532091 0.9317
2.92838275 0.9275
2.93325865 0.9251
2.93859310 0.9236
2.94207744 0.9195
2.94401464 0.9156
2.94524620 0.9202
2.94476431 0.9312
2.94059086 0.9389
2.93331138 0.9415
2.92525366 0.9445
2.91842172 0.9480
2.91274027 0.9521
2.90654687 0.9566
2.89851633 0.9606
2.88843995 0.9632
2.87736230 0.9646
2.86573472 0.9634
2.85392705 0.9590
2.84258292 0.9525
2.83346152 0.9452
2.82863164 0.9388
2.82924425 0.9358
2.83417287 0.9346
2.84199522 0.9351
2.85153000 0.9367
2.85999912 0.9344
2.86424375 0.9196
2.86411587 0.8988
2.86255567 0.8873
2.86257735 0.8847
2.86535344 0.8893
2.87106075 0.8995
2.87772937 0.9152
2.88220628 0.9314
2.88369026 0.9437
2.88368317 0.9523
2.88340220 0.9590
2.88370823 0.9623
2.88547462 0.9624
2.88911200 0.9589
2.89450250 0.9527
2.90155220 0.9442
2.90984786 0.9332
2.91887778 0.9211
2.92876382 0.9096
2.94059364 0.8980
2.95534322 0.8887
2.97248247 0.8835
2.98305921 0.9518
2.96888805 0.9472
2.95356684 0.9528
2.93849467 0.9584
2.92523213 0.9630
2.91463530 0.9667
2.90627204 0.9690
2.89927018 0.9698
2.89375273 0.9698
2.88994579 0.9683
2.88756104 0.9654
2.88686549 0.9615
2.88723509 0.9570
2.88893248 0.9524
2.89157927 0.9481
2.89441025 0.9435
2.89621426 0.9383
2.89640377 0.9321
2.89615281 0.9247
2.89583089 0.9156
2.89576073 0.9036
2.89517320 0.8815
2.89243947 0.8519
2.88779282 0.8356
2.88344254 0.8323
2.88023921 0.8359
2.87809658 0.8438
2.87652006 0.8549
2.87595171 0.8667
2.87777653 0.8762
2.88144269 0.8819
2.88703202 0.8829
2.89441191 0.8802
2.90378273 0.8779
2.91456318 0.8802
2.92569474 0.8987
2.93448160 0.9432
2.93820831 0.9149
2.93963337 0.8891
2.94081765 0.8725
2.94184300 0.8557
2.94386679 0.8410
2.94803574 0.8234
2.95393209 0.8024
2.96126878 0.7810
2.96881103 0.7683
2.97580903 0.7757
2.98067086 0.8032
2.98238143 0.8367
2.98109994 0.8629
2.97813933 0.8771
2.97504385 0.8835
2.97231155 0.8809
2.97142597 0.8761
2.97250354 0.8706
2.97507178 0.8624
2.97848756 0.8447
2.98200535 0.7658
2.97700022 0.7815
2.96823664 0.8144
2.96015243 0.8272
2.95373659 0.8332
2.94983135 0.8351
2.95083036 0.8351
2.95626111 0.8359
2.96626974 0.8415
2.97929281 0.8722
2.98843959 0.9646
2.98469806 0.9821
2.97767570 0.9845
2.97109680 0.9883
2.96654104 0.9904
2.96462538 0.9896
2.96468620 0.9871
2.96610756 0.9838
2.96950710 0.9830
2.97384126 0.9858
2.97913433 0.9924
2.98371005 1.0010
2.98729199 1.0102
2.99042473 1.0180
2.99315875 1.0230
2.99622751 1.0237
2.99928629 1.0202
3.00234965 1.0132
3.00495854 1.0047
3.00636965 0.9965
3.00552645 0.9897
3.00244036 0.9850
2.99764941 0.9825
2.99201478 0.9802
2.98813633 0.9757
2.98808409 0.9663
2.99245244 0.9510
2.99923366 0.9264
3.00294519 0.8753
2.99423719 0.8443
2.98306208 0.8404
2.97441562 0.8383
2.96850702 0.8365
2.96505657 0.8348
2.96264745 0.8341
2.96159494 0.8338
2.96210230 0.8324
2.96420602 0.8308
2.96746355 0.8291
2.97209379 0.8277
2.97722211 0.8280
2.97973583 0.9228
2.97342809 0.9292
2.96720809 0.9377
2.96222829 0.9447
2.95810345 0.9489
2.95567381 0.9467
2.95409741 0.9353
2.95193949 0.8985
2.94594764 0.8335
2.93826493 0.8047
2.93242112 0.7899
2.92952557 0.7810
2.92759146 0.8043
2.92213883 0.8867
2.91217389 0.9403
2.90089914 0.9639
2.89117460 0.9729
2.88438379 0.9750
2.88000544 0.9757
2.87789661 0.9785
2.87639998 0.9848
2.87487399 0.9929
2.87325873 1.0009
2.87191972 1.0055
2.87184813 1.0047
2.87369970 0.9960
2.87496943 0.9756
2.87291003 0.9448
2.86752747 0.9159
2.86168875 0.8950
2.85757113 0.8802
2.85759415 0.8692
2.86259297 0.8601
2.87196418 0.8534
2.88496547 0.8533
2.89891096 0.8716
2.90758136 0.9614
2.90071017 1.0117
2.88810099 1.0123
2.87664353 1.0079
2.86662051 1.0024
2.85814905 0.9972
2.85039830 0.9929
2.84452922 0.9886
2.84039323 0.9822
2.83912262 0.9731
2.84049226 0.9590
2.84650520 0.9419
2.85742747 0.9239
2.87184560 0.9058
2.88808378 0.8900
2.90250240 0.8764
2.91260919 0.8727
2.91906983 0.8789
2.92320348 0.8895
2.92498164 0.9035
2.92526335 0.9208
2.92561797 0.9367
2.92673460 0.9490
2.92839448 0.9570
2.93147223 0.9611
2.93555982 0.9596
2.94021569 0.9525
2.94400355 0.9383
2.94543450 0.9159
2.94367422 0.8870
2.93720703 0.8612
2.92656745 0.8486
2.91350291 0.8482
2.89992109 0.8540
2.88649170 0.8629
2.87434123 0.8711
2.86314860 0.8778
2.85288974 0.8821
2.84422349 0.8839
2.83803716 0.8841
2.83527160 0.8846
2.83611770 0.8867
2.83983131 0.8914
2.84537412 0.8990
2.85075563 0.9083
2.85414059 0.9152
2.85532132 0.9172
2.85494807 0.9174
2.85523014 0.9180
2.85778331 0.9180
2.86389784 0.9162
2.87332708 0.9117
2.88387583 0.8999
2.89239901 0.8711
2.89719640 0.8521
2.90154215 0.8496
2.90664649 0.8521
2.91210072 0.8554
2.91729923 0.8600
2.92081238 0.8649
2.92331865 0.8697
2.92540186 0.8756
2.92703726 0.8830
2.92866928 0.8924
2.93154498 0.9049
2.93546102 0.9205
2.94065133 0.9389
2.94712471 0.9583
2.95316457 0.9759
2.95909049 0.9899
2.96395277 0.9981
2.96800234 1.0007
2.97145147 0.9991
2.97401652 0.9941
2.97618158 0.9846
2.97942687 0.9734
2.98411289 0.9595
2.99100036 0.9386
2.99405228 0.8373
2.97645639 0.8845
2.96175863 0.8991
2.94996922 0.9071
2.93958882 0.9078
2.93074979 0.9033
2.92215434 0.8955
2.91432100 0.8879
2.90836644 0.8839
2.90462662 0.8861
2.90366252 0.8943
2.90519921 0.9052
2.90767650 0.9152
2.91025196 0.9218
2.91231295 0.9241
2.91308825 0.9228
2.91136264 0.9209
2.90685046 0.9197
2.89906140 0.9187
2.89094339 0.9181
2.88347176 0.9180
2.87734098 0.9169
2.87350236 0.9130
2.87241293 0.9060
2.87340686 0.8958
2.87590336 0.8822
2.87981426 0.8682
2.88527217 0.8553
2.89183393 0.8461
2.90000989 0.8429
2.90986205 0.8455
2.92154237 0.8534
2.93397622 0.8636
2.94640563 0.8745
2.95737481 0.8836
2.96592156 0.8920
2.97101080 0.8996
2.97241901 0.9072
2.97019088 0.9091
2.96368893 0.8996
2.95598495 0.9153
2.94750206 0.9373
2.93975385 0.9543
2.93296534 0.9652
2.92824736 0.9694
2.92625617 0.9679
2.92726441 0.9616
2.93186602 0.9518
2.93789793 0.9379
2.94394788 0.9195
2.94717799 0.8984
2.94515344 0.8781
2.93799358 0.8630
2.92700068 0.8548
2.91551311 0.8533
2.90456402 0.8538
2.89517467 0.8570
2.88770665 0.8622
2.88259562 0.8675
2.87938070 0.8720
2.87826893 0.8756
2.88074869 0.8784
2.88755703 0.8804
2.89855769 0.8834
2.91330853 0.8892
2.93016255 0.9043
2.94655270 0.9381
2.95828720 0.9831
2.96355200 0.9892
2.96716601 0.9707
2.97261222 0.9580
2.97959854 0.9550
2.98735208 0.9620
2.99404578 0.9757
2.99853258 0.9875
2.99959273 0.9854
2.99783703 0.9695
2.99438468 0.9401
2.98834875 0.8762
2.97544895 0.7945
2.95546548 0.7767
2.93385207 0.7862
2.91437347 0.8037
2.89875572 0.8246
2.88789308 0.8471
2.88238421 0.8680
2.88167342 0.8847
2.88462323 0.8951
2.89092896 0.8993
2.90087988 0.9003
2.91262822 0.9013
2.92302135 0.9063
2.92702431 0.9121
2.92114677 0.9095
2.90828914 0.9032
2.89262406 0.8971
2.87754020 0.8932
2.86429190 0.8903
2.85412037 0.8896
2.84700335 0.8882
2.84245334 0.8852
2.83985860 0.8792
2.83968402 0.8708
2.84169198 0.8605
2.84556291 0.8498
2.85227589 0.8396
2.86235246 0.8312
2.87585633 0.8244
2.89254878 0.8234
2.88718407 0.9040
2.88231190 0.8944
2.88007362 0.8838
2.87970858 0.8732
2.88033084 0.8632
2.88139543 0.8541
2.88317184 0.8445
2.88589177 0.8359
2.88918686 0.8275
2.89218927 0.8198
2.89359687 0.8151
2.89390975 0.8150
2.89341510 0.8246
2.89151470 0.8473
2.88810847 0.8815
2.88394553 0.9133
2.87967948 0.9368
2.87636163 0.9519
2.87549088 0.9598
2.87743706 0.9617
2.88179025 0.9578
2.88831550 0.9494
2.89579596 0.9307
2.90195310 0.8955
2.90420304 0.8487
2.90143083 0.8162
2.89543577 0.8028
2.88764457 0.7997
2.87981089 0.8027
2.87344717 0.8082
2.86897249 0.8136
2.86750337 0.8181
2.87002280 0.8213
2.87603164 0.8261
2.88333548 0.8381
2.88960898 0.8615
2.89374088 0.8923
2.89579709 0.9193
2.89747379 0.9382
2.89949197 0.9489
2.90250924 0.9534
2.90815466 0.9547
2.91724300 0.9558
2.92835617 0.9560
2.94161746 0.9564
2.95520200 0.9550
2.96838985 0.9522
2.98028478 0.9493
2.98995519 0.9523
2.98899109 0.9268
2.96957529 0.8948
2.95026587 0.8979
2.93359641 0.9032
2.91913782 0.9057
2.90688098 0.9045
2.89674660 0.8985
2.88839839 0.8899
2.88202851 0.8802
2.87703491 0.8689
2.87280332 0.8532
2.86733474 0.8268
2.85827848 0.7951
2.84741608 0.7740
2.83757770 0.7628
2.83048086 0.7585
2.82715026 0.7585
2.82660443 0.7608
2.82926408 0.7643
2.83453486 0.7690
2.84126276 0.7751
2.84957330 0.7888
2.85264881 0.8269
2.84990787 0.8224
2.84863785 0.8202
2.84862103 0.8162
2.84909688 0.8087
2.85052490 0.8016
2.85225433 0.7978
2.85661270 0.8023
2.86470237 0.8182
2.87438688 0.8418
2.88394496 0.8655
2.89209018 0.8820
2.89878514 0.8926
2.90343971 0.8986
2.90529581 0.9015
2.90500528 0.9037
2.90212960 0.9052
2.89654755 0.9066
2.88994560 0.9090
2.88295702 0.9110
2.87724288 0.9122
2.87373534 0.9098
2.87262519 0.8994
2.87429614 0.8818
2.87819827 0.8563
2.88485181 0.8284
2.89445816 0.8031
2.90690295 0.7853
2.92094673 0.7793
2.93441294 0.7985
2.94054231 0.8719
2.94277020 0.8844
2.94550971 0.8816
2.94764657 0.8820
2.94809924 0.8902
2.94656052 0.9007
2.94451182 0.9089
2.94283311 0.9153
2.94198190 0.9227
2.94066556 0.9311
2.93888823 0.9411
2.93570212 0.9497
2.93061445 0.9516
2.92380882 0.9452
2.91650548 0.9348
2.90838412 0.9218
2.90040939 0.9108
2.89441546 0.9047
2.89082663 0.9006
2.89101211 0.8977
2.89453254 0.8930
2.89903988 0.8843
2.90269935 0.8699
2.90161960 0.8493
2.89136165 0.8322
2.87483076 0.8301
2.85658225 0.8365
2.84119106 0.8451
2.82916364 0.8538
2.82297962 0.8647
2.82139210 0.8762
2.82385025 0.8875
2.82896702 0.8956
2.83537707 0.8990
2.84151411 0.8965
2.84757743 0.8878
2.85350493 0.8764
2.85922147 0.8671
2.86479287 0.8633
2.86999473 0.8651
2.87475252 0.8713
2.87863451 0.8784
2.88133660 0.8842
2.88242252 0.8868
2.88236643 0.8863
2.88143153 0.8825
2.88038164 0.8764
2.88049028 0.8703
2.88179500 0.8658
2.88507337 0.8635
2.89079542 0.8631
2.89790670 0.8622
2.90414698 0.8568
2.90641303 0.8481
2.90313378 0.8450
2.89725900 0.8513
2.89153120 0.8629
2.88712993 0.8761
2.88338121 0.8885
2.88080160 0.8977
2.87869534 0.9034
2.87678010 0.9067
2.87551813 0.9086
2.87492560 0.9121
2.87520535 0.9179
2.87618300 0.9246
2.87691722 0.9282
2.87504870 0.9203
2.86948472 0.8984
2.86262803 0.8729
2.85779135 0.8527
2.85841477 0.8382
2.86554051 0.8270
2.87870474 0.8164
2.89696078 0.8056
2.91961193 0.7968
2.91745787 0.9284
2.90580009 0.9390
2.89414222 0.9457
2.88354002 0.9502
2.87462321 0.9519
2.86847801 0.9504
2.86541015 0.9467
2.86444653 0.9424
2.86570403 0.9394
2.86821373 0.9384
2.87195327 0.9390
2.87730093 0.9402
2.88400017 0.9401
2.89159352 0.9351
2.89028369 0.8437
2.88388580 0.8349
2.88111791 0.8378
2.88122218 0.8410
2.88413419 0.8430
2.89038661 0.8416
2.90065320 0.8401
2.91353170 0.8415
2.92717071 0.8504
2.93881130 0.8786
2.94350702 0.9046
2.94172591 0.9014
2.93737357 0.8971
2.93343866 0.8971
2.93102876 0.9022
2.93016847 0.9124
2.93139888 0.9268
2.93443260 0.9424
2.93951010 0.9564
2.94650175 0.9663
2.95519945 0.9705
2.96619311 0.9686
2.97762800 0.8074
2.97116898 0.8193
2.96554953 0.8305
2.96115533 0.8391
2.95871189 0.8447
2.95807059 0.8469
2.95972645 0.8469
2.96201610 0.8441
2.96402745 0.8418
2.96493846 0.8392
2.96409234 0.8345
2.96148116 0.8276
2.95649581 0.8257
2.94613134 0.8533
2.92957555 0.8814
2.91195513 0.8962
2.89617551 0.9046
2.88414391 0.9084
2.87649852 0.9077
2.87520384 0.9048
2.88046115 0.8991
2.89217097 0.8909
2.90982302 0.8797
2.93147393 0.8637
2.95479060 0.8413
2.96275112 0.9005
2.96431374 0.9150
2.96553614 0.9241
2.96631751 0.9291
2.96687756 0.9314
2.96728559 0.9323
2.96754093 0.9316
2.96709383 0.9285
2.96597821 0.9224
2.96433792 0.9134
2.96300959 0.9014
2.96188550 0.8845
2.95914404 0.8655
2.95427005 0.8527
2.94881734 0.8487
2.94429480 0.8496
2.94122493 0.8536
2.93906363 0.8607
2.93731066 0.8727
2.93654880 0.8889
2.93776200 0.9072
2.94179472 0.9245
2.94705753 0.9366
2.95135806 0.9400
2.95239755 0.9317
2.94949205 0.9158
2.94349521 0.8991
2.93452660 0.8864
2.92297867 0.8791
2.90890367 0.8770
2.89226238 0.8781
2.87519765 0.8800
2.86070983 0.8805
2.85203807 0.8798
2.85084873 0.8770
2.85604040 0.8736
2.86628997 0.8709
2.87941660 0.8699
2.89285556 0.8683
2.90598194 0.8615
2.91495002 0.8364
2.90658666 0.8436
2.89713140 0.8609
2.89057692 0.8785
2.88723209 0.8931
2.88572637 0.9034
2.88553201 0.9094
2.88621372 0.9134
2.88792061 0.9166
2.89025946 0.9187
2.89256301 0.9188
2.89386033 0.9167
2.89396382 0.9126
2.89333207 0.9063
2.89148660 0.8960
2.88961182 0.8859
2.88775693 0.8769
2.88760853 0.8725
2.88978121 0.8729
2.89435434 0.8776
2.90200002 0.8846
2.91189883 0.8925
2.92356423 0.9001
2.93564498 0.9077
2.94768404 0.9160
2.95846538 0.9173
2.96141819 0.8523
2.95087608 0.8210
2.93906269 0.8149
2.92859104 0.8166
2.92120657 0.8240
2.91600945 0.8351
2.91407452 0.8487
2.91486066 0.8615
2.91780553 0.8716
2.92305275 0.8805
2.92751597 0.8899
2.92947410 0.9005
2.92577300 0.9038
2.91792770 0.8975
2.90944394 0.8877
2.90141302 0.8772
2.89509979 0.8693
2.88969047 0.8646
2.88528493 0.8644
2.88208216 0.8686
2.88023609 0.8758
2.88004323 0.8847
2.88211270 0.8940
2.88564119 0.9041
2.88795299 0.9149
2.88176489 0.9050
2.86907808 0.8941
2.85833251 0.8888
2.85048528 0.8832
2.84691325 0.8763
2.84768221 0.8681
2.85218972 0.8583
2.86107423 0.8489
2.87302912 0.8419
2.88401969 0.8491
2.88836227 0.8708
2.88720675 0.8824
2.88430942 0.8900
2.87933191 0.8943
2.87404194 0.8971
2.86805656 0.8977
2.86271038 0.8961
2.85929875 0.8928
2.85905371 0.8895
2.86278087 0.8853
2.87119600 0.8817
2.88242123 0.8789
2.89253007 0.8853
2.89426215 0.9133
2.88740470 0.9300
2.87982358 0.9307
2.87520974 0.9245
2.87300398 0.9129
2.87382541 0.8989
2.87724873 0.8828
2.88327943 0.8642
2.89163571 0.8450
2.90167317 0.8271
2.91200094 0.8126
2.92131093 0.8010
2.92792313 0.7958
2.93160387 0.7961
2.93302843 0.8031
2.93194885 0.8891
2.92336803 0.9522
2.91515358 0.9631
2.90721461 0.9731
2.89914169 0.9816
2.89249338 0.9886
2.88799040 0.9930
2.88660094 0.9938
2.88865923 0.9914
2.89514856 0.9864
2.90501943 0.9786
2.91789493 0.9707
2.93164068 0.9612
2.94541411 0.9504
2.95740186 0.9302
2.96415397 0.8778
2.96251795 0.8128
2.95464984 0.7768
2.94315233 0.7534
2.92972764 0.7328
2.91591978 0.7139
2.90269298 0.6962
2.89330611 0.6797
2.88916758 0.6655
2.89140755 0.6593
2.89863291 0.6881
2.90453235 0.8879
2.90250712 1.0130
2.90043847 1.0257
2.90045651 1.0197
2.90294576 1.0065
2.90876259 0.9897
2.91729660 0.9709
2.92774526 0.9517
2.93907481 0.9336
2.94935946 0.9168
2.95675234 0.9033
2.96147458 0.8930
2.96289716 0.8861
2.96127516 0.8833
2.95815905 0.8853
2.95336034 0.8934
2.94662671 0.9064
2.93797293 0.9233
2.92838140 0.9416
2.91941147 0.9587
2.91241779 0.9742
2.90968275 0.9865
2.91195757 0.9952
2.91865848 0.9998
2.92888957 0.9995
2.94170531 0.9931
2.95670358 0.9809
2.97228451 0.9619
2.98615743 0.9258
2.99173779 0.8688
2.98923230 0.8533
2.98571601 0.8650
2.98301229 0.8794
2.98134057 0.8899
2.98032042 0.8947
2.97888601 0.8955
2.97625792 0.8953
2.97187733 0.8968
2.96539030 0.9008
2.95769021 0.9083
2.94923972 0.9196
2.94081602 0.9331
2.93332858 0.9474
2.92741565 0.9608
2.92317479 0.9728
2.91963680 0.9822
2.91778876 0.9876
2.91830218 0.9918
2.92093943 0.9935
2.92546593 0.9933
2.93164330 0.9912
2.93788008 0.9885
2.94275195 0.9843
2.94568322 0.9785
2.94671913 0.9707
2.94687735 0.9613
2.94695091 0.9508
2.94717769 0.9395
2.94756075 0.9269
2.94798904 0.9144
2.94841396 0.9029
2.94962861 0.8899
2.95035744 0.8725
2.95047407 0.8458
2.94959048 0.8077
2.94609400 0.7689
2.93960277 0.7440
2.93232330 0.7351
2.92581265 0.7355
2.92155159 0.7456
2.92107122 0.7684
2.92367674 0.8087
2.92765421 0.8628
2.93040747 0.9243
2.92957797 0.9701
2.92515974 0.9911
2.91908536 0.9952
2.91277955 0.9903
2.90761308 0.9804
2.90392632 0.9677
2.90137664 0.9523
2.89987384 0.9338
2.89894542 0.9111
2.89687296 0.8837
2.89251737 0.8524
2.88591132 0.8241
2.87778867 0.8060
2.87061553 0.7954
2.86612950 0.7884
2.86526522 0.7829
2.86784857 0.7784
2.87415039 0.7744
2.88409531 0.7703
2.89293900 0.8653
2.88454367 0.9415
2.87458660 0.9514
2.86565356 0.9562
2.85914891 0.9598
2.85573390 0.9627
2.85557619 0.9641
2.85883555 0.9632
2.86519960 0.9593
2.87401678 0.9523
2.88524938 0.9427
2.89787567 0.9308
2.91107413 0.9179
2.92517366 0.9054
2.93285579 0.8516
2.92273352 0.8630
2.91549684 0.8716
2.91110639 0.8786
2.90886461 0.8854
2.90866774 0.8930
2.90989478 0.9014
2.91301437 0.9125
2.91769851 0.9353
2.92043209 0.9780
2.91627209 1.0059
2.90840477 1.0149
2.90043878 1.0182
2.89382381 1.0203
2.89081199 1.0202
2.89126742 1.0187
2.89545545 1.0152
2.90329886 1.0086
2.91328729 0.9979
2.92380889 0.9844
2.93400915 0.9574
2.92015869 0.7745
2.89867374 0.7888
2.88166286 0.8044
2.86951118 0.8190
2.86310322 0.8353
2.86121991 0.8539
2.86321827 0.8743
2.86724620 0.8965
2.87341856 0.9196
2.88114677 0.9438
2.88919212 0.9702
2.89384787 0.9856
2.89062185 0.9713
2.88227933 0.9502
2.87455783 0.9385
2.87029131 0.9348
2.87045162 0.9375
2.87487802 0.9427
2.88254811 0.9491
2.89186487 0.9564
2.90088788 0.9618
2.90750938 0.9637
2.91015120 0.9596
2.90935918 0.9524
2.90647590 0.9466
2.90301110 0.9434
2.89976209 0.9405
2.89768237 0.9372
2.89462970 0.9305
2.88898409 0.9224
2.87998263 0.9167
2.86943715 0.9150
2.85864420 0.9159
2.84916415 0.9176
2.84282391 0.9213
2.84115623 0.9260
2.84533529 0.9307
2.85469319 0.9342
2.86810715 0.9375
2.88465582 0.9445
2.89620420 0.9135
2.88377470 0.8107
2.86950253 0.8046
2.86002515 0.8174
2.85656521 0.8385
2.85992842 0.8630
2.86904570 0.8871
2.88275287 0.9052
2.89902488 0.9138
2.91680279 0.9039
2.93344852 0.8487
2.93649934 0.7056
2.91811829 0.7026
2.89611227 0.7170
2.87519765 0.7297
2.85884672 0.7450
2.84805291 0.7647
2.84407577 0.7876
2.84558087 0.8134
2.85239950 0.8425
2.86197359 0.8723
2.87208912 0.9055
2.88044297 0.9325
