3.02299632 0.9080
3.02174507 0.9148
3.02064159 0.9147
3.02028012 0.9102
3.02153838 0.9032
3.02557933 0.8950
3.03108883 0.8864
3.03670433 0.8778
3.04175082 0.8678
3.04536071 0.8563
3.04931666 0.8458
3.05214943 0.8352
3.05396599 0.8251
3.05387851 0.8141
3.05209527 0.8005
3.04899157 0.7853
3.04396507 0.7705
3.03802683 0.7572
3.03076265 0.7463
3.02305722 0.7369
3.01510879 0.7296
3.00757397 0.7225
3.00008625 0.7147
2.99269915 0.7060
2.98409061 0.6982
2.97520705 0.6917
2.96706040 0.6862
2.96128036 0.6836
2.95903949 0.6844
2.96026421 0.6889
2.96436197 0.6958
2.97030211 0.7030
2.97621163 0.7107
2.97960657 0.7160
2.97884097 0.7196
2.97227709 0.7213
2.96180567 0.7210
2.94840753 0.7207
2.93429535 0.7231
2.92222625 0.7317
2.91323763 0.7477
2.90702343 0.7676
2.90178024 0.7855
2.89693987 0.8001
2.89146500 0.8127
2.88500786 0.8229
2.87801742 0.8313
2.87007962 0.8377
2.86198553 0.8414
2.85423046 0.8370
2.84933714 0.8119
2.85516679 0.7798
2.86973804 0.7720
2.88509589 0.7683
2.89692200 0.7642
2.90297661 0.7595
2.90179258 0.7541
2.89440186 0.7495
2.88386854 0.7474
2.87359450 0.7512
2.86762258 0.7645
2.87002012 0.7846
2.88018742 0.8006
2.89472305 0.8089
2.91088476 0.8098
2.92644260 0.8062
2.93958021 0.8008
2.94966523 0.7953
2.95766702 0.7895
2.96292145 0.7844
2.96537514 0.7792
2.96587820 0.7727
2.96354828 0.7631
2.95943683 0.7482
2.95558865 0.7253
2.95313799 0.7025
2.95274141 0.6890
2.95301837 0.6871
2.95242869 0.6919
2.95075676 0.6981
2.94804390 0.7048
2.94515734 0.7104
2.94211018 0.7151
2.93934411 0.7201
2.93771206 0.7246
2.93850253 0.7288
2.94277336 0.7315
2.95175738 0.7317
2.96633239 0.7289
2.98575483 0.7243
3.00868517 0.7175
3.03403033 0.7098
3.06019357 0.7043
3.08433542 0.7030
3.10220853 0.7079
3.11105365 0.7192
3.10903519 0.7346
3.09446532 0.7526
3.06960505 0.7714
3.03791777 0.7891
3.00467237 0.8036
2.97336298 0.8158
2.94835475 0.8241
2.92986086 0.8227
2.91838069 0.7797
2.91871243 0.6885
2.93096720 0.6869
2.94631241 0.6896
2.96174460 0.6928
2.97522777 0.6996
2.98699087 0.7090
2.99606538 0.7205
3.00334015 0.7313
3.00797925 0.7413
3.01066947 0.7483
3.01120828 0.7519
3.01151839 0.7505
3.01168196 0.7460
3.01255129 0.7395
3.01323437 0.7331
3.01419261 0.7281
3.01468503 0.7248
3.01524922 0.7238
3.01738660 0.7243
3.02055502 0.7255
3.02476699 0.7286
3.03065945 0.7348
3.03829268 0.7451
3.04653266 0.7590
3.05365347 0.7765
3.05901745 0.7961
3.06183348 0.8151
3.06129499 0.8329
3.05742576 0.8469
3.05055719 0.8566
3.04250958 0.8624
3.03456127 0.8652
3.03126753 0.8682
3.03122548 0.8593
3.02994222 0.8496
3.02737244 0.8271
3.02627559 0.7913
3.02900177 0.7697
3.03570869 0.7534
3.04522929 0.7342
3.05665067 0.7130
3.06884440 0.6922
3.07964823 0.6751
3.08773739 0.6643
3.09217689 0.6609
3.09091744 0.6656
3.08419004 0.6777
3.07422273 0.6952
3.06197536 0.7167
3.04841233 0.7395
3.03496894 0.7607
3.02347728 0.7778
3.01440483 0.7897
3.00740234 0.7963
3.00220472 0.7986
2.99818364 0.7997
2.99469204 0.7999
2.99158382 0.7991
2.98898545 0.7972
2.98749987 0.7939
2.98873685 0.7886
2.99268972 0.7824
2.99999026 0.7762
3.01035272 0.7719
3.02235501 0.7711
3.03281872 0.7738
3.04163942 0.7809
3.04718450 0.7916
3.04892173 0.8054
3.04746713 0.8210
3.04400673 0.8359
3.04001595 0.8470
3.03711625 0.8487
3.03856801 0.8450
3.04563379 0.8462
3.05345029 0.8454
3.05821891 0.8406
3.05808249 0.8330
3.05279430 0.8206
3.04304354 0.8040
3.03014309 0.7833
3.01463264 0.7603
2.99698549 0.7353
2.97781200 0.7079
2.95797130 0.6770
2.94322257 0.6763
2.94356771 0.7854
2.95426679 0.8442
2.96696482 0.8641
2.97708130 0.8744
2.98144804 0.8818
2.97731378 0.8873
2.96598242 0.8912
2.94991705 0.8896
2.93155298 0.8680
2.92033316 0.7695
2.93214505 0.6579
2.95962387 0.6423
2.98718492 0.6436
3.01125789 0.6483
3.03027307 0.6557
3.04420971 0.6662
3.05295552 0.6789
3.05680102 0.6926
3.05580480 0.7067
3.04965591 0.7211
3.03663819 0.7338
3.01721134 0.7451
2.99259509 0.7529
2.96574648 0.7591
2.94085386 0.7735
2.92499367 0.8263
2.91735787 0.8762
2.90986031 0.8994
2.89969741 0.9125
2.88919452 0.9215
2.88083414 0.8925
2.88754285 0.7583
2.90399607 0.7371
2.91959112 0.7219
2.93289381 0.7090
2.94100750 0.7001
2.94345891 0.6955
2.94099201 0.6949
2.93418004 0.6984
2.92377678 0.7048
2.90982735 0.7128
2.89241175 0.7209
2.87259789 0.7289
2.85090297 0.7364
2.82841026 0.7442
2.80738513 0.7528
2.78961500 0.7614
2.77584550 0.7667
2.77087267 0.7770
2.78394971 0.7980
2.80900362 0.8007
2.84137661 0.7955
2.87757803 0.7859
2.91290483 0.7735
2.94445288 0.7600
2.97123703 0.7475
2.99180139 0.7381
3.00674664 0.7329
3.01697411 0.7337
3.02361772 0.7417
3.02803118 0.7555
3.02918614 0.7746
3.02588151 0.7966
3.01914677 0.8194
3.01065877 0.8412
3.00354253 0.8617
3.00049592 0.8812
3.00253629 0.8963
3.00605629 0.9074
3.00869714 0.9175
3.00895176 0.9292
3.00716370 0.9418
3.00385862 0.9538
3.00112607 0.9630
3.00026556 0.9694
3.00166835 0.9735
3.00458001 0.9757
3.00882580 0.9746
3.01432641 0.9699
3.02002100 0.9612
3.02464640 0.9484
3.02820204 0.9351
3.02809332 0.9188
3.02533288 0.9045
3.01869168 0.8932
3.00885482 0.8863
2.99680755 0.8846
2.98353784 0.8866
2.96955039 0.8894
2.95550339 0.8881
2.94437989 0.8677
2.94428712 0.8181
2.95661571 0.7869
2.97454866 0.7689
2.99492543 0.7529
3.01436183 0.7370
3.03151425 0.7217
3.04466808 0.7093
3.05244383 0.7020
3.05467481 0.7021
3.05331760 0.7087
3.04956015 0.7224
3.04459957 0.7421
3.03698677 0.7660
3.02583997 0.7913
3.00973510 0.8163
2.98889934 0.8426
2.96623724 0.9027
2.96223128 0.8485
2.96373907 0.8203
2.96540005 0.8043
2.96715957 0.7941
2.96809329 0.7896
2.96764790 0.7898
2.96548846 0.7941
2.96161246 0.8012
2.95643367 0.8117
2.95191221 0.8232
2.94819985 0.8347
2.94622820 0.8443
2.94561532 0.8501
2.94700949 0.8476
2.95136675 0.8270
2.96004850 0.7908
2.97269317 0.7615
2.98691793 0.7462
3.00080345 0.7414
3.01227635 0.7424
3.02145381 0.7433
3.02854611 0.7412
3.03304100 0.7362
3.03559863 0.7294
3.03710876 0.7259
3.03638318 0.7255
3.03237974 0.7333
3.02365974 0.7468
3.01112428 0.7663
2.99679530 0.7923
2.98249552 0.8301
2.97555107 0.8983
2.98252774 0.8699
2.99255828 0.8495
3.00233707 0.8391
3.00976339 0.8359
3.01467025 0.8381
3.01880188 0.8454
3.02159352 0.8525
3.02566160 0.8573
3.03293461 0.8578
3.04269508 0.8533
3.05396408 0.8442
3.06574236 0.8303
3.07544300 0.8143
3.08061959 0.7985
3.08023206 0.7837
3.07346979 0.7716
3.06037659 0.7642
3.04120629 0.7620
3.01699894 0.7648
2.99031799 0.7711
2.96509464 0.7892
2.94939154 0.8423
2.94390124 0.8632
2.94219468 0.8587
2.94100583 0.8463
2.93911487 0.8315
2.93598922 0.8182
2.93118313 0.8070
2.92654741 0.7976
2.92398997 0.7888
2.92540843 0.7790
2.93274446 0.7696
2.94311920 0.7614
2.95451567 0.7527
2.96421957 0.7444
2.97164896 0.7391
2.97562837 0.7387
2.97729529 0.7441
2.97862561 0.7557
2.97851113 0.7709
2.97716819 0.7886
2.97421484 0.8074
2.97062214 0.8264
2.96675412 0.8463
2.96310897 0.8688
2.96087601 0.8941
2.96079403 0.9179
2.96311931 0.9285
2.96593905 0.9248
2.96748574 0.9126
2.96782138 0.8878
2.96988558 0.8500
2.97427615 0.8266
2.97745309 0.8127
2.97683527 0.8007
2.97121694 0.7900
2.96110369 0.7838
2.94862698 0.7851
2.93657384 0.8016
2.92712825 0.8346
2.92090011 0.8648
2.91668906 0.8775
2.91266902 0.8795
2.90814215 0.8772
2.90292160 0.8723
2.89724883 0.8671
2.89224727 0.8621
2.88815285 0.8588
2.88596780 0.8590
2.88286307 0.8614
2.87954706 0.8680
2.87624845 0.8754
2.88344248 0.8563
2.90148015 0.8419
2.92003539 0.8306
2.93761102 0.8159
2.95291423 0.7979
2.96528531 0.7774
2.97527073 0.7578
2.98336038 0.7419
2.98858682 0.7319
2.99008871 0.7298
2.98652800 0.7357
2.97819384 0.7489
2.96623071 0.7775
2.96101681 0.8742
2.96748612 0.9168
2.97670086 0.9155
2.98488304 0.9042
2.99061916 0.8903
2.99303349 0.8746
2.99237696 0.8548
2.99016033 0.8295
2.98902077 0.8041
2.98924864 0.7869
2.98797931 0.7790
2.98274389 0.7755
2.97191210 0.7723
2.95588972 0.7677
2.93989116 0.7603
2.92788431 0.7505
2.92262822 0.7388
2.92332462 0.7255
2.92799342 0.7115
2.93467152 0.6979
2.93936532 0.6856
2.93958414 0.6758
2.93710924 0.6680
2.93300934 0.6628
2.92922757 0.6606
2.92957124 0.6630
2.93378171 0.6697
2.94145615 0.6753
2.94980162 0.6787
2.95655024 0.6804
2.95824572 0.6832
2.95285722 0.6896
2.94080338 0.6997
2.92374373 0.7159
2.90594883 0.7534
2.89836037 0.8658
2.90644221 0.9262
2.91801703 0.9377
2.92923169 0.9405
2.93844980 0.9388
2.94540907 0.9341
2.95069493 0.9266
2.95408289 0.9171
2.95573806 0.9066
2.95662128 0.8896
2.95881948 0.8314
2.97159422 0.7379
2.99385054 0.7203
3.01894776 0.7120
3.04521263 0.7062
3.06975210 0.7042
3.08883405 0.7059
3.09865493 0.7130
3.09661913 0.7231
3.08444397 0.7366
3.06386576 0.7522
3.04104237 0.7700
3.02038374 0.7900
3.00356097 0.8116
2.99073839 0.8303
2.98042748 0.8437
2.97334531 0.8503
2.96856638 0.8485
2.96874690 0.8399
2.97444280 0.8274
2.98628504 0.8124
3.00416092 0.7955
3.02621422 0.7772
3.04995287 0.7566
3.07367863 0.7347
3.09471520 0.7126
3.11213543 0.6927
3.12514511 0.6774
3.13317576 0.6675
3.13487443 0.6645
3.12960659 0.6694
3.11925905 0.6805
3.10671084 0.7013
3.09463169 0.7268
3.08420368 0.7515
3.07537314 0.7718
3.06692424 0.7851
3.05907812 0.7891
3.05274693 0.7863
3.05057907 0.7794
3.05331879 0.7707
3.06004128 0.7610
3.06967094 0.7494
3.08103665 0.7350
3.09306550 0.7181
3.10338780 0.7007
3.10936211 0.6846
3.10842092 0.6721
3.09933611 0.6639
3.08157658 0.6608
3.05585408 0.6638
3.02477470 0.6735
2.99275470 0.6903
2.96316095 0.7145
2.94243813 0.7658
2.94750281 0.8618
2.96765116 0.8710
2.98585890 0.8607
2.99816076 0.8463
3.00248713 0.8303
2.99813655 0.8161
2.98832617 0.8049
2.97585983 0.7961
2.96564641 0.7895
2.96857395 0.7917
2.98197944 0.7896
2.99761335 0.7799
3.01079199 0.7655
3.01908515 0.7490
3.02060994 0.7322
3.01424037 0.7183
3.00031230 0.7091
2.98012967 0.7056
2.95661700 0.7071
2.93252345 0.7161
2.91004101 0.7394
2.89399890 0.8213
2.89298707 0.9458
2.90180398 0.9246
2.91056854 0.8967
2.91951123 0.8632
2.92890140 0.8279
2.94110520 0.8043
2.95596125 0.7989
2.97337465 0.8047
2.99087845 0.8140
3.00837719 0.8224
3.02409159 0.8272
3.03624463 0.8278
3.04435390 0.8234
3.04777936 0.8148
3.04587610 0.8045
3.03919448 0.7970
3.02874529 0.7985
3.01636250 0.8127
3.00518955 0.8394
2.99672320 0.8723
2.99092162 0.8980
2.98653023 0.9139
2.98150496 0.9213
2.97651672 0.9224
2.97041143 0.9210
2.96316222 0.9181
2.95557994 0.9143
2.94740964 0.9099
2.93952235 0.9045
2.93167806 0.8966
2.92444441 0.8828
2.91904890 0.8639
2.91399759 0.8535
2.90720525 0.8490
2.89945253 0.8467
2.89143456 0.8477
2.88408554 0.8656
2.88577799 0.9037
2.89185058 0.8989
2.89905789 0.8929
2.90559939 0.8889
2.90936066 0.8870
2.90960122 0.8865
2.90684182 0.8861
2.90252013 0.8845
2.89750066 0.8822
2.89316344 0.8789
2.89066797 0.8758
2.88923897 0.8751
2.88904332 0.8777
2.88869531 0.8844
2.88760406 0.8927
2.88564825 0.8981
2.88560306 0.8695
2.89601946 0.7810
2.91478773 0.7535
2.93535159 0.7433
2.95434533 0.7376
2.97062313 0.7369
2.98172323 0.7368
2.99048096 0.7388
2.99639409 0.7424
2.99997738 0.7473
3.00134918 0.7514
3.00063027 0.7558
2.99775740 0.7617
2.99335096 0.7695
2.98779470 0.7788
2.98213897 0.7892
2.97734718 0.7993
2.97436545 0.8094
2.97337211 0.8203
2.97534621 0.8326
2.97985150 0.8461
2.98642025 0.8587
2.99454854 0.8674
3.00338145 0.8727
3.01190592 0.8757
3.01888285 0.8770
3.02331934 0.8775
3.02519088 0.8754
3.02679650 0.8695
3.02895954 0.8595
3.03122857 0.8477
3.03354992 0.8356
3.03482537 0.8269
3.03471489 0.8238
3.03300082 0.8245
3.03001876 0.8302
3.02727622 0.8412
3.02423516 0.8546
3.02169855 0.8695
3.02069099 0.8834
3.02181442 0.8920
3.02447797 0.8955
3.02928694 0.8935
3.03480796 0.8890
3.03953027 0.8823
3.04198937 0.8754
3.04039704 0.8686
3.03504427 0.8622
3.02810937 0.8540
3.02452788 0.8438
3.02715935 0.8316
3.03571174 0.8181
3.04623272 0.8042
3.05603139 0.7911
3.06387440 0.7807
3.06888270 0.7761
3.07191644 0.7803
3.07345260 0.7908
3.07227011 0.8038
3.06820341 0.8161
3.05926976 0.8249
3.04496204 0.8291
3.02702053 0.8297
3.00770182 0.8290
2.98790500 0.8228
2.97507749 0.8797
2.98448296 0.9212
2.99560116 0.9245
3.00610851 0.9263
3.01395858 0.9288
3.01784101 0.9327
3.01793302 0.9366
3.01544604 0.9372
3.01329190 0.9293
3.01381808 0.9125
3.01632998 0.8924
3.01983788 0.8764
3.02423419 0.8656
3.02652750 0.8578
3.02552431 0.8515
3.01912674 0.8449
3.00606848 0.8381
2.98789588 0.8340
2.96733178 0.8411
2.95188208 0.9079
2.95442173 0.9555
2.96583099 0.9514
2.98194810 0.9436
3.00197648 0.9305
3.02412186 0.9134
3.04488506 0.8948
3.06173458 0.8778
3.07221822 0.8626
3.07555153 0.8500
3.07419786 0.8404
3.06958040 0.8348
3.06317273 0.8335
3.05546297 0.8353
3.04604071 0.8386
3.03295013 0.8431
3.01588109 0.8468
2.99385327 0.8501
2.96808887 0.8548
2.94692483 0.8690
2.94945182 0.8876
2.96661863 0.8896
2.98480616 0.8849
3.00250331 0.8787
3.01633243 0.8705
3.02498613 0.8607
3.02804595 0.8487
3.02632193 0.8340
3.02045214 0.8175
3.01297680 0.8026
3.00469610 0.7904
2.99533103 0.7844
2.98446914 0.7862
2.97167399 0.7955
2.95833339 0.8130
2.94574783 0.8378
2.93607480 0.8652
2.93157230 0.8939
2.93225590 0.9160
2.93606145 0.9276
2.94160738 0.9295
2.94698679 0.9240
2.94978747 0.9137
2.95011436 0.9000
2.94871418 0.8836
2.94787321 0.8633
2.94959838 0.8398
2.95475854 0.8184
2.96232162 0.8005
2.97001357 0.7822
2.97567846 0.7637
2.97859728 0.7443
2.98026124 0.7258
2.98265673 0.7143
2.98635614 0.7118
2.98793237 0.7151
2.98642938 0.7196
2.98188365 0.7250
2.97602631 0.7317
2.97076333 0.7399
2.96532680 0.7506
2.95867898 0.7640
2.94982689 0.7794
2.93823238 0.7956
2.92408819 0.8095
2.90913177 0.8126
2.89750734 0.7757
2.89924374 0.7342
2.91011984 0.7170
2.92355182 0.6982
2.93704606 0.6828
2.94952967 0.6737
2.96002935 0.6724
2.96892813 0.6794
2.97705072 0.6937
2.98520133 0.7134
2.99281666 0.7348
2.99995985 0.7567
3.00604119 0.7771
3.01001244 0.7956
3.01266982 0.8130
3.01387485 0.8295
3.01434242 0.8480
3.01481831 0.8673
3.01665692 0.8839
3.02038130 0.8963
3.02595604 0.9010
3.03268705 0.8985
3.03883251 0.8914
3.04278964 0.8815
3.04462485 0.8712
3.04371895 0.8616
3.03971772 0.8549
3.03316165 0.8515
3.02454019 0.8521
3.01636510 0.8569
3.00911872 0.8668
3.00393005 0.8841
3.00015091 0.9125
3.00149118 0.8956
3.01140196 0.8375
3.01890686 0.8107
3.02395474 0.7957
3.02647984 0.7888
3.02681482 0.7880
3.02631668 0.7947
3.02582505 0.8112
3.02662405 0.8332
3.02930061 0.8465
3.03349841 0.8455
3.03861659 0.8359
3.04211928 0.8249
3.04371233 0.8146
3.04222258 0.8064
3.03703026 0.7997
3.02831601 0.7936
3.01765990 0.7870
3.00721181 0.7803
2.99813195 0.7743
2.99048507 0.7694
2.98528525 0.7651
2.98179225 0.7633
2.97977961 0.7652
2.97876758 0.7688
2.97873925 0.7729
2.97998384 0.7770
2.98393593 0.7811
2.99182352 0.7820
3.00368048 0.7820
3.01995381 0.7812
3.03972118 0.7798
3.06145537 0.7785
3.08136338 0.7787
3.09796398 0.7811
3.11040649 0.7849
3.11972420 0.7891
3.12607551 0.7931
3.12929793 0.7967
3.13084995 0.7984
3.13122033 0.7991
3.12920630 0.8007
3.12432305 0.8046
3.11565782 0.8108
3.10285366 0.8177
3.08635436 0.8269
3.06818482 0.8408
3.05816262 0.8872
3.06457116 0.9221
3.07374616 0.9265
3.07975517 0.9232
3.08089791 0.9185
3.07734667 0.9145
3.07030619 0.9130
3.06011950 0.9141
3.04838899 0.9171
3.03676639 0.9213
3.02516731 0.9254
3.01410061 0.9290
3.00432421 0.9326
2.99720841 0.9363
2.99262299 0.9424
2.99123018 0.9480
3.00140905 0.8158
3.01359942 0.8024
3.02171815 0.8039
3.02452251 0.8123
3.02220199 0.8256
3.01715389 0.8466
3.01299634 0.8685
3.01117065 0.8802
3.01008770 0.8789
3.00824060 0.8691
3.00618503 0.8552
3.00434284 0.8397
3.00188890 0.8239
2.99799526 0.8073
2.99428314 0.7910
2.99002782 0.7771
2.98646428 0.7659
2.98299288 0.7581
2.97868025 0.7541
2.97367255 0.7538
2.96701717 0.7585
2.95880839 0.7705
2.94940105 0.7925
2.94065550 0.8260
2.93526509 0.8621
2.93301796 0.8798
2.93135581 0.8807
2.92660393 0.8750
2.91836820 0.8637
2.91000142 0.8423
2.90605241 0.8077
2.91026787 0.7683
2.92281941 0.7347
2.93972628 0.7059
2.95722887 0.6805
2.97171337 0.6565
2.98157842 0.6343
2.98662519 0.6152
2.98811087 0.6012
2.98675850 0.5944
2.98283721 0.5956
2.97588719 0.6037
2.96473274 0.6170
2.94903388 0.6349
2.92986275 0.6557
2.91003931 0.6773
2.89360664 0.6963
2.88195428 0.7113
2.87610414 0.7191
2.87358172 0.7196
2.87337074 0.7146
2.87457608 0.7060
2.87541404 0.6959
2.87431996 0.6857
2.87186992 0.6747
2.86648456 0.6625
2.85833045 0.6492
2.85206562 0.7291
2.85481871 0.8360
2.86000277 0.8505
2.86627080 0.8394
2.87437296 0.8215
2.88465837 0.8032
2.89494848 0.7869
2.90482214 0.7751
2.91196770 0.7680
2.91580428 0.7634
2.91621872 0.7642
2.91308311 0.7702
2.90587706 0.7778
2.89676927 0.7869
2.88763898 0.7910
2.88084710 0.7826
2.88019293 0.7656
2.88627468 0.7542
2.89648394 0.7446
2.90833060 0.7322
2.92087301 0.7191
2.93235689 0.7067
2.94239517 0.6983
2.95076470 0.6946
2.95954146 0.6968
2.96894085 0.7057
2.97852201 0.7187
2.98751994 0.7346
2.99688694 0.7512
3.00641174 0.7662
3.01577205 0.7789
3.02242741 0.7886
3.02581282 0.7960
3.02562693 0.8010
3.02346495 0.8044
3.02141577 0.8079
3.02053529 0.8116
3.02144063 0.8145
3.02304179 0.8190
3.02313548 0.8237
3.01993313 0.8272
3.01126680 0.8277
2.99718529 0.8245
2.97870611 0.8189
2.95876673 0.8129
2.94095779 0.8220
2.93305868 0.8682
2.93324438 0.8840
2.93680225 0.8825
2.94237618 0.8745
2.94766691 0.8624
2.95110420 0.8485
2.95118544 0.8358
2.94775519 0.8220
2.94188742 0.8049
2.93754454 0.7766
2.93616004 0.7305
2.94283926 0.6760
2.95852848 0.6460
2.97989694 0.6429
3.00042949 0.6489
3.01680473 0.6571
3.02664267 0.6662
3.02976553 0.6773
3.02774036 0.6904
3.02277325 0.7049
3.01704589 0.7206
3.01142112 0.7359
3.00741842 0.7486
3.00633311 0.7590
3.00630038 0.7676
3.00652811 0.7743
3.00667581 0.7813
3.00663067 0.7880
3.00672958 0.7921
3.00704831 0.7889
3.00878586 0.7687
3.01328071 0.7407
3.02153998 0.7213
3.03337761 0.7200
3.04549603 0.7341
3.05659640 0.7522
3.06587869 0.7670
3.07197647 0.7770
3.07567454 0.7809
3.07703505 0.7793
3.07692807 0.7745
3.07722726 0.7692
3.07875433 0.7659
3.08272680 0.7630
3.09023010 0.7599
3.09832301 0.7539
3.10504738 0.7444
3.10913489 0.7325
3.10873428 0.7200
3.10396899 0.7086
3.09481464 0.7011
3.08244320 0.6977
3.06851072 0.6994
3.05453232 0.7053
3.04120457 0.7137
3.02805873 0.7237
3.01614849 0.7334
3.00465356 0.7416
2.99389201 0.7471
2.98470522 0.7500
2.97714036 0.7507
2.97183612 0.7491
2.96879564 0.7459
2.96824635 0.7421
2.97090353 0.7366
2.97684023 0.7293
2.98619728 0.7205
2.99973046 0.7105
3.01579199 0.7002
3.03294534 0.6907
3.04985672 0.6829
3.06641726 0.6755
3.08021383 0.6686
3.09146709 0.6621
3.09932710 0.6571
3.10421180 0.6543
3.10514416 0.6526
3.10118965 0.6524
3.09209941 0.6543
3.07959463 0.6576
3.06358838 0.6632
3.04548251 0.6726
3.02796559 0.6878
3.01177628 0.7111
2.99941782 0.7397
2.99059430 0.7684
2.98379724 0.7938
2.97971412 0.8152
2.97733655 0.8315
2.97496685 0.8394
2.97147316 0.8437
2.96679533 0.8446
2.96097868 0.8377
2.95339388 0.8215
2.94592317 0.7917
2.94083433 0.7598
2.93811696 0.7425
2.93742963 0.7352
2.93762927 0.7338
2.93837518 0.7352
2.93935254 0.7397
2.94033325 0.7469
2.94090328 0.7570
2.94169899 0.7701
2.94288552 0.7857
2.94395893 0.8014
2.94352389 0.8142
2.94093069 0.8217
2.93702493 0.8249
2.93233835 0.8246
2.92719271 0.8215
2.92188409 0.8159
2.91732236 0.8088
2.91490943 0.8011
2.91536002 0.7938
2.91786626 0.7883
2.92117941 0.7850
2.92534191 0.7841
2.92869022 0.7851
2.93189829 0.7879
2.93357728 0.7931
2.93385273 0.8014
2.93337318 0.8126
2.93272533 0.8280
2.93203871 0.8481
2.93123975 0.8721
2.92926449 0.8987
2.92544286 0.9249
2.91991226 0.9497
2.91307565 0.9715
2.90619507 0.9921
2.90194708 0.9898
2.90655566 0.8365
2.91529540 0.7725
2.92200924 0.7523
2.92601220 0.7451
2.92712597 0.7405
2.92557298 0.7387
2.92285451 0.7376
2.92092420 0.7379
2.92114011 0.7384
2.92476495 0.7406
2.93267117 0.7454
2.94560913 0.7504
2.96381463 0.7547
2.98548715 0.7578
3.00829120 0.7604
3.03030254 0.7610
3.04985223 0.7607
3.06609326 0.7601
3.07933219 0.7583
3.08954115 0.7549
3.09705009 0.7495
3.10297479 0.7438
3.10728216 0.7391
3.10946830 0.7363
3.10772306 0.7357
3.10151665 0.7353
3.08925224 0.7349
3.07129735 0.7347
3.04957517 0.7322
3.02564348 0.7275
3.00057724 0.7225
2.97588245 0.7191
2.95267957 0.7184
2.93348463 0.7224
2.91762829 0.7345
2.90558927 0.7550
2.89823785 0.7931
2.89581521 0.8525
2.90017037 0.9003
2.91076211 0.8926
2.92383009 0.8609
2.93692314 0.8261
2.94905127 0.7948
2.96002772 0.7697
2.96955527 0.7521
2.97767135 0.7421
2.98420572 0.7355
2.98944741 0.7318
2.99256565 0.7278
2.99361861 0.7237
2.99228161 0.7194
2.98831876 0.7168
2.98383095 0.7171
2.97944291 0.7226
2.97537792 0.7322
2.97191076 0.7429
2.96919654 0.7493
2.97563191 0.8108
2.99472075 0.8414
3.01265849 0.8418
3.02663056 0.8436
3.03522380 0.8509
3.03932662 0.8607
3.03922155 0.8728
3.03525522 0.8859
3.02813893 0.9007
3.01824844 0.9160
3.00614377 0.9283
2.99256679 0.9269
2.98315904 0.8366
2.98551973 0.7997
2.98907496 0.7820
2.99123379 0.7633
2.99259193 0.7453
2.99293671 0.7329
2.99261458 0.7301
2.99311021 0.7385
2.99374518 0.7523
2.99495637 0.7630
2.99564905 0.7514
2.99792662 0.7214
3.00230369 0.7167
3.00654056 0.7280
3.01038448 0.7396
3.01202471 0.7502
3.01360665 0.7595
3.01434812 0.7672
3.01439607 0.7729
3.01356127 0.7744
3.01067404 0.7714
3.00530746 0.7621
2.99598786 0.7474
2.98314061 0.7283
2.96875662 0.7056
2.95543550 0.6803
2.94371431 0.6557
2.93566326 0.6309
2.93096051 0.6082
2.93330714 0.7215
2.94036532 0.7866
2.94829898 0.7710
2.95546154 0.7442
2.96128155 0.7332
2.96683348 0.7271
2.96929396 0.7306
2.96904759 0.7386
2.96683775 0.7475
2.96414008 0.7522
2.96295463 0.7521
2.96438858 0.7455
2.96899516 0.7382
2.97518369 0.7327
2.98126511 0.7267
2.98527514 0.7189
2.98726723 0.7118
2.98738249 0.7063
2.98497405 0.7038
2.98041208 0.7056
2.97522724 0.7103
2.97083607 0.7162
2.96796247 0.7208
2.96619348 0.7245
2.96297995 0.7319
2.95788205 0.7417
2.95159085 0.7520
2.94373443 0.7604
2.93507851 0.7643
2.92633468 0.7637
2.91985119 0.7623
2.91769590 0.7680
2.91991850 0.7794
2.92413477 0.7882
2.92799203 0.7897
2.93097100 0.7832
2.93250429 0.7697
2.93325872 0.7509
2.93425852 0.7296
2.93621572 0.7083
2.93896897 0.6899
2.94337546 0.6775
2.94901820 0.6704
2.95600083 0.6669
2.96317577 0.6650
2.96958997 0.6640
2.97475218 0.6635
2.97686480 0.6641
2.97573400 0.6653
2.97179717 0.6672
2.96555964 0.6671
2.95624756 0.6638
2.94345762 0.6585
2.92919568 0.6532
2.91626970 0.6555
2.90708323 0.6776
2.90361364 0.7258
2.90470513 0.7742
2.90773748 0.8046
2.91112002 0.8224
2.91418039 0.8309
2.91801458 0.8335
2.92193032 0.8317
2.92561089 0.8282
2.92981905 0.8215
2.93391954 0.8107
2.93753177 0.7948
2.94011186 0.7737
2.94198492 0.7501
2.94337381 0.7277
2.94684557 0.7122
2.95439518 0.7080
2.96560407 0.7116
2.98005768 0.7182
2.99720462 0.7240
3.01476890 0.7263
3.03035603 0.7225
3.04124175 0.7150
3.04670302 0.7056
3.04652239 0.6985
3.04188303 0.6975
3.03379518 0.7035
3.02342804 0.7137
3.01257508 0.7243
3.00371902 0.7337
3.00074886 0.7451
3.00659247 0.7638
3.02053835 0.7837
3.03858157 0.7973
3.05784635 0.8034
3.07502124 0.8058
3.08846456 0.8053
3.09748619 0.8052
3.10066423 0.8066
3.09833013 0.8125
3.08945754 0.8230
3.07498420 0.8391
3.05683656 0.8584
3.03642884 0.8798
3.01550344 0.9012
2.99503698 0.9211
2.97691185 0.9376
2.96258091 0.9503
2.95225003 0.9588
2.94569950 0.9618
2.94280750 0.9549
2.94463942 0.9344
2.95022516 0.9090
2.95788194 0.8841
2.96525425 0.8592
2.97194220 0.8294
2.97880317 0.7924
2.98702825 0.7481
2.99832812 0.6974
3.01316635 0.6484
3.03050700 0.6107
3.04745952 0.5874
3.06179912 0.5805
3.07179773 0.5877
3.07814419 0.6067
3.08161382 0.6343
3.08403196 0.6677
3.08553524 0.7049
3.08715769 0.7434
3.08957969 0.7800
3.09425180 0.8122
3.10132354 0.8386
3.10988976 0.8585
3.11842265 0.8712
3.12577379 0.8768
3.13060592 0.8748
3.13350634 0.8668
3.13467374 0.8530
3.13483205 0.8334
3.13501803 0.8071
3.13615622 0.7672
3.13766535 0.7227
3.13762894 0.6852
3.13357162 0.6598
3.12483746 0.6476
3.11175561 0.6486
3.09764442 0.6568
3.08458157 0.6738
3.07539051 0.6952
3.07013636 0.7171
3.06843061 0.7362
3.06930107 0.7515
3.07226203 0.7638
3.07555259 0.7742
3.07776144 0.7837
3.07877081 0.7931
3.07711149 0.8036
3.07189290 0.8170
3.06355950 0.8344
3.05363072 0.8534
3.04292918 0.8720
3.03146838 0.8888
3.01895912 0.9015
3.00568512 0.9089
2.99290914 0.9098
2.98145067 0.9049
2.97110689 0.8983
2.96280187 0.8908
2.95773781 0.8860
2.95643047 0.8816
2.95922058 0.8784
2.96396105 0.8737
2.96832321 0.8656
2.97026981 0.8564
2.96911502 0.8473
2.96427661 0.8418
2.95635082 0.8420
2.94641460 0.8509
2.93588439 0.8705
2.92538785 0.8992
2.91501936 0.9294
2.90283614 0.9416
2.89316158 0.6229
2.89856466 0.5596
2.90738864 0.5436
2.91665762 0.5281
2.92570647 0.5143
2.93293106 0.5026
2.93741625 0.4949
2.94116311 0.4902
2.94590593 0.4870
2.95195070 0.4849
2.95968876 0.4840
2.96864019 0.4841
2.97653420 0.4841
2.98062936 0.4848
2.97995383 0.4857
2.97352173 0.4871
2.96075523 0.4885
2.94331807 0.4913
2.92254794 0.4985
2.89930332 0.5158
2.87612151 0.5642
2.86068502 0.6847
2.85637333 0.8424
2.85959543 0.9410
2.86504134 0.9911
2.87113246 1.0173
2.87797547 1.0292
2.88606590 1.0318
2.89618889 1.0266
2.90712604 1.0126
2.91846961 0.9900
2.92911778 0.9577
2.93718167 0.9155
2.94077480 0.8593
2.94023552 0.7861
2.93753352 0.7000
2.93423740 0.6200
2.93179130 0.5723
2.92962720 0.5583
2.92685247 0.5656
2.92278193 0.5858
2.91623804 0.6163
2.90902838 0.6551
2.90265111 0.7020
2.89760417 0.7581
2.89597733 0.8191
2.89993506 0.8713
2.90996925 0.9005
2.92408540 0.9086
2.94081135 0.9045
2.96063509 0.8945
2.98181175 0.8822
3.00305686 0.8698
3.02128860 0.8607
3.03376479 0.8540
3.03838400 0.8488
3.03353177 0.8452
3.02011877 0.8418
3.00155916 0.8373
2.98332012 0.8292
2.96890675 0.8147
2.96090159 0.7962
2.95801377 0.7819
2.95775917 0.7760
2.95714825 0.7782
2.95447791 0.7886
2.94987271 0.8109
2.94587358 0.8590
2.94633383 0.9285
2.95293269 0.9716
2.96353486 0.9810
2.97592486 0.9704
2.98954176 0.9484
3.00428703 0.9200
3.01994757 0.8876
3.03493383 0.8546
3.04791358 0.8220
3.05651293 0.7906
3.05995314 0.7620
3.05847535 0.7368
3.05312702 0.7164
3.04490265 0.7013
3.03526191 0.6897
3.02528810 0.6804
3.01566400 0.6734
3.00627286 0.6663
2.99689086 0.6587
2.98668502 0.6512
2.97642162 0.6434
2.96613922 0.6346
2.95561755 0.6246
2.94585560 0.6136
2.94182869 0.7768
2.94998730 0.9320
2.95716112 0.9602
2.96205986 0.9772
2.96513977 0.9926
2.96626115 1.0074
2.96591060 1.0205
2.96327441 1.0302
2.95915512 1.0364
2.95466040 1.0389
2.95136690 1.0389
2.94999053 1.0358
2.94954370 1.0323
2.94932322 1.0288
2.95051045 1.0121
2.95647275 0.9488
2.96687950 0.8879
2.97722101 0.8605
2.98686917 0.8438
2.99524134 0.8310
3.00280536 0.8215
3.00959397 0.8139
3.01489390 0.8079
3.01862706 0.8026
3.02083184 0.8020
3.01972795 0.8024
3.01522686 0.8123
3.01067586 0.8484
3.00490128 0.8416
3.00089654 0.7738
3.00256869 0.7647
3.00765691 0.7696
3.01392733 0.7788
3.01878750 0.7920
3.02174412 0.8086
3.02264145 0.8256
3.02179704 0.8393
3.01882622 0.8459
3.01504874 0.8438
3.01027534 0.8325
3.00603481 0.8149
3.00359899 0.7957
3.00338176 0.7788
3.00523762 0.7691
3.00840673 0.7670
3.01238477 0.7712
3.01541712 0.7811
3.01628105 0.7930
3.01329845 0.8070
3.00772610 0.8230
2.99987755 0.8395
2.99214055 0.8574
2.98643087 0.8763
2.98270374 0.8935
2.98074947 0.9056
2.98034705 0.9111
2.98128993 0.9095
2.98308966 0.8999
2.98593285 0.8837
2.98875855 0.8655
2.99047513 0.8489
2.98907662 0.8368
2.98475797 0.8303
2.97800142 0.8298
2.97013402 0.8406
2.96411521 0.8604
2.96176052 0.8743
2.96182247 0.8829
2.96345417 0.8893
2.96617763 0.8959
2.97010300 0.9029
2.97492346 0.9108
2.98054243 0.9169
2.98582364 0.9197
2.98868505 0.9188
2.98677412 0.9134
2.98170483 0.9080
2.97347788 0.9033
2.96351994 0.9002
2.95292196 0.8979
2.94236880 0.8948
2.94102156 0.7573
2.95754362 0.7648
2.97472849 0.7740
2.98979900 0.7856
3.00030760 0.7978
3.00592661 0.8082
3.00586504 0.8148
3.00171628 0.8163
2.99498896 0.8122
2.98663477 0.8034
2.97800347 0.7924
2.97051546 0.7825
2.96562813 0.7765
2.96378028 0.7760
2.96450710 0.7845
2.96863536 0.8027
2.97512343 0.8187
2.98219642 0.8260
2.98853310 0.8282
2.99259014 0.8263
2.99417914 0.8198
2.99440690 0.8104
2.99516627 0.8011
2.99855028 0.7956
3.00379451 0.7982
3.00972533 0.8062
3.01458059 0.8157
3.01668900 0.8241
3.01713846 0.8299
3.01568104 0.8316
3.01126377 0.8299
3.00382373 0.8259
2.99377947 0.8225
2.98252918 0.8210
2.96994918 0.8226
2.95741545 0.8245
2.94581922 0.8244
2.93733565 0.8125
2.94167502 0.8208
2.94965189 0.8285
2.95798066 0.8331
2.96815515 0.8370
2.98097505 0.8419
2.99522113 0.8480
3.00933784 0.8546
3.02202321 0.8603
3.03054506 0.8649
3.03368004 0.8690
3.03161259 0.8734
3.02504549 0.8777
3.01595076 0.8818
3.00698385 0.8865
3.00069921 0.8914
2.99743028 0.8936
2.99675353 0.8881
2.99872948 0.8700
3.00321242 0.8470
3.00933438 0.8279
3.01703565 0.8147
3.02462291 0.8057
3.03118685 0.7987
3.03438577 0.7914
3.03524950 0.7851
3.03360695 0.7806
3.02944781 0.7800
3.02394331 0.7835
3.01871169 0.7914
3.01445178 0.8025
3.01064849 0.8147
3.00657246 0.8250
2.99939881 0.8327
2.99074980 0.8364
2.98152382 0.8351
2.97299110 0.8291
2.96666522 0.8190
2.96334637 0.8070
2.96165348 0.7966
2.96112563 0.7930
2.96062096 0.7861
2.95959589 0.7660
2.96141034 0.7584
2.96610867 0.7571
2.97118063 0.7504
2.97668134 0.7400
2.98186833 0.7282
2.98589467 0.7175
2.98814047 0.7092
2.98936409 0.7017
2.98990523 0.6974
2.99026630 0.6952
2.98912068 0.6951
2.98503716 0.6958
2.97812953 0.6952
2.96956160 0.6927
2.96160821 0.6884
2.95672858 0.6835
2.95539397 0.6797
2.95766869 0.6806
2.96283573 0.6848
2.96858962 0.6863
2.97412496 0.6828
2.98013291 0.6762
2.98747905 0.6678
2.99719068 0.6571
3.00929891 0.6445
3.02379196 0.6301
3.03964242 0.6152
3.05399530 0.6023
3.06734949 0.5933
3.07956694 0.5892
3.08792519 0.5913
3.08985103 0.5986
3.08291487 0.6105
3.06668323 0.6265
3.04503137 0.6487
3.02129376 0.6821
2.99991596 0.7333
2.98441539 0.8089
2.97749460 0.8895
2.97743332 0.9400
2.97984521 0.9633
2.98251772 0.9732
2.98338391 0.9788
2.98316990 0.9807
2.98272981 0.9794
2.98316779 0.9741
2.98535305 0.9641
2.98836458 0.9507
2.99145688 0.9339
2.99474687 0.9118
2.99826724 0.8820
3.00356894 0.8400
3.01071815 0.7961
3.01735238 0.7655
3.02094329 0.7542
3.01974207 0.7587
3.01357085 0.7729
3.00366736 0.7949
2.99255089 0.8254
2.98162416 0.8757
2.97657767 0.9449
2.98677618 0.9163
3.00337648 0.8931
3.02089037 0.8845
3.03730626 0.8844
3.04955998 0.8884
3.05567407 0.8959
3.05548057 0.9058
3.04885441 0.9161
3.03670399 0.9230
3.02194309 0.9198
3.00809126 0.8863
3.00304908 0.7955
3.01149874 0.7173
3.02443820 0.6889
3.03444057 0.6780
3.03793126 0.6754
3.03431882 0.6768
3.02390899 0.6806
3.00584383 0.6862
2.98264744 0.6927
2.95798271 0.6991
2.93501527 0.7053
2.91580342 0.7206
2.90427461 0.8164
2.90566993 0.9429
2.91262834 0.9776
2.92109700 0.9875
2.92984298 0.9894
2.93714946 0.9885
2.94249991 0.9796
2.94682773 0.9537
2.95180330 0.8897
2.96107465 0.7834
2.97412410 0.6862
2.98764997 0.6280
2.99825117 0.5975
3.00488690 0.5831
3.00600702 0.5806
2.99989723 0.5853
2.98670180 0.5958
2.96613972 0.6146
2.94149620 0.6453
2.91663626 0.7082
2.89734262 0.8448
2.88768223 0.9874
2.88664380 1.0422
2.89020719 1.0523
2.89544698 1.0531
2.90087522 1.0545
2.90479087 1.0597
2.90725307 1.0660
2.90983221 1.0496
2.91823703 0.9274
2.93911568 0.7481
2.96550877 0.6565
2.99049335 0.6134
3.01109782 0.5900
3.02739520 0.5776
3.03870516 0.5734
3.04447404 0.5765
3.04397746 0.5855
3.03678824 0.5992
3.02380187 0.6171
3.00650192 0.6393
2.98856298 0.6735
2.97567203 0.7672
2.97536772 0.9194
2.98370700 0.9639
2.99162951 0.9627
2.99554100 0.9542
2.99363281 0.9474
2.98700145 0.9401
2.97899735 0.9230
2.97392937 0.8799
2.97388525 0.8239
2.97700362 0.7808
2.98093727 0.7546
2.98392976 0.7372
2.98654795 0.7256
2.98837261 0.7207
2.98879640 0.7200
2.98701389 0.7256
2.98362060 0.7459
2.97979289 0.7830
2.97653858 0.8361
2.97493943 0.8931
2.97359649 0.9329
2.97181445 0.9508
2.96934331 0.9566
2.96536562 0.9611
2.95914485 0.9683
2.94946567 0.9829
2.93695379 1.0400
2.93580945 0.7582
2.94265635 0.7178
2.94797234 0.7079
2.95032338 0.7048
2.94961648 0.7018
2.94716594 0.6994
2.94387150 0.6985
2.93879068 0.7047
2.93283971 0.7116
2.92432531 0.7216
2.91488253 0.7307
2.90535152 0.7322
2.89691625 0.7164
2.89083134 0.6657
2.88940943 0.5722
2.89493689 0.4900
2.90696902 0.4514
2.92132613 0.4406
2.93340392 0.4401
2.93894398 0.4442
2.93658138 0.4510
2.92683978 0.4600
2.90984762 0.4710
2.88867605 0.4841
2.86683354 0.4978
2.84775636 0.5164
2.83419386 0.5961
2.83595084 0.9199
2.85104889 1.0101
2.87042197 1.0245
2.89041893 1.0288
2.90929807 1.0279
2.92695451 1.0192
2.94262495 1.0002
2.95624596 0.9685
2.96850455 0.9231
2.98066331 0.8695
2.99359004 0.8115
3.00719566 0.7525
3.01996312 0.6998
3.03004530 0.6579
3.03498265 0.6334
3.03331618 0.6252
3.02436800 0.6284
3.00994828 0.6376
2.99153811 0.6498
2.97281180 0.6626
2.95692008 0.6747
2.94563260 0.6856
2.93960324 0.6937
2.93810723 0.6996
2.94104982 0.7045
2.94704032 0.7073
2.95412771 0.7071
2.96214714 0.7020
2.96951448 0.6923
2.97565361 0.6787
2.98070361 0.6641
2.98389637 0.6515
2.98508584 0.6439
2.98543855 0.6425
2.98530153 0.6476
2.98437099 0.6580
2.98132580 0.6721
2.97683360 0.6882
2.97082881 0.7074
2.96379834 0.7309
2.95795997 0.7607
2.95567545 0.7922
2.95725121 0.8185
2.96100887 0.8367
2.96504243 0.8513
2.96760683 0.8668
2.96906310 0.8868
2.96966782 0.9112
2.96904566 0.9380
2.96733513 0.9607
2.96462077 0.9737
2.96175197 0.9333
2.96863271 0.6485
2.98842611 0.6105
3.00415580 0.6060
3.01083006 0.6077
3.00981911 0.6160
3.00292597 0.6309
2.99248376 0.6508
2.98116662 0.6706
2.96991937 0.6847
2.95996151 0.6897
2.95226166 0.6867
2.94477842 0.6805
2.93667242 0.6732
2.92747101 0.6654
2.91726294 0.6579
2.90784627 0.6525
2.90249468 0.6564
2.90457789 0.6824
2.91497806 0.7056
2.92963836 0.7072
2.94685465 0.6938
2.96506809 0.6729
2.98173792 0.6516
2.99459769 0.6350
3.00142740 0.6249
3.00058649 0.6236
2.99293137 0.6300
2.98045861 0.6437
2.96477966 0.6614
2.94814979 0.6796
2.93270098 0.6947
2.92365818 0.7084
2.92583739 0.7221
2.93703889 0.7282
2.95120187 0.7254
2.96316068 0.7177
2.97051132 0.7091
2.97131959 0.7022
2.96642256 0.6962
2.95665350 0.6904
2.94487797 0.6843
2.93317768 0.6786
2.92285949 0.6742
2.91483484 0.6734
2.90939787 0.6758
2.90699887 0.6802
2.90676755 0.6858
2.90853119 0.6920
2.91247385 0.6993
2.91771108 0.7086
2.92426543 0.7203
2.93090827 0.7327
2.93755523 0.7438
2.94408810 0.7517
2.95033747 0.7560
2.95619420 0.7565
2.96127646 0.7540
2.96618789 0.7478
2.97101118 0.7396
2.97531740 0.7376
2.98390723 0.8447
2.99584560 0.9097
3.00455657 0.9297
3.00937320 0.9376
3.01030312 0.9403
3.00888385 0.9408
3.00680894 0.9381
3.00480902 0.9339
3.00396307 0.9265
3.00444766 0.9133
3.00549544 0.8907
3.00762448 0.8589
3.01171341 0.8248
3.01837091 0.7984
3.02669030 0.7809
3.03575567 0.7700
3.04470192 0.7612
3.05233807 0.7535
3.05778665 0.7468
3.06042279 0.7417
3.05957651 0.7387
3.05576306 0.7395
3.04887017 0.7446
3.04071612 0.7528
3.03182186 0.7612
3.02196557 0.7674
3.01234205 0.7687
3.00469711 0.7697
3.00059116 0.7835
3.00325482 0.8342
3.01189966 0.8828
3.02063693 0.8986
3.02610667 0.8967
3.02523171 0.8895
3.01727398 0.8835
3.00364027 0.8797
2.99532577 0.8047
2.99934400 0.7959
3.00348331 0.7871
3.00804707 0.7770
3.01421990 0.7655
3.02086233 0.7537
3.02730475 0.7423
3.03120009 0.7330
3.02997094 0.7266
3.02204226 0.7228
3.00742307 0.7219
2.98806860 0.7220
2.96854908 0.7231
2.95224522 0.7247
2.94032016 0.7285
2.93658266 0.7910
2.94220056 0.8301
2.94878824 0.8284
2.95378326 0.8199
2.95753274 0.8089
2.96138396 0.7965
2.96571186 0.7847
2.97131607 0.7756
2.97997676 0.7692
2.99137754 0.7651
3.00505528 0.7622
3.02004027 0.7580
3.03475796 0.7505
3.04885987 0.7398
3.06201182 0.7283
3.07438158 0.7178
3.08455618 0.7089
3.09253155 0.7008
3.09909839 0.6917
3.10376876 0.6814
3.10341890 0.6720
3.09422741 0.6651
3.07801515 0.6637
3.05775636 0.6717
3.03544552 0.6950
3.01264757 0.7350
2.99072571 0.7929
2.97102908 0.9037
2.96315395 1.0141
2.96891455 0.9619
2.97875484 0.9352
2.98980494 0.9143
3.00200224 0.8970
3.01295511 0.8795
3.02145842 0.8649
3.02459630 0.8544
3.02040683 0.8457
3.00974822 0.8357
2.99731452 0.8195
2.98811513 0.7961
2.98493268 0.7729
2.98449330 0.7573
2.98209957 0.7459
2.97609512 0.7379
2.96621383 0.7331
2.95383918 0.7333
2.93964146 0.7377
2.92516594 0.7461
2.91246383 0.7580
2.90340544 0.8295
2.91003292 0.9427
2.92050307 0.9255
2.93043148 0.9015
2.93819301 0.8751
2.94194128 0.8493
2.94137751 0.8291
2.93905531 0.8204
2.93833323 0.8231
2.93963157 0.8260
2.94169848 0.8236
2.94478141 0.8151
2.94987270 0.8023
2.95713397 0.7870
2.96357236 0.7722
2.96636055 0.7594
2.96328262 0.7491
2.95463012 0.7416
2.94069853 0.7370
2.92367231 0.7346
2.90658859 0.7364
2.89309773 0.7474
2.88678101 0.7886
2.89274477 0.8893
2.91249823 0.9536
2.93799434 0.9613
2.96270996 0.9534
2.98359056 0.9398
2.99744241 0.9242
3.00298328 0.9079
3.00055581 0.8931
2.99270557 0.8805
2.98243992 0.8713
2.97199673 0.8664
2.96110169 0.8655
2.95180642 0.8677
2.94466058 0.8706
2.94007762 0.8703
2.93711745 0.8666
2.93503454 0.8579
2.93293843 0.8450
2.92969016 0.8386
2.92565836 0.8445
2.92240191 0.8653
2.92014289 0.9049
2.91920484 0.9573
2.91988438 1.0066
2.92121960 1.0238
2.92156587 0.9379
2.92964938 0.6259
2.93895309 0.6403
2.94639665 0.6585
2.95293360 0.6760
2.95909972 0.6903
2.96497327 0.7024
2.96915685 0.7133
2.97322716 0.7234
2.97769553 0.7331
2.98289196 0.7405
2.98806828 0.7452
2.99179062 0.7477
2.99234023 0.7470
2.98923523 0.7433
2.98498183 0.7355
2.98126031 0.7240
2.97856614 0.7100
2.97774586 0.6972
2.98063114 0.6903
2.98623454 0.6900
2.99318073 0.6957
3.00001698 0.7082
3.00479123 0.7283
3.00625335 0.7545
3.00521871 0.7852
3.00322096 0.8205
2.99998675 0.8561
2.99544761 0.8864
2.99028701 0.9055
2.98288034 0.9125
2.97253995 0.9147
2.95933963 0.9176
2.94444390 0.9224
2.92933719 0.9267
2.91562790 0.9255
2.90603953 0.8315
2.91338629 0.6689
2.92833634 0.6589
2.94571412 0.6452
2.96276536 0.6284
2.97972281 0.6123
2.99648427 0.6022
3.01198931 0.6014
3.02475272 0.6081
3.03391598 0.6182
3.03898585 0.6286
3.04062602 0.6384
3.04036692 0.6479
3.03874517 0.6570
3.03577900 0.6682
3.03266370 0.6858
3.03114490 0.7166
3.03215497 0.7618
3.03632852 0.8056
3.04091604 0.8351
3.04414054 0.8477
3.04650209 0.8450
3.04859967 0.8278
3.05094894 0.7996
3.05537502 0.7664
3.06243653 0.7348
3.07263862 0.7097
3.08430644 0.6902
3.09531066 0.6750
3.10243718 0.6606
3.10461105 0.6471
3.10191087 0.6372
3.09708405 0.6337
3.09046099 0.6395
3.08387772 0.6537
3.07592528 0.6730
3.06507803 0.6923
3.05061560 0.7094
3.03268319 0.7239
3.01273917 0.7361
2.99357225 0.7470
2.97736696 0.7592
2.96593624 0.7683
2.96087681 0.7569
2.96224160 0.7164
2.97146794 0.6791
2.98721027 0.6674
3.00650082 0.6650
3.02723686 0.6654
3.04769054 0.6659
3.06595491 0.6627
3.07868466 0.6542
3.08318305 0.6399
3.08080406 0.6213
3.07349572 0.6021
3.06312241 0.5872
3.04947002 0.5785
3.03002121 0.5737
3.00268278 0.5692
2.96806393 0.5673
2.93159002 0.5853
2.90248755 0.6872
2.88966599 0.8480
2.88664083 0.9293
2.88600300 0.9624
2.88487758 0.9733
2.88180547 0.9709
2.87816456 0.9602
2.87594668 0.9408
2.87655782 0.9124
2.88125810 0.8781
2.88816173 0.8373
2.89547193 0.7878
2.90231740 0.7217
2.90905767 0.6339
2.91884912 0.5622
2.93351751 0.5557
2.95081213 0.5880
2.96444844 0.6241
2.97186917 0.6535
2.97217928 0.6771
2.96714845 0.6988
2.95908531 0.7230
2.95221664 0.7529
2.94756565 0.7910
2.94392248 0.8323
2.93973415 0.8398
2.94018729 0.6326
2.95553702 0.6943
2.97104017 0.7085
2.98495018 0.7177
2.99664639 0.7261
3.00551916 0.7270
3.01095474 0.7159
3.01329519 0.6945
3.01392863 0.6648
3.01308663 0.6351
3.01158564 0.6146
3.00921674 0.6071
3.00480934 0.6096
2.99731355 0.6161
2.98780242 0.6220
2.97802118 0.6264
2.97019369 0.6308
2.96618423 0.6363
2.96652135 0.6423
2.97032227 0.6467
2.97599739 0.6496
2.98212677 0.6503
2.98784868 0.6502
2.99320592 0.6513
2.99708769 0.6540
2.99854601 0.6583
2.99698630 0.6628
2.99184252 0.6638
2.98281868 0.6592
2.97037004 0.6462
2.95590875 0.6249
2.94109469 0.6044
2.92794592 0.6030
2.91774002 0.6269
2.90838900 0.6582
2.89811579 0.6798
2.88873009 0.6788
2.88329479 0.6563
2.88520135 0.6312
2.89328477 0.6207
2.90311186 0.6201
2.91319494 0.6219
2.92225891 0.6260
2.93124614 0.6323
2.94067195 0.6420
2.94982899 0.6542
2.95715042 0.6682
2.96249348 0.6814
2.96527567 0.6919
2.96632853 0.6991
2.96594678 0.7019
2.96430124 0.7003
2.96288218 0.6921
2.96189080 0.6840
2.96083106 0.6812
2.96075908 0.6836
2.96127311 0.6892
2.96276409 0.6934
2.96581698 0.6927
2.96982025 0.6844
2.97433087 0.6684
2.97897389 0.6467
2.98312080 0.6227
2.98750059 0.5996
2.99394520 0.5800
3.00199449 0.5661
3.00907979 0.5590
3.01296624 0.5590
3.01155587 0.5659
3.00324152 0.5803
2.98784485 0.6053
2.96824953 0.6452
2.94765530 0.7019
2.93169602 0.7705
2.92386098 0.8380
2.92500829 0.8889
2.93263442 0.9181
2.94384412 0.9300
2.95583722 0.9299
2.96708726 0.9194
2.97719129 0.8979
2.98561574 0.8678
2.99156869 0.8297
2.99400400 0.7880
2.99289150 0.7442
2.98996961 0.7048
2.98679343 0.6707
2.98398700 0.6459
2.98090826 0.6310
2.97719835 0.6244
2.97176416 0.6247
2.96372037 0.6321
2.95255761 0.6486
2.93948768 0.6737
2.92631701 0.7085
2.91702667 0.7491
2.91346190 0.7877
2.91567908 0.8148
2.92159082 0.8246
2.92929322 0.8163
2.93805449 0.7922
2.94872247 0.7569
2.96203183 0.7183
2.97640316 0.6812
2.98973293 0.6474
3.00113415 0.6174
3.00899528 0.5920
3.01224584 0.5718
3.01151154 0.5576
3.00735971 0.5499
2.99997351 0.5478
2.98912838 0.5506
2.97375705 0.5576
2.95495947 0.5690
2.93451394 0.5876
2.91704981 0.6224
2.90829599 0.6811
2.91154888 0.7493
2.92280077 0.8049
2.93726831 0.8450
2.94910565 0.8723
2.95570812 0.8881
2.95790467 0.8890
2.95970033 0.8638
2.96726885 0.8046
2.98482175 0.7253
3.01259790 0.6525
3.04519384 0.5974
3.07703285 0.5572
3.10402183 0.5277
3.12263389 0.5062
3.13255742 0.4909
3.13154230 0.4809
3.11667575 0.4768
3.08708005 0.4777
3.04490338 0.4826
2.99565491 0.4943
2.94595091 0.5263
2.90716263 0.6324
2.89246439 0.8130
2.89572542 0.9098
2.90364281 0.9461
2.90941552 0.9575
2.91136108 0.9543
2.90999521 0.9372
2.90841709 0.8983
2.91008775 0.8232
2.91796110 0.7138
2.93265465 0.5983
2.95242850 0.5083
2.97324344 0.4541
2.99232512 0.4261
3.00721380 0.4179
3.01627787 0.4250
3.01612589 0.4434
3.00591110 0.4699
2.98694243 0.5025
2.96479361 0.5454
2.94781275 0.6282
2.94744284 0.7633
2.96366690 0.8445
2.98739082 0.8781
3.01213181 0.8902
3.03335085 0.8936
3.04820129 0.8925
3.05667031 0.8846
3.06148656 0.8701
3.06373476 0.8500
3.06431638 0.8245
3.06425705 0.7980
3.06438147 0.7755
3.06476374 0.7573
3.06560904 0.7434
3.06678914 0.7337
3.06761064 0.7268
3.06610669 0.7242
3.06166089 0.7247
3.05436965 0.7260
3.04519815 0.7278
3.03535438 0.7314
3.02813038 0.7391
3.02497536 0.7514
3.02523736 0.7665
3.02756040 0.7804
3.03073205 0.7893
3.03432268 0.7911
3.03861883 0.7847
3.04248915 0.7711
3.04493734 0.7525
3.04503913 0.7330
3.04268521 0.7173
3.03878120 0.7068
3.03516178 0.7040
3.03250671 0.7090
3.03177990 0.7203
3.03281688 0.7347
3.03532613 0.7467
3.03765149 0.7530
3.03893200 0.7525
3.03829855 0.7470
3.03524028 0.7389
3.02964742 0.7323
3.02183298 0.7279
3.01236914 0.7254
3.00383222 0.7400
3.00468702 0.8337
3.01379355 0.8618
3.02509537 0.8511
3.03536971 0.8294
3.04275609 0.8041
3.04548882 0.7793
3.04329279 0.7601
3.03646819 0.7509
3.02533528 0.7549
3.01173778 0.7767
2.99718845 0.8285
2.98519789 0.9180
2.98051490 0.9932
2.98281439 0.9987
2.98741527 0.9782
2.99179043 0.9534
2.99431628 0.9288
2.99230055 0.9058
2.98521741 0.8871
2.97238489 0.8718
2.95205977 0.8594
2.92563513 0.8513
2.89735646 0.8431
2.87542063 0.8047
2.88101433 0.7602
2.90278062 0.7513
2.92699741 0.7406
2.95006832 0.7301
2.97025865 0.7207
2.98667498 0.7140
2.99995934 0.7097
3.01133634 0.7087
3.02097800 0.7099
3.02919179 0.7130
3.03567272 0.7175
3.04037188 0.7222
3.04412498 0.7281
3.04876869 0.7357
3.05325157 0.7455
3.05639138 0.7573
3.05952788 0.7705
3.06174880 0.7843
3.06289270 0.7967
3.06156137 0.8071
3.05896713 0.8145
3.05535269 0.8195
3.04955691 0.8235
3.04091039 0.8278
3.02856017 0.8342
3.01274141 0.8418
2.99335465 0.8489
2.97132926 0.8524
2.97114552 0.9270
2.97430273 0.9228
2.97416198 0.9166
2.97082102 0.9088
2.96491695 0.8997
2.95588527 0.8908
2.94432748 0.8840
2.93137182 0.8789
2.91866397 0.8737
2.90717615 0.8618
2.90185462 0.8323
2.90571193 0.7988
2.91713866 0.7820
2.93305316 0.7764
2.95140464 0.7787
2.96991183 0.7860
2.98727645 0.7954
3.00236772 0.8036
3.01367796 0.8080
3.02174113 0.8065
3.02665237 0.7986
3.02780661 0.7855
3.02603401 0.7692
3.02244358 0.7542
3.01669712 0.7444
3.00734153 0.7422
2.99380914 0.7452
2.97946734 0.7534
2.96549933 0.7734
2.95793643 0.8068
2.95582902 0.8306
2.95746052 0.8351
2.96106776 0.8245
2.96652004 0.8005
2.97372434 0.7672
2.98227634 0.7343
2.99084224 0.7126
2.99744471 0.7049
3.00176409 0.7058
3.00453084 0.7076
3.00664837 0.7056
3.01008108 0.6996
3.01516808 0.6929
3.02185743 0.6868
3.02931091 0.6811
3.03491440 0.6745
3.03560230 0.6672
3.02906918 0.6621
3.01633848 0.6630
2.99973448 0.6735
2.98275167 0.6937
2.96612438 0.7250
2.95149606 0.7599
2.93773295 0.7875
2.92566561 0.7991
2.91729862 0.7881
2.91517738 0.7510
2.92140229 0.7232
2.93299729 0.7233
2.94528685 0.7335
2.95695335 0.7435
2.96731686 0.7488
2.97701045 0.7503
2.98613630 0.7491
2.99500713 0.7475
3.00487490 0.7463
3.01386701 0.7464
3.01994519 0.7474
3.02213178 0.7491
3.02042935 0.7515
3.01704797 0.7560
3.01391220 0.7674
3.01187159 0.7854
3.01052869 0.8084
3.00960413 0.8297
3.00931180 0.8457
3.00998332 0.8556
3.01102336 0.8585
3.01191216 0.8553
3.01321724 0.8471
3.01467621 0.8360
3.01608961 0.8248
3.01582602 0.8129
3.01275385 0.8007
3.00630328 0.7879
2.99604260 0.7747
2.98256828 0.7642
2.96680057 0.7545
2.94950674 0.7449
2.93128585 0.7366
2.91230090 0.7323
2.89291357 0.7398
2.87517308 0.7933
2.86418722 0.9049
2.86026791 0.9702
2.85970101 0.9977
2.86374242 1.0059
2.87217929 0.9816
2.88534817 0.9144
2.90174187 0.8341
2.91757968 0.7800
2.93034831 0.7500
2.93845196 0.7377
2.94196942 0.7297
2.94486312 0.7535
2.96081027 0.8962
2.97607926 0.9108
2.98887630 0.9143
2.99733483 0.9143
3.00047819 0.9175
2.99916546 0.9223
2.99664071 0.9320
2.99444309 0.9457
2.99398872 0.9607
2.99511100 0.9771
2.99750510 0.9925
3.00011037 1.0052
3.00401769 0.9998
3.01191451 0.8638
3.02754237 0.7480
3.04137014 0.7227
3.05025217 0.7083
3.05390600 0.6981
3.05334404 0.6906
3.04927565 0.6864
3.04451134 0.6850
3.04075000 0.6863
3.03930129 0.6904
3.03931566 0.6964
3.03961070 0.7025
3.03846368 0.7064
3.03497809 0.7071
3.03128716 0.7017
3.02782764 0.6909
3.02727612 0.6747
3.02936979 0.6563
3.03319294 0.6393
3.03855191 0.6255
3.04372460 0.6160
3.04730498 0.6101
3.04656495 0.6066
3.04119704 0.6025
3.03143534 0.5970
3.01719790 0.5893
3.00124568 0.5807
2.98287187 0.5721
2.96420469 0.5639
2.94781624 0.5589
2.93622514 0.5564
2.92877741 0.5598
2.92515427 0.5807
2.92359145 0.6463
2.92261619 0.7147
2.91955720 0.7334
2.91506418 0.7107
2.91216254 0.6532
2.91249099 0.6095
2.91707807 0.5829
2.92499305 0.5690
2.93409175 0.5610
2.94094611 0.5574
2.94336695 0.5558
2.94089532 0.5552
2.93416090 0.5541
2.92499587 0.5527
2.91575768 0.5517
2.90524959 0.5505
2.89543553 0.5511
2.88918343 0.5870
2.89285343 0.7008
2.90425220 0.7654
2.91878301 0.7775
2.93361777 0.7710
2.94670127 0.7507
2.95729768 0.7218
2.96612486 0.6910
2.97596041 0.6680
2.98871298 0.6583
3.00192795 0.6586
3.01481949 0.6629
3.02677654 0.6676
3.03724497 0.6701
3.04401220 0.6697
3.04783002 0.6665
3.04922178 0.6620
3.04822855 0.6611
3.04359986 0.6670
3.03609086 0.6799
3.02635849 0.6991
3.01418617 0.7237
2.99972381 0.7500
2.98452338 0.7714
2.96937534 0.7798
2.95614225 0.7517
2.95580642 0.7715
2.96830981 0.8262
2.98060738 0.8316
2.99027119 0.8262
2.99621802 0.8148
2.99852268 0.8075
2.99809517 0.8033
2.99492986 0.8034
2.98958477 0.8045
2.98134233 0.8044
2.97127376 0.8025
2.95965030 0.7969
2.94785262 0.7842
2.93654924 0.7626
2.92626004 0.7357
2.91580121 0.7133
2.90621556 0.7046
2.89690144 0.7212
2.88913817 0.7886
2.88513511 0.8424
2.88483023 0.8245
2.89012002 0.7472
2.90231249 0.6682
2.92083102 0.6200
2.94412189 0.5958
2.96940036 0.5853
2.99201620 0.5842
3.00999357 0.5880
3.02272696 0.5965
3.02977955 0.6073
3.03282266 0.6183
3.03353674 0.6286
3.03374545 0.6367
3.03351999 0.6425
3.03115608 0.6463
3.02600272 0.6485
3.01672773 0.6519
3.00494780 0.6578
2.99164268 0.6675
2.97744727 0.6796
2.96370953 0.6915
2.95321223 0.6968
2.94879970 0.6852
2.95195930 0.6597
2.96210248 0.6411
2.97563622 0.6401
2.98885802 0.6508
2.99842226 0.6689
3.00447943 0.6915
3.00761502 0.7157
3.00781827 0.7351
3.00563671 0.7510
3.00276550 0.7606
3.00024645 0.7650
2.99802610 0.7665
2.99509474 0.7670
2.99081359 0.7697
2.98629252 0.7769
2.98369920 0.7925
2.98329135 0.8163
2.98472422 0.8465
2.98640866 0.8789
2.98829240 0.9072
2.99076857 0.9268
2.99400153 0.9355
2.99785540 0.9267
3.00321727 0.8922
3.01253101 0.8384
3.02491767 0.7970
3.03845706 0.7828
3.05001677 0.7806
3.05778692 0.7795
3.06215712 0.7766
3.06512040 0.7725
3.06660957 0.7674
3.06629632 0.7620
3.06398122 0.7582
3.05858734 0.7566
3.05101338 0.7581
3.04250726 0.7651
3.03465022 0.7776
3.02608132 0.7960
3.01734483 0.8154
3.00822875 0.8310
2.99908050 0.8372
2.99063634 0.8357
2.98226043 0.8279
2.97413002 0.8164
2.96715294 0.8049
2.96200301 0.7969
2.95845875 0.7948
2.95553509 0.7996
2.95216085 0.8061
2.94901431 0.8152
2.94725010 0.8208
2.94665232 0.8212
2.94679457 0.8151
2.94729063 0.8035
2.94838195 0.7862
2.94876976 0.7720
2.94904358 0.7495
2.94853590 0.7208
2.95693776 0.9851
2.96188102 0.9891
2.96257697 0.9883
2.96023475 0.9726
2.95750178 0.7749
2.96423383 0.6763
2.97229562 0.6795
2.97786209 0.6877
2.97965224 0.6980
2.97714740 0.7085
2.97055802 0.7182
2.96115956 0.7257
2.95193270 0.7298
2.94469879 0.7297
2.94064130 0.7253
2.94079208 0.7163
2.94486478 0.7027
2.95150320 0.6850
2.95895857 0.6634
2.96276219 0.6389
2.96163824 0.6133
2.95531976 0.5871
2.94513492 0.5622
2.93245908 0.5448
2.92211000 0.5511
2.91839543 0.6041
2.92292575 0.6822
2.93243225 0.7408
2.94219848 0.7752
2.94884693 0.7983
2.94935571 0.8148
2.94351658 0.8287
2.93232866 0.8432
2.91846934 0.8619
2.90484834 0.8874
2.89347908 0.9232
2.88571829 0.9731
2.88224253 1.0386
2.88908837 0.9838
2.90823949 0.8254
2.93133254 0.7504
2.95372311 0.7004
2.97290486 0.6596
2.98741839 0.6232
2.99714704 0.5930
3.00163137 0.5709
3.00276049 0.5578
3.00191290 0.5553
3.00053900 0.5618
2.99817825 0.5736
2.99394916 0.5870
2.98814559 0.5990
2.98097520 0.6078
2.97196198 0.6142
2.96387488 0.6171
2.95794526 0.6167
2.95558846 0.6131
2.95789238 0.6064
2.96408222 0.5955
2.97430439 0.5798
2.98835000 0.5612
3.00451129 0.5414
3.02072266 0.5212
3.03462991 0.5019
3.04528136 0.4861
3.04883509 0.4760
3.04338260 0.4743
3.03114555 0.4817
3.01519398 0.5002
2.99876169 0.5291
2.98458041 0.5645
2.97383495 0.5996
2.96630126 0.6273
2.96059524 0.6454
2.95557122 0.6551
2.95131970 0.6587
2.94842918 0.6588
2.94694349 0.6570
2.94728688 0.6523
2.94821474 0.6437
2.94998558 0.6307
2.95368989 0.6155
2.96000334 0.6051
2.97065537 0.6037
2.98315622 0.6071
2.99412781 0.6119
3.00041833 0.6154
2.99784588 0.6182
2.98805794 0.6220
2.97365406 0.6455
2.96449978 0.8007
2.96810207 0.9299
2.97481598 0.9590
2.98183635 0.9656
2.98944134 0.9666
2.99867285 0.9678
3.00817473 0.9693
3.01736992 0.9724
3.02440074 0.9750
3.02887587 0.9735
3.03069207 0.9590
3.03161978 0.9178
3.03479883 0.8384
3.04252924 0.7358
3.05650819 0.6503
3.07486708 0.6023
3.09298642 0.5809
3.10621933 0.5731
3.11207576 0.5718
3.10806448 0.5745
3.09525180 0.5804
3.07618227 0.5897
3.05575233 0.6022
3.03725425 0.6181
3.02268407 0.6371
3.01096185 0.6570
3.00210522 0.6751
2.99444174 0.6915
2.98623656 0.7049
2.97789191 0.7136
2.97006916 0.7183
2.96520758 0.7177
2.96538241 0.7156
2.97165595 0.7145
2.98278939 0.7138
2.99607397 0.7139
3.00864483 0.7167
3.01780559 0.7242
3.02314829 0.7375
3.02345335 0.7564
3.01923343 0.7917
3.01928955 0.9321
3.02762148 0.9078
3.03367031 0.8865
3.03782702 0.8648
3.04025674 0.8452
3.04127802 0.8300
3.04052318 0.8207
3.03798447 0.8200
3.03260827 0.8282
3.02402232 0.8456
3.01309817 0.8713
3.00275891 0.9018
2.99806388 0.9159
3.00463146 0.8885
3.01900913 0.8504
3.03504431 0.8201
3.04789659 0.7984
3.05517521 0.7852
3.05577288 0.7805
3.04932282 0.7835
3.03626213 0.7931
3.01866904 0.8059
2.99849771 0.8171
2.97854333 0.8216
2.96137701 0.7956
2.95369497 0.7235
2.95928906 0.7302
2.96797372 0.7364
2.97505112 0.7423
2.97888775 0.7498
2.97800802 0.7568
2.97412976 0.7597
2.96801985 0.7566
2.96354779 0.7487
2.96363361 0.7423
2.96768432 0.7401
2.97259700 0.7431
2.97581431 0.7517
2.97560177 0.7672
2.97218418 0.7878
2.96599946 0.8138
2.95800064 0.8470
2.95115583 0.8945
2.95130853 0.9118
2.95769968 0.8794
2.96498921 0.8423
2.97092555 0.8072
2.97508833 0.7792
2.97665179 0.7610
2.97483071 0.7549
2.97046500 0.7576
2.96420269 0.7648
2.95613788 0.7725
2.94669892 0.7780
2.93725605 0.7801
2.92847028 0.7801
2.92101044 0.7793
2.91433772 0.7796
2.90769120 0.7831
2.90194562 0.7925
2.89762549 0.8092
2.89549373 0.8339
2.89702029 0.8660
2.90291604 0.8938
2.91163222 0.9091
2.92032263 0.9125
2.92686867 0.9055
2.93024823 0.8892
2.93125000 0.8659
2.92958377 0.8423
2.92636781 0.8285
2.92557323 0.8709
2.93428957 0.8928
2.94613378 0.8873
2.95979908 0.8753
2.97426832 0.8615
2.98830515 0.8469
3.00035618 0.8320
3.00973434 0.8158
3.01534584 0.8004
3.01596269 0.7872
3.01171013 0.7777
3.00260443 0.7738
2.98897973 0.7775
2.97215222 0.7915
2.95525086 0.8183
2.94201107 0.8570
2.93549657 0.8934
2.93497685 0.9085
2.93664407 0.9082
2.93751087 0.9027
2.93650932 0.8975
2.93194081 0.8953
2.92378969 0.8971
2.91402087 0.9018
2.90614773 0.9028
2.90718120 0.8753
2.91584823 0.8532
2.92469235 0.8425
2.93154867 0.8323
2.93822032 0.8198
2.94464269 0.8065
2.95196557 0.7945
2.95948768 0.7842
2.96558207 0.7765
2.96882791 0.7702
2.96735604 0.7661
2.96191643 0.7640
2.95430260 0.7631
2.94561196 0.7639
2.93700351 0.7683
2.92810674 0.7719
2.92100951 0.7462
2.92333508 0.8252
2.92881611 0.8361
2.93494076 0.8405
2.94195186 0.8479
2.94922349 0.8583
2.95616564 0.8704
2.96196562 0.8830
2.96517758 0.8959
2.96532055 0.9070
2.96373567 0.9153
2.96064413 0.9207
2.95745116 0.9235
2.95506141 0.9245
2.95452018 0.9227
2.95790010 0.9142
2.96571787 0.8970
2.97637078 0.8822
2.98508557 0.8685
2.99200140 0.8569
2.99579547 0.8435
2.99876317 0.8259
3.00497969 0.8085
3.01653859 0.7980
3.02975765 0.7924
3.03996941 0.7896
3.04556438 0.7894
3.04483677 0.7901
3.03892612 0.7914
3.02978880 0.7934
3.01885941 0.7972
3.00636973 0.8021
2.99298934 0.8093
2.97828935 0.8193
2.96264991 0.8321
2.94818336 0.8584
2.94312567 0.8966
2.94734789 0.8948
2.95136343 0.8937
2.95269774 0.8951
2.95149916 0.8941
2.95006226 0.8788
2.95268268 0.8383
2.96346744 0.7853
2.98078746 0.7443
3.00024622 0.7215
3.01761210 0.7144
3.02923388 0.7228
3.03499984 0.7446
3.03586545 0.7767
3.03454066 0.8141
3.03206134 0.8497
3.02844464 0.8781
3.02405935 0.8992
3.02055224 0.9126
3.01889482 0.9184
3.02030912 0.9187
3.02276450 0.9166
3.02385492 0.9146
3.02199948 0.9140
3.01608647 0.9157
3.00556749 0.9197
2.99068217 0.9290
3.00528269 0.8011
3.03257243 0.7920
3.05859519 0.7813
3.08232713 0.7693
3.10184390 0.7569
3.11611645 0.7455
3.12528784 0.7362
3.12943533 0.7297
3.12773254 0.7275
3.12045746 0.7288
3.10733925 0.7336
3.08881439 0.7399
3.06686797 0.7474
3.04374959 0.7536
3.02180643 0.7588
3.00347443 0.7628
2.99038371 0.7675
2.98350235 0.7772
2.97993411 0.7882
2.97764905 0.7924
2.97656999 0.7897
2.97843623 0.7886
2.98314822 0.7895
2.99031565 0.7875
2.99859589 0.7821
3.00713125 0.7736
3.01659400 0.7628
3.02628645 0.7511
3.03511303 0.7399
3.04077536 0.7309
3.04217897 0.7260
3.03808154 0.7254
3.02865767 0.7276
3.01442043 0.7307
2.99596454 0.7332
2.97646510 0.7350
2.95761262 0.7350
2.94089277 0.7333
2.92699716 0.7312
2.91781390 0.7341
2.91548530 0.7505
2.91879405 0.7728
2.92406318 0.7862
2.92861980 0.7902
2.93172159 0.7867
2.93493638 0.7783
2.93974185 0.7663
2.94812048 0.7553
2.95994339 0.7494
2.97277929 0.7494
2.98576657 0.7536
2.99668678 0.7612
3.00435247 0.7718
3.00768191 0.7850
3.00788750 0.7995
3.00641168 0.8158
3.00524829 0.8341
3.00531250 0.8539
3.00618127 0.8733
3.00542532 0.8920
3.00218402 0.9067
2.99473373 0.9156
2.99098717 0.8486
3.00863265 0.8525
3.02530486 0.8443
3.04041269 0.8353
3.05378447 0.8275
3.06465795 0.8213
3.07249397 0.8164
3.07749326 0.8125
3.07948125 0.8090
3.07840587 0.8062
3.07352275 0.8044
3.06476544 0.8035
3.05264541 0.8030
3.03695134 0.8021
3.01900008 0.8009
3.00034124 0.7985
2.98188267 0.7958
2.96414525 0.7936
2.94805234 0.7932
2.93420904 0.7951
2.92354146 0.8021
2.91722492 0.8214
2.91626922 0.8498
2.92033373 0.8664
2.92775870 0.8721
2.93650942 0.8722
2.94420868 0.8688
2.94966982 0.8625
2.95222919 0.8547
2.95123606 0.8476
2.94818717 0.8415
2.94446366 0.8376
2.94105617 0.8363
2.93850782 0.8337
2.93747428 0.8274
2.93809313 0.8061
2.94199365 0.7595
2.95084691 0.7873
2.96136792 0.8135
2.97121741 0.8302
2.98085840 0.8468
2.98971411 0.8610
2.99797737 0.8796
3.00478275 0.9033
3.01080699 0.9298
3.01732117 0.9497
3.02490508 0.9506
3.03220403 0.9297
3.03749706 0.8981
3.03927117 0.8678
3.03707819 0.8444
3.03205969 0.8256
3.02508399 0.8145
3.01761294 0.8092
3.01026185 0.8095
3.00342319 0.8198
2.99554977 0.8450
2.98733996 0.9347
2.98753034 0.9311
2.99193424 0.9085
2.99655724 0.9011
3.00145861 0.8940
3.00609913 0.8843
3.00991387 0.8752
3.01178405 0.8660
3.01001787 0.8562
3.00671920 0.8272
3.00721199 0.7409
3.01859698 0.7314
3.03143415 0.7361
3.04145164 0.7359
3.04882051 0.7327
3.05314032 0.7276
3.05537857 0.7222
3.05664808 0.7190
3.05740093 0.7205
3.05879067 0.7273
3.06207547 0.7376
3.06786444 0.7492
3.07568432 0.7606
3.08494697 0.7702
3.09488901 0.7750
3.10492431 0.7747
3.11433773 0.7711
3.12232670 0.7669
3.12780120 0.7631
3.12861927 0.7625
3.12498783 0.7665
3.11830439 0.7744
3.10832851 0.7854
3.09571765 0.7985
3.08056035 0.8116
3.06447581 0.8237
3.04782345 0.8348
3.03234112 0.8489
3.02278835 0.8855
3.02621873 0.9012
3.03216877 0.8937
3.03480369 0.8899
3.03421515 0.8927
3.03040741 0.9002
3.02460535 0.9087
3.01788315 0.9157
3.01056736 0.9197
3.00383485 0.9203
2.99773490 0.9177
2.99180143 0.9148
2.98596604 0.9123
2.98332880 0.8188
2.98788268 0.8177
2.98991874 0.8165
2.98910157 0.8163
2.98567989 0.8162
2.97938103 0.8179
2.97071349 0.8230
2.96227107 0.8501
2.95745265 0.9039
2.95539281 0.9237
2.95278216 0.9350
2.94813798 0.9458
2.94359301 0.9295
2.94364407 0.8567
2.94889000 0.8118
2.95591671 0.7936
2.96261094 0.7861
2.96766382 0.7820
2.97160939 0.7779
2.97441749 0.7722
2.97763139 0.7638
2.98031519 0.7550
2.98136037 0.7461
2.97941388 0.7390
2.97467802 0.7354
2.96864592 0.7379
2.96550783 0.7506
2.96809342 0.7738
2.97517389 0.7972
2.98311383 0.8176
2.98792290 0.8374
2.98713801 0.8585
2.98009353 0.8810
2.96885477 0.9035
2.95476535 0.9196
2.94067923 0.9144
2.93258244 0.8340
2.94107063 0.7876
2.95444958 0.7854
2.96604104 0.7846
2.97526483 0.7833
2.98172275 0.7828
2.98428564 0.7823
2.98371972 0.7844
2.97894838 0.7894
2.97058482 0.7974
2.95967487 0.8087
2.94735855 0.8229
2.93508225 0.8381
2.92556827 0.8538
2.92127766 0.8698
2.92393674 0.8869
2.93457452 0.8975
2.94859797 0.8993
2.96198572 0.8971
2.97390450 0.8903
2.98439855 0.8805
2.99281636 0.8692
2.99919548 0.8596
3.00324653 0.8507
3.00584968 0.8451
3.00604048 0.8429
3.00474063 0.8442
3.00138374 0.8498
2.99634223 0.8623
2.99078905 0.8803
2.98725047 0.8944
2.98598864 0.8950
2.98575379 0.8837
2.98540412 0.8663
2.98462840 0.8471
2.98333473 0.8297
2.98065845 0.8152
2.97625297 0.8045
2.96915929 0.7981
2.95940386 0.7949
2.94749526 0.7932
2.93456471 0.7925
2.92211354 0.7904
2.91091284 0.7867
2.90220722 0.7817
2.89703346 0.7796
2.89605000 0.7834
2.89744880 0.7883
2.89945803 0.7916
2.90054330 0.7935
2.90087756 0.7953
2.90116341 0.7990
2.90323193 0.8096
2.91049374 0.8397
2.92290665 0.8623
2.93722911 0.8735
2.95205424 0.8835
2.96655469 0.8942
2.98033465 0.9027
2.99473275 0.9071
3.01030152 0.9064
3.02753478 0.9014
3.04566847 0.8925
3.06484873 0.8809
3.08435974 0.8688
3.10275583 0.8558
3.11889145 0.8438
3.13045477 0.8311
3.13766645 0.8208
3.14063868 0.8147
3.13807133 0.8108
3.13023100 0.8096
3.11758742 0.8126
3.10105021 0.8195
3.08129065 0.8308
3.05991519 0.8446
3.03789501 0.8624
3.01583487 0.8858
3.00164910 0.9876
3.01280293 0.9379
3.02550161 0.9164
3.03879039 0.8977
3.05053567 0.8805
3.05980596 0.8668
3.06546835 0.8559
3.06713824 0.8473
3.06635408 0.8400
3.06407191 0.8340
3.06021872 0.8282
3.05461830 0.8223
3.04772358 0.8164
3.03848747 0.8106
3.02687443 0.8056
3.01230832 0.8001
2.99767205 0.7956
2.98376426 0.7914
2.97343263 0.7903
2.96714744 0.7941
2.96403922 0.7997
2.96389096 0.8062
2.96731533 0.8134
2.97407593 0.8205
2.98245597 0.8252
2.99093104 0.8283
2.99976058 0.8297
3.00783113 0.8298
3.01543261 0.8280
3.02177220 0.8248
3.02628290 0.8207
3.02866924 0.8144
3.02883734 0.8083
3.02630999 0.8029
3.02073585 0.7956
3.01229177 0.7868
3.00197121 0.7761
2.99073853 0.7635
2.98069977 0.7565
2.97514268 0.7621
2.97352612 0.7460
2.97574982 0.7260
2.98231765 0.7132
2.99233498 0.7065
3.00388541 0.7055
3.01664611 0.7107
3.02799555 0.7210
3.03720746 0.7353
3.04419771 0.7537
3.05036172 0.7768
3.05828754 0.8028
3.06906297 0.8274
3.08299443 0.8456
3.09928381 0.8556
3.11528478 0.8590
3.12781177 0.8575
3.13524377 0.8531
3.13682117 0.8484
3.13090649 0.8466
3.11795452 0.8493
3.10019321 0.8564
3.07924723 0.8678
3.05691439 0.8793
3.03528414 0.8866
3.01640821 0.8860
3.00169061 0.8702
2.99225344 0.8315
2.99036038 0.7779
2.99627195 0.7606
3.00496346 0.7689
3.01396303 0.7747
3.02077542 0.7723
3.02539713 0.7620
3.02847799 0.7470
3.03005989 0.7352
3.03043038 0.7376
3.02730421 0.7555
3.01949361 0.7879
3.00869370 0.8555
2.99986154 0.9413
2.99523830 0.9643
2.99193825 0.9601
2.99057561 0.9487
2.99072995 0.9329
2.99277553 0.9144
2.99641961 0.8959
3.00094987 0.8794
3.00449965 0.8654
3.00560758 0.8547
3.00340810 0.8457
2.99947114 0.8361
2.99614095 0.8233
2.99910371 0.8100
3.01192598 0.8057
3.03064738 0.8066
3.04983551 0.8103
3.06604906 0.8157
3.07642193 0.8230
3.07912347 0.8310
3.07405697 0.8393
3.06190668 0.8490
3.04366628 0.8603
3.02022830 0.8724
2.99427858 0.8852
2.96861478 0.8968
2.94502538 0.9062
2.92436637 0.9121
2.90753695 0.9140
2.89527558 0.9090
2.91057401 0.8204
2.92816301 0.8212
2.94355276 0.8229
2.95525923 0.8257
2.96263917 0.8293
2.96580773 0.8333
2.96475734 0.8386
2.96010679 0.8442
2.95329256 0.8511
2.94527575 0.8586
2.93742857 0.8649
2.93008334 0.8678
2.92421475 0.8629
2.92108477 0.8462
2.92127434 0.8173
2.92450672 0.7902
2.92991776 0.7711
2.93608609 0.7591
2.94067226 0.7536
2.94304591 0.7537
2.94287017 0.7591
2.94189769 0.7694
2.94060523 0.7904
2.94099979 0.8291
2.94467397 0.8787
2.95111296 0.9126
2.95855315 0.9265
2.96553938 0.9307
2.96981032 0.9280
2.97093214 0.9229
2.96939438 0.9176
2.96618116 0.9151
2.96232606 0.9147
2.96008740 0.9144
2.96186095 0.9076
2.97001266 0.8893
2.98511923 0.8617
3.00564580 0.8342
3.02943281 0.8136
3.05374688 0.7997
3.07458530 0.7924
3.08995092 0.7907
3.09838702 0.7927
3.09968864 0.7974
3.09369442 0.8040
3.08073393 0.8115
3.06271449 0.8188
3.04118808 0.8248
3.01935483 0.8241
3.00616878 0.8520
3.01039203 0.8869
3.01412861 0.8864
3.01457592 0.8819
3.01133424 0.8765
3.00334592 0.8704
2.99063965 0.8638
2.97449065 0.8548
2.95565079 0.8432
2.93481502 0.8314
2.91504791 0.8241
2.90009062 0.8293
2.89257283 0.8423
2.88990517 0.8468
2.88875441 0.8438
2.88802478 0.8371
2.88607116 0.8295
2.88273384 0.8218
2.87726160 0.8154
2.87106699 0.8115
2.86430860 0.8095
2.85829123 0.8027
2.86087875 0.7746
2.87119429 0.7901
2.88190743 0.8029
2.89153519 0.8148
2.89960948 0.8245
2.90641633 0.8299
2.91260079 0.8274
2.91871588 0.8153
2.92572939 0.7912
2.93493496 0.7598
2.94792072 0.7298
2.96382787 0.7080
2.98182600 0.6933
2.99957827 0.6832
3.01560202 0.6766
3.02925716 0.6735
3.04009996 0.6754
3.04693265 0.6820
3.05032975 0.6934
3.04954876 0.7103
3.04473695 0.7316
3.03640428 0.7566
3.02517704 0.7844
3.01174284 0.8134
2.99722747 0.8420
2.98304020 0.8685
2.97019412 0.8910
2.95907325 0.9068
2.95100812 0.9144
2.94749867 0.9016
2.95401241 0.8375
2.96402140 0.8342
2.97063212 0.8437
2.97482190 0.8473
2.97846039 0.8409
2.98332740 0.8300
2.98973468 0.8216
2.99680729 0.8160
3.00395511 0.8117
3.01132934 0.8075
3.01864468 0.8043
3.02550243 0.8020
3.03083155 0.8011
3.03407729 0.8007
3.03536942 0.7980
3.03368793 0.7911
3.02984507 0.7801
3.02453962 0.7670
3.01770025 0.7549
3.00937859 0.7487
2.99907783 0.7509
2.98635598 0.7621
2.97274190 0.7822
2.96229200 0.8110
2.95809448 0.8357
2.96027587 0.8452
2.96659414 0.8455
2.97457126 0.8431
2.98320656 0.8400
2.99106920 0.8380
2.99690025 0.8375
3.00055144 0.8387
3.00188311 0.8425
3.00214458 0.8484
3.00144454 0.8553
3.00005202 0.8622
2.99915947 0.8652
2.99877172 0.8616
2.99959861 0.8511
3.00231893 0.8360
3.00772275 0.8200
3.01483033 0.8074
3.02125535 0.7999
3.02482791 0.7983
3.02591894 0.8018
3.02376100 0.8103
3.01879453 0.8225
3.01122453 0.8347
3.00211207 0.8456
2.99201134 0.8540
2.98121731 0.8610
2.97095291 0.8692
2.96263348 0.8821
2.95997866 0.8976
2.96383695 0.9044
2.97230536 0.8989
2.98168499 0.8853
2.98974464 0.8673
2.99649488 0.8477
3.00102118 0.8304
3.00255803 0.8186
3.00160001 0.8129
2.99745763 0.8120
2.99013647 0.8133
2.97985338 0.8153
2.96757466 0.8160
2.95540611 0.8175
2.94652514 0.8271
2.94267967 0.8468
2.94330354 0.8686
2.94579160 0.8844
2.94767663 0.8943
2.94786555 0.9022
2.94475361 0.9091
2.93838671 0.9159
2.92952489 0.9212
2.94675429 0.7857
2.97355533 0.7716
2.99757146 0.7605
3.01819361 0.7520
3.03419367 0.7477
3.04397882 0.7506
3.04448981 0.7599
3.03578090 0.7736
3.01958062 0.7891
2.99763796 0.8028
2.97195089 0.8131
2.94561796 0.8183
2.92256300 0.8202
2.90492323 0.8224
2.90357531 0.9061
2.91403383 0.9037
2.92582900 0.8868
2.93734544 0.8672
2.94775120 0.8482
2.95559043 0.8330
2.96083811 0.8197
2.96384113 0.8068
2.96454637 0.7900
2.96516398 0.7576
2.97087849 0.7311
2.98157359 0.7386
2.99286294 0.7519
3.00269596 0.7656
3.00996250 0.7784
3.01415599 0.7879
3.01529237 0.7924
3.01281973 0.7926
3.00761284 0.7914
3.00059871 0.7904
2.99265532 0.7921
2.98470851 0.7979
2.97919416 0.9615
2.99302582 0.9491
3.00588883 0.9341
3.01550032 0.9177
3.02093321 0.9005
3.02204224 0.8837
3.01969943 0.8687
3.01396724 0.8557
3.00717117 0.8458
3.00016346 0.8402
2.99231226 0.8407
2.98284343 0.8471
2.97156715 0.8506
2.96267903 0.8251
2.95816833 0.7991
2.95530608 0.7864
2.95350988 0.7806
2.95270746 0.7799
2.95266610 0.7847
2.95300190 0.7944
2.95286824 0.8085
2.95377722 0.8257
2.95604631 0.8453
2.95873671 0.8663
2.96099363 0.8863
2.97878558 0.8186
3.00129991 0.7891
3.02153246 0.7605
3.03816203 0.7358
3.05062040 0.7180
3.05913691 0.7095
3.06330611 0.7132
3.06283570 0.7283
3.05719015 0.7520
3.04649756 0.7807
3.03256731 0.8112
3.01851661 0.8406
3.00837823 0.8640
3.00397017 0.8743
3.00512812 0.8715
3.00935089 0.8611
3.01627799 0.8469
3.02714204 0.8303
3.04144138 0.8089
3.05778698 0.7823
3.07335618 0.7509
3.08543856 0.7175
3.09382755 0.6866
3.09904226 0.6640
3.10335429 0.6552
3.10760295 0.6608
3.11060370 0.6765
3.11076584 0.7005
3.10754495 0.7295
3.09964597 0.7608
3.08655083 0.7918
3.06836449 0.8190
3.04685372 0.8399
3.02466003 0.8530
3.00438936 0.8585
2.98717280 0.8571
2.97290697 0.8514
2.96035700 0.8433
2.94784354 0.8369
2.93503801 0.8365
2.92526835 0.8543
2.93299892 0.8384
2.94356901 0.8092
2.95317321 0.7760
2.96126350 0.7436
2.96879460 0.7162
2.97665328 0.6974
2.98502604 0.6882
2.99351789 0.6898
3.00024719 0.7033
3.00461457 0.7264
3.00529988 0.7562
3.00142804 0.7893
2.99367800 0.8216
2.98397889 0.8520
2.97592981 0.8768
2.97134693 0.8953
2.97053205 0.9071
2.97392425 0.9131
2.97977741 0.9142
2.98646823 0.9121
2.99223838 0.9073
2.99476881 0.8999
2.99320418 0.8894
2.98802963 0.8764
2.97941737 0.8691
2.97386119 0.9276
2.97980328 0.9540
2.98630999 0.9589
2.99076820 0.9600
2.99257069 0.9590
2.99179146 0.9563
2.98948889 0.9532
2.98589000 0.9499
2.98090919 0.9455
2.97487703 0.9384
2.96917536 0.9267
2.96679134 0.9113
2.96942859 0.9015
2.97593033 0.9008
2.98333653 0.9050
2.98991588 0.9102
2.99424748 0.9142
2.99563816 0.9145
2.99397099 0.9106
2.98825842 0.9033
2.97777994 0.8942
2.96327081 0.8851
2.94563194 0.8779
2.92659525 0.8717
2.91035533 0.8654
2.90601286 0.8805
2.90939134 0.8951
2.91229048 0.9010
2.91304427 0.9036
2.91162733 0.9044
2.90928436 0.9045
2.90670692 0.9037
2.90533163 0.9031
2.90516216 0.9005
2.90937474 0.8862
2.92260276 0.8606
2.94078562 0.8471
2.95951103 0.8419
2.97558280 0.8416
2.98765378 0.8458
2.99551840 0.8535
2.99879380 0.8646
2.99669112 0.8784
2.98935432 0.8937
2.97700817 0.9087
2.96137369 0.9222
2.94489285 0.9317
2.93165200 0.9263
2.93034902 0.8962
2.93823267 0.8730
2.94695377 0.8620
2.95396400 0.8559
2.95949789 0.8525
2.96344929 0.8513
2.96657508 0.8534
2.96890547 0.8593
2.97089401 0.8679
2.97210852 0.8790
2.97098888 0.8895
2.96753111 0.9010
2.96158750 0.9103
2.95283928 0.9173
2.94334734 0.9216
2.93430657 0.8488
2.93355301 0.8024
2.93484468 0.8087
2.93931408 0.8135
2.94784903 0.8148
2.95965243 0.8115
2.97300979 0.8045
2.98465105 0.7959
2.99333321 0.7874
2.99821632 0.7818
2.99977077 0.7786
2.99964590 0.7783
2.99762870 0.7797
2.99476234 0.7851
2.99071579 0.8004
2.98883609 0.8472
2.99139149 0.9057
2.99580304 0.9348
2.99798451 0.9515
2.99626678 0.9661
2.99125092 0.9810
2.98182951 0.9952
2.96893478 1.0088
2.95355849 1.0185
2.93813966 1.0176
2.92620723 0.9805
2.92322328 0.7697
2.93361757 0.6318
2.94722806 0.6054
2.96052248 0.5985
2.97243322 0.6027
2.98353149 0.6171
2.99456440 0.6402
3.00644615 0.6701
3.01912190 0.7029
3.03167347 0.7353
3.04255767 0.7628
3.05140913 0.7844
3.05919736 0.7994
3.06715964 0.8080
3.07614538 0.8107
3.08738749 0.8085
3.09935770 0.8028
3.11261480 0.7935
3.12654283 0.7816
3.13984923 0.7671
3.15043254 0.7507
3.15466052 0.7343
3.15145783 0.7188
3.13993859 0.7072
3.12036707 0.7016
3.09541802 0.7054
3.06944198 0.7201
3.04701528 0.7466
3.03191063 0.7936
3.03014894 0.8637
3.03943560 0.8919
3.05142238 0.8894
3.06102601 0.8793
3.06797739 0.8691
3.07289222 0.8618
3.07648675 0.8565
3.07895672 0.8528
3.08060871 0.8496
3.08028540 0.8442
3.07927220 0.8348
3.07895926 0.8204
3.07941079 0.8011
3.08066028 0.7777
3.08118742 0.7524
3.07967538 0.7270
3.07489595 0.7046
3.06709057 0.6878
3.05796688 0.6769
3.04956449 0.6728
3.04253454 0.6758
3.03692554 0.6853
3.03284146 0.6978
3.02975872 0.7118
3.02720232 0.7258
3.02339631 0.7391
3.01890054 0.7517
3.01438173 0.7630
3.01026189 0.7750
3.00699568 0.7900
3.00468764 0.8067
3.00330136 0.8238
3.00138045 0.8430
2.99788021 0.8654
2.99284934 0.8943
2.98701714 0.9315
2.98274013 0.9663
2.98012154 0.9849
2.97944975 0.9876
2.97951791 0.9816
2.98001173 0.9684
2.98043799 0.9453
2.98233292 0.9072
2.98573007 0.8555
2.99115485 0.7948
2.99938395 0.7470
3.00798103 0.7211
3.01474405 0.7101
3.01705828 0.7077
3.01355942 0.7123
3.00517007 0.7212
2.99332695 0.7342
2.97908492 0.7519
2.96408913 0.7744
2.95054411 0.8013
2.94007484 0.8315
2.93365131 0.8587
2.93116715 0.8766
2.93014644 0.8888
2.92839549 0.8999
2.92542069 0.9122
2.92082623 0.9248
2.91446158 0.9368
2.90619854 0.9481
2.90182935 0.8584
2.91714532 0.7849
2.93660224 0.7752
2.95744629 0.7685
2.97793753 0.7614
2.99483196 0.7545
3.00600126 0.7505
3.01033544 0.7507
3.00877751 0.7559
3.00145521 0.7662
2.98968571 0.7813
2.97554377 0.7997
2.96034657 0.8184
2.94560102 0.8358
2.93994684 0.8932
2.95408271 0.8851
2.96575856 0.8807
2.97395526 0.8809
2.97843283 0.8843
2.97887162 0.8886
2.97507176 0.8921
2.96835409 0.8913
2.96103318 0.8734
2.95930918 0.8292
2.96893138 0.7915
2.98598151 0.7667
3.00438704 0.7434
3.01963830 0.7215
3.02888913 0.7055
3.02949992 0.6958
3.02263018 0.6941
3.00946764 0.7003
2.99125894 0.7129
2.96897800 0.7291
2.94568055 0.7583
2.94648726 0.9418
2.95694097 0.9268
2.96568386 0.9099
2.97194765 0.8937
2.97601097 0.8776
2.97698199 0.8605
2.97502469 0.8439
2.97098312 0.8268
2.96570321 0.8074
2.95942451 0.7846
2.95392159 0.7559
2.95331906 0.7349
2.96073009 0.7403
2.97341706 0.7511
2.98579112 0.7540
2.99473661 0.7520
2.99804814 0.7489
2.99695593 0.7477
2.99218377 0.7495
2.98541839 0.7522
2.97768300 0.7568
2.97186178 0.7638
2.96779179 0.7747
2.96437563 0.7859
2.96116397 0.7948
2.95751565 0.7995
2.95301733 0.8025
2.94826725 0.8054
2.94573510 0.8087
2.94802321 0.8107
2.95527900 0.8066
2.96532039 0.7962
2.97522480 0.7829
2.98365119 0.7698
2.98865088 0.7574
2.98787775 0.7474
2.98012636 0.7404
2.96648059 0.7360
2.94878927 0.7315
2.92872898 0.7226
2.91549317 0.7499
2.93006544 0.8490
2.95065856 0.8535
2.97107870 0.8435
2.98882408 0.8299
3.00268404 0.8178
3.00991984 0.8074
3.01020767 0.8004
3.00378139 0.7967
2.99050744 0.8045
2.97365996 0.8507
2.96709855 0.9804
2.97922296 0.9694
2.99350375 0.9442
3.00667015 0.9235
3.01810602 0.9054
3.02658714 0.8876
3.03065435 0.8686
3.02982415 0.8447
3.02462757 0.8144
3.01788217 0.7790
3.01463427 0.7371
3.01946672 0.7014
