2.64064043 0.8868
2.64946273 0.8820
2.65506013 0.8716
2.66421028 0.8675
2.66911613 0.8629
2.66909550 0.8533
2.66410742 0.8332
2.66447100 0.8171
2.67276127 0.8133
2.68268596 0.8199
2.68264497 0.8305
2.67512921 0.8428
2.65904078 0.8530
2.64143293 0.8667
2.62992568 0.8882
2.62346224 0.9142
2.62158569 0.9314
2.63093364 0.9399
2.65495098 0.9493
2.68295380 0.9638
2.70316455 0.9796
2.71083361 0.9904
2.70859192 0.9937
2.70607792 0.9966
2.70748601 1.0050
2.70858909 1.0162
2.70318640 1.0172
2.69253644 1.0036
2.68497979 0.9851
2.68559607 0.9711
2.69294260 0.9664
2.69841202 0.9642
2.69750459 0.9596
2.69769520 0.9566
2.70166928 0.9580
2.70549190 0.9668
2.70617759 0.9774
2.69942747 0.9812
2.68959910 0.9794
2.69264764 0.9829
2.70910226 0.9935
2.73420774 1.0132
2.75291222 1.0266
2.75852104 1.0307
2.75623252 1.0273
2.75448192 1.0201
2.75813916 1.0056
2.76433783 0.9840
2.76672504 0.9626
2.76300198 0.9454
2.75311633 0.9400
2.74300164 0.9435
2.73762126 0.9518
2.72873207 0.9556
2.71823573 0.9601
2.70776145 0.9720
2.70237078 0.9911
2.70314311 1.0017
2.70506310 0.9917
2.70759896 0.9656
2.70866271 0.9371
2.70896301 0.9114
2.70717737 0.8960
2.70232312 0.8896
2.69682234 0.8949
2.69035536 0.9108
2.68648324 0.9245
2.68645967 0.9309
2.69269148 0.9308
2.70129627 0.9270
2.71197703 0.9250
2.72091982 0.9295
2.71968506 0.9260
2.71725809 0.9172
2.72022128 0.9133
2.72603777 0.9229
2.73103302 0.9418
2.73641003 0.9521
2.74492659 0.9440
2.74970572 0.9196
2.75023169 0.8973
2.74580994 0.8944
2.74330455 0.9102
2.73758973 0.9233
2.72515613 0.9143
2.71067527 0.8921
2.69517127 0.8753
2.67716032 0.8768
2.65709915 0.8864
2.64233837 0.8950
2.63542134 0.8945
2.63150801 0.8874
2.63058704 0.8808
2.63639822 0.8778
2.64605040 0.8749
2.65310075 0.8627
2.66171448 0.8475
2.67138208 0.8390
2.67649961 0.8302
2.67543493 0.8230
2.66922915 0.8172
2.66164515 0.8088
2.65826540 0.8054
2.65721373 0.8070
2.66386419 0.8122
2.67892421 0.8199
2.68937262 0.8293
2.69085879 0.8493
2.67974018 0.8683
2.65801319 0.8818
2.63128726 0.8818
2.60889290 0.8644
2.59433819 0.8407
2.59176517 0.8211
2.60120713 0.8146
2.62691497 0.8173
2.66222076 0.8246
2.70051249 0.8469
2.73203709 0.8889
2.74795980 0.9337
2.74580602 0.9567
2.73189291 0.9543
2.71170872 0.9316
2.68459826 0.8966
2.65240401 0.8583
2.61522469 0.8111
2.58284030 0.7699
2.56461140 0.7399
2.55860272 0.7335
2.55808784 0.7474
2.55318690 0.7653
2.54533771 0.7817
2.54303080 0.7872
2.54772812 0.7841
2.55759602 0.7844
2.56648550 0.7801
2.57123137 0.7660
2.58094145 0.7490
2.59445996 0.7370
2.60805889 0.7288
2.61929392 0.7317
2.62754773 0.7401
2.63567774 0.7522
2.64505976 0.7597
2.65459618 0.7631
2.65962980 0.7660
2.66138657 0.7696
2.66050485 0.7747
2.66016256 0.7773
2.66643918 0.7901
2.67853883 0.8159
2.68993244 0.8435
2.69742649 0.8613
2.69633702 0.8678
2.68985998 0.8586
2.68963633 0.8424
2.69044243 0.8252
2.70094430 0.8221
2.71111343 0.8288
2.71712244 0.8397
2.71280191 0.8518
2.70072685 0.8604
2.68606240 0.8585
2.66987001 0.8515
2.65287955 0.8444
2.64160725 0.8374
2.63587855 0.8311
2.63500476 0.8194
2.63468227 0.8063
2.62848752 0.7942
2.61954996 0.7896
2.60827530 0.7953
2.60291283 0.8072
2.60511492 0.8203
2.61118066 0.8347
2.61828268 0.8524
2.62736272 0.8701
2.64282911 0.8915
2.66225242 0.9050
2.67707760 0.9051
2.68010039 0.8916
2.66893119 0.8724
2.64805117 0.8453
2.62205474 0.8167
2.60231533 0.7977
2.59394783 0.7978
2.59740437 0.8077
2.62050084 0.8344
2.65532105 0.8731
2.68708500 0.9108
2.70740863 0.9367
2.71607147 0.9437
2.71141846 0.9348
2.69514826 0.9141
2.66221306 0.8836
2.62172411 0.8523
2.58209963 0.8350
2.55513210 0.8315
2.55416907 0.8451
2.58221898 0.8776
2.62991821 0.9234
2.67795496 0.9673
2.71633037 0.9994
2.73950026 1.0111
2.74437895 0.9953
2.73283188 0.9536
2.71015479 0.9028
2.68317765 0.8608
2.65653198 0.8369
2.63355352 0.8298
2.62213383 0.8310
2.62615782 0.8407
2.64175547 0.8615
2.66410936 0.8964
2.69018825 0.9345
2.71258065 0.9572
2.72612881 0.9554
2.72945394 0.9397
2.72213999 0.9176
2.70523739 0.8923
2.69009628 0.8680
2.68472065 0.8479
2.68804351 0.8370
2.69564058 0.8417
2.70374574 0.8609
2.71292435 0.8903
2.72291157 0.9196
2.72688447 0.9350
2.72357278 0.9358
2.70884984 0.9235
2.68335069 0.8999
2.65795134 0.8664
2.64275633 0.8337
2.64124319 0.8133
2.65162884 0.8110
2.66936716 0.8306
2.69363242 0.8706
2.71795272 0.9158
2.73888865 0.9509
2.74895910 0.9745
2.74209113 0.9851
2.72163570 0.9835
2.69627916 0.9675
2.68037585 0.9409
2.67854586 0.9145
2.68799525 0.8966
2.70801775 0.8934
2.73581643 0.9024
2.76991828 0.9183
2.80166068 0.9300
2.81360082 0.9313
2.79749917 0.9256
2.75941994 0.9124
2.71956647 0.8919
2.69425117 0.8693
2.68151666 0.8476
2.67136172 0.8270
2.66607795 0.8196
2.66595140 0.8252
2.67786043 0.8398
2.68670806 0.8549
2.68612786 0.8620
2.66862876 0.8593
2.64660871 0.8579
2.63294104 0.8591
2.62829481 0.8615
2.62298880 0.8542
2.60839863 0.8363
2.58667857 0.8140
2.58041637 0.8041
2.59410179 0.8105
2.61694091 0.8325
2.63412872 0.8567
2.64505806 0.8813
2.65639944 0.9037
2.67582879 0.9278
2.69211977 0.9396
2.69823058 0.9388
2.68965217 0.9256
2.67526669 0.9095
2.66475543 0.8963
2.66485704 0.8893
2.66786345 0.8829
2.66547336 0.8796
2.66084688 0.8848
2.66322646 0.8934
2.67196848 0.8983
2.67344382 0.8824
2.65182089 0.8564
2.61640156 0.8341
2.58111397 0.8294
2.55438081 0.8295
2.53999098 0.8283
2.53857625 0.8298
2.55038061 0.8408
2.57996759 0.8608
2.62487491 0.8806
2.67245769 0.8880
2.70433690 0.8825
2.71009156 0.8690
2.69735559 0.8597
2.68395496 0.8596
2.67682035 0.8582
2.67080756 0.8488
2.66065862 0.8325
2.65324784 0.8124
2.65241056 0.7987
2.66424152 0.7910
2.68083899 0.7957
2.69257168 0.8208
2.69244319 0.8551
2.68410657 0.8887
2.66849897 0.8981
2.65392251 0.8816
2.64163680 0.8576
2.63386897 0.8486
2.63123056 0.8570
2.63403170 0.8626
2.63376799 0.8494
2.62828858 0.8291
2.62279117 0.8234
2.62418001 0.8420
2.62845487 0.8706
2.63127318 0.8898
2.62466247 0.8844
2.60577022 0.8599
2.58291024 0.8293
2.57239881 0.7995
2.57335832 0.7602
2.58259842 0.7176
2.59649081 0.6944
2.61432298 0.7076
2.63125728 0.7497
2.64686555 0.7951
2.66100879 0.8343
2.67094448 0.8651
2.67098845 0.8801
2.66630686 0.8816
2.65860848 0.8693
2.64923197 0.8395
2.63586835 0.8067
2.62699241 0.7904
2.63159228 0.7960
2.64827462 0.8109
2.67996711 0.8297
2.70742533 0.8467
2.72512507 0.8654
2.72803095 0.8875
2.71759476 0.8993
2.70077675 0.8988
2.68184572 0.8898
2.66961916 0.8867
2.66619741 0.8882
2.67141389 0.8891
2.68392589 0.8846
2.69956161 0.8820
2.71364671 0.8860
2.72651946 0.9002
2.73668341 0.9182
2.73696795 0.9336
2.72238207 0.9420
2.69717074 0.9443
2.67432576 0.9397
2.66577017 0.9286
2.67092423 0.9063
2.68050633 0.8798
2.69436502 0.8649
2.70463226 0.8595
2.70533646 0.8560
2.69086328 0.8416
2.66361745 0.8200
2.62939854 0.8080
2.60474837 0.8212
2.60095974 0.8431
2.61428806 0.8556
2.63071981 0.8594
2.64612335 0.8658
2.65719638 0.8772
2.67811002 0.9008
2.70338235 0.9322
2.72249633 0.9617
2.72484236 0.9785
2.70994732 0.9856
2.69386058 0.9858
2.68603010 0.9712
2.67849807 0.9403
2.66604547 0.9162
2.65305095 0.9156
2.65231266 0.9313
2.66184337 0.9452
2.67515641 0.9500
2.67895416 0.9432
2.66904396 0.9366
2.65536290 0.9325
2.64620020 0.9234
2.64076708 0.9088
2.63308819 0.8966
2.62658529 0.9059
2.62696641 0.9270
2.64502534 0.9535
2.67926111 0.9740
2.71711519 0.9876
2.74506468 0.9958
2.75492252 0.9943
2.75373856 0.9778
2.74723291 0.9418
2.72867927 0.8975
2.69630253 0.8683
2.65875659 0.8588
2.63262970 0.8633
2.62202866 0.8652
2.63245563 0.8728
2.65588998 0.8878
2.68346056 0.9097
2.70378220 0.9213
2.71305587 0.9165
2.71907867 0.9026
2.71437415 0.9047
2.70122969 0.9242
2.67888929 0.9408
2.65809163 0.9396
2.64396220 0.9275
2.63940854 0.9221
2.64436963 0.9347
2.66265723 0.9621
2.68938976 0.9848
2.71577747 0.9899
2.73412670 0.9841
2.74434073 0.9892
2.74145613 1.0054
2.72770902 1.0155
2.70556280 0.9977
2.68762014 0.9627
2.68135672 0.9359
2.68054492 0.9243
2.68866259 0.9237
2.70449350 0.9299
2.72135307 0.9441
2.73255956 0.9664
2.72986447 0.9922
2.72090728 1.0184
2.70777945 1.0290
2.69924652 1.0200
2.69373263 0.9945
2.68907146 0.9637
2.68940688 0.9332
2.69975829 0.9073
2.71133906 0.8903
2.71905305 0.8906
2.72408238 0.9175
2.73561349 0.9664
2.74054779 1.0068
2.73925818 1.0269
2.73217582 1.0234
2.71671445 1.0084
2.69762239 0.9832
2.67694913 0.9449
2.66259827 0.9044
2.66439222 0.8822
2.67862678 0.8846
2.69753553 0.9046
2.71102340 0.9285
2.71774455 0.9568
2.72469591 0.9869
2.73067695 1.0172
2.72861996 1.0309
2.71948838 1.0224
2.70352461 0.9997
2.68522295 0.9730
2.67273649 0.9510
2.66751269 0.9309
2.66323143 0.9146
2.65821306 0.9111
2.65478467 0.9246
2.65759913 0.9511
2.66072271 0.9767
2.66536799 0.9866
2.66899104 0.9854
2.66811728 0.9789
2.66175226 0.9753
2.65738855 0.9690
2.65843439 0.9568
2.66405519 0.9397
2.67367906 0.9326
2.68320297 0.9390
2.68560642 0.9533
2.68275010 0.9613
2.67792201 0.9579
2.67394186 0.9540
2.66776367 0.9543
2.65691617 0.9579
2.64605156 0.9488
2.64472149 0.9320
2.65466602 0.9180
2.66721072 0.9170
2.67540858 0.9262
2.67926178 0.9383
2.67762324 0.9443
2.67158818 0.9403
2.66988709 0.9391
2.67000610 0.9446
2.66960714 0.9471
2.67016231 0.9385
2.67552089 0.9313
2.68685740 0.9342
2.69470478 0.9410
2.69900542 0.9438
2.69923717 0.9366
2.69544218 0.9219
2.69407463 0.9043
2.69639972 0.8908
2.70151896 0.8936
2.70834943 0.9058
2.71084449 0.9184
2.71019714 0.9260
2.70292881 0.9262
2.69470548 0.9191
2.68788043 0.9070
2.69066808 0.9079
2.70731180 0.9233
2.74065122 0.9466
2.76905368 0.9479
2.77678919 0.9254
2.76231322 0.8957
2.73203531 0.8736
2.70303987 0.8606
2.67760563 0.8568
2.65971882 0.8561
2.64579482 0.8475
2.64614361 0.8404
2.66297768 0.8364
2.68499584 0.8337
2.69653168 0.8298
2.69379757 0.8284
2.68257213 0.8364
2.67309414 0.8633
2.67503786 0.9036
2.68208068 0.9421
2.68375245 0.9589
2.67296176 0.9536
2.65292300 0.9406
2.64284810 0.9359
2.64854524 0.9372
2.66527318 0.9374
2.68065023 0.9350
2.69074733 0.9328
2.69586099 0.9327
2.70203462 0.9396
2.71105791 0.9431
2.71408232 0.9351
2.70973355 0.9288
2.69855221 0.9336
2.68542537 0.9422
2.67342365 0.9444
2.66567170 0.9397
2.66104928 0.9363
2.65863604 0.9361
2.65874666 0.9410
2.66892579 0.9406
2.68843470 0.9265
2.70775225 0.9030
2.72433874 0.8921
2.72975335 0.8925
2.72090536 0.8938
2.69542447 0.8778
2.66276284 0.8558
2.63188669 0.8356
2.60608799 0.8212
2.58267509 0.8148
2.55862911 0.7992
2.53726503 0.7741
2.52390059 0.7483
2.52842337 0.7538
2.54482700 0.7767
2.56997730 0.8041
2.59168620 0.8194
2.61172521 0.8341
2.62585298 0.8568
2.63404561 0.8873
2.64032067 0.9270
2.64681437 0.9570
2.65734184 0.9687
2.66659517 0.9689
2.67397364 0.9692
2.67676202 0.9662
2.67327567 0.9537
2.66704893 0.9288
2.66395351 0.9065
2.66803064 0.8995
2.67591888 0.9077
2.68078708 0.9087
2.68071685 0.8835
2.68123402 0.8483
2.68599939 0.8372
2.70017046 0.8486
2.72089076 0.8673
2.73598988 0.8858
2.73374822 0.8897
2.71727802 0.8856
2.70376719 0.8895
2.69561397 0.9075
2.69031111 0.9191
2.68408643 0.9020
2.66765207 0.8530
2.64231277 0.7992
2.61069705 0.7540
2.57828658 0.7230
2.54312606 0.7035
2.51786370 0.7007
2.49768887 0.7014
2.48921237 0.7038
2.49016681 0.7064
2.50377030 0.7096
2.52687734 0.7075
2.54924490 0.6938
2.56490767 0.6723
2.57285218 0.6552
2.57813591 0.6583
2.58922895 0.6904
2.60756656 0.7488
2.62976052 0.8100
2.64776481 0.8607
2.65379130 0.8939
2.65225626 0.9056
2.65633722 0.8913
2.67073288 0.8545
2.68751699 0.8127
2.69648822 0.7828
2.69871825 0.7823
2.69656050 0.7927
2.69621037 0.8042
2.69512351 0.8054
2.68365183 0.7947
2.66530688 0.7913
2.63914597 0.7798
2.61643325 0.7508
2.59233090 0.7053
2.56831314 0.6713
2.55141156 0.6735
2.54299056 0.6991
2.54968539 0.7324
2.56398709 0.7463
2.58119098 0.7415
2.59526525 0.7267
2.61034787 0.7160
2.62556037 0.7081
2.63946906 0.6912
2.63966073 0.6751
2.62678171 0.6692
2.60914984 0.6872
2.60177357 0.7203
2.60974266 0.7396
2.62579023 0.7386
2.64115323 0.7310
2.66072914 0.7376
2.68198167 0.7602
2.69287451 0.7788
2.69376321 0.7915
2.68531608 0.8052
2.67980274 0.8435
2.67833175 0.8970
2.68157201 0.9385
2.69416461 0.9547
2.71062221 0.9559
2.72812484 0.9573
2.74242429 0.9563
2.74665773 0.9407
2.73745054 0.9086
2.71529484 0.8741
2.69100684 0.8558
2.68152301 0.8708
2.68017258 0.8940
2.67958445 0.9008
2.67953383 0.8943
2.68318809 0.8845
2.68890075 0.8766
2.69108374 0.8681
2.68701877 0.8592
2.67283487 0.8550
2.65077642 0.8567
2.63364539 0.8770
2.63167921 0.9049
2.64539147 0.9248
2.66861199 0.9361
2.69759861 0.9481
2.72097168 0.9555
2.73821585 0.9545
2.74294937 0.9378
2.73045089 0.9069
2.69967698 0.8806
2.66683983 0.8748
2.64716102 0.8857
2.64239134 0.8975
2.64518487 0.8955
2.64997734 0.8870
2.66058164 0.8870
2.68117205 0.9038
2.71585585 0.9339
2.74747168 0.9566
2.76068983 0.9609
2.75582397 0.9575
2.74764546 0.9662
2.74207429 0.9808
2.73884750 0.9878
2.72743116 0.9861
2.71444681 0.9769
2.70274084 0.9666
2.69511086 0.9549
2.69324190 0.9427
2.68812577 0.9306
2.66933044 0.9097
2.64715119 0.8887
2.64393265 0.8713
2.65754834 0.8506
2.66563743 0.8353
2.65670580 0.8402
2.63885911 0.8673
2.62987509 0.9079
2.62815058 0.9317
2.63121012 0.9323
2.64189474 0.9332
2.65685963 0.9486
2.67473192 0.9736
2.69249223 0.9921
2.70409826 0.9978
2.70517133 1.0014
2.69866770 1.0084
2.69197303 1.0190
2.68660417 1.0241
2.67835687 1.0178
2.66843766 1.0043
2.67129042 1.0029
2.69083490 1.0187
2.72131252 1.0417
2.74459470 1.0524
2.75234238 1.0512
2.74730237 1.0497
2.74140533 1.0533
2.73555424 1.0484
2.71995267 1.0264
2.69458590 1.0038
2.66780270 0.9932
2.65268649 0.9981
2.65208565 1.0032
2.66488017 1.0034
2.67815533 1.0052
2.68582578 1.0136
2.69586335 1.0299
2.71427246 1.0434
2.73136063 1.0401
2.73382612 1.0205
2.71773006 0.9963
2.70271418 0.9771
2.69745376 0.9619
2.70235142 0.9480
2.70993027 0.9411
2.71612306 0.9466
2.71817626 0.9562
2.72135923 0.9670
2.73221409 0.9768
2.73990309 0.9899
2.73395495 1.0008
2.71877246 0.9980
2.70654522 0.9681
2.70705020 0.9268
2.72696218 0.9051
2.75693595 0.9199
2.79049350 0.9699
2.81691688 1.0209
2.83939888 1.0511
2.85370643 1.0549
2.84955205 1.0513
2.82269351 1.0521
2.77870684 1.0338
2.72033751 0.9701
2.66494557 0.8876
2.62731084 0.8253
2.61876577 0.8129
2.63751220 0.8486
2.67580176 0.9191
2.71660705 0.9865
2.74801907 1.0243
2.76118238 1.0326
2.75911603 1.0272
2.73893839 1.0010
2.70679670 0.9556
2.67632554 0.9160
2.66793253 0.9136
2.68535565 0.9570
2.71358391 1.0201
2.73976878 1.0739
2.75453577 1.0919
2.75118821 1.0788
2.73431448 1.0540
2.71764156 1.0364
2.70225808 1.0221
2.68860866 1.0090
2.68475487 1.0031
2.69255883 1.0129
2.71247384 1.0351
2.74092454 1.0662
2.77025245 1.0870
2.79179260 1.0873
2.80126323 1.0730
2.79564483 1.0636
2.77636305 1.0675
2.74552045 1.0683
2.71059270 1.0709
2.67993387 1.0765
2.66474336 1.0886
2.66766979 1.1106
2.68239885 1.1314
2.70365883 1.1301
2.72178876 1.0968
2.73325815 1.0518
2.73380756 1.0250
2.72420930 1.0275
2.70973064 1.0479
2.70031391 1.0695
2.69323748 1.0758
2.68508731 1.0703
2.67992967 1.0633
2.68483852 1.0625
2.69880959 1.0622
2.71738773 1.0516
2.73480659 1.0339
2.74271781 1.0227
2.74346176 1.0283
2.73690173 1.0430
2.72971822 1.0613
2.71518163 1.0711
2.69698234 1.0721
2.69205515 1.0675
2.71041619 1.0531
2.74553134 1.0394
2.77874089 1.0207
2.80265222 1.0061
2.81377190 0.9991
2.81327617 0.9955
2.80259552 0.9890
2.78650813 0.9916
2.76915291 1.0007
2.74535069 1.0064
2.72673720 1.0034
2.72236347 0.9867
2.73911176 0.9721
2.76560755 0.9686
2.78736568 0.9832
2.80450364 1.0105
2.82040341 1.0340
2.83735866 1.0472
2.84938314 1.0554
2.85032443 1.0668
2.83732703 1.0807
2.81525019 1.0765
2.79122999 1.0461
2.77022909 1.0085
2.75101244 0.9873
2.73704757 0.9933
2.73422620 1.0133
2.74068001 1.0257
2.75224914 1.0280
2.76218586 1.0315
2.76435026 1.0411
2.75988257 1.0482
2.74887630 1.0315
2.73542884 0.9928
2.71992730 0.9540
2.70778981 0.9352
2.70394965 0.9410
2.71604790 0.9617
2.73784114 0.9803
2.76061377 0.9971
2.76403643 1.0168
2.75334632 1.0385
2.72980456 1.0452
2.70552572 1.0267
2.68263770 0.9923
2.66062552 0.9646
2.64472329 0.9529
2.64431299 0.9527
2.66184377 0.9466
2.69647038 0.9295
2.73907056 0.9080
2.77527077 0.8959
2.79429907 0.9082
2.79339107 0.9403
2.77016384 0.9731
2.73090066 0.9976
2.68141421 0.9999
2.63508474 0.9853
2.60470089 0.9673
2.60138826 0.9648
2.62098337 0.9756
2.65515444 0.9863
2.68804818 0.9819
2.70446375 0.9703
2.70985773 0.9675
2.70396522 0.9733
2.68886531 0.9822
2.66059883 0.9802
2.62191198 0.9584
2.58726978 0.9305
2.57370369 0.9189
2.58494301 0.9254
2.60953671 0.9357
2.63501186 0.9339
2.65786499 0.9285
2.67397585 0.9315
2.68712268 0.9415
2.69268349 0.9437
2.68996320 0.9330
2.68045053 0.9115
2.67360468 0.8933
2.68122061 0.8893
2.69871942 0.8953
2.71752194 0.9028
2.72965711 0.9009
2.73264953 0.8923
2.73113371 0.8831
2.73320449 0.8818
2.73958591 0.8832
2.74418662 0.8885
2.73766301 0.8977
2.72403584 0.9034
2.71398192 0.8957
2.71380787 0.8805
2.72758326 0.8638
2.74575416 0.8532
2.76314077 0.8461
2.79331563 0.8441
2.83960331 0.8419
2.88638640 0.8469
2.91750869 0.8631
2.91482905 0.8854
2.88753391 0.8969
2.84883388 0.8878
2.81211972 0.8620
2.77879186 0.8341
2.75338178 0.8179
2.73770948 0.8149
2.74014210 0.8143
2.75844293 0.8179
2.78852771 0.8338
2.80221537 0.8637
2.79261422 0.8949
2.77501073 0.9076
2.76345143 0.8960
2.75536052 0.8715
2.74447177 0.8527
2.73095732 0.8441
2.72616670 0.8454
2.73231561 0.8439
2.75182617 0.8426
2.77221799 0.8558
2.77352279 0.8874
2.74986917 0.9173
2.71564718 0.9223
2.68404294 0.9006
2.65700760 0.8672
2.63840413 0.8446
2.62902096 0.8379
2.63457576 0.8431
2.65790655 0.8489
2.69260669 0.8555
2.72898128 0.8718
2.74826167 0.8981
2.74844321 0.9189
2.73994354 0.9255
2.72782061 0.9198
2.71166789 0.9041
2.69153248 0.8945
2.66850938 0.8883
2.64675139 0.8743
2.64155492 0.8582
2.64926118 0.8460
2.66446032 0.8478
2.67522288 0.8565
2.68182737 0.8683
2.68645926 0.8754
2.69207535 0.8812
2.69520290 0.8851
2.69725384 0.8852
2.69983469 0.8844
2.70935494 0.8773
2.72900468 0.8706
2.74636969 0.8611
2.75299965 0.8540
2.74501057 0.8511
2.72878918 0.8543
2.70933616 0.8523
2.68634823 0.8440
2.65568385 0.8279
2.61460614 0.8045
2.57803732 0.7822
2.55179846 0.7591
2.54232600 0.7425
2.54052960 0.7299
2.54242289 0.7253
2.54602992 0.7289
2.55321895 0.7371
2.55967361 0.7379
2.55977387 0.7308
2.55223794 0.7155
2.53632159 0.6931
2.52379746 0.6713
2.51477689 0.6543
2.50196019 0.6385
2.48511778 0.6310
2.48080106 0.6406
2.49812118 0.6752
2.52729881 0.7220
2.55849380 0.7707
2.58460310 0.8024
2.60205847 0.8120
2.61208427 0.8102
2.61896263 0.7979
2.61790994 0.7675
2.59654211 0.7210
2.56154386 0.6867
2.53550079 0.6850
2.53123319 0.7172
2.54039495 0.7587
2.56140081 0.7926
2.57922587 0.7998
2.59380256 0.7979
2.59300850 0.8034
2.58465109 0.8104
2.57533740 0.7966
2.56251723 0.7645
2.55277817 0.7401
2.53863309 0.7314
2.54161325 0.7499
2.56015602 0.7762
2.58584366 0.7897
2.61146515 0.7942
2.62756537 0.8033
2.62812395 0.8270
2.62069549 0.8514
2.60291530 0.8471
2.57465811 0.8188
2.54027006 0.7872
2.51787358 0.7759
2.51193001 0.7798
2.52225046 0.7905
2.54098051 0.7962
2.56793307 0.8032
2.59742140 0.8207
2.62509143 0.8524
2.64510408 0.8876
2.66064508 0.9150
2.66274913 0.9282
2.65768880 0.9266
2.65153053 0.9202
2.64862177 0.9077
2.64723638 0.8877
2.64154165 0.8618
2.63608809 0.8478
2.62768977 0.8490
2.62001382 0.8604
2.61751030 0.8736
2.62412905 0.8874
2.63242835 0.9031
2.64229955 0.9170
2.65353235 0.9206
2.66526457 0.9027
2.67224487 0.8752
2.67128787 0.8565
2.65773118 0.8512
2.64446199 0.8574
2.64380498 0.8702
2.66536898 0.8919
2.69176383 0.9131
2.70966520 0.9311
2.71819697 0.9411
2.72018173 0.9336
2.72211007 0.9126
2.72460905 0.8950
2.71898341 0.8893
2.70541536 0.8926
2.69137854 0.8931
2.68672240 0.8890
2.69203318 0.8910
2.70044773 0.9035
2.70379915 0.9163
2.70958388 0.9142
2.72646115 0.9019
2.74853622 0.8900
2.76241663 0.8880
2.75295343 0.8915
2.73076294 0.8938
2.71933504 0.8889
2.71884605 0.8784
2.72905282 0.8656
2.73869214 0.8559
2.74704689 0.8487
2.75817251 0.8427
2.76778381 0.8390
2.76793987 0.8369
2.75026738 0.8394
2.72759276 0.8482
2.71480632 0.8599
2.71356769 0.8727
2.72931641 0.8906
2.75250492 0.9100
2.77404941 0.9182
2.79304848 0.9141
2.80514977 0.9050
2.80811953 0.8995
2.79588555 0.8958
2.76296126 0.8925
2.72396038 0.8842
2.69571522 0.8762
2.69085697 0.8768
2.70780733 0.8907
2.73508906 0.9173
2.76065559 0.9449
2.78702355 0.9690
2.80669565 0.9776
2.81730575 0.9790
2.81262882 0.9757
2.79144203 0.9690
2.76375489 0.9565
2.73936333 0.9350
2.72640552 0.9079
2.71136009 0.8903
2.70161393 0.8977
2.70111200 0.9229
2.71689561 0.9489
2.74456993 0.9640
2.76508081 0.9638
2.76569071 0.9562
2.74982259 0.9492
2.73236307 0.9400
2.72233959 0.9272
2.71228653 0.9105
2.70035116 0.8960
2.68816692 0.8982
2.68476961 0.9139
2.70215676 0.9363
2.73083420 0.9518
2.75165684 0.9529
2.75318462 0.9482
2.74716428 0.9433
2.74675984 0.9422
2.74879925 0.9514
2.74964185 0.9638
2.73971676 0.9749
2.71873243 0.9819
2.70450278 0.9909
2.70618389 0.9960
2.72055371 0.9956
2.73095373 0.9909
2.72967112 0.9865
2.72478049 0.9827
2.72224063 0.9813
2.72370534 0.9823
2.72134550 0.9917
2.71410836 1.0125
2.70559822 1.0357
2.70255135 1.0437
2.70574402 1.0271
2.71391944 0.9992
2.71665901 0.9839
2.71297055 0.9854
2.70868602 0.9948
2.70964350 0.9982
2.71393670 0.9970
2.71634793 1.0066
2.71559327 1.0265
2.71514679 1.0452
2.71916064 1.0419
2.72566101 1.0056
2.73051554 0.9548
2.73608459 0.9160
2.73759764 0.9024
2.73361892 0.9145
2.73047218 0.9354
2.73107011 0.9636
2.72798410 0.9982
2.72365309 1.0386
2.72943954 1.0670
2.74950553 1.0714
2.77112976 1.0489
2.78010601 1.0128
2.77315907 0.9801
2.75970893 0.9553
2.74807910 0.9450
2.74311237 0.9535
2.74409526 0.9766
2.73992656 1.0048
2.72551516 1.0226
2.71201924 1.0212
2.71321040 1.0057
2.72547835 0.9877
2.74126218 0.9782
2.75270466 0.9744
2.76210993 0.9735
2.76960350 0.9757
2.77533878 0.9782
2.77727884 0.9880
2.77330501 1.0081
2.75940767 1.0247
2.74033481 1.0260
2.71886226 1.0076
2.69850563 0.9882
2.67727671 0.9782
2.65772410 0.9834
2.64629639 0.9994
2.64352030 1.0206
2.64943806 1.0295
2.65942784 1.0239
2.67297554 1.0185
2.69252946 1.0114
2.71000659 0.9955
2.71547913 0.9799
2.70749485 0.9751
2.68408790 0.9778
2.65516189 0.9820
2.63716164 0.9933
2.63652874 1.0099
2.65032000 1.0285
2.66512801 1.0450
2.67810757 1.0548
2.68921842 1.0464
2.70102839 1.0219
2.71372315 1.0017
2.71914441 0.9917
2.71099476 0.9891
2.69570729 0.9892
2.68296338 0.9909
2.67974027 0.9923
2.69162514 0.9911
2.71247339 0.9837
2.73562921 0.9645
2.76160627 0.9354
2.78264572 0.9026
2.79044077 0.8743
2.77920023 0.8694
2.75204254 0.8803
2.71944137 0.9009
2.69241602 0.9212
2.67811857 0.9295
2.67990998 0.9257
2.69422828 0.9205
2.71909634 0.9217
2.75286961 0.9265
2.79195555 0.9321
2.82577062 0.9337
2.83997742 0.9411
2.83014939 0.9484
2.80605385 0.9405
2.77362671 0.9068
2.73850973 0.8592
2.70877353 0.8213
2.69100814 0.8109
2.69175551 0.8289
2.70014244 0.8515
2.71261756 0.8702
2.72407529 0.8837
2.72855362 0.9000
2.73359919 0.9168
2.74067257 0.9135
2.74282680 0.8764
2.74086735 0.8226
2.73834752 0.7814
2.73857824 0.7702
2.74390913 0.7893
2.74383767 0.8168
2.74723827 0.8470
2.75378763 0.8765
2.75482907 0.9010
2.74989745 0.9156
2.73739897 0.9052
2.72549982 0.8769
2.72051027 0.8529
2.71744837 0.8443
2.71875295 0.8520
2.72173669 0.8628
2.72682606 0.8680
2.73228571 0.8667
2.74191707 0.8637
2.75119154 0.8673
2.75829027 0.8759
2.76058212 0.8837
2.75541811 0.8904
2.73682875 0.8913
2.70724383 0.8880
2.67217606 0.8776
2.64440961 0.8588
2.63478092 0.8396
2.64230007 0.8249
2.66053924 0.8139
2.68747742 0.8103
2.72024878 0.8090
2.75045870 0.8191
2.76447988 0.8435
2.75710702 0.8794
2.72435049 0.9026
2.68212816 0.8924
2.64385900 0.8525
2.61972963 0.8089
2.62029390 0.7905
2.64186082 0.7924
2.68356640 0.8047
2.73226313 0.8127
2.77195661 0.8241
2.78748331 0.8544
2.76996395 0.8982
2.72814429 0.9226
2.68587964 0.9041
2.65332148 0.8579
2.63267608 0.8178
2.62235634 0.7991
2.63535473 0.8135
2.66673942 0.8370
2.70580189 0.8508
2.73887285 0.8612
2.76537799 0.8842
2.77280823 0.9111
2.75932459 0.9172
2.73756007 0.9023
2.71250579 0.8780
2.68758513 0.8588
2.66563733 0.8497
2.65144929 0.8406
2.65400040 0.8302
2.66844813 0.8336
2.68998917 0.8566
2.71644207 0.8883
2.74099191 0.8998
2.75807595 0.8830
2.76014272 0.8501
2.74336973 0.8177
2.71860097 0.7901
2.69749536 0.7708
2.68346395 0.7639
2.67930868 0.7768
2.67921185 0.8105
2.68358819 0.8527
2.68799372 0.8766
2.69033079 0.8724
2.68539841 0.8503
2.66870669 0.8281
2.64227919 0.8143
2.61738531 0.8034
2.60831853 0.7960
2.60909267 0.7973
2.62563514 0.8150
2.65308877 0.8410
2.68191226 0.8581
2.70136147 0.8554
2.70582010 0.8374
2.70044662 0.8195
2.69219631 0.8137
2.68137461 0.8134
2.66836878 0.8135
2.64988020 0.8102
2.62925101 0.8127
2.61722857 0.8255
2.61743745 0.8418
2.63470616 0.8553
2.66070671 0.8646
2.69416063 0.8723
2.72547382 0.8762
2.74614585 0.8761
2.75367639 0.8721
2.73732283 0.8661
2.70402970 0.8688
2.66481519 0.8743
2.63860171 0.8788
2.63293246 0.8780
2.65044569 0.8704
2.68960739 0.8674
2.73515957 0.8695
2.78186746 0.8716
2.81931551 0.8584
2.83044675 0.8361
2.80709702 0.8209
2.76352244 0.8296
2.72325191 0.8546
2.69543854 0.8766
2.68269365 0.8806
2.67609787 0.8698
2.68416622 0.8589
2.71052591 0.8626
2.75128143 0.8763
2.78953199 0.8767
2.79559443 0.8440
2.76364567 0.7972
2.71925567 0.7635
2.68833867 0.7583
2.67481865 0.7693
2.66698247 0.7837
2.65630412 0.7935
2.65283733 0.7952
2.66112348 0.7934
2.67781181 0.7862
2.69100936 0.7703
2.69078762 0.7483
2.68659148 0.7326
2.69336893 0.7372
2.71297381 0.7568
2.73428597 0.7918
2.74644797 0.8336
2.74411505 0.8650
2.74148819 0.8854
2.73889327 0.8998
2.73583126 0.9135
2.72297150 0.9231
2.70107566 0.9209
2.68322379 0.8946
2.68344709 0.8497
2.70237720 0.8134
2.72510677 0.7966
2.74271679 0.8073
2.75522741 0.8301
2.77178073 0.8505
2.78857590 0.8625
2.79154752 0.8715
2.77866858 0.8794
2.75656874 0.8860
2.74326565 0.8786
2.74001775 0.8586
2.73772587 0.8344
2.72609788 0.8198
2.70761466 0.8165
2.69143385 0.8210
2.67682180 0.8211
2.65519562 0.8177
2.62069383 0.8113
2.58323193 0.8058
2.55738040 0.8014
2.55562915 0.7928
2.57750126 0.7738
2.61420892 0.7481
2.65968864 0.7267
2.70739207 0.7234
2.74630556 0.7380
2.76113272 0.7567
2.74949725 0.7702
2.72560255 0.7838
2.71269901 0.8001
2.72041084 0.8168
2.74569339 0.8337
2.77713543 0.8495
2.80232028 0.8507
2.81835285 0.8406
2.82614337 0.8297
2.81866624 0.8181
2.78697625 0.7993
2.73518513 0.7854
2.68756764 0.7821
2.66164394 0.7954
2.66329948 0.8125
2.68835698 0.8293
2.72376924 0.8412
2.76281666 0.8465
2.79374374 0.8499
2.80738955 0.8498
2.80329511 0.8449
2.77536140 0.8252
2.73245203 0.7931
2.69741463 0.7692
2.68531462 0.7763
2.69483348 0.8053
2.70743009 0.8344
2.70940539 0.8456
2.70864801 0.8448
2.70474973 0.8400
2.69714600 0.8362
2.68619997 0.8285
2.67155350 0.8133
2.65734656 0.7983
2.65468979 0.7965
2.66250485 0.8112
2.67146425 0.8318
2.67674569 0.8473
2.68394807 0.8576
2.69396276 0.8616
2.69988280 0.8537
2.69381609 0.8325
2.67900644 0.8056
2.65960099 0.7784
2.64811116 0.7668
2.64995796 0.7774
2.65679527 0.8028
2.66122837 0.8267
2.67230438 0.8419
2.69280560 0.8512
2.71031219 0.8572
2.70719292 0.8553
2.68465253 0.8463
2.65587460 0.8345
2.63757931 0.8279
2.63199367 0.8366
2.63602515 0.8599
2.63529589 0.8818
2.63301392 0.8931
2.64165044 0.8942
2.65689618 0.8848
2.66903506 0.8724
2.66935715 0.8585
2.66940166 0.8479
2.67723016 0.8412
2.69308651 0.8399
2.70353131 0.8379
2.69866884 0.8382
2.69084502 0.8448
2.68879898 0.8480
2.69356414 0.8396
2.69430976 0.8195
2.68947458 0.8005
2.67771288 0.7961
2.66470655 0.7986
2.65893802 0.8006
2.66294253 0.8054
2.66607949 0.8133
2.66224030 0.8303
2.65556231 0.8460
2.65409293 0.8573
2.64866532 0.8562
2.64208439 0.8508
2.64036086 0.8508
2.65343565 0.8648
2.68293051 0.8944
2.71885710 0.9264
2.74792289 0.9502
2.75762618 0.9620
2.74734268 0.9639
2.72013399 0.9511
2.68600899 0.9279
2.64886695 0.8906
2.61476149 0.8560
2.59058603 0.8356
2.58452161 0.8367
2.59388705 0.8513
2.61990221 0.8802
2.65009363 0.9090
2.67581873 0.9303
2.69834265 0.9421
2.71189775 0.9471
2.71264046 0.9471
2.70407442 0.9430
2.69217464 0.9412
2.68274825 0.9436
2.67934311 0.9507
2.67879487 0.9562
2.68238455 0.9642
2.68508426 0.9731
2.69208751 0.9766
2.69830752 0.9682
2.69541632 0.9415
2.67669529 0.9043
2.65011080 0.8712
2.62817102 0.8564
2.62016175 0.8562
2.62616143 0.8693
2.64013377 0.8915
2.65830564 0.9175
2.67955522 0.9388
2.69828871 0.9584
2.71897147 0.9688
2.72878240 0.9752
2.72558309 0.9802
2.70738681 0.9849
2.68248539 0.9868
2.65930143 0.9751
2.63964829 0.9517
2.62786519 0.9300
2.63213898 0.9233
2.66042948 0.9372
2.70096989 0.9517
2.73546202 0.9533
2.75356519 0.9533
2.75827390 0.9586
2.75148148 0.9759
2.74442204 0.9941
2.73632761 0.9960
2.72916743 0.9801
2.72198716 0.9608
2.72552947 0.9562
2.74753304 0.9698
2.77641007 0.9766
2.80554816 0.9693
2.81836480 0.9578
2.81624255 0.9570
2.80919685 0.9682
2.79465533 0.9728
2.76782651 0.9509
2.73498483 0.9135
2.71105477 0.8910
2.70030771 0.8874
2.70681149 0.8968
2.73049337 0.9131
2.75907833 0.9188
2.77911234 0.8996
2.78431918 0.8685
2.78824751 0.8543
2.79838821 0.8688
2.79554583 0.8961
2.77421569 0.9152
2.73982554 0.9169
2.70787823 0.9051
2.69469444 0.8966
2.69900606 0.9024
2.70899684 0.9220
2.71939986 0.9488
2.72940197 0.9800
2.73962162 1.0037
2.75038372 1.0118
2.75682674 1.0129
2.75192811 1.0126
2.73574381 1.0155
2.71263114 1.0147
2.70039929 1.0101
2.70603986 0.9990
2.71824262 0.9817
2.73144222 0.9600
2.74134742 0.9479
2.75235433 0.9484
2.76037475 0.9677
2.76387073 0.9968
2.75643946 1.0244
2.74420495 1.0401
2.72480638 1.0368
2.70472985 1.0215
2.68761579 0.9933
2.67461865 0.9619
2.67565566 0.9422
2.68401893 0.9398
2.70028303 0.9502
2.72360825 0.9678
2.74349816 0.9792
2.75887511 0.9913
2.76599410 1.0053
2.76877158 1.0273
2.76284495 1.0373
2.74361146 1.0139
2.71823961 0.9755
2.69248957 0.9458
2.67365367 0.9449
2.67085246 0.9754
2.67922677 1.0137
2.69348226 1.0470
2.71071846 1.0780
2.72956866 1.1003
2.74875062 1.1119
2.76573072 1.1074
2.77543867 1.0862
2.77306083 1.0518
2.76099398 1.0175
2.75717870 1.0051
2.76799930 1.0209
2.78458831 1.0482
2.79609833 1.0819
2.79374179 1.1120
2.78007662 1.1266
2.76135217 1.1181
2.74174628 1.0883
2.72367730 1.0453
2.70471630 1.0044
2.69147114 0.9740
2.69189469 0.9684
2.69861354 0.9752
2.70737390 0.9899
2.71902500 1.0062
2.73169337 1.0173
2.74178052 1.0245
2.74914073 1.0337
2.75494370 1.0440
2.75346071 1.0562
2.74253451 1.0675
2.73352164 1.0791
2.73083995 1.0976
2.73267356 1.1165
2.73553432 1.1298
2.74377200 1.1267
2.76077015 1.1065
2.77855509 1.0682
2.78926539 1.0267
2.78931122 0.9941
2.77393716 0.9783
2.75590102 0.9800
2.74373610 0.9950
2.73687508 1.0188
2.73282391 1.0489
2.73537377 1.0778
2.74146152 1.0967
2.74820212 1.1025
2.75384167 1.0947
2.75482380 1.0731
2.74698013 1.0388
2.73410005 1.0049
2.72271015 0.9874
2.71327179 0.9844
2.70785911 0.9937
2.70702704 1.0050
2.70934842 1.0128
2.71547465 1.0187
2.71860040 1.0237
2.72110208 1.0310
2.71615096 1.0338
2.70546204 1.0226
2.69467954 1.0092
2.68851920 1.0016
2.69510553 1.0040
2.71087085 1.0105
2.73440254 1.0138
2.75876372 1.0103
2.77522674 1.0132
2.78012205 1.0223
2.77737413 1.0371
2.77669369 1.0518
2.77751781 1.0580
2.77784829 1.0644
2.77714635 1.0752
2.77136818 1.0850
2.75704549 1.0773
2.74154355 1.0561
2.72502443 1.0283
2.71185346 1.0165
2.70332633 1.0176
2.69705124 1.0232
2.69809858 1.0292
2.70901108 1.0420
2.72405383 1.0623
2.73052034 1.0867
2.73118362 1.1079
2.73503271 1.1121
2.74301951 1.0969
2.75037118 1.0760
2.75038797 1.0584
2.73971752 1.0467
2.72400549 1.0357
2.71389353 1.0288
2.71425528 1.0414
2.72198163 1.0730
2.72876275 1.0996
2.73473930 1.0996
2.74146698 1.0681
2.74984042 1.0380
2.75570036 1.0315
2.75008926 1.0324
2.73700229 1.0208
2.72867904 1.0053
2.72946103 1.0024
2.73102800 1.0183
2.73059825 1.0448
2.73391773 1.0623
2.74224795 1.0510
2.75331166 1.0222
2.76059812 1.0060
2.75765610 1.0141
2.74495047 1.0431
2.73021641 1.0634
2.72062463 1.0665
2.72237314 1.0656
2.73050167 1.0808
2.74067757 1.1104
2.75135494 1.1354
2.75455566 1.1287
2.74558334 1.0910
2.72988849 1.0670
2.71056006 1.0633
2.69346358 1.0699
2.67803059 1.0716
2.66529174 1.0692
2.65606746 1.0706
2.65267325 1.0783
2.66018444 1.0919
2.68044913 1.1067
2.70214825 1.1116
2.71283038 1.1020
2.71549977 1.0848
2.71867777 1.0721
2.72398844 1.0677
2.72566149 1.0706
2.71945700 1.0798
2.70510239 1.0878
2.69256522 1.0910
2.69435442 1.0876
2.70511246 1.0822
2.72114080 1.0812
2.73230241 1.0889
2.73288881 1.0910
2.72635655 1.0782
2.71763567 1.0513
2.71179489 1.0293
2.70672198 1.0194
2.70287823 1.0209
2.70660272 1.0238
2.71935829 1.0263
2.74249065 1.0400
2.76745171 1.0676
2.78317477 1.0970
2.78861959 1.1128
2.78817806 1.1057
2.78104864 1.0838
2.76915912 1.0644
2.75092394 1.0481
2.73635389 1.0284
2.72287948 0.9971
2.71350284 0.9644
2.70924642 0.9552
2.71089451 0.9659
2.71909820 0.9891
2.72689326 1.0034
2.73869056 1.0035
2.75004110 0.9956
2.75980891 0.9956
2.76726967 0.9980
2.77599974 0.9964
2.78312042 0.9788
2.78670463 0.9572
2.78654987 0.9491
2.78597490 0.9570
2.78869135 0.9674
2.78607210 0.9661
2.78232455 0.9577
2.78113270 0.9631
2.78633469 0.9841
2.79205152 1.0013
2.78894342 0.9944
2.77574184 0.9688
2.75510943 0.9438
2.73318732 0.9260
2.71099326 0.9130
2.68514228 0.8957
2.65918339 0.8741
2.63660507 0.8555
2.63622110 0.8667
2.66578420 0.9093
2.70561469 0.9591
2.73752708 0.9891
2.74971809 0.9958
2.74627273 0.9874
2.72737832 0.9646
2.70188969 0.9395
2.67373877 0.9244
2.64732331 0.9182
2.63309643 0.9202
2.63362634 0.9230
2.64581679 0.9306
2.67093643 0.9481
2.70005829 0.9710
2.72403276 0.9895
2.74087781 0.9890
2.74445418 0.9792
2.73039090 0.9749
2.70592238 0.9794
2.68348761 0.9859
2.67551120 0.9798
2.67974899 0.9652
2.68815806 0.9516
2.70138721 0.9629
2.71220506 0.9907
2.71723662 1.0095
2.71593186 0.9981
2.71027975 0.9715
2.69860568 0.9539
2.67774297 0.9459
2.65515140 0.9413
2.64294430 0.9375
2.63605485 0.9311
2.63583188 0.9336
2.63997979 0.9473
2.65326280 0.9683
2.67184964 0.9810
2.68132519 0.9690
2.68281688 0.9499
2.68173440 0.9446
2.68181644 0.9535
2.68303043 0.9609
2.68532143 0.9632
2.68709288 0.9659
2.68590003 0.9798
2.68450341 1.0010
2.68537390 1.0130
2.69061400 1.0036
2.70125841 0.9798
2.70820406 0.9566
2.71399888 0.9473
2.72162821 0.9447
2.72836488 0.9304
2.73118015 0.9033
2.72933140 0.8889
2.72902089 0.8952
2.73369834 0.9158
2.74059245 0.9200
2.74555330 0.9133
2.75054470 0.9046
2.75086558 0.9046
2.74517568 0.9127
2.74078770 0.9159
2.74315450 0.9036
2.74799400 0.8808
2.75259280 0.8633
2.75789866 0.8574
2.75352771 0.8405
2.74807127 0.8133
2.74717675 0.7905
2.75561461 0.7936
2.76991279 0.8289
2.77780269 0.8702
2.78453017 0.8957
2.79166256 0.9001
2.78900356 0.8932
2.77420659 0.8865
2.74822212 0.8739
2.71564390 0.8514
2.68268035 0.8283
2.66307773 0.8253
2.66253073 0.8557
2.67423326 0.9136
2.69741219 0.9685
2.73376483 1.0022
2.77594772 1.0130
2.81114072 1.0169
2.82950168 1.0184
2.82693136 1.0039
2.80471466 0.9629
2.75921141 0.9029
2.70482334 0.8484
2.66038507 0.8235
2.64156188 0.8222
2.65165037 0.8367
2.67905846 0.8544
2.70871720 0.8671
2.73470389 0.8802
2.75416867 0.8926
2.76430074 0.8868
2.76164152 0.8643
2.74855253 0.8456
2.72650917 0.8348
2.69847053 0.8284
2.67547211 0.8264
2.66512964 0.8252
2.66526200 0.8264
2.67056241 0.8333
2.67508865 0.8433
2.67868247 0.8504
2.68080802 0.8507
2.67924116 0.8482
2.67324526 0.8475
2.66533777 0.8487
2.66042969 0.8518
2.66359635 0.8542
2.67093323 0.8509
2.68708773 0.8436
2.70548554 0.8347
2.71357342 0.8230
2.72077049 0.8141
2.72839394 0.8239
2.73368344 0.8546
2.72834905 0.8904
2.70799438 0.9123
2.67706381 0.9153
2.64780702 0.9045
2.63030119 0.8871
2.62826299 0.8703
2.64766004 0.8641
2.67937897 0.8673
2.70745060 0.8704
2.72547686 0.8685
2.73442081 0.8675
2.74327146 0.8697
2.74730958 0.8724
2.74331771 0.8655
2.72980404 0.8494
2.71560277 0.8357
2.70899739 0.8280
2.71260558 0.8298
2.71162575 0.8250
2.70219533 0.8193
2.69397179 0.8212
2.69227579 0.8295
2.69113647 0.8294
2.68332924 0.8145
2.67012319 0.7960
2.65826918 0.7830
2.65581956 0.7781
2.66506545 0.7791
2.68432669 0.7911
2.70432682 0.8094
2.72186852 0.8300
2.73287774 0.8471
2.74112406 0.8595
2.74929154 0.8652
2.75389017 0.8611
2.75673199 0.8556
2.76162541 0.8550
2.77073797 0.8585
2.77671344 0.8573
2.78002106 0.8599
2.78414410 0.8735
2.78269777 0.8988
2.76835861 0.9196
2.74314497 0.9250
2.71906402 0.9108
2.70496791 0.8896
2.69210544 0.8631
2.67496094 0.8392
2.65465024 0.8120
2.63677281 0.7821
2.62531590 0.7566
2.61994594 0.7521
2.61693860 0.7661
2.61200936 0.7939
2.60673856 0.8103
2.60601555 0.8094
2.61114333 0.7967
2.61854600 0.7826
2.62646231 0.7764
2.63064771 0.7763
2.63853083 0.7838
2.65993131 0.8027
2.68824335 0.8245
2.71345531 0.8441
2.72681764 0.8573
2.72939941 0.8626
2.72675972 0.8603
2.72625533 0.8593
2.72941889 0.8653
2.72724927 0.8741
2.72156416 0.8852
2.71736814 0.8996
2.72043690 0.9184
2.72535994 0.9380
2.72387650 0.9540
2.71840596 0.9644
2.72228984 0.9705
2.74281404 0.9780
2.76754584 0.9796
2.78430160 0.9747
2.78493702 0.9646
2.77559893 0.9554
2.76605392 0.9522
2.76183614 0.9556
2.75498301 0.9544
2.73882113 0.9449
2.71977394 0.9310
2.70709756 0.9119
2.70342629 0.8925
2.69896623 0.8727
2.68433342 0.8564
2.66366083 0.8430
2.65111570 0.8414
2.64759622 0.8451
2.65292845 0.8539
2.65652159 0.8644
2.65621416 0.8760
2.65730103 0.8941
2.67096717 0.9156
2.70006011 0.9379
2.73158735 0.9568
2.75473560 0.9746
2.76484992 0.9844
2.76645928 0.9840
2.76686939 0.9798
2.76388877 0.9704
2.75344493 0.9625
2.73660331 0.9551
2.72589513 0.9497
2.74052850 0.9476
2.76669839 0.9475
2.79055743 0.9605
2.79864194 0.9848
2.79328085 1.0018
2.77749925 1.0035
2.75527631 0.9942
2.72849603 0.9830
2.69723174 0.9717
2.67284312 0.9602
2.66990889 0.9432
2.68960211 0.9262
2.71067185 0.9227
2.72486119 0.9393
2.73084053 0.9651
2.73701288 0.9795
2.74104524 0.9762
2.74305234 0.9648
2.73775968 0.9505
2.72311746 0.9338
2.71167933 0.9096
2.71134773 0.8846
2.72084468 0.8663
2.73049171 0.8680
2.73376990 0.8881
2.73336033 0.9171
2.73510193 0.9423
2.74143971 0.9617
2.74091020 0.9741
2.73130534 0.9796
2.72107701 0.9831
2.71716608 0.9859
2.72568093 0.9930
2.73955827 0.9978
2.75406220 1.0047
2.76190760 1.0151
2.76479684 1.0306
2.76785340 1.0396
2.76884378 1.0421
2.76484170 1.0381
2.75425204 1.0310
2.74547023 1.0298
2.74352090 1.0319
2.75043755 1.0345
2.75788008 1.0324
2.75918791 1.0228
2.75514102 1.0140
2.74624507 1.0077
2.74412808 0.9997
2.74803282 0.9824
2.75052222 0.9534
2.75648432 0.9499
2.76522585 0.9770
2.78035470 1.0132
2.80002213 1.0395
2.81518951 1.0511
2.81304332 1.0511
2.80027165 1.0557
2.78525851 1.0554
2.77653344 1.0419
2.77451435 1.0179
2.77926460 1.0006
2.78354543 0.9916
2.78521806 0.9819
2.78954913 0.9835
2.79667596 0.9963
2.80483787 1.0066
2.80888786 1.0134
2.79971484 1.0162
2.78254256 1.0040
2.75843764 0.9624
2.73436925 0.9143
2.72426514 0.9214
2.72673783 0.9518
2.73344455 0.9658
2.73167393 0.9256
2.72575873 0.8341
2.71966112 0.7394
2.71277550 0.6663
2.71070235 0.6299
2.70968221 0.6221
2.71956474 0.6712
2.74200909 0.7925
2.76363462 0.9293
2.77285875 0.9856
2.77428872 0.9866
2.76689281 0.9688
2.75394318 0.9624
2.74229351 0.9715
2.73000869 0.9835
2.72505158 0.9960
2.72837458 1.0096
2.73976201 1.0210
2.76072704 1.0368
2.77882716 1.0480
2.79105795 1.0477
2.79486272 1.0325
2.79102924 1.0183
2.78476321 1.0142
2.77326885 1.0106
2.75947530 1.0012
2.74306366 0.9922
2.72641855 0.9889
2.71459036 0.9933
2.70936052 0.9998
2.71513645 1.0055
2.73213509 1.0003
2.75700817 0.9882
2.78094846 0.9783
2.79817840 0.9778
2.80332920 0.9761
2.79616406 0.9698
2.77615596 0.9625
2.74820092 0.9709
2.71893039 0.9903
2.69415220 1.0073
2.67838071 1.0126
2.67904293 1.0141
2.69464002 1.0239
2.71683806 1.0402
2.73436100 1.0438
2.74202758 1.0341
2.73959067 1.0290
2.72795596 1.0331
2.71157874 1.0412
2.69543154 1.0396
2.68659246 1.0236
2.68113501 0.9849
2.68474710 0.9509
2.70513488 0.9434
2.74212309 0.9570
2.78117812 0.9757
2.80491537 0.9832
2.80789359 0.9873
2.79068570 1.0074
2.76236539 1.0409
2.73059973 1.0689
2.69803031 1.0652
2.66741325 1.0305
2.64813764 0.9991
2.64940603 0.9870
2.67054699 0.9875
2.69664921 0.9788
2.71709901 0.9584
2.73133653 0.9407
2.72480613 0.9279
2.70190225 0.9401
2.67379537 0.9718
2.65175982 1.0156
2.64009809 1.0495
2.63322713 1.0612
2.63175451 1.0530
2.63482567 1.0373
2.63817684 1.0197
2.64576431 1.0142
2.66011213 1.0188
2.67929472 1.0263
2.69213009 1.0355
2.69267339 1.0485
2.69087302 1.0629
2.69350091 1.0731
2.69690787 1.0694
2.69472559 1.0544
2.68256030 1.0329
2.66763808 1.0168
2.65542584 1.0055
2.65206294 0.9969
2.65825965 0.9906
2.66226528 0.9883
2.65996315 0.9969
2.65519403 1.0048
2.65728700 1.0070
2.66812012 1.0042
2.68057815 1.0029
2.69404446 1.0088
2.70485678 1.0194
2.71486516 1.0329
2.72850006 1.0431
2.74668723 1.0526
2.75619448 1.0562
2.75442786 1.0574
2.74769549 1.0503
2.74171649 1.0258
2.73675867 0.9907
2.72887646 0.9666
2.71969819 0.9662
2.70895995 0.9721
2.70525824 0.9832
2.71364865 0.9923
2.73111020 1.0068
2.74512697 1.0236
2.75439049 1.0395
2.76125242 1.0424
2.77106279 1.0284
2.77531435 1.0038
2.76541439 0.9831
2.74488662 0.9770
2.72391191 0.9834
2.70698957 0.9933
2.69821225 0.9979
2.69965963 0.9995
2.70223002 1.0021
2.70527846 1.0019
2.71453410 1.0006
2.72418018 0.9973
2.73136305 0.9982
2.72949379 1.0009
2.72069484 0.9993
2.70967647 0.9841
2.70239880 0.9611
2.69811405 0.9527
2.69166895 0.9681
2.67941986 0.9880
2.67071704 0.9902
2.67427754 0.9775
2.68510938 0.9730
2.69469631 0.9933
2.70370855 1.0383
2.70955512 1.0704
2.71119807 1.0596
2.70592612 1.0068
2.69565224 0.9528
2.68254421 0.9306
2.67044280 0.9338
2.66339846 0.9351
2.66273281 0.9178
2.65318095 0.8885
2.63070319 0.8663
2.60547128 0.8537
2.58925110 0.8548
2.58995317 0.8658
2.60764799 0.8862
2.63597916 0.9160
2.66403514 0.9448
2.68498449 0.9642
2.69258511 0.9626
2.69211775 0.9488
2.69351075 0.9424
2.70310336 0.9518
2.71503105 0.9748
2.71991811 0.9892
2.71676038 0.9702
2.70346377 0.9249
2.68574539 0.8911
2.67354874 0.8883
2.67768651 0.9134
2.67828183 0.9324
2.66537491 0.9156
2.65135429 0.8711
2.64902424 0.8389
2.65752286 0.8418
2.67065032 0.8737
2.67962255 0.8926
2.67904907 0.8793
2.67533357 0.8602
2.68098990 0.8596
2.69615811 0.8860
2.70471910 0.9162
2.69373589 0.9152
2.66703147 0.8732
2.64471095 0.8231
2.63599442 0.8050
2.63960031 0.8174
2.64241956 0.8392
2.63764963 0.8539
2.64006657 0.8747
2.65704975 0.9050
2.68247977 0.9377
2.70029457 0.9579
2.70377224 0.9538
2.70228915 0.9349
2.70539187 0.9174
2.71859509 0.9120
2.73358108 0.9147
2.74346448 0.9228
2.74239798 0.9287
2.73715932 0.9367
2.72572602 0.9407
2.70404601 0.9458
2.67364853 0.9431
2.64480977 0.9339
2.62465233 0.9246
2.61781846 0.9183
2.62042521 0.9108
2.62182137 0.8965
2.62308685 0.8735
2.62560599 0.8448
2.63256853 0.8201
2.64168507 0.8095
2.65290974 0.8141
2.66529616 0.8303
2.68272206 0.8587
2.69872006 0.8922
2.70903540 0.9245
2.71038784 0.9442
2.70567510 0.9467
2.69601749 0.9357
2.68780552 0.9202
2.67918524 0.9095
2.67555420 0.9071
2.68404401 0.9102
2.70738801 0.9206
2.73871119 0.9409
2.76504817 0.9695
2.78076460 0.9922
2.78218435 0.9930
2.76852934 0.9688
2.74422963 0.9313
2.71500072 0.8998
2.69257052 0.8807
2.68777341 0.8764
2.69650273 0.8797
2.71205995 0.8911
2.72342634 0.9168
2.72899987 0.9541
2.73318656 0.9737
2.73332202 0.9626
2.72848915 0.9347
2.71510104 0.9073
2.69727142 0.8874
2.68415316 0.8702
2.68641636 0.8515
2.69999311 0.8345
2.71574314 0.8354
2.72585012 0.8651
2.73302861 0.9133
2.73461236 0.9463
2.72888553 0.9477
2.71083223 0.9300
2.69295508 0.9163
2.68586828 0.9073
2.69616217 0.8947
2.72175130 0.8786
2.74181562 0.8699
2.74413289 0.8626
2.73354345 0.8736
2.72849377 0.8993
2.73309172 0.9247
2.73651194 0.9358
2.73597360 0.9355
2.73813206 0.9294
2.74431868 0.9202
2.75298965 0.9124
2.74886490 0.9111
2.73155713 0.9207
2.70348952 0.9273
2.67870774 0.9326
2.66518901 0.9427
2.66102368 0.9570
2.66507810 0.9769
2.67334901 0.9939
2.68984461 1.0012
2.71034478 0.9923
2.72335697 0.9788
2.72505991 0.9831
2.71341031 0.9987
2.69530464 1.0016
2.68004686 0.9823
2.66465552 0.9540
2.65378452 0.9272
2.64885232 0.8991
2.65897379 0.8722
2.68032087 0.8532
2.70988155 0.8599
2.73336633 0.9049
2.73315770 0.9687
2.71327523 1.0072
2.68508150 0.9874
2.66530832 0.9400
2.65649288 0.9122
2.66002905 0.9169
2.68172684 0.9372
2.71793876 0.9390
2.76452022 0.9279
2.80241377 0.9244
2.81280075 0.9570
2.79829963 1.0128
2.77463263 1.0499
2.75656161 1.0357
2.75027033 0.9992
2.75236521 0.9836
2.75361699 0.9935
2.75907565 1.0043
2.77478873 0.9994
2.79929137 0.9891
2.81645095 0.9868
2.81977747 0.9933
2.80679874 1.0095
2.78909556 1.0180
2.76939750 1.0152
2.75738490 1.0078
2.74633202 1.0045
2.73695775 0.9971
2.73485067 0.9804
2.74210359 0.9643
2.76084881 0.9613
2.77854286 0.9678
2.79151329 0.9766
2.80350479 0.9846
2.81201300 0.9868
2.81750748 0.9836
2.81587907 0.9750
2.80061789 0.9564
2.77994619 0.9288
2.75706328 0.8964
2.73180362 0.8676
2.70697529 0.8507
2.69155228 0.8467
2.69291311 0.8494
2.71091962 0.8565
2.74195819 0.8753
2.77547950 0.8991
2.79752455 0.9215
2.80287051 0.9333
2.80066976 0.9413
2.79950543 0.9514
2.79773145 0.9620
2.79267528 0.9701
2.78746501 0.9729
2.78541207 0.9727
2.78394223 0.9742
2.78317998 0.9766
2.77798370 0.9767
2.77036456 0.9700
2.75854232 0.9652
2.74153874 0.9644
2.72429491 0.9685
2.71054540 0.9663
2.70274264 0.9527
2.70438604 0.9356
2.71221791 0.9213
2.72748352 0.9137
2.74383920 0.9068
2.75040968 0.9018
2.74153729 0.9031
2.72014271 0.9173
2.69149647 0.9336
2.66519627 0.9371
2.65438153 0.9265
2.66368569 0.9222
2.68329618 0.9412
2.69655012 0.9688
2.69692500 0.9598
2.68844363 0.9045
2.67515135 0.8417
2.66523889 0.8250
2.65711565 0.8572
2.65007348 0.9085
2.64639764 0.9351
2.64458678 0.9164
2.63833071 0.8751
2.62737436 0.8546
2.63424233 0.8848
2.65977278 0.9262
2.69292835 0.9224
2.71543843 0.8769
2.72014145 0.8427
2.71513754 0.8564
2.70928056 0.8987
2.71230822 0.9285
2.72400837 0.9326
2.73502330 0.9238
2.73227637 0.9106
2.72210991 0.8979
2.71584565 0.8772
2.71675424 0.8500
2.71571273 0.8248
2.70285232 0.8154
2.68315447 0.8196
2.66796878 0.8235
2.67042696 0.8277
2.67788436 0.8383
2.68294795 0.8555
2.68872033 0.8716
2.70285201 0.8799
2.73017248 0.8795
2.76216266 0.8746
2.78904309 0.8717
2.80598960 0.8791
2.81033869 0.8870
2.80601798 0.8836
2.80001640 0.8743
2.79221700 0.8616
2.77419564 0.8423
2.74422675 0.8046
2.71171558 0.7590
2.68737319 0.7221
2.67336728 0.7074
2.66720019 0.7168
2.66924864 0.7415
2.67911505 0.7687
2.69503863 0.7915
2.71180152 0.8096
2.73022130 0.8309
2.73955790 0.8492
2.73806289 0.8559
2.72835551 0.8475
2.71614405 0.8342
2.71014266 0.8268
2.71391442 0.8309
2.72118842 0.8437
2.73167785 0.8649
2.73536882 0.8834
2.73003997 0.8947
2.71552850 0.8967
2.69640794 0.8859
2.67551044 0.8665
2.65658624 0.8423
2.64029320 0.8207
2.63558192 0.8045
2.64393335 0.7957
2.66232663 0.7965
2.67988171 0.8002
2.69211372 0.8066
2.69405433 0.8129
2.69223104 0.8199
2.68969200 0.8252
2.68722950 0.8273
2.67742666 0.8266
2.65672140 0.8142
2.63364179 0.7979
2.62013506 0.7958
2.61522589 0.8071
2.61735651 0.8207
2.61910071 0.8203
2.61797831 0.8018
2.61196159 0.7772
2.61316714 0.7697
2.61981579 0.7814
2.63302930 0.7974
2.65061171 0.8001
2.66613485 0.7848
2.68298649 0.7758
2.70071145 0.7893
2.71260043 0.8287
2.71292742 0.8695
2.70598632 0.8905
2.70065849 0.8917
2.70290665 0.8955
2.71247916 0.9097
2.72965059 0.9325
2.74960807 0.9522
2.76028881 0.9574
2.75854669 0.9511
2.74729941 0.9383
2.72903573 0.9162
2.70972604 0.8889
2.68519706 0.8566
2.66450158 0.8352
2.64876794 0.8194
2.63318364 0.8015
2.62758692 0.7868
2.64650923 0.7872
2.69215836 0.8197
2.73930179 0.8665
2.77050540 0.8985
2.78932838 0.9025
2.79760677 0.8836
2.79551351 0.8520
2.78435725 0.8231
2.77732198 0.8090
2.77662110 0.8039
2.78128011 0.8027
2.77621135 0.8015
2.76060831 0.8094
2.73759700 0.8223
2.71011206 0.8258
2.68439273 0.8177
2.66458261 0.8017
2.65055960 0.7930
2.64544825 0.7895
2.65329980 0.7870
2.68273972 0.7902
2.72742131 0.8046
2.77688153 0.8331
2.81014918 0.8713
2.82689814 0.9087
2.82720372 0.9269
2.81264819 0.9264
2.79264881 0.9265
2.76692347 0.9249
2.74394902 0.9184
2.72946209 0.9088
2.72927201 0.9042
2.73674361 0.9057
2.74178415 0.9097
2.73943796 0.9128
2.72893344 0.9094
2.71581881 0.8943
2.69924592 0.8724
2.68381368 0.8553
2.67147653 0.8548
2.66533371 0.8720
2.66238041 0.8958
2.66617110 0.9161
2.67836237 0.9321
2.69570475 0.9437
2.71263890 0.9548
2.72792201 0.9662
2.73965171 0.9720
2.75101595 0.9680
2.75554898 0.9522
2.73814406 0.9257
2.70171647 0.8980
2.67164703 0.8885
2.66304679 0.8961
2.67544621 0.9119
2.69076251 0.9226
2.69927740 0.9212
2.70338015 0.9094
2.70404269 0.8956
2.70426506 0.8865
2.69738465 0.8827
2.68929666 0.8896
2.68647633 0.9021
2.69370210 0.9173
2.71237592 0.9314
2.73027335 0.9444
2.73290958 0.9564
2.71868925 0.9554
2.69636900 0.9365
2.68298672 0.9126
2.67727001 0.8950
2.67851511 0.9023
2.68055907 0.9245
2.67796939 0.9409
2.67115106 0.9440
2.66093897 0.9315
2.65864958 0.9240
2.65980403 0.9229
2.65160211 0.9034
2.63623717 0.8501
2.62719017 0.7869
2.63316738 0.7480
2.65517549 0.7473
2.68952103 0.7803
2.72638700 0.8349
2.74912167 0.8879
2.74820540 0.9101
2.73602269 0.9084
2.73527102 0.9119
2.74596321 0.9307
2.75141309 0.9322
2.74394562 0.9064
2.72171506 0.8727
2.69563513 0.8570
2.68137813 0.8584
2.69112593 0.8765
2.71064380 0.8919
2.73199411 0.9041
2.75174669 0.9209
2.76669069 0.9460
2.77264896 0.9647
2.76923832 0.9650
2.75375783 0.9492
2.72728539 0.9299
2.69368751 0.9137
2.66797882 0.9072
2.65806541 0.9101
2.66755525 0.9157
2.68655451 0.9193
2.70688915 0.9154
2.71798048 0.9011
2.72015329 0.8818
2.71396714 0.8622
2.70778557 0.8515
2.70308491 0.8544
2.70014050 0.8610
2.69212702 0.8545
2.68638545 0.8394
2.68577817 0.8329
2.69622119 0.8449
2.71105735 0.8668
2.72194145 0.8872
2.72918929 0.9074
2.73357789 0.9270
2.74080909 0.9458
2.75041118 0.9619
2.76801672 0.9799
2.78374354 0.9920
2.79043391 0.9911
2.78838182 0.9820
2.78369220 0.9670
2.78077319 0.9630
2.78038455 0.9781
2.77792576 1.0031
2.76473248 1.0089
2.74325339 1.0020
2.72481975 0.9961
2.71322424 1.0002
2.71392247 1.0090
2.72079157 1.0046
2.72417196 0.9755
2.72640837 0.9415
2.73072060 0.9237
2.74033378 0.9300
2.75408284 0.9564
2.75720346 0.9785
2.74526485 0.9843
2.72640542 0.9805
2.71147725 0.9815
2.70812538 0.9878
2.70795748 0.9885
2.70651974 0.9717
2.69957574 0.9451
2.69929245 0.9301
2.70885871 0.9320
2.72566135 0.9447
2.73985321 0.9594
2.74397617 0.9668
2.74068115 0.9720
2.74688924 0.9870
2.76375120 1.0067
2.78399391 1.0125
2.78689145 0.9984
2.77056569 0.9900
2.74731395 0.9855
2.72757793 0.9898
2.71412375 0.9982
2.70282524 1.0049
2.69347046 1.0090
2.68846703 1.0111
2.69446909 1.0107
2.71527903 1.0068
2.74548843 0.9956
2.76545709 0.9784
2.76546902 0.9559
2.75962794 0.9365
2.75406174 0.9213
2.74520863 0.9040
2.72889088 0.8820
2.70835497 0.8739
2.70231506 0.8905
2.70942496 0.9183
2.71826677 0.9386
2.72516226 0.9451
2.72929682 0.9511
2.73135523 0.9640
2.72966740 0.9769
2.72205826 0.9740
2.71008031 0.9524
2.69742120 0.9283
2.69449683 0.9249
2.70576901 0.9429
2.72789938 0.9645
2.75350159 0.9810
2.77196257 0.9963
2.78251357 1.0115
2.78980236 1.0236
2.79020332 1.0167
2.78435249 0.9875
2.77574762 0.9521
2.77280517 0.9359
2.77628821 0.9451
2.78322428 0.9647
2.78747165 0.9724
2.78631682 0.9666
2.77830145 0.9642
2.77202545 0.9795
2.77001300 0.9974
2.76694727 0.9900
2.75226889 0.9530
2.73115140 0.9190
2.71739333 0.9103
2.71404924 0.9249
2.71346948 0.9360
2.71189202 0.9325
2.70090281 0.9204
2.68171868 0.9150
2.66753517 0.9189
2.65854979 0.9155
2.65257934 0.8954
2.65629854 0.8841
2.66715262 0.8922
2.69028952 0.9233
2.71830442 0.9591
2.74914163 0.9872
2.76679615 1.0110
2.75990289 1.0342
2.73206377 1.0511
2.69462143 1.0443
2.66585673 1.0151
2.65564024 0.9825
2.67057564 0.9714
2.70271783 0.9854
2.73884812 0.9987
2.77201423 0.9942
2.79755357 0.9849
2.81038983 0.9958
2.80386495 1.0277
2.77744302 1.0502
2.74002984 1.0364
2.70441110 0.9944
2.68745326 0.9585
2.70218899 0.9577
2.73538379 0.9776
2.77322373 0.9880
2.80205330 0.9693
2.81427215 0.9474
2.81411810 0.9521
2.80182783 0.9855
2.77896164 1.0203
2.74531480 1.0181
2.70564312 0.9784
2.67736548 0.9470
2.67106177 0.9461
2.68939683 0.9651
2.72052633 0.9846
2.75553401 0.9918
2.78213438 0.9817
2.79514076 0.9731
2.79554737 0.9784
2.78711852 0.9879
2.76768687 0.9837
2.74651307 0.9666
2.73528548 0.9610
2.74064256 0.9744
2.76637812 1.0012
2.79908615 1.0295
2.82240619 1.0482
2.82712219 1.0436
2.81956855 1.0180
2.81013105 1.0030
2.79851507 1.0059
2.78037321 1.0078
2.76157328 1.0067
2.75119066 1.0120
2.75565788 1.0235
2.77406962 1.0446
2.79742968 1.0654
2.81500580 1.0711
2.82080356 1.0469
2.81544800 1.0016
2.80520130 0.9738
2.79237873 0.9787
2.77994472 0.9995
2.77028226 1.0204
2.76653511 1.0386
2.76932211 1.0563
2.77431020 1.0702
2.78181028 1.0769
2.78654214 1.0644
2.78299342 1.0282
2.76819132 0.9760
2.74680608 0.9340
2.72676161 0.9207
2.71181816 0.9293
2.70077940 0.9548
2.69711272 0.9901
2.70571823 1.0360
2.72491941 1.0820
2.75065471 1.1094
2.78073072 1.1131
2.80935066 1.0980
2.82686493 1.0784
2.83112393 1.0557
2.82039912 1.0400
2.79874492 1.0355
2.77421124 1.0400
2.75820548 1.0532
2.75149919 1.0733
2.74562809 1.0775
2.73853020 1.0580
2.74271649 1.0546
2.75491035 1.0722
2.75756581 1.0868
2.74429227 1.0785
2.71825881 1.0411
2.68781092 0.9944
2.66607452 0.9579
2.66077576 0.9427
2.67240074 0.9464
2.69005692 0.9649
2.70029693 0.9740
2.70270909 0.9800
2.70250039 0.9998
2.69815877 1.0197
2.68441996 1.0253
2.66984913 1.0173
2.66086472 0.9990
2.66355806 0.9749
2.67624337 0.9503
2.69489890 0.9355
2.70590416 0.9391
2.70387060 0.9358
2.69179409 0.9262
2.68785787 0.9500
2.69234983 0.9957
2.69892323 1.0302
2.71209098 1.0456
2.73079743 1.0512
2.75338387 1.0496
2.77153833 1.0320
2.78867590 1.0145
2.80083688 1.0086
2.80194120 1.0160
2.78175298 1.0281
2.74336252 1.0303
2.70986588 1.0205
2.69837508 1.0046
2.70970151 0.9897
2.73620498 0.9918
2.76243437 1.0011
2.77097949 0.9764
2.76576436 0.9321
2.75395614 0.9102
2.73980294 0.9125
2.71969117 0.9188
2.69212457 0.9075
2.66534371 0.8880
2.65440259 0.8749
2.65814700 0.8813
2.67465755 0.9144
2.69383916 0.9357
2.70930643 0.9268
2.71856930 0.9095
2.72327028 0.9116
2.72437232 0.9410
2.71510135 0.9693
2.69059350 0.9745
2.66127140 0.9511
2.65110673 0.9260
2.66965622 0.9245
2.71257866 0.9571
2.75595940 1.0047
2.77920475 1.0318
2.77791138 1.0289
2.75974229 1.0118
2.73231709 0.9906
2.69718067 0.9600
2.65676045 0.9238
2.62806593 0.9013
2.61801617 0.9022
2.64258763 0.9355
2.68972463 0.9830
2.73409606 1.0242
2.76062341 1.0437
2.76599143 1.0412
2.76313467 1.0290
2.75242809 1.0097
2.72711138 0.9776
2.68690097 0.9351
2.64718088 0.8964
2.62437663 0.8765
2.63406000 0.8904
2.66677089 0.9277
2.70024740 0.9722
2.71946120 1.0098
2.72237983 1.0261
2.71615971 1.0152
2.69675398 0.9835
2.66334226 0.9427
2.61863970 0.8942
2.57621908 0.8480
2.56846527 0.8365
2.60052974 0.8680
2.64744933 0.9243
2.68445576 0.9850
2.70718429 1.0442
2.72605014 1.0977
2.73988324 1.1254
2.74026445 1.1203
2.72377098 1.0909
2.69462861 1.0503
2.66777878 1.0094
2.66093973 0.9832
2.67493735 0.9756
2.69086609 0.9766
2.69647590 0.9824
2.69836623 0.9918
2.70304416 1.0029
2.70971903 1.0157
2.70958088 1.0242
2.69918104 1.0201
2.68770721 1.0111
2.68894854 1.0073
2.70527638 1.0074
2.73346309 1.0100
2.76232215 1.0243
2.77724653 1.0439
2.76492233 1.0469
2.72663841 1.0221
2.68408103 0.9899
2.65722913 0.9733
2.64415000 0.9715
2.64244635 0.9819
2.64526538 0.9891
2.65669906 0.9918
2.67076792 0.9937
2.68433498 1.0002
2.69617631 0.9990
2.70052225 0.9818
2.69715522 0.9533
2.69626044 0.9368
2.70165973 0.9446
2.71227287 0.9739
2.72577479 1.0063
2.74601769 1.0325
2.77074140 1.0523
2.79447801 1.0688
2.80442644 1.0770
2.79506227 1.0620
2.76989598 1.0273
2.74231941 1.0008
2.72510806 0.9956
2.71428443 0.9973
2.71010016 0.9956
2.71613220 0.9851
2.73098667 0.9725
2.74728830 0.9636
2.75863854 0.9646
2.75947289 0.9683
2.74949434 0.9689
2.73329743 0.9666
2.72128875 0.9696
2.71703402 0.9838
2.72601524 1.0002
2.75123725 1.0036
2.78135398 0.9749
2.80685886 0.9209
2.81257685 0.8613
2.80145110 0.8281
2.78231235 0.8424
2.76199898 0.8879
2.73608025 0.9386
2.69938252 0.9680
2.66266238 0.9730
2.64971646 0.9711
2.67443138 0.9790
2.72837854 0.9930
2.78378308 0.9956
2.81606713 0.9739
2.82225195 0.9467
2.81473885 0.9398
2.80187858 0.9578
2.78443869 0.9836
2.75800521 1.0005
2.73702507 1.0106
2.73590227 1.0265
2.76361749 1.0567
2.80940121 1.0862
2.84298933 1.0841
2.84702566 1.0589
2.82011817 1.0318
2.78141653 1.0225
2.74246383 1.0235
2.70761581 1.0189
2.67778278 1.0022
2.65607737 0.9793
2.65434867 0.9731
2.67595640 0.9841
2.71253941 1.0044
2.75049201 1.0222
2.77245100 1.0333
2.77018151 1.0362
2.74963022 1.0277
2.72700050 1.0077
2.70976711 0.9755
2.69595303 0.9438
2.69038333 0.9235
2.69826147 0.9271
2.72129024 0.9453
2.75263737 0.9652
2.78185398 0.9852
2.79898593 1.0158
2.79722283 1.0469
2.78272589 1.0612
2.76193266 1.0475
2.74082704 1.0030
2.71929898 0.9507
2.70401974 0.9176
2.71162031 0.9158
2.74010142 0.9421
2.77136397 0.9747
2.79471072 1.0039
2.80018910 1.0313
2.79444088 1.0515
2.78267705 1.0586
2.76675863 1.0402
2.74491192 1.0037
2.71622578 0.9592
2.68715805 0.9202
2.68043703 0.9010
2.70100219 0.9059
2.73689152 0.9303
2.76808178 0.9617
2.78182984 0.9903
2.78381213 1.0091
2.77638432 1.0108
2.76159792 0.9916
2.73670247 0.9608
2.70657014 0.9285
2.68213242 0.9073
2.67048810 0.8960
2.67156571 0.8949
2.68683428 0.9036
2.70406706 0.9217
2.72259222 0.9460
2.74338930 0.9631
2.76343516 0.9705
2.77682169 0.9690
2.77913619 0.9691
2.76948097 0.9791
2.75868945 0.9919
2.75163933 0.9981
2.74963799 0.9972
2.74692710 0.9982
2.74251473 1.0060
2.74013519 1.0154
2.74478724 1.0157
2.75176102 1.0043
2.76131565 0.9950
2.77247150 0.9997
2.78202764 1.0166
2.78494737 1.0264
2.77907930 1.0173
2.76400537 0.9926
2.74152596 0.9687
2.71729561 0.9503
2.69650852 0.9361
2.68702007 0.9286
2.69082752 0.9370
2.70844589 0.9641
2.73201173 1.0023
2.75324274 1.0328
2.77154223 1.0436
2.78235642 1.0326
2.78247578 1.0120
2.77346449 0.9864
2.75068023 0.9566
2.72140464 0.9251
2.69374400 0.9006
2.67985633 0.8956
2.68387684 0.9232
2.69772888 0.9719
2.71521445 1.0111
2.72761000 1.0238
2.73487591 1.0191
2.73768177 1.0029
2.73775757 0.9747
2.73999753 0.9411
2.74000349 0.9180
2.73064100 0.9151
2.71977850 0.9305
2.72545265 0.9716
2.75077395 1.0155
2.78309434 1.0422
2.80352470 1.0546
2.80261809 1.0590
2.78355075 1.0545
2.75111731 1.0320
2.71245249 0.9872
2.67886481 0.9478
2.65337114 0.9352
2.63777441 0.9451
2.63833124 0.9579
2.65271221 0.9648
2.67521108 0.9742
2.69713423 0.9928
2.70875683 1.0075
2.70932932 1.0094
2.70605257 1.0043
2.69758866 0.9966
2.68243993 0.9918
2.65930623 0.9883
2.63869792 0.9776
2.62758144 0.9499
2.62955517 0.9153
2.64012398 0.8893
2.65448929 0.8730
2.67003694 0.8640
2.68405985 0.8601
2.69800298 0.8718
2.70873765 0.9016
2.71632013 0.9418
2.71931992 0.9707
2.71923681 0.9654
2.71782039 0.9379
2.72266938 0.9214
2.73385057 0.9215
2.73929731 0.9210
2.73148684 0.9078
2.71466425 0.8917
2.69732465 0.8891
2.68511711 0.9039
2.67242297 0.9204
2.66398764 0.9232
2.66137065 0.9099
2.66665549 0.8989
2.67921988 0.8980
2.69841557 0.9044
2.71191752 0.9095
2.71572808 0.9083
2.71364794 0.9124
2.70931807 0.9182
2.70551125 0.9212
2.70343040 0.9070
2.70975618 0.8784
2.71574662 0.8425
2.71665347 0.8205
2.69789562 0.8044
2.66661740 0.7905
2.63509586 0.7818
2.61136087 0.7846
2.60013957 0.7972
2.60216886 0.8146
2.61373243 0.8282
2.63676731 0.8260
2.66749233 0.8121
2.69533725 0.7972
2.70645077 0.7861
2.70042820 0.7835
2.68232624 0.7823
2.66402292 0.7926
2.64677261 0.8135
2.62859009 0.8345
2.61677849 0.8481
2.60846256 0.8435
2.60431610 0.8200
2.61209760 0.7976
2.62440735 0.7859
2.63532449 0.7810
2.64199544 0.7709
2.64917421 0.7628
2.65826066 0.7742
2.66320491 0.8022
2.66301833 0.8383
2.66514425 0.8683
2.67778585 0.8861
2.69818714 0.8947
2.71971877 0.9079
2.72982949 0.9177
2.72410642 0.9151
2.70878005 0.8971
2.69147577 0.8648
2.67696737 0.8355
2.66996608 0.8221
2.67240070 0.8246
2.68550647 0.8374
2.70804228 0.8460
2.73821813 0.8544
2.76192869 0.8605
2.76759090 0.8651
2.75136201 0.8614
2.72179926 0.8512
2.69641694 0.8407
2.67798057 0.8189
2.66155840 0.7813
2.64509341 0.7315
2.63836923 0.6971
2.64814367 0.6953
2.66471391 0.7246
2.67849735 0.7610
2.67856665 0.7836
2.66459990 0.7849
2.64700602 0.7809
2.62635149 0.7759
2.60957724 0.7668
2.59811880 0.7432
2.59796863 0.7120
2.62174009 0.7080
2.66380356 0.7372
2.71037718 0.7943
2.74238577 0.8474
2.75361874 0.8717
2.74926218 0.8727
2.73020782 0.8613
2.69790243 0.8371
2.65631408 0.7961
2.61734921 0.7534
2.59063312 0.7265
2.59231518 0.7362
2.62305172 0.7806
2.66623983 0.8366
2.69898436 0.8741
2.71370866 0.8876
2.71649724 0.8892
2.71452111 0.8868
2.70831147 0.8730
2.69671374 0.8391
2.67762658 0.7894
2.65852070 0.7501
2.65200004 0.7478
2.65979944 0.7738
2.67024328 0.8047
2.67751685 0.8268
2.68063842 0.8380
2.67989692 0.8455
2.68192425 0.8534
2.68431938 0.8461
2.68072618 0.8194
2.66273061 0.7797
2.64181888 0.7515
2.63105401 0.7501
2.63723531 0.7718
2.65353093 0.8038
2.66726288 0.8344
2.67681362 0.8602
2.68035745 0.8797
2.68192163 0.8956
2.68085329 0.8984
2.67136992 0.8841
2.64944691 0.8525
2.62331236 0.8171
2.60035067 0.7849
2.58304267 0.7607
2.56855834 0.7382
2.55911915 0.7214
2.55893027 0.7130
2.57731871 0.7162
2.60648492 0.7279
2.64086397 0.7476
2.66807981 0.7795
2.68190685 0.8145
2.68405072 0.8333
2.68460850 0.8314
2.68391427 0.8038
2.67423005 0.7574
2.65231385 0.7063
2.63409621 0.6676
2.63369002 0.6486
2.64986959 0.6525
2.66769825 0.6740
2.67608649 0.7095
2.67557040 0.7436
2.67244749 0.7645
2.66650219 0.7600
2.66206369 0.7460
2.65473553 0.7223
2.63928453 0.6944
2.62642402 0.6680
2.62848202 0.6589
2.63743302 0.6618
2.65049271 0.6881
2.67012933 0.7367
2.69105972 0.7833
2.70929822 0.8140
2.72051349 0.8294
2.72563927 0.8324
2.72639464 0.8211
2.72185982 0.7945
2.71982749 0.7632
2.72180656 0.7377
2.72405297 0.7340
2.72429183 0.7583
2.72403523 0.7990
2.72265710 0.8333
2.72363954 0.8540
2.72001250 0.8533
2.71483002 0.8427
2.71069116 0.8283
2.71177424 0.8207
2.72134758 0.8170
2.74191503 0.8101
2.76250688 0.7986
2.77708964 0.7945
2.78557716 0.8093
2.78856722 0.8312
2.78875039 0.8504
2.78025082 0.8594
2.76948407 0.8642
2.74855046 0.8590
2.72243877 0.8441
2.69252428 0.8039
2.66198251 0.7486
2.63898720 0.7039
2.62914653 0.6850
2.62607917 0.6811
2.62998138 0.6905
2.64164029 0.7111
2.66262536 0.7447
2.68643105 0.7904
2.70101706 0.8367
2.70081616 0.8650
2.69058779 0.8703
2.68189603 0.8598
2.68201298 0.8472
2.69241768 0.8448
2.71501585 0.8493
2.73597920 0.8542
2.75183697 0.8574
2.76071755 0.8665
2.76096408 0.8803
2.75489762 0.8974
2.74583334 0.9016
2.74075155 0.8904
2.73297306 0.8688
2.71896903 0.8484
2.70154206 0.8342
2.69152984 0.8235
2.69529658 0.8111
2.71138097 0.7984
2.73140576 0.7953
2.74739272 0.8143
2.75406719 0.8483
2.75159349 0.8729
2.74810936 0.8809
2.74663348 0.8747
2.74477147 0.8569
2.74301552 0.8368
2.73922511 0.8059
2.73321351 0.7658
2.72615522 0.7312
2.72376045 0.7146
2.72680333 0.7200
2.73142389 0.7414
2.72699562 0.7568
2.71274355 0.7593
2.69841398 0.7571
2.69620958 0.7657
2.70045660 0.7825
2.70507133 0.7945
2.70986162 0.8001
2.71441156 0.8021
2.72055703 0.8093
2.72889312 0.8226
2.73420967 0.8317
2.73677868 0.8391
2.73788072 0.8429
2.74302273 0.8528
2.74669142 0.8677
2.75435274 0.8824
2.77144124 0.8921
2.79724377 0.8942
2.82441898 0.8909
2.84566354 0.8882
2.85880144 0.8869
2.86147083 0.8842
2.85398643 0.8760
2.83979551 0.8652
2.81983260 0.8510
2.79485046 0.8328
2.77266683 0.8143
2.75289700 0.7967
2.73478639 0.7824
2.71895871 0.7740
2.70794732 0.7718
2.70269644 0.7741
2.70074655 0.7801
2.69931336 0.7917
2.69024500 0.7996
2.67071417 0.8001
2.64620990 0.7923
2.62733638 0.7806
2.62150818 0.7759
2.62902996 0.7834
2.64729990 0.8013
2.66778394 0.8191
2.68449014 0.8280
2.69490521 0.8330
2.69985960 0.8354
2.69862923 0.8415
2.69311512 0.8514
2.68247356 0.8577
2.67385863 0.8619
2.67154907 0.8699
2.67664738 0.8798
2.68476624 0.8886
2.69563052 0.8905
2.71018917 0.8894
2.72166679 0.8866
2.72097798 0.8796
2.71090615 0.8732
2.69766589 0.8721
2.68440134 0.8683
2.67064793 0.8568
2.65742746 0.8390
2.64761103 0.8230
2.64281890 0.8096
2.64663337 0.7985
2.65663069 0.7878
2.66359317 0.7721
2.65869669 0.7547
2.64707409 0.7555
2.63924445 0.7755
2.64079192 0.8086
2.65033543 0.8324
2.65669729 0.8359
2.65020682 0.8167
2.64572910 0.8002
2.65350815 0.7954
2.67563570 0.8011
2.70213514 0.8040
2.71759058 0.7984
2.71744187 0.7929
2.70726075 0.8017
2.70472848 0.8189
2.70980718 0.8299
2.71543482 0.8209
2.71467261 0.8020
2.70979600 0.7876
2.71584449 0.7859
2.73247517 0.7923
2.75282787 0.7984
2.76232663 0.7994
2.75281013 0.7952
2.73730301 0.7935
2.73153428 0.7992
2.74024968 0.8085
2.75246058 0.8126
2.75595322 0.8142
2.75515991 0.8247
2.75946793 0.8400
2.76835176 0.8455
2.77038416 0.8358
2.75076143 0.8010
2.71420935 0.7566
2.67829819 0.7179
2.65918589 0.6982
2.66447130 0.7000
2.68365519 0.7213
2.70094081 0.7575
2.70985276 0.8043
2.70671024 0.8338
2.70542218 0.8469
2.70991499 0.8454
2.71663283 0.8327
2.71711764 0.8056
2.70955196 0.7743
2.70076846 0.7478
2.69725566 0.7341
2.69985981 0.7441
2.70569981 0.7774
2.70799306 0.8156
2.70424881 0.8428
2.70376213 0.8613
2.71501226 0.8826
2.73605206 0.8974
2.75262655 0.8888
2.75852788 0.8533
2.75618986 0.8115
2.75678946 0.7851
2.76187341 0.7904
2.76537154 0.8278
2.75861619 0.8695
2.74579577 0.8997
2.73815759 0.9168
2.73416372 0.9217
2.72724398 0.9063
2.71254036 0.8680
2.68446422 0.8067
2.64589628 0.7404
2.60620372 0.6909
2.57300208 0.6741
2.56066643 0.6954
2.56952418 0.7377
2.58737796 0.7780
2.60275926 0.8010
2.61296590 0.8115
2.60766543 0.8072
2.59132255 0.7921
2.58475967 0.7846
2.59960969 0.7959
2.62233990 0.8167
2.63311575 0.8323
2.62792617 0.8396
2.61554553 0.8427
2.60677198 0.8416
2.61206181 0.8403
2.62903717 0.8402
2.64946309 0.8436
2.67236183 0.8507
2.69908147 0.8645
2.72983524 0.8901
2.75067876 0.9152
2.75181729 0.9257
2.74140194 0.9207
2.73129022 0.9033
2.73192080 0.8832
2.74368101 0.8743
2.76393929 0.8841
2.78073363 0.9076
2.79191299 0.9274
2.79485298 0.9359
2.79541305 0.9384
2.78814482 0.9368
2.77519225 0.9293
2.75495686 0.9123
2.73420022 0.8856
2.72214675 0.8543
2.71660308 0.8245
2.71837189 0.8090
2.72249953 0.8065
2.72575501 0.8075
2.72378383 0.7980
2.71981127 0.7845
2.72065162 0.7771
2.72579037 0.7743
2.72712825 0.7637
2.72023473 0.7433
2.71178437 0.7276
2.70909753 0.7263
2.71133656 0.7379
2.71870524 0.7609
2.73269892 0.7885
2.75532737 0.8194
2.78028686 0.8476
2.80419257 0.8769
2.81970319 0.8995
2.82475517 0.9099
2.82091828 0.9122
2.81338156 0.9178
2.80849797 0.9327
2.80380442 0.9475
2.80247167 0.9562
2.80137464 0.9539
2.80254441 0.9491
2.80580320 0.9555
2.81264295 0.9711
2.81221170 0.9753
2.80327903 0.9651
2.78675664 0.9509
2.77069643 0.9419
2.75537599 0.9382
2.73850831 0.9304
2.72083646 0.9172
2.70535725 0.9023
2.69929702 0.8998
2.69864731 0.9034
2.70027803 0.9015
2.69919270 0.8880
2.69815052 0.8720
2.69577788 0.8611
2.69082664 0.8538
2.67579665 0.8440
2.64952528 0.8293
2.62150321 0.8195
2.60133288 0.8212
2.59393101 0.8334
2.59675896 0.8493
2.60827998 0.8642
2.62604345 0.8732
2.65080617 0.8840
2.67934141 0.8989
2.70707601 0.9169
2.73002283 0.9291
2.74665221 0.9340
2.75927012 0.9405
2.76850386 0.9467
2.76710677 0.9486
2.75406063 0.9405
2.73280834 0.9166
2.71640106 0.8847
2.71520461 0.8597
2.72272723 0.8478
2.73108785 0.8442
2.74002266 0.8471
2.75502708 0.8575
2.76927632 0.8737
2.77081716 0.8837
2.75980481 0.8832
2.73718854 0.8751
2.71479856 0.8614
2.69602890 0.8419
2.68550940 0.8256
2.67990461 0.8138
2.67824522 0.8117
2.68794168 0.8224
2.70818284 0.8432
2.73154266 0.8641
2.75333190 0.8778
2.76521050 0.8811
2.76749187 0.8775
2.76418103 0.8688
2.76530066 0.8562
2.76966069 0.8403
2.77907157 0.8299
2.79077519 0.8292
2.80879833 0.8432
2.82991074 0.8681
2.84958058 0.8899
2.86154443 0.8987
2.86509215 0.9010
2.85485186 0.8951
2.83836109 0.8831
2.82082397 0.8673
2.80538761 0.8488
2.79537245 0.8315
2.79597725 0.8275
2.80754843 0.8394
2.81832147 0.8477
2.82267782 0.8398
2.81413655 0.8182
2.79739990 0.7982
2.78035369 0.7925
2.77028493 0.8021
2.76284730 0.8134
2.75854144 0.8212
2.76040152 0.8362
2.77294175 0.8660
2.79012883 0.9008
2.80249274 0.9154
2.80750704 0.9127
2.80103357 0.9070
2.78481231 0.9099
2.76218830 0.9176
2.74152499 0.9197
2.72829702 0.9104
2.72483612 0.8967
2.72752654 0.8939
2.73361028 0.9092
2.74221664 0.9326
2.75394989 0.9449
2.76525710 0.9406
2.76877442 0.9359
2.75818124 0.9340
2.73944616 0.9299
2.72141121 0.9128
2.71100486 0.8816
2.70957120 0.8568
2.71874735 0.8565
2.72653471 0.8735
2.72974415 0.8880
2.73022299 0.8900
2.73094612 0.8888
2.73501708 0.9025
2.73660617 0.9262
2.73611514 0.9513
2.72859709 0.9668
2.71634545 0.9695
2.70430186 0.9631
2.69792102 0.9569
2.69734687 0.9537
2.69502697 0.9463
2.68907721 0.9282
2.68240817 0.9071
2.68073935 0.8986
2.68535483 0.9064
2.69696571 0.9302
2.70677288 0.9558
2.71084011 0.9668
2.70783729 0.9551
2.71303884 0.9348
2.72912147 0.9276
2.75041888 0.9401
2.76431558 0.9514
2.76598449 0.9421
2.75580046 0.9106
2.73883207 0.8684
2.72243808 0.8438
2.71296299 0.8550
2.70809521 0.8824
2.70176737 0.8997
2.70166008 0.9005
2.70817179 0.9027
2.71737438 0.9095
2.72768071 0.9071
2.73920904 0.8844
2.74945501 0.8485
2.76700351 0.9437
2.75822385 0.9125
2.74420958 0.8735
2.73221495 0.8506
2.72671448 0.8618
2.72210062 0.8876
2.71635945 0.9016
2.71463083 0.8969
2.71886730 0.8939
2.72502536 0.9011
2.72866738 0.8982
2.73247506 0.8764
2.73658377 0.8398
2.74044373 0.8073
2.74584704 0.7983
2.76007195 0.8247
2.78244989 0.8746
2.79540443 0.9206
2.79411502 0.9504
2.78046390 0.9679
2.75827070 0.9725
2.73682467 0.9621
2.72076099 0.9374
2.70750565 0.9024
2.69999881 0.8696
2.69195363 0.8461
2.69543304 0.8435
2.71105955 0.8581
2.73388683 0.8775
2.74672894 0.8939
2.75256483 0.9063
2.75405193 0.9144
2.75752517 0.9139
2.76510940 0.9027
2.77385595 0.8810
2.77833695 0.8591
2.77642310 0.8479
2.77034585 0.8473
2.76396724 0.8492
2.76048503 0.8479
2.75900178 0.8430
2.75920558 0.8435
2.75747323 0.8421
2.75559158 0.8396
2.75625075 0.8399
2.75271963 0.8419
2.74012519 0.8444
2.72079865 0.8492
2.70280478 0.8576
2.69390062 0.8674
2.68998979 0.8717
2.68051028 0.8621
2.66647662 0.8430
2.65221852 0.8172
2.64753910 0.7980
2.65582258 0.7922
2.67057156 0.7980
2.67928417 0.8034
2.67766219 0.8002
2.67109069 0.7902
2.66887667 0.7841
2.67318887 0.7843
2.67719592 0.7957
2.67085664 0.8042
2.66066508 0.8050
2.65742819 0.7990
2.66997977 0.7957
2.69640391 0.7930
2.72672887 0.7916
2.74954648 0.7882
2.75839978 0.7839
2.76102184 0.7842
2.76118346 0.7967
2.75389341 0.8122
2.74190691 0.8266
2.73308439 0.8435
2.73652533 0.8642
2.74699144 0.8810
2.75765376 0.8850
2.76142527 0.8761
2.75820192 0.8563
2.74481365 0.8205
2.72400586 0.7745
2.69735193 0.7252
2.66758302 0.6855
2.63350730 0.6602
2.60632946 0.6556
2.59049815 0.6625
2.59038696 0.6731
2.59648861 0.6878
2.60010242 0.7047
2.59920159 0.7178
2.58877340 0.7131
2.57236742 0.6860
2.55638962 0.6544
2.54593596 0.6354
2.55519071 0.6469
2.58725378 0.6827
2.63933154 0.7335
2.69741817 0.7822
2.74996486 0.8275
2.79108191 0.8676
2.81648156 0.8870
2.82388273 0.8777
2.81010827 0.8421
2.77532393 0.7960
2.73510238 0.7616
2.71235920 0.7545
2.71285018 0.7752
2.72930822 0.8059
2.74472836 0.8354
2.75263947 0.8575
2.75352841 0.8625
2.74941881 0.8468
2.74105393 0.8132
2.73377086 0.7802
2.72335869 0.7580
2.70610193 0.7511
2.68194904 0.7534
2.66066354 0.7524
2.65189752 0.7473
2.65291347 0.7464
2.65123513 0.7431
2.64271887 0.7303
2.62783543 0.7036
2.61807536 0.6752
2.61104790 0.6576
2.60555786 0.6547
2.59679071 0.6656
2.58502344 0.6818
2.57623358 0.6983
2.58436009 0.7232
2.61120505 0.7568
2.63994358 0.7827
2.65850338 0.7899
2.66857532 0.7812
2.68134572 0.7712
2.70639358 0.7758
2.72879950 0.7843
2.74386139 0.7920
2.74863324 0.7887
2.74456716 0.7867
2.74005970 0.7911
2.74173655 0.7994
2.74098566 0.7988
2.72980012 0.7869
2.70861647 0.7679
2.68642621 0.7511
2.66909992 0.7396
2.65830140 0.7300
2.65726942 0.7197
2.66150340 0.7071
2.66746024 0.6963
2.67047646 0.6889
2.66998302 0.6871
2.66649994 0.6873
2.66891216 0.6940
2.67773811 0.7019
2.68922279 0.7095
2.69389539 0.7090
2.68872176 0.7035
2.67261289 0.6953
2.65339009 0.6942
2.63924684 0.6925
2.62968358 0.6844
2.61786680 0.6739
2.60310359 0.6769
2.59352614 0.6924
2.59418797 0.7120
2.60586271 0.7270
2.62569310 0.7293
2.64128670 0.7144
2.65360418 0.6937
2.66780731 0.6743
2.68242815 0.6596
2.69140116 0.6536
2.68492325 0.6562
2.66937480 0.6683
2.65513821 0.6896
2.64159126 0.6986
2.63360305 0.6923
2.63284875 0.6752
2.63497922 0.6543
2.64363621 0.6365
2.66289311 0.6233
2.68642617 0.6188
2.69965430 0.6177
