3.12984550 0.6492
3.10290333 0.6639
3.08182836 0.6675
3.07505194 0.6587
3.08191788 0.6537
3.09272669 0.6590
3.10569654 0.6765
3.11271412 0.6965
3.10597318 0.7142
3.09437934 0.7255
3.07531734 0.7350
3.05776497 0.7361
3.04648862 0.7200
3.04463961 0.6867
3.05541907 0.6457
3.06751284 0.6066
3.08345758 0.5817
3.10217288 0.5714
3.11945416 0.5738
3.11892388 0.5800
3.09054113 0.5817
3.05976007 0.5721
3.03571663 0.5535
3.03397547 0.5326
3.04493748 0.5180
3.05553572 0.5088
3.05934846 0.5122
3.06378342 0.5318
3.07676407 0.5597
3.07481774 0.5907
3.05672875 0.6140
3.02319403 0.6280
2.99367586 0.6298
2.98846425 0.6231
3.00034470 0.6163
3.01373286 0.6071
3.01544278 0.5986
3.00491095 0.6003
2.99894125 0.6144
3.01059330 0.6359
3.03709052 0.6558
3.07128666 0.6573
3.09691239 0.6427
3.11690851 0.6187
3.12844104 0.5947
3.13418697 0.5764
3.12071904 0.5660
3.09524455 0.5636
3.06988533 0.5696
3.05172218 0.5863
3.05090139 0.6079
3.05780583 0.6229
3.07678895 0.6204
3.09935394 0.6060
3.12936205 0.5877
3.15578144 0.5715
3.16521358 0.5602
3.15477801 0.5565
3.12815396 0.5560
3.09443395 0.5584
3.07297223 0.5626
3.06078281 0.5644
3.06137974 0.5478
3.07652311 0.5206
3.10359471 0.4966
3.15158906 0.4866
3.19342983 0.4939
3.21238349 0.5127
3.20632540 0.5302
3.17952326 0.5557
3.14751387 0.5896
3.11810837 0.6243
3.09020941 0.6553
3.07086791 0.6661
3.06339584 0.6608
3.07495682 0.6484
3.09564757 0.6434
3.11373596 0.6543
3.12283464 0.6695
3.12273768 0.6831
3.11782082 0.6960
3.10086146 0.7129
3.08540735 0.7255
3.07292511 0.7255
3.06348532 0.7112
3.06248406 0.6920
3.06876932 0.6779
3.07406369 0.6711
3.07944375 0.6718
3.07675952 0.6708
3.07198906 0.6665
3.06438169 0.6673
3.05448952 0.6736
3.04655810 0.6775
3.04957922 0.6708
3.06062023 0.6623
3.06933334 0.6573
3.06305823 0.6618
3.04000261 0.6815
3.00743205 0.7054
2.97351705 0.7247
2.95334426 0.7358
2.94927382 0.7409
2.95968075 0.7428
2.98305822 0.7384
3.01972746 0.7211
3.05974542 0.6966
3.09410103 0.6732
3.10908939 0.6610
3.10428327 0.6606
3.08865936 0.6631
3.06301543 0.6764
3.03872016 0.6966
3.01494384 0.7252
3.01268768 0.7493
3.03594141 0.7596
3.07614985 0.7532
3.12145925 0.7332
3.15595035 0.7100
3.18161340 0.6865
3.20242524 0.6674
3.21152618 0.6577
3.20602703 0.6539
3.17994553 0.6650
3.14688680 0.6800
3.11620352 0.6927
3.09438843 0.6912
3.07579141 0.6716
3.04981437 0.6480
3.01352701 0.6254
2.98878159 0.6138
2.98678401 0.6143
3.00147066 0.6215
3.02096388 0.6327
3.03473728 0.6465
3.04966019 0.6656
3.07207618 0.6867
3.09677727 0.7011
3.10390621 0.7146
3.08561931 0.7300
3.05629075 0.7448
3.03425248 0.7555
3.02678769 0.7590
3.03374381 0.7576
3.04188567 0.7561
3.05017144 0.7549
3.06570796 0.7566
3.10248830 0.7542
3.14491027 0.7499
3.16434027 0.7436
3.15448254 0.7329
3.12261062 0.7186
3.09229121 0.7038
3.07855790 0.6941
3.07029636 0.6883
3.06787698 0.6828
3.07228696 0.6873
3.09846027 0.6944
3.14636291 0.6992
3.18949638 0.7035
3.19723945 0.7055
3.16293982 0.7091
3.10560012 0.7125
3.04872325 0.7101
3.00549087 0.7032
2.98338394 0.6960
2.97276447 0.6944
2.97912462 0.6908
3.00313979 0.6853
3.03619846 0.6819
3.06415913 0.6801
3.06901926 0.6810
3.05992115 0.6774
3.04437538 0.6772
3.03495242 0.6781
3.03301389 0.6829
3.03044836 0.6888
3.02655444 0.6879
3.02051353 0.6897
3.02553150 0.6981
3.03534425 0.7110
3.03915467 0.7254
3.03521478 0.7376
3.02136883 0.7451
3.00574444 0.7403
2.99147843 0.7214
2.98261244 0.7089
2.98455616 0.7039
3.00175584 0.6964
3.02027263 0.6843
3.04177183 0.6620
3.06149414 0.6312
3.08306210 0.6017
3.10000456 0.5864
3.10825181 0.5979
3.10242457 0.6200
3.08964211 0.6456
3.07550313 0.6710
3.06703888 0.6973
3.07266979 0.7104
3.09784414 0.7016
3.12577278 0.6711
3.14921980 0.6257
3.15670854 0.5824
3.15703280 0.5680
3.14894095 0.5859
3.12440972 0.6238
3.08039628 0.6653
3.02434987 0.6933
2.98103680 0.6998
2.96742838 0.6996
2.98690327 0.6927
3.02166866 0.6698
3.06835729 0.6281
3.12799478 0.5852
3.19547160 0.5668
3.25076156 0.5803
3.27002959 0.6193
3.24621195 0.6729
3.18426819 0.7268
3.12017394 0.7635
3.07607579 0.7777
3.05381538 0.7633
3.04583993 0.7276
3.04949254 0.6854
3.07221836 0.6557
3.11312148 0.6452
3.14902560 0.6540
3.17180396 0.6720
3.16665123 0.6970
3.13549871 0.7230
3.09211769 0.7485
3.05129618 0.7692
3.02557314 0.7744
3.00757342 0.7671
3.00683988 0.7519
3.03542701 0.7347
3.08990491 0.7089
3.15428291 0.6761
3.21494291 0.6388
3.25851869 0.6125
3.27220710 0.6033
3.24606282 0.6128
3.18546241 0.6317
3.11459535 0.6534
3.05727244 0.6753
3.03197063 0.6956
3.04384783 0.7048
3.08650651 0.6972
3.13899159 0.6761
3.18167133 0.6531
3.20614612 0.6403
3.19119201 0.6437
3.14661477 0.6536
3.09114216 0.6772
3.04469974 0.7138
3.01368340 0.7500
3.00214573 0.7714
3.01195774 0.7760
3.03463157 0.7641
3.05714347 0.7334
3.06790470 0.6920
3.06211547 0.6547
3.05022456 0.6314
3.03947979 0.6330
3.03123354 0.6544
3.01714924 0.6886
3.00443209 0.7192
2.99355849 0.7399
2.99364781 0.7445
3.00596166 0.7353
3.02577828 0.7124
3.05145810 0.6825
3.07267125 0.6528
3.07518456 0.6355
3.06542749 0.6307
3.05341854 0.6369
3.05146286 0.6501
3.05392158 0.6591
3.05796009 0.6555
3.05483279 0.6356
3.05235816 0.6031
3.05408983 0.5667
3.06787766 0.5317
3.08168253 0.5066
3.08718378 0.4948
3.10066319 0.4895
3.13126325 0.5120
3.16690145 0.5586
3.18764730 0.6073
3.16479606 0.6375
3.11189065 0.6497
3.05730092 0.6558
3.02390274 0.6641
3.00781983 0.6824
3.00023072 0.7004
3.00141702 0.7016
3.01626429 0.6858
3.05720519 0.6661
3.11108658 0.6618
3.15236258 0.6649
3.15478615 0.6683
3.12518595 0.6758
3.09378395 0.6892
3.07217532 0.7173
3.05110749 0.7605
3.02626063 0.7978
3.00423673 0.8068
2.99753525 0.7844
3.01679309 0.7442
3.04561617 0.7098
3.05825624 0.6853
3.03833089 0.6809
3.00656475 0.6941
2.98187489 0.7189
2.96620002 0.7475
2.95786443 0.7687
2.95712071 0.7779
2.96756760 0.7732
3.00083941 0.7501
3.05499620 0.7122
3.10444135 0.6745
3.12580604 0.6483
3.10579617 0.6367
3.04982467 0.6469
2.97668536 0.6785
2.91014275 0.7192
2.87394335 0.7518
2.87624028 0.7727
2.91983133 0.7809
2.99935116 0.7675
3.09614045 0.7302
3.17223213 0.6833
3.20663979 0.6468
3.19540186 0.6357
3.15226204 0.6556
3.08728215 0.6966
3.02566839 0.7367
2.98499190 0.7584
2.96721376 0.7645
2.98003711 0.7638
3.01411659 0.7585
3.06289584 0.7446
3.11983507 0.7257
3.16595764 0.7057
3.17755253 0.6975
3.16347457 0.6976
3.12943457 0.6967
3.09873466 0.6896
3.08219685 0.6733
3.08799288 0.6602
3.10981225 0.6576
3.13132377 0.6661
3.14015950 0.6776
3.13467062 0.6822
3.11701291 0.6781
3.09858520 0.6738
3.08286899 0.6675
3.07073789 0.6532
3.06700803 0.6307
3.06473949 0.6108
3.05950319 0.6031
3.04904088 0.6127
3.03613187 0.6328
3.02368061 0.6514
3.00581237 0.6569
3.00296403 0.6531
3.01703003 0.6486
3.04583023 0.6477
3.07073384 0.6509
3.09132389 0.6559
3.09506276 0.6671
3.08249242 0.6818
3.05227176 0.7061
3.01612020 0.7351
2.98360899 0.7558
2.97602880 0.7623
2.99262526 0.7627
3.02830256 0.7486
3.06872404 0.7124
3.10694995 0.6660
3.14075069 0.6339
3.16097957 0.6357
3.15777603 0.6656
3.12815146 0.7071
3.07227311 0.7387
3.01962070 0.7430
2.99769209 0.7248
3.01615011 0.6920
3.05120523 0.6490
3.08656965 0.6016
3.10958401 0.5727
3.12233900 0.5763
3.11950721 0.6090
3.10705186 0.6601
3.08255764 0.7089
3.04878460 0.7432
3.03602037 0.7595
3.05580035 0.7588
3.10386869 0.7327
3.16306161 0.6846
3.20283175 0.6375
3.21891660 0.6077
3.20132112 0.6112
3.16601161 0.6443
3.12289353 0.6896
3.07453884 0.7342
3.03197964 0.7657
3.01386352 0.7809
3.03221765 0.7730
3.07255190 0.7477
3.13005766 0.7152
3.18213101 0.6946
3.21313674 0.6856
3.20673883 0.6884
3.16477949 0.6950
3.10825197 0.7006
3.05822662 0.7100
3.04426576 0.7180
3.06134624 0.7259
3.09517356 0.7224
3.14201182 0.7020
3.18700917 0.6780
3.22082559 0.6642
3.24200356 0.6586
3.24828722 0.6509
3.25320927 0.6325
3.24775255 0.6081
3.24480591 0.5803
3.24198599 0.5591
3.23353742 0.5452
3.21711349 0.5461
3.20369856 0.5623
3.19708930 0.5894
3.18944433 0.6256
3.17975555 0.6523
3.17369262 0.6531
3.17980355 0.6307
3.19622233 0.5921
3.22037695 0.5508
3.24081197 0.5135
3.23968772 0.4980
3.22323262 0.5038
3.18878321 0.5370
3.14825877 0.5894
3.10908726 0.6455
3.07905504 0.6808
3.06249741 0.6898
3.07003906 0.6793
3.10991008 0.6558
3.17312003 0.6161
3.23120706 0.5748
3.27152214 0.5491
3.28833651 0.5478
3.28616827 0.5717
3.26374339 0.6159
3.23040790 0.6571
3.19315668 0.6823
3.16579402 0.6890
3.15294941 0.6817
3.14616606 0.6613
3.13027303 0.6294
3.10877532 0.5978
3.08995009 0.5773
3.07816401 0.5709
3.07188370 0.5746
3.07745154 0.5837
3.08662997 0.5867
3.10028251 0.5833
3.10383431 0.5784
3.09708074 0.5746
3.07794449 0.5684
3.04640744 0.5638
3.00601375 0.5683
2.97121189 0.5847
2.95591437 0.6114
2.97096591 0.6427
3.00867254 0.6652
3.05478142 0.6758
3.09227536 0.6762
3.11666787 0.6722
3.11993698 0.6591
3.10835756 0.6469
3.08987189 0.6377
3.06151821 0.6412
3.02545889 0.6545
2.99193028 0.6729
2.98020100 0.6870
2.99030439 0.6889
3.00893076 0.6882
3.03200395 0.6986
3.05435651 0.7190
3.07209418 0.7343
3.07902787 0.7392
3.07846858 0.7401
3.07042912 0.7431
3.05190813 0.7454
3.02950813 0.7391
3.00647115 0.7196
2.99191036 0.6918
2.98440620 0.6701
2.98674446 0.6650
2.98757685 0.6781
2.98176818 0.6916
2.96835073 0.6977
2.94960514 0.7043
2.94279144 0.7196
2.94899491 0.7385
2.96499996 0.7478
2.99031695 0.7376
3.02672306 0.7140
3.06327089 0.6886
3.09123229 0.6700
3.10105835 0.6701
3.09477113 0.6896
3.07706001 0.7257
3.06055571 0.7611
3.04318417 0.7918
3.03035184 0.8044
3.02314959 0.7932
3.03570448 0.7557
3.06072980 0.7139
3.09503541 0.6802
3.12248734 0.6585
3.13501564 0.6488
3.13659791 0.6493
3.12931402 0.6554
3.12709997 0.6586
3.12540929 0.6639
3.12006520 0.6774
3.12037282 0.6992
3.13280483 0.7241
3.14526464 0.7424
3.15700324 0.7481
3.16706992 0.7449
3.17833193 0.7332
3.19612636 0.7105
3.21152316 0.6800
3.21804743 0.6492
3.21572376 0.6278
3.19268408 0.6229
3.16685797 0.6318
3.15015726 0.6484
3.14225836 0.6648
3.13402966 0.6823
3.12243506 0.6968
3.11601000 0.7061
3.11844606 0.7022
3.13362644 0.6816
3.15276175 0.6569
3.17347063 0.6375
3.18659644 0.6271
3.19216725 0.6298
3.18584588 0.6446
3.16338679 0.6620
3.12970122 0.6760
3.08849043 0.6950
3.05447311 0.7074
3.02883123 0.7087
3.02088774 0.6978
3.02467009 0.6852
3.04794395 0.6772
3.07088980 0.6806
3.07929500 0.6859
3.06199518 0.6885
3.03660459 0.6842
3.00979569 0.6827
2.99116450 0.6889
2.97933103 0.6951
2.96568662 0.6966
2.95903079 0.6970
2.96320219 0.7027
2.97968502 0.7130
2.99306686 0.7275
2.98951350 0.7310
2.97123367 0.7236
2.95837995 0.7005
2.95959482 0.6690
2.97072680 0.6329
2.98902336 0.5868
3.00670962 0.5377
3.03551120 0.5028
3.07580968 0.5018
3.10736482 0.5360
3.10736973 0.5938
3.08173817 0.6486
3.04922561 0.6879
3.03113332 0.7070
3.04335948 0.7094
3.07602124 0.6959
3.10719266 0.6651
3.12455535 0.6385
3.14183820 0.6289
3.15666565 0.6456
3.16005384 0.6945
3.14107049 0.7511
3.11287264 0.7873
3.09131135 0.8032
3.08692544 0.8058
3.09946697 0.7941
3.11753598 0.7690
3.13768247 0.7429
3.15337962 0.7307
3.16344025 0.7384
3.15904021 0.7588
3.13719176 0.7823
3.10899275 0.7978
3.08251232 0.8026
3.06442225 0.7898
3.04954176 0.7763
3.04084005 0.7656
3.03399659 0.7655
3.02993236 0.7748
3.02656347 0.7938
3.01364021 0.8166
2.99630637 0.8306
2.98171465 0.8338
2.98907460 0.8207
3.01777857 0.7952
3.05897544 0.7594
3.09539657 0.7229
3.11052360 0.6966
3.10012786 0.6948
3.06696104 0.7194
3.02610866 0.7680
2.99229812 0.8193
2.97710989 0.8531
2.98065633 0.8697
3.00096009 0.8619
3.03076906 0.8447
3.06016080 0.8200
3.08197457 0.7986
3.08123450 0.7903
3.05378707 0.7949
3.00994223 0.8154
2.96328718 0.8419
2.92966902 0.8671
2.91835927 0.8796
2.93353560 0.8704
2.96514467 0.8490
3.00140591 0.8203
3.03110743 0.7976
3.03533260 0.7871
3.01520044 0.7907
2.98089647 0.8025
2.94341301 0.8087
2.91339485 0.8069
2.89526177 0.8019
2.89237033 0.7927
2.90461829 0.7739
2.93415428 0.7460
2.97665402 0.7167
3.02231155 0.6930
3.05660564 0.6837
3.06009696 0.6886
3.03460340 0.6936
3.00434025 0.6952
2.98159121 0.6900
2.97631200 0.6870
2.98702734 0.6734
3.00082533 0.6447
3.01252735 0.6087
3.02483309 0.5820
3.05201861 0.5709
3.07944726 0.5808
3.08442591 0.6074
3.07784595 0.6461
3.06932985 0.6888
3.06970525 0.7244
3.06992535 0.7477
3.07484256 0.7465
3.07740948 0.7328
3.07721389 0.7128
3.08173319 0.6899
3.09481026 0.6708
3.10317162 0.6600
3.09982808 0.6579
3.09334051 0.6598
3.08735804 0.6666
3.07862266 0.6721
3.05804027 0.6721
3.02825570 0.6769
3.00620603 0.6882
2.99794393 0.6969
3.00926980 0.6866
3.02800780 0.6701
3.04937594 0.6533
3.06458968 0.6467
3.08049525 0.6504
3.09796419 0.6603
3.10337768 0.6660
3.08588059 0.6718
3.05262917 0.6804
3.02266763 0.6946
3.00288354 0.7062
2.99170831 0.7069
2.98359568 0.6983
2.98811641 0.6824
2.99838954 0.6637
3.01818940 0.6466
3.04106179 0.6321
3.05598160 0.6157
3.05003023 0.6101
3.02688424 0.6203
3.00064532 0.6429
2.98423956 0.6610
2.97978117 0.6730
2.98121611 0.6763
2.99074682 0.6768
3.00423965 0.6703
3.01792039 0.6654
3.02704218 0.6541
3.02853951 0.6353
3.02528689 0.6220
3.01445957 0.6241
2.99353353 0.6345
2.96350763 0.6412
2.93702383 0.6373
2.93312798 0.6449
2.95065257 0.6674
2.98667204 0.6902
3.02666818 0.6993
3.06116186 0.6953
3.09397410 0.6807
3.11538004 0.6599
3.12904662 0.6418
3.12348291 0.6304
3.10659442 0.6282
3.08666971 0.6375
3.08032490 0.6582
3.08435060 0.6775
3.09389654 0.6864
3.10314030 0.6828
3.10625207 0.6670
3.10735052 0.6376
3.10597542 0.6056
3.10211863 0.5814
3.09578991 0.5679
3.08403206 0.5704
3.06969389 0.5928
3.05902976 0.6198
3.05059078 0.6402
3.04141042 0.6476
3.03119183 0.6462
3.02657939 0.6363
3.02835288 0.6140
3.03797317 0.5894
3.06137721 0.5710
3.09148366 0.5690
3.11886816 0.5884
3.13607983 0.6221
3.13085089 0.6594
3.10359562 0.6873
3.06524052 0.6998
3.02427063 0.6940
2.99470384 0.6728
2.97523590 0.6410
2.97496593 0.6080
2.99800156 0.5835
3.04642028 0.5736
3.09980517 0.5769
3.13382745 0.5964
3.13981651 0.6256
3.12713044 0.6666
3.10682626 0.7065
3.08798809 0.7264
3.07309077 0.7192
3.06670261 0.6892
3.07123281 0.6525
3.09412839 0.6197
3.13727691 0.6016
3.17589564 0.6017
3.18079772 0.6136
3.14793827 0.6402
3.09040460 0.6798
3.03800417 0.7083
2.99440334 0.7145
2.96689435 0.6959
2.95609755 0.6625
2.97316379 0.6194
3.02879958 0.5756
3.11921644 0.5474
3.19733814 0.5495
3.21937533 0.5756
3.18255265 0.6184
3.12268108 0.6657
3.07511670 0.6970
3.04708964 0.7004
3.04163999 0.6761
3.04636492 0.6388
3.06395253 0.5929
3.10059922 0.5549
3.15013232 0.5308
3.17065742 0.5238
3.15192285 0.5237
3.11381186 0.5295
3.08386993 0.5357
3.07104493 0.5352
3.06492778 0.5220
3.06057982 0.5030
3.06488891 0.4816
3.08938425 0.4664
3.12631566 0.4626
3.15198143 0.4723
3.14713978 0.4922
3.12024558 0.5121
3.10343753 0.5312
3.11520884 0.5373
3.13768682 0.5236
3.13916314 0.4915
3.11382728 0.4545
3.08478102 0.4228
3.07763169 0.4044
3.08871741 0.4040
3.08671065 0.4181
3.06469762 0.4409
3.04430989 0.4623
3.04481924 0.4790
3.07619337 0.4865
3.10372412 0.4825
3.09605257 0.4641
3.05107415 0.4414
3.00735547 0.4283
2.98113945 0.4332
2.96985172 0.4460
2.96548883 0.4636
2.96550358 0.4783
2.98030405 0.4865
3.00479961 0.4936
3.04008670 0.4982
3.05942982 0.5039
3.05873342 0.5116
3.06166524 0.5241
3.08285465 0.5473
3.10917192 0.5710
3.11814718 0.5942
3.11320919 0.6073
3.10756215 0.6101
3.10961363 0.6048
3.11592945 0.5955
3.11821502 0.5782
3.10783006 0.5624
3.07814613 0.5567
3.05624303 0.5641
3.05134588 0.5836
3.06195708 0.6076
3.07912875 0.6260
3.09990850 0.6267
3.12647792 0.6077
3.15584881 0.5785
3.17859907 0.5468
3.18957821 0.5230
3.18699317 0.5090
3.17781231 0.5065
3.15887827 0.5216
3.12871902 0.5510
3.09789547 0.5798
3.07641958 0.5946
3.07493517 0.5839
3.08781939 0.5504
3.11051110 0.5097
3.13151994 0.4780
3.15355749 0.4628
3.17239624 0.4671
3.19365258 0.4894
3.20519278 0.5335
3.20856175 0.5922
3.20226494 0.6446
3.19024309 0.6729
3.17583382 0.6770
3.17375941 0.6624
3.17665859 0.6391
3.17231846 0.6050
3.15362731 0.5739
3.12570285 0.5487
3.08877063 0.5435
3.05496902 0.5592
3.02521524 0.5840
2.99945761 0.6021
2.96947484 0.6056
2.93698652 0.5918
2.91122818 0.5637
2.89905018 0.5239
2.90850862 0.4899
2.92594396 0.4687
2.94266163 0.4567
2.95013718 0.4662
2.94402527 0.4972
2.93992936 0.5328
2.94494057 0.5648
2.94843844 0.5849
2.94053158 0.5940
2.92752815 0.5877
2.91886404 0.5715
2.91457709 0.5446
2.91304518 0.5125
2.90441099 0.4960
2.88998284 0.4915
2.88839298 0.5118
2.90883924 0.5414
2.94023701 0.5699
2.96711481 0.5866
2.97762251 0.6011
2.97992672 0.6108
2.98550503 0.6141
2.99380244 0.6075
2.99635407 0.6038
2.99317371 0.6122
2.97994504 0.6279
2.96849584 0.6406
2.95903857 0.6480
2.95527166 0.6531
2.95238075 0.6635
2.95185398 0.6835
2.97001084 0.6946
2.99976366 0.6926
3.02479318 0.6837
3.03551359 0.6764
3.04218427 0.6793
3.05161040 0.6897
3.06827600 0.6909
3.07723826 0.6878
3.07856599 0.6898
3.06763101 0.7027
3.05341588 0.7181
3.04822181 0.7270
3.05455482 0.7289
3.06950515 0.7283
3.08749123 0.7316
3.10102824 0.7372
3.12051961 0.7298
3.14472754 0.7008
3.16364245 0.6606
3.18342856 0.6311
3.19311504 0.6383
3.19029853 0.6724
3.17740936 0.7094
3.15975409 0.7361
3.12920242 0.7503
3.09622961 0.7543
3.07719820 0.7501
3.08432846 0.7357
3.10687080 0.7092
3.12902054 0.6730
3.13419771 0.6484
3.12211034 0.6465
3.10084471 0.6630
3.08332606 0.6862
3.06482240 0.7156
3.04816925 0.7450
3.03672623 0.7686
3.04559364 0.7823
3.06640399 0.7887
3.08242652 0.7835
3.09353467 0.7633
3.09395512 0.7337
3.08296239 0.7059
3.06958304 0.6823
3.05786700 0.6691
3.05658393 0.6720
3.07020319 0.6894
3.08518387 0.7084
3.09122530 0.7198
3.08699763 0.7268
3.07210306 0.7281
3.05386355 0.7223
3.04373604 0.7121
3.03871836 0.7005
3.03687727 0.6904
3.03979983 0.6856
3.05763170 0.6937
3.09569354 0.7068
3.13958734 0.7185
3.16387387 0.7317
3.15524960 0.7367
3.12209077 0.7342
3.08504664 0.7222
3.04829644 0.7107
3.02051232 0.7009
2.99800964 0.6947
2.98909050 0.6942
3.00182885 0.7013
3.03182892 0.7198
3.06897524 0.7376
3.08985207 0.7515
3.09535061 0.7546
3.09138213 0.7520
3.09300560 0.7449
3.09335063 0.7370
3.08896044 0.7276
3.07237951 0.7296
3.05610725 0.7454
3.04530249 0.7726
3.04019904 0.8025
3.04136462 0.8267
3.04561143 0.8385
3.05696748 0.8308
3.07202701 0.8092
3.08238296 0.7793
3.08096926 0.7500
3.07511555 0.7286
3.06509248 0.7275
3.06341443 0.7461
3.06843265 0.7787
3.06842624 0.8151
3.06390456 0.8403
3.05927477 0.8444
3.06226946 0.8314
3.06429288 0.7993
3.06167415 0.7616
3.05992818 0.7218
3.05765444 0.6898
3.05492955 0.6710
3.04887002 0.6689
3.04238860 0.6778
3.02844895 0.6907
3.00844302 0.7074
3.00338322 0.7307
3.01462108 0.7575
3.01983808 0.7763
3.01398288 0.7847
3.00267156 0.7831
2.99906422 0.7820
3.00382283 0.7697
3.00690395 0.7538
3.00973824 0.7419
3.01745033 0.7364
3.04223708 0.7339
3.08341232 0.7360
3.12377601 0.7413
3.13187531 0.7548
3.11099839 0.7742
3.07758021 0.7915
3.04506216 0.7967
3.01689668 0.7853
2.99477139 0.7682
2.97874537 0.7582
2.98170953 0.7469
3.01700779 0.7274
3.07683237 0.7081
3.13637815 0.6939
3.17172525 0.6900
3.18070543 0.6995
3.17148980 0.7218
3.14208722 0.7430
3.09752535 0.7542
3.05701116 0.7523
3.03917813 0.7403
3.05168561 0.7118
3.08223696 0.6693
3.11691548 0.6214
3.13565378 0.5874
3.12815434 0.5840
3.11169003 0.5992
3.09676886 0.6217
3.07392409 0.6470
3.03726841 0.6775
3.00108319 0.6993
2.97832229 0.7044
2.97760854 0.6945
3.00391880 0.6772
3.04033631 0.6657
3.06674050 0.6646
3.07593619 0.6734
3.07458248 0.6819
3.06825795 0.6910
3.06405686 0.7085
3.05616465 0.7332
3.03879651 0.7558
3.02426938 0.7573
3.02334291 0.7444
3.04543568 0.7301
3.07072817 0.7277
3.08943228 0.7317
3.09605366 0.7353
3.09894050 0.7278
3.10094749 0.7172
3.10734368 0.7143
3.11607615 0.7274
3.12635527 0.7331
3.12553877 0.7253
3.11753379 0.7206
3.10961197 0.7273
3.10137404 0.7463
3.08581672 0.7622
3.06778958 0.7649
3.05776114 0.7523
3.05773499 0.7358
3.06451851 0.7223
3.07338439 0.7080
3.07200250 0.6782
3.06122152 0.6431
3.04286220 0.6207
3.02700393 0.6148
3.01934380 0.6220
3.01464081 0.6305
3.01675913 0.6366
3.03283923 0.6461
3.06054262 0.6675
3.08655845 0.6957
3.10887156 0.7107
3.11660791 0.7119
3.11222915 0.7052
3.10077401 0.6911
3.09526436 0.6696
3.09266412 0.6325
3.09243314 0.5793
3.09083862 0.5253
3.09667630 0.4907
3.12074130 0.4869
3.15663899 0.5105
3.17541974 0.5453
3.16567398 0.5830
3.13911060 0.6172
3.12201615 0.6315
3.12942751 0.6175
3.14411750 0.5764
3.16039500 0.5142
3.15871103 0.4638
3.15370372 0.4321
3.16190406 0.4312
3.15799871 0.4500
3.12014846 0.4768
3.05431887 0.5078
2.99714603 0.5369
2.96984357 0.5559
2.96615139 0.5481
2.97347395 0.5201
2.98367601 0.4851
3.00249678 0.4538
3.03403814 0.4417
3.07069094 0.4541
3.09194993 0.4843
3.08286312 0.5183
3.05120548 0.5439
3.01763250 0.5639
2.99112610 0.5759
2.97724816 0.5757
2.95922664 0.5694
2.94347620 0.5593
2.93621023 0.5462
2.93606428 0.5419
2.93825800 0.5430
2.93805027 0.5505
2.93779734 0.5574
2.95167932 0.5514
2.98506825 0.5324
3.01853738 0.5099
3.03382341 0.4955
3.03338872 0.4806
3.03453708 0.4726
3.05779816 0.4699
3.08301712 0.4714
3.09026313 0.4735
3.07827506 0.4641
3.07300147 0.4410
3.09986168 0.4088
3.14908607 0.3704
3.18487031 0.3326
3.19076162 0.3065
3.17911365 0.2972
3.15406795 0.2993
3.12849479 0.3051
3.09153802 0.3171
3.05805311 0.3265
3.04007046 0.3348
3.06126886 0.3352
3.11576420 0.3333
3.17984678 0.3258
3.23651659 0.3171
3.28008127 0.3138
3.29757608 0.3126
3.27928102 0.3135
3.22760000 0.3079
3.15656606 0.2948
3.09860147 0.2807
3.07847630 0.2708
3.10814466 0.2699
3.14116310 0.2703
3.14663571 0.2703
3.14865638 0.2760
3.16922886 0.2967
3.21170218 0.3307
3.24912233 0.3700
3.24795583 0.3960
3.21626196 0.3978
3.19818717 0.3846
3.21534628 0.3671
3.25924577 0.3481
3.28882411 0.3260
3.27652838 0.3071
3.22553429 0.3024
3.17682741 0.3147
3.14762027 0.3350
3.11359586 0.3531
3.06553523 0.3606
3.01289880 0.3593
2.99208758 0.3556
3.03258664 0.3477
3.09523370 0.3382
3.14366461 0.3266
3.14853112 0.3132
3.12766955 0.3069
3.10850313 0.3096
3.09154070 0.3256
3.07249592 0.3341
3.03050292 0.3262
2.99126750 0.3094
2.97962613 0.2955
2.99292122 0.2827
3.02288386 0.2675
3.04132877 0.2534
3.05530288 0.2510
3.08206509 0.2621
3.11896039 0.2855
3.16093503 0.3123
3.18122266 0.3392
3.17740100 0.3573
3.16174660 0.3764
3.15044440 0.3985
3.15080485 0.4201
3.14587172 0.4331
3.11682274 0.4363
3.07798383 0.4321
3.05102455 0.4306
3.05532580 0.4343
3.08775461 0.4370
3.11003200 0.4372
3.11627707 0.4399
3.10573731 0.4550
3.08997462 0.4872
3.06958433 0.5273
3.03447161 0.5588
2.99075259 0.5780
2.95955388 0.5932
2.96213390 0.5963
3.00503550 0.5974
3.06903889 0.6021
3.12302678 0.6033
3.15052993 0.6035
3.14385618 0.6120
3.11927244 0.6267
3.08541230 0.6405
3.04695338 0.6492
3.01593563 0.6589
3.00071335 0.6682
3.00544875 0.6715
3.03326509 0.6672
3.07130652 0.6612
3.09559995 0.6609
3.09887807 0.6740
3.08581861 0.6970
3.06180928 0.7267
3.03371787 0.7461
3.00696713 0.7547
2.99189749 0.7530
2.99957592 0.7407
3.02767957 0.7268
3.07965122 0.7118
3.12475077 0.6982
3.13695933 0.6977
3.12021032 0.7106
3.08852369 0.7369
3.05265604 0.7680
3.02595775 0.7969
3.01004439 0.8209
3.01160641 0.8344
3.02865188 0.8265
3.05892091 0.8047
3.09497458 0.7775
3.12552713 0.7525
3.13330326 0.7365
3.12093991 0.7230
3.09515648 0.7115
3.07054653 0.7094
3.05513104 0.7203
3.05127629 0.7349
3.06105064 0.7350
3.07720765 0.7228
3.09765681 0.7088
3.11117392 0.7035
3.11401530 0.6989
3.10691425 0.6893
3.09861779 0.6662
3.08703847 0.6410
3.07240985 0.6336
3.06254107 0.6570
3.06660090 0.7017
3.07799042 0.7440
3.07670962 0.7716
3.06779337 0.7787
3.05333676 0.7678
3.04400639 0.7351
3.04999337 0.6891
3.06872583 0.6420
3.09760050 0.6117
3.12570825 0.6033
3.13918845 0.6139
3.13477985 0.6392
3.10591963 0.6787
3.06600680 0.7315
3.02465127 0.7897
3.00151332 0.8157
3.00020154 0.7980
3.01959463 0.7524
3.05865850 0.7026
3.11037118 0.6616
3.16714051 0.6312
3.21287881 0.6124
3.22544060 0.6131
3.19412447 0.6322
3.13474846 0.6736
3.07181737 0.7186
3.01209254 0.7428
2.97170687 0.7263
2.95982074 0.6947
2.99262342 0.6667
3.05929365 0.6457
3.13182474 0.6182
3.17939724 0.5972
3.17773119 0.5883
3.12423239 0.5974
3.06209151 0.6278
3.01412290 0.6679
2.98352429 0.6904
2.96651442 0.6907
2.97152012 0.6822
2.99765129 0.6772
3.03683106 0.6745
3.07881715 0.6751
3.10108414 0.6888
3.09042498 0.7151
3.05660326 0.7473
3.01901760 0.7741
2.98734010 0.7862
2.96559739 0.7800
2.95755484 0.7688
2.97031182 0.7628
3.00524075 0.7601
3.04989282 0.7522
3.08552330 0.7431
3.09891278 0.7429
3.08983238 0.7576
3.07318272 0.7799
3.05599085 0.7904
3.04144438 0.7822
3.02698989 0.7647
3.01627506 0.7521
3.02278560 0.7522
3.04179424 0.7559
3.05576972 0.7612
3.04900255 0.7571
3.02325239 0.7500
3.00028917 0.7462
2.99916497 0.7401
3.01001803 0.7380
3.02222251 0.7352
3.02286622 0.7393
3.01969535 0.7413
3.02860269 0.7317
3.05448491 0.7103
3.08534941 0.6862
3.10500339 0.6651
3.12032747 0.6466
3.14063996 0.6355
3.17152492 0.6321
3.19855760 0.6378
3.19143785 0.6566
3.14868822 0.6793
3.08894362 0.7052
3.04304176 0.7277
3.01333939 0.7418
2.99065316 0.7455
2.97962054 0.7308
2.98808169 0.6973
3.02310266 0.6428
3.07601200 0.5912
3.12046382 0.5673
3.14223001 0.5728
3.13018847 0.6051
3.10373651 0.6510
3.07679869 0.6990
3.04426427 0.7374
3.01015650 0.7621
2.99132830 0.7672
2.99814986 0.7511
3.02619895 0.7164
3.05465839 0.6848
3.06835509 0.6742
3.06406687 0.6892
3.04995709 0.7101
3.02439790 0.7285
2.99114695 0.7417
2.95188007 0.7550
2.92158839 0.7612
2.91838937 0.7574
2.94332595 0.7449
2.98049989 0.7420
3.00817214 0.7526
3.01419496 0.7727
3.01453921 0.7876
3.01689405 0.7915
3.01862455 0.7864
3.01273816 0.7770
3.00336860 0.7697
3.00340305 0.7588
3.01939836 0.7329
3.04248112 0.7036
3.05584528 0.6813
3.04617377 0.6737
3.02771380 0.6871
3.01437258 0.7127
3.01595084 0.7468
3.02446267 0.7738
3.03359996 0.7882
3.05396422 0.7762
3.09069671 0.7389
3.13920318 0.6949
3.17954875 0.6623
3.17515190 0.6528
3.12874659 0.6567
3.06580324 0.6705
3.01316355 0.6882
2.97634245 0.7013
2.95510521 0.7094
2.94424291 0.7081
2.95218189 0.6965
2.98347251 0.6811
3.02798647 0.6690
3.06128037 0.6628
3.06493763 0.6597
3.04316241 0.6530
3.01525668 0.6473
3.00649713 0.6508
3.02641116 0.6675
3.06549547 0.6786
3.11373003 0.6809
3.15672891 0.6826
3.18728580 0.6952
3.18460724 0.7218
3.15172631 0.7460
3.10101133 0.7544
3.05757622 0.7462
3.03269077 0.7404
3.03661902 0.7359
3.07989287 0.7167
3.16601594 0.6866
3.26731829 0.6548
3.34722874 0.6384
3.37694839 0.6507
3.35031154 0.6771
3.27736413 0.6970
3.18884787 0.7048
3.11091734 0.7055
3.05261360 0.7015
3.01969465 0.6813
3.02263436 0.6415
3.06181499 0.5988
3.10654475 0.5701
3.13009298 0.5662
3.12331265 0.5856
3.09510782 0.6249
3.05580605 0.6642
3.01157762 0.6896
2.98717844 0.6944
2.98329274 0.6881
3.00362113 0.6705
3.03691308 0.6522
3.06825524 0.6374
3.07577407 0.6415
3.05959235 0.6678
3.04094374 0.7082
3.03477536 0.7393
3.03525938 0.7506
3.04147442 0.7466
3.05484749 0.7327
3.07422185 0.7092
3.09869555 0.6830
3.12386567 0.6615
3.12655392 0.6627
3.09963896 0.6835
3.05744391 0.7182
3.02017907 0.7511
3.00343957 0.7769
3.00882738 0.7895
3.03342939 0.7900
3.06315885 0.7745
3.09336810 0.7434
3.11617310 0.7146
3.12300736 0.7018
3.09833601 0.6967
3.04068601 0.6856
2.97149777 0.6698
2.91561535 0.6535
2.89950557 0.6423
2.91677644 0.6368
2.95469475 0.6379
2.99747494 0.6411
3.03202740 0.6480
3.06440921 0.6583
3.08170495 0.6861
3.07863942 0.7166
3.06009184 0.7395
3.05143730 0.7480
3.05763985 0.7392
3.08023375 0.7175
3.09787817 0.6894
3.09486372 0.6680
3.07547883 0.6552
3.04626486 0.6597
3.01969905 0.6811
2.99933350 0.7075
2.98779028 0.7273
2.99490334 0.7396
3.03015296 0.7442
3.08985025 0.7347
3.16332604 0.7011
3.22033190 0.6611
3.23828442 0.6323
3.21480253 0.6226
3.16907186 0.6294
3.11009989 0.6450
3.05808991 0.6533
3.03400418 0.6588
3.05015630 0.6639
3.09738567 0.6608
3.15562520 0.6440
3.20522721 0.6243
3.22505985 0.6093
3.20200218 0.6058
3.13932340 0.6262
3.06528556 0.6615
3.00068030 0.6998
2.95777181 0.7222
2.94188663 0.7305
2.96003493 0.7252
3.00794480 0.7093
3.07934968 0.6891
3.14278384 0.6739
3.17185518 0.6726
3.16962544 0.6843
3.14812510 0.7032
3.11474298 0.7242
3.07211040 0.7363
3.03628335 0.7364
3.01639589 0.7277
3.00928273 0.7054
3.00787608 0.6726
3.01096766 0.6341
2.99731437 0.6040
2.97409794 0.5982
2.95962178 0.6155
2.96684431 0.6509
2.98225676 0.6932
2.99957116 0.7293
3.02646475 0.7488
3.05738141 0.7494
3.09445044 0.7225
3.13025070 0.6791
3.14867274 0.6262
3.12942573 0.5863
3.08459503 0.5610
3.05573376 0.5531
3.05593002 0.5567
3.07239370 0.5645
3.07932275 0.5781
3.07378539 0.5904
3.05635051 0.6003
3.04194762 0.6067
3.03629242 0.6069
3.02523936 0.6011
3.00119378 0.5895
2.97559775 0.5788
2.97203991 0.5697
2.99467931 0.5613
3.03855580 0.5577
3.07872559 0.5577
3.09912601 0.5598
3.10441230 0.5769
3.09919032 0.6049
3.08731088 0.6328
3.06156207 0.6506
3.04096998 0.6497
3.03718231 0.6383
3.06537076 0.6184
3.11877603 0.6000
3.17203147 0.5927
3.21073285 0.5960
3.22214240 0.6133
3.21369869 0.6477
3.18878502 0.6887
3.14753973 0.7242
3.10217923 0.7485
3.06623815 0.7605
3.04888130 0.7534
3.05441640 0.7310
3.07966586 0.7054
3.10016820 0.6913
3.10766908 0.6787
3.09831473 0.6585
3.07327529 0.6434
3.04405077 0.6480
3.01607114 0.6702
3.00153603 0.6914
3.00693485 0.6987
3.04099815 0.6875
3.10309366 0.6622
3.17639851 0.6343
3.22505143 0.6078
3.22904450 0.5775
3.19660640 0.5515
3.14411577 0.5411
3.08867362 0.5529
3.04253910 0.5701
3.01670001 0.5854
3.02767822 0.5907
3.06920225 0.5896
3.11523691 0.5927
3.14246991 0.5945
3.14782851 0.5873
3.13537206 0.5649
3.11876099 0.5382
3.10689830 0.5242
3.08830948 0.5286
3.07441605 0.5424
3.06163912 0.5615
3.06599045 0.5770
3.08441087 0.5962
3.10102355 0.6176
3.11113522 0.6373
3.11569842 0.6478
3.12055021 0.6469
3.12340924 0.6385
3.11141525 0.6240
3.07791065 0.5945
3.03631990 0.5724
3.01627597 0.5629
3.01917424 0.5630
3.03441831 0.5765
3.03918910 0.5909
3.02832049 0.5934
3.01252226 0.5748
3.01622112 0.5413
3.03969189 0.5101
3.06874001 0.4773
3.08808833 0.4378
3.10503211 0.4050
3.12737728 0.3918
3.14799057 0.3998
3.14894579 0.4257
3.11991329 0.4584
3.07445513 0.4834
3.04386810 0.4938
3.03826371 0.4963
3.04856388 0.4926
3.06797980 0.4675
3.08569268 0.4270
3.10633545 0.3914
3.13022520 0.3862
3.14892347 0.4083
3.15270961 0.4493
3.13759270 0.4930
3.11126194 0.5310
3.10031656 0.5538
3.10738269 0.5625
3.12396566 0.5610
3.15124340 0.5436
3.17739684 0.5194
3.20018700 0.5005
3.21246199 0.4998
3.21381450 0.5157
3.20475396 0.5378
3.19203680 0.5526
3.18675186 0.5644
3.19328877 0.5714
3.20489798 0.5649
3.21883740 0.5434
3.22789977 0.5190
3.22891725 0.5013
3.21509775 0.5033
3.17933771 0.5133
3.13080346 0.5160
3.07523410 0.5102
3.03156951 0.5011
3.01621569 0.4999
3.02382597 0.4965
3.04581839 0.4855
3.08225747 0.4665
3.12469046 0.4515
3.15402770 0.4577
3.15463157 0.4771
3.12929225 0.4930
3.09096901 0.4967
3.06107969 0.4852
3.05143118 0.4685
3.05994140 0.4532
3.08203784 0.4277
3.10763618 0.3988
3.13847791 0.3777
3.17156145 0.3745
3.18574895 0.3952
3.17468400 0.4239
3.13555202 0.4512
3.09261298 0.4666
3.05391796 0.4708
3.03306198 0.4676
3.02544117 0.4510
3.02736129 0.4221
3.04052156 0.3921
3.07211737 0.3714
3.11571138 0.3698
3.15094307 0.3849
3.16766594 0.4035
3.16785525 0.4108
3.16260217 0.4117
3.15866801 0.4092
3.15767685 0.4022
3.14733837 0.3848
3.12838262 0.3623
3.10728447 0.3382
3.09553253 0.3263
3.09354155 0.3292
3.09068799 0.3374
3.08087603 0.3395
3.05536164 0.3347
3.03573331 0.3274
3.03214900 0.3232
3.03533341 0.3226
3.03380397 0.3177
3.04016175 0.3174
3.05569942 0.3325
3.09471227 0.3653
3.14178605 0.4108
3.17535704 0.4500
3.18045663 0.4688
3.15783813 0.4728
3.13653754 0.4700
3.12203748 0.4670
3.11115062 0.4684
3.10139051 0.4740
3.09014790 0.4928
3.09405997 0.5233
3.10144039 0.5569
3.10178939 0.5763
3.09725154 0.5737
3.09264955 0.5594
3.08913324 0.5500
3.07499607 0.5493
3.05529884 0.5515
3.03672060 0.5533
3.02128902 0.5616
3.01908581 0.5752
3.03441686 0.5946
3.05659613 0.6153
3.08544145 0.6223
3.10942285 0.6116
3.12852148 0.5907
3.13543762 0.5647
3.11802518 0.5295
3.07604694 0.4808
3.01788307 0.4318
2.96345490 0.4052
2.93629968 0.4118
2.94911271 0.4306
2.98631291 0.4509
3.02365104 0.4629
3.05271138 0.4656
3.07156216 0.4645
3.07455575 0.4629
3.06122996 0.4537
3.03307590 0.4418
2.99935263 0.4331
2.96782976 0.4336
2.94780452 0.4527
2.94872706 0.4832
2.96698042 0.5075
2.99017581 0.5165
3.00788252 0.5193
3.01256304 0.5193
3.00639375 0.5277
2.99947065 0.5346
3.00625553 0.5366
3.02001054 0.5349
3.03650834 0.5323
3.05258391 0.5304
3.07014928 0.5342
3.08652942 0.5449
3.09120108 0.5545
3.07774119 0.5659
3.04871320 0.5794
3.01607993 0.5858
2.99502746 0.5861
2.98433113 0.5753
2.97873472 0.5570
2.98228024 0.5322
2.99175525 0.5115
3.01500696 0.4997
3.02825476 0.4988
3.02622790 0.5074
3.00870080 0.5178
2.98292421 0.5333
2.96687162 0.5467
2.96248800 0.5590
2.96573243 0.5666
2.98135397 0.5636
2.99725714 0.5614
3.02406502 0.5612
3.05544187 0.5681
3.07905127 0.5819
3.07787354 0.6006
3.05595660 0.6110
3.02732487 0.6164
3.00925461 0.6164
3.00600829 0.6246
3.01557368 0.6338
3.03180214 0.6383
3.05737324 0.6417
3.08532359 0.6503
3.10481966 0.6645
3.11170582 0.6814
3.10672427 0.6854
3.09939716 0.6724
3.10470392 0.6572
3.11741671 0.6560
3.13194839 0.6676
3.14608182 0.6785
3.15312681 0.6851
3.15175327 0.6859
3.12362192 0.6865
3.07023457 0.6922
2.99916680 0.6955
2.93696831 0.6801
2.91003793 0.6515
2.91782953 0.6249
2.94783431 0.6152
2.98892945 0.6204
3.03359048 0.6262
3.06950939 0.6358
3.08600072 0.6401
3.08392266 0.6387
3.06637098 0.6443
3.04552803 0.6507
3.02510796 0.6432
3.01186761 0.6218
3.01347916 0.5940
3.03465683 0.5736
3.06797684 0.5653
3.09984227 0.5739
3.11435936 0.5957
3.11183110 0.6295
3.09661115 0.6617
3.08153995 0.6868
3.07321989 0.6972
3.07414553 0.6794
3.07507196 0.6454
3.08458492 0.6042
3.10719665 0.5716
3.13776736 0.5550
3.15578075 0.5541
3.15115574 0.5682
3.13523950 0.5949
3.10689213 0.6336
3.07861307 0.6669
3.05482548 0.6846
3.02951809 0.6898
3.02012450 0.6754
3.02900418 0.6535
3.05923814 0.6203
3.08957638 0.5826
3.09778566 0.5516
3.09125252 0.5333
3.09538108 0.5283
3.10991291 0.5351
3.11884888 0.5419
3.10680063 0.5360
3.06873931 0.5220
3.02691264 0.5086
3.00889275 0.4962
3.00939559 0.4888
2.99739073 0.4840
2.97096332 0.4828
2.94339534 0.4900
2.94557889 0.5058
2.97172112 0.5197
3.00727880 0.5308
3.02727648 0.5419
3.02763139 0.5562
3.02412452 0.5852
3.02635310 0.6204
3.03471309 0.6536
3.03988802 0.6784
3.04009756 0.6963
3.04846682 0.7142
3.07369033 0.7241
3.10914291 0.7209
3.14127826 0.7103
3.15693895 0.7035
3.15381714 0.7164
3.14166979 0.7413
3.11025991 0.7716
3.07246094 0.7889
3.03984029 0.7965
3.02664138 0.7984
3.03912983 0.7841
3.06418755 0.7417
3.09835295 0.6857
3.12731685 0.6445
3.13616917 0.6377
3.12350376 0.6614
3.09102700 0.6959
3.04264582 0.7204
2.99721644 0.7280
2.97283480 0.7229
2.97628392 0.7029
3.00391847 0.6565
3.05309670 0.5838
3.11746044 0.5146
3.16404595 0.4721
3.18303330 0.4583
3.16725045 0.4711
3.12266248 0.5004
3.06233442 0.5393
2.99089908 0.5880
2.93242072 0.6353
2.90370754 0.6635
2.91027418 0.6709
2.95008519 0.6570
3.00292314 0.6366
3.04388633 0.6277
3.06480064 0.6317
3.07008293 0.6449
3.06830143 0.6691
3.05866844 0.6978
3.04377392 0.7160
3.01801071 0.7255
2.98253119 0.7192
2.95241027 0.6992
2.93778244 0.6702
2.93285382 0.6527
2.93029125 0.6488
2.91610242 0.6466
2.90472008 0.6347
2.90765201 0.6294
2.92861279 0.6336
2.95809495 0.6529
2.97343544 0.6741
2.97524780 0.6817
2.96990843 0.6799
2.97241758 0.6840
2.98962269 0.6943
3.00169281 0.7014
3.00046338 0.6995
3.00512048 0.6817
3.02858249 0.6516
3.06831397 0.6170
3.09393064 0.5859
3.07390717 0.5615
3.02835071 0.5519
2.99308087 0.5631
2.96915597 0.5967
2.95840202 0.6400
2.96412602 0.6640
2.97868872 0.6619
3.00644129 0.6416
3.05159007 0.6220
3.10644604 0.6122
3.14236676 0.6112
3.13714117 0.6169
3.09665569 0.6428
3.03539157 0.6864
2.97883392 0.7327
2.94064986 0.7673
2.92575118 0.7758
2.92939232 0.7677
2.95072093 0.7505
2.98590674 0.7268
3.02142196 0.6994
3.04402236 0.6750
3.04664640 0.6696
3.03113364 0.6914
3.00378674 0.7299
2.98303668 0.7664
2.97303767 0.7894
2.98186996 0.7918
3.00227426 0.7859
3.03496509 0.7753
3.06391672 0.7626
3.07912599 0.7433
3.07716835 0.7303
3.06149757 0.7270
3.03756320 0.7350
3.01220257 0.7503
2.99543962 0.7564
2.98784749 0.7511
2.99155868 0.7340
3.00490278 0.7123
3.02432555 0.6883
3.04330289 0.6746
3.06094298 0.6732
3.07277067 0.6839
3.07819153 0.6976
3.07267585 0.7150
3.05860884 0.7224
3.04202078 0.7145
3.02758505 0.6946
3.01471308 0.6726
3.00511072 0.6531
2.99346258 0.6494
2.97977785 0.6620
2.96502174 0.6933
2.95134285 0.7355
2.94356303 0.7787
2.94398237 0.8151
2.95874308 0.8329
2.98246683 0.8336
3.01323436 0.8215
3.05167821 0.7948
3.07817984 0.7662
3.08348619 0.7437
3.07045738 0.7325
3.04802531 0.7310
3.02486606 0.7373
3.01457085 0.7428
3.02036504 0.7428
3.03821228 0.7412
3.06241388 0.7294
3.07844892 0.7096
3.07866891 0.6808
3.06008313 0.6501
3.02720613 0.6268
2.99198685 0.6163
2.96963277 0.6153
2.97095742 0.6110
2.99187964 0.6072
3.02408080 0.6030
3.05961563 0.6064
3.09425133 0.6158
3.10890365 0.6297
3.09825945 0.6487
3.06267258 0.6719
3.01287526 0.6956
2.96658492 0.7187
2.93974667 0.7349
2.93912586 0.7364
2.95316499 0.7192
2.97008565 0.6925
2.98779463 0.6741
3.00719680 0.6691
3.02089005 0.6783
3.02537255 0.6964
3.01383958 0.7151
2.98751606 0.7308
2.96095908 0.7405
2.95185049 0.7369
2.96182298 0.7104
2.98585689 0.6647
3.01680679 0.6170
3.04773980 0.5844
3.06723547 0.5701
3.06273415 0.5690
3.04034677 0.5840
3.00639595 0.6094
2.97607124 0.6327
2.96521431 0.6422
2.98226266 0.6262
3.01627803 0.5946
3.05811117 0.5540
3.09943891 0.5098
3.13010641 0.4758
3.13636456 0.4515
3.11395597 0.4418
3.07485486 0.4442
3.03428511 0.4556
3.00623341 0.4669
2.99843061 0.4789
3.00937897 0.4888
3.01541526 0.4976
3.00803936 0.5065
2.99528542 0.5260
2.98645980 0.5520
2.97525657 0.5755
2.95797118 0.5906
2.93587292 0.5998
2.92730746 0.6063
2.94653147 0.6143
2.98295210 0.6153
3.01901635 0.6020
3.04145396 0.5882
3.05316516 0.5873
3.06276990 0.6011
3.07111477 0.6171
3.06974485 0.6199
3.05570634 0.6094
3.03921552 0.5986
3.04081031 0.5810
3.06047646 0.5592
3.08535012 0.5349
3.09420193 0.5180
3.08953782 0.5081
3.08191525 0.5044
3.07362004 0.4995
3.05433426 0.4909
3.01998559 0.4734
2.97655143 0.4578
2.95546656 0.4540
2.96945262 0.4530
3.00581926 0.4556
3.03854070 0.4621
3.04025872 0.4701
3.01760317 0.4808
2.99727580 0.4941
2.97841085 0.5061
2.95769880 0.5079
2.94455019 0.5012
2.93567780 0.5069
2.94764281 0.4949
2.97832104 0.4760
3.02043748 0.4660
3.05557876 0.4693
3.06534599 0.4825
3.05968994 0.4990
3.05399650 0.5103
3.04117994 0.5186
3.02269067 0.5238
3.00187631 0.5210
2.99734530 0.5197
3.00324248 0.5181
3.01275823 0.5209
3.01723033 0.5165
3.00363248 0.5105
2.98983419 0.5089
2.98561052 0.5178
2.97729378 0.5280
2.95767102 0.5465
2.93254851 0.5815
2.91574488 0.6149
2.91787035 0.5961
2.92961470 0.5572
2.94066175 0.5294
2.92737516 0.5473
2.90062607 0.6136
2.87802216 0.6858
2.85997121 0.7404
2.85096240 0.7653
2.84618101 0.7667
2.85325470 0.7185
2.87996870 0.6040
2.92752395 0.4857
2.97345195 0.4491
2.99156980 0.4614
2.98384342 0.4816
2.97405940 0.4821
2.97444169 0.4603
2.98222045 0.4388
2.99357792 0.4191
3.01101836 0.4096
3.03697862 0.4132
3.08092567 0.4223
3.11753383 0.4433
3.12646950 0.4787
3.10708840 0.5222
3.08014077 0.5582
3.06159681 0.5796
3.04832226 0.5843
3.03126891 0.5817
3.00488640 0.5730
2.98122632 0.5667
2.97162945 0.5610
2.96944415 0.5546
2.96584155 0.5456
2.95600618 0.5403
2.94935229 0.5462
2.95609748 0.5544
2.97379078 0.5554
2.98882348 0.5552
2.99503096 0.5636
2.99182564 0.5796
2.98184260 0.5783
2.96870438 0.5585
2.95078174 0.5260
2.92751651 0.4925
2.90635958 0.4608
2.90915706 0.4262
2.93668861 0.3905
2.96932587 0.3611
2.98748068 0.3439
2.98442584 0.3428
2.96839776 0.3649
2.94772041 0.3992
2.91866048 0.4354
2.89500648 0.4675
2.88420249 0.5105
2.90122085 0.5482
2.93603853 0.5601
2.97525347 0.5419
3.01656175 0.5058
3.05463221 0.4704
3.08657007 0.4556
3.10281022 0.4648
3.08712222 0.4840
3.04464918 0.5096
2.98400646 0.5436
2.93623720 0.5849
2.91302052 0.6099
2.90371258 0.6044
2.89112540 0.5697
2.88070557 0.5180
2.89383434 0.4650
2.93673324 0.4059
2.99048579 0.3715
3.02939410 0.3515
3.04412765 0.3396
3.04436947 0.3458
3.04687767 0.3692
3.04947375 0.3994
3.02999950 0.4247
2.98864143 0.4377
2.95012426 0.4426
2.94001403 0.4347
2.95167578 0.4060
2.96380136 0.3631
2.96406374 0.3177
2.96261110 0.2882
2.98699087 0.2812
3.02965704 0.2949
3.05301257 0.3165
3.02813149 0.3389
2.96605991 0.3609
2.90798717 0.3865
2.87969891 0.4140
2.88041207 0.4354
2.89869543 0.4354
2.92244543 0.4255
2.96507865 0.4139
3.02556146 0.4220
3.09969874 0.4343
3.16142134 0.4407
3.19016558 0.4395
3.19197463 0.4416
3.17694633 0.4504
3.15322845 0.4596
3.12555697 0.4622
3.09352679 0.4560
3.06660759 0.4593
3.05512179 0.4765
3.06274438 0.4976
3.07840156 0.5104
3.08411004 0.5089
3.09030951 0.4994
3.08513021 0.4952
3.06884131 0.4933
3.05101543 0.4830
3.03685027 0.4622
3.03047177 0.4495
3.04084631 0.4564
3.06625966 0.4842
3.08154238 0.5134
3.08633663 0.5347
3.07649610 0.5528
3.06443217 0.5731
3.04957583 0.5918
3.02543020 0.5952
2.99997939 0.5792
2.97786692 0.5525
2.97747300 0.5348
3.00174513 0.5299
3.03141656 0.5345
3.05962489 0.5360
3.06767757 0.5439
3.06626172 0.5591
3.05487577 0.5821
3.03181822 0.5912
3.00749657 0.5830
2.99480367 0.5666
2.99860577 0.5556
3.01915047 0.5448
3.04312993 0.5300
3.06489266 0.5110
3.08380559 0.4925
3.09164401 0.4909
3.08966539 0.5047
3.07181969 0.5242
3.03264522 0.5430
2.98881782 0.5538
2.95635970 0.5732
2.94390353 0.6031
2.93758607 0.6284
2.93127529 0.6360
2.93320601 0.6279
2.94980363 0.6249
2.97421438 0.6375
3.00047308 0.6579
3.01199957 0.6736
3.00952805 0.6694
3.00129279 0.6577
3.00048799 0.6523
3.01387490 0.6534
3.02629641 0.6558
3.03608258 0.6554
3.04760596 0.6644
3.05948117 0.6805
3.06907591 0.6832
3.07236186 0.6600
3.07302340 0.6178
3.07694243 0.5792
3.09211081 0.5599
3.10857812 0.5590
3.11328511 0.5670
3.09488916 0.5815
3.05403695 0.6038
3.00502228 0.6333
2.96882417 0.6733
2.95066591 0.7083
2.94703241 0.7204
2.94822260 0.7080
2.95362049 0.6878
2.97016588 0.6724
2.99866780 0.6581
3.03228040 0.6383
3.05631461 0.6203
3.06769950 0.6159
3.06359201 0.6302
3.03747089 0.6597
2.99885572 0.6924
2.96554364 0.7206
2.94546939 0.7359
2.93568952 0.7427
2.93895320 0.7477
2.95707394 0.7444
2.99302290 0.7207
3.03558332 0.6833
3.07421038 0.6484
3.10017718 0.6281
3.10018823 0.6250
3.08051954 0.6391
3.05188968 0.6672
3.02767032 0.6954
3.00937445 0.7148
2.99724407 0.7260
2.99377965 0.7289
2.99790656 0.7159
3.00249225 0.6894
3.00233768 0.6604
2.99328048 0.6351
2.98436322 0.6198
2.97474877 0.6170
2.96718401 0.6255
2.95990620 0.6481
2.95104385 0.6833
2.93928289 0.7249
2.92983547 0.7575
2.92554964 0.7668
2.92745101 0.7563
2.94127502 0.7395
2.96417554 0.7271
3.00025948 0.7126
3.04258742 0.6940
3.08398472 0.6738
3.11012435 0.6629
3.11397706 0.6639
3.09612752 0.6769
3.06531840 0.6881
3.03330011 0.6892
3.01777441 0.6863
3.01867007 0.6866
3.03897423 0.6864
3.07417800 0.6740
3.10846844 0.6508
3.13761171 0.6307
3.14204233 0.6274
3.11593059 0.6427
3.07432066 0.6649
3.03523054 0.6804
3.00969811 0.6940
3.01207919 0.7080
3.03409166 0.7235
3.06616301 0.7294
3.09924414 0.7151
3.13774891 0.6877
3.17503163 0.6697
3.19353931 0.6678
3.18641415 0.6734
3.16202716 0.6775
3.13590120 0.6771
3.11819254 0.6740
3.11026878 0.6685
3.10809051 0.6637
3.10556093 0.6549
3.10250947 0.6430
3.09898341 0.6268
3.07887234 0.6165
3.04790533 0.6175
3.00416648 0.6331
2.96105641 0.6540
2.93907342 0.6676
2.94220296 0.6726
2.96489940 0.6700
2.98590098 0.6669
2.99707657 0.6684
3.01084667 0.6673
3.03206155 0.6551
3.04888639 0.6406
3.04899582 0.6358
3.03428672 0.6415
3.01062096 0.6634
2.99126456 0.6893
2.97547250 0.6997
2.95624701 0.6886
2.93429365 0.6702
2.90886953 0.6679
2.90081204 0.6693
2.91209951 0.6521
2.93077698 0.6224
2.95439512 0.5944
2.97873331 0.5813
3.00684454 0.5847
3.02938374 0.5958
3.03595478 0.6102
3.02498312 0.6179
2.99603971 0.6242
2.96607464 0.6307
2.94362536 0.6301
2.93351448 0.6209
2.93121473 0.6068
2.93956853 0.5937
2.95601441 0.5739
2.97626758 0.5465
2.98830048 0.5187
2.98501407 0.4937
2.96566952 0.4887
2.95196190 0.5132
2.95221316 0.5726
2.96401751 0.6422
2.98560333 0.7001
3.00716924 0.7334
3.03907399 0.7356
3.08378127 0.7207
3.13951044 0.6906
3.18503591 0.6481
3.19671925 0.5982
3.17809485 0.5513
3.14815565 0.5271
3.12554724 0.5318
3.10515692 0.5582
3.09402616 0.5901
3.08669028 0.6240
3.08767810 0.6523
3.09627509 0.6575
3.11134612 0.6276
3.12194090 0.5700
3.12800723 0.5011
3.12900620 0.4409
3.13111864 0.4100
3.11810533 0.4095
3.08921442 0.4302
3.05069249 0.4700
3.01856913 0.5261
2.99971947 0.5857
2.99256995 0.6285
2.99091354 0.6396
2.99902676 0.6254
3.01513632 0.5985
3.03963265 0.5731
3.05822218 0.5627
3.06445176 0.5618
3.06817109 0.5700
3.06488402 0.5874
3.06564898 0.6119
3.05947802 0.6417
3.04473240 0.6688
3.02370127 0.6943
3.01562583 0.7156
3.02282301 0.7356
3.04233877 0.7585
3.06948796 0.7711
3.10057545 0.7683
3.12453305 0.7461
3.13837276 0.7134
3.13718452 0.6789
3.12768899 0.6455
3.10758594 0.6132
3.08766276 0.5851
3.07793455 0.5723
3.07331410 0.5730
3.06950472 0.5784
3.06632371 0.5813
3.06102935 0.5801
3.04849636 0.5770
3.03728034 0.5740
3.02129134 0.5743
3.01132166 0.5701
3.01235683 0.5578
3.02485113 0.5464
3.03896906 0.5380
3.05658997 0.5350
3.07105501 0.5377
3.08577847 0.5481
3.08884857 0.5693
3.07533976 0.6011
3.05272877 0.6407
3.02487812 0.6799
3.00949974 0.7076
3.01139826 0.7151
3.03127678 0.7032
3.04849647 0.6827
3.06909571 0.6622
3.10234250 0.6428
3.13421978 0.6277
3.15013364 0.6208
3.13581646 0.6187
3.09473413 0.6220
3.04717017 0.6282
3.01184328 0.6315
2.99146807 0.6407
2.97737521 0.6592
2.95699193 0.6876
2.94960255 0.7088
2.96400436 0.7092
2.99436857 0.6973
3.02505554 0.6936
3.04158880 0.7026
3.04602570 0.7110
3.04671570 0.7140
3.05238351 0.7098
3.05476154 0.7082
3.04945032 0.7129
3.02970756 0.7291
3.00091434 0.7430
2.97271129 0.7454
2.95679418 0.7356
2.94449156 0.7226
2.92887511 0.7180
2.91227278 0.7141
2.91193843 0.7045
2.93416966 0.6860
2.96786433 0.6685
3.00416706 0.6584
3.03592527 0.6587
3.06219916 0.6685
3.08482058 0.6868
3.09258914 0.7134
3.08382475 0.7397
3.06612533 0.7584
3.04761051 0.7654
3.03498789 0.7609
3.03113501 0.7386
3.03330241 0.7128
3.03597518 0.6923
3.03523760 0.6874
3.03118155 0.6990
3.01460309 0.7248
2.98438951 0.7575
2.94803048 0.7881
2.92449211 0.8095
2.92906734 0.8200
2.95936092 0.8237
2.99763850 0.8183
3.03525668 0.8004
3.06395878 0.7754
3.07800407 0.7546
3.07204663 0.7492
3.04791943 0.7545
3.01605802 0.7679
2.98907334 0.7748
2.97396931 0.7689
2.96885830 0.7460
2.96418798 0.7207
2.96336840 0.6995
2.96333756 0.6856
2.96195904 0.6841
2.95436283 0.6921
2.93774527 0.7109
2.92199866 0.7325
2.91979266 0.7518
2.93448695 0.7610
2.96051194 0.7593
2.97704531 0.7512
2.98072778 0.7435
2.97711614 0.7404
2.96993873 0.7488
2.95892243 0.7673
2.93946542 0.7965
2.91899220 0.8267
2.90753168 0.8502
2.91530837 0.8632
2.94768939 0.8525
2.98804747 0.8203
3.02554109 0.7772
3.05533487 0.7379
3.07508506 0.7126
3.07570311 0.7049
3.06524818 0.7139
3.03692426 0.7354
3.00276955 0.7629
2.98743296 0.7871
2.98930629 0.8023
2.99413220 0.7977
2.98929978 0.7794
2.97664464 0.7603
2.96641439 0.7420
2.96742367 0.7233
2.97513596 0.7004
2.98498998 0.6706
2.98676792 0.6337
2.98766746 0.5980
2.99617685 0.5618
3.00406850 0.5409
3.00604923 0.5385
2.99590026 0.5611
2.98278601 0.6071
2.97430174 0.6616
2.96206069 0.7071
2.95118854 0.7246
2.94527059 0.7287
2.95220077 0.7281
2.97100878 0.7176
2.99415185 0.6961
3.01764685 0.6682
3.02746051 0.6534
3.02990776 0.6664
3.02944351 0.7089
3.02809513 0.7717
3.01861622 0.8340
2.99448516 0.8702
2.97061732 0.8789
2.95488795 0.8679
2.95119010 0.8314
2.94656451 0.7749
2.94357875 0.7162
2.94088927 0.6748
2.93143265 0.6612
2.91838857 0.6732
2.90441094 0.7032
2.89424650 0.7340
2.88468653 0.7547
2.87877650 0.7646
2.88957482 0.7639
2.91655443 0.7470
2.94847204 0.7083
2.98039114 0.6663
3.01339942 0.6396
3.04346092 0.6330
3.06436361 0.6453
3.07620142 0.6585
3.08015904 0.6643
3.07857729 0.6709
3.06723463 0.6743
3.05464452 0.6700
3.03695173 0.6568
3.02563707 0.6399
3.01814458 0.6296
3.01125586 0.6280
2.99646927 0.6333
2.97214378 0.6381
2.95460298 0.6386
2.95428167 0.6452
2.98057973 0.6500
3.01298410 0.6447
3.03930133 0.6230
3.06658706 0.5970
3.08752140 0.5762
3.09706542 0.5706
3.07776513 0.5729
3.03763645 0.5872
2.99388946 0.6104
2.96883253 0.6399
2.95522087 0.6755
2.94563533 0.7079
2.93395399 0.7145
2.92229384 0.6946
2.92640975 0.6596
2.95064946 0.6299
2.98735607 0.6181
3.00566346 0.6272
2.99950330 0.6492
2.97843620 0.6770
2.96210515 0.7082
2.95552346 0.7342
2.94937597 0.7480
2.93875262 0.7478
2.93088833 0.7309
2.92646371 0.7000
2.92739607 0.6610
2.92323063 0.6198
2.90703668 0.5823
2.88533743 0.5619
2.86657869 0.5668
2.85925111 0.5891
2.86508813 0.6098
2.87494951 0.6274
2.88146836 0.6354
2.88142555 0.6466
2.89482257 0.6624
2.92121024 0.6819
2.94557300 0.7028
2.96582244 0.7295
2.99055956 0.7593
3.01303086 0.7835
3.03318559 0.7952
3.05125441 0.7893
3.06154693 0.7640
3.06272887 0.7294
3.05193537 0.7026
3.03955062 0.6942
3.02986315 0.7042
3.01797055 0.7216
3.00282070 0.7490
2.99351638 0.7802
2.98374605 0.8002
2.97028725 0.8011
2.96146114 0.7870
2.97186609 0.7541
2.99569237 0.7137
3.02448049 0.6703
3.04638833 0.6262
3.06225162 0.5903
3.07278750 0.5845
3.07687001 0.6071
3.07293280 0.6447
3.05955313 0.6766
3.03437994 0.6989
3.00679957 0.7017
2.98501268 0.6841
2.97599207 0.6581
2.98545060 0.6322
3.00231924 0.6112
3.01863574 0.6019
3.04479404 0.6058
3.06927740 0.6225
3.08429487 0.6481
3.08438979 0.6728
3.07412243 0.6974
3.05874899 0.7250
3.04348073 0.7521
3.03045067 0.7675
3.01703488 0.7693
3.00743961 0.7599
2.99853248 0.7452
2.99670546 0.7153
3.00279638 0.6755
3.01806741 0.6359
3.03681567 0.6072
3.06714799 0.5914
3.08578347 0.5900
3.07923235 0.6049
3.06058442 0.6262
3.03137364 0.6463
3.00936166 0.6497
2.99589468 0.6210
2.99482718 0.5632
2.99499880 0.5091
2.99079869 0.4643
2.99029929 0.4409
2.99563035 0.4403
3.00140924 0.4581
2.99741906 0.4958
2.98843983 0.5460
2.98321728 0.5920
2.97962155 0.6212
2.97566589 0.6292
2.97083914 0.6116
2.95694962 0.5815
2.94040120 0.5518
2.92804619 0.5312
2.91558138 0.5150
2.90576697 0.5095
2.89590544 0.5108
2.88977759 0.5219
2.89124323 0.5422
2.89898984 0.5641
2.90323335 0.5790
2.89960125 0.5860
2.89027031 0.5890
2.88371871 0.5890
2.88536578 0.5852
2.88483861 0.5701
2.87446998 0.5482
2.87183939 0.5330
2.88978090 0.5291
2.92535265 0.5159
2.96689054 0.5004
2.99204452 0.4834
2.99556136 0.4780
2.99331919 0.4902
2.99089569 0.5122
2.97957356 0.5329
2.95888880 0.5409
2.93053146 0.5373
2.92268255 0.5295
2.94534385 0.5180
2.97602924 0.5075
2.99633322 0.4981
2.98859754 0.5010
2.96837054 0.5162
2.95511053 0.5447
2.95218103 0.5768
2.95265424 0.5907
2.95649034 0.5847
2.96170998 0.5615
2.97590750 0.5322
3.00664132 0.5004
3.04234249 0.4725
3.05525781 0.4494
3.03026890 0.4435
2.99357754 0.4514
2.95911215 0.4677
2.93174796 0.4778
2.91833764 0.4730
2.93230924 0.4609
2.97355796 0.4492
3.03068114 0.4308
3.07783978 0.4141
3.09635776 0.4061
3.07593235 0.4218
3.04297376 0.4594
3.00540280 0.5106
2.98214668 0.5571
2.97301959 0.5795
2.98822222 0.5790
3.02638706 0.5657
3.07100255 0.5412
3.11173623 0.5164
3.14859289 0.5028
3.15954956 0.5061
3.12816078 0.5233
3.06029946 0.5530
2.99163670 0.5842
2.94634097 0.6045
2.93607483 0.6085
2.95255222 0.6071
2.98136494 0.6023
3.00384542 0.5954
3.01552546 0.5906
3.01925092 0.5929
3.02290610 0.6073
3.01099395 0.6266
2.99593686 0.6339
2.98826733 0.6323
3.00624682 0.6156
3.05708241 0.5837
3.12903526 0.5429
3.18498525 0.5121
3.20309112 0.4960
3.17531878 0.4993
3.12765079 0.5194
3.07812967 0.5468
3.04521795 0.5711
3.03489282 0.5823
3.04883992 0.5763
3.07900781 0.5580
3.13296431 0.5328
3.19631657 0.5031
3.24545220 0.4810
3.24819434 0.4794
3.20763289 0.4989
3.14227449 0.5340
3.07461164 0.5666
3.02283386 0.5835
3.00155565 0.5781
2.99871537 0.5561
3.01426587 0.5208
3.03737161 0.4782
3.06437097 0.4320
3.08282372 0.3923
3.07963249 0.3734
3.05722320 0.3829
3.02693369 0.4188
2.99509788 0.4646
2.97705664 0.4870
2.97374285 0.4776
2.99314633 0.4465
3.03115193 0.4067
3.08568059 0.3729
3.14377634 0.3528
3.16813760 0.3514
3.14892527 0.3636
3.09481551 0.3936
3.03985246 0.4423
3.01770480 0.4970
3.02146893 0.5377
3.04295200 0.5548
3.07097109 0.5483
3.09233414 0.5192
3.10156001 0.4798
3.10794283 0.4581
3.11587148 0.4702
3.11158014 0.4928
3.09897565 0.5040
3.09495141 0.5131
3.10690885 0.5202
3.13279079 0.5127
3.15380524 0.4944
3.15327748 0.4669
3.13497360 0.4440
3.11305452 0.4330
3.09311375 0.4479
3.06711736 0.4873
3.03918734 0.5179
3.01720468 0.5262
3.01539242 0.5246
3.03176620 0.5157
3.06190400 0.4883
3.08139580 0.4496
3.07583439 0.4193
3.05161840 0.4084
3.02557705 0.4188
3.00796128 0.4441
2.99295354 0.4720
2.98351849 0.4893
2.98417556 0.4931
3.00054197 0.4884
3.03340448 0.4717
3.06722146 0.4411
3.07077706 0.3947
3.04453687 0.3500
3.00977278 0.3257
3.00013046 0.3259
3.02073075 0.3440
3.05433261 0.3676
3.08290464 0.3948
3.09556898 0.4247
3.09469321 0.4519
3.08684202 0.4667
3.07310294 0.4729
3.05198551 0.4673
3.01861889 0.4633
2.99065884 0.4688
3.00589717 0.4551
3.05625841 0.4289
3.12153363 0.4107
3.17220340 0.4112
3.18791703 0.4301
3.17312208 0.4611
3.13609818 0.4890
3.08339723 0.5111
3.02790138 0.5260
2.97859580 0.5340
2.94454204 0.5338
2.93698071 0.5198
2.96530264 0.4865
3.02941222 0.4571
3.09004611 0.4505
3.11746038 0.4616
3.11590711 0.4854
3.08863723 0.5137
3.04734857 0.5435
2.99293599 0.5576
2.95393266 0.5547
2.94543920 0.5588
2.95900496 0.5760
2.99690160 0.5672
3.04697629 0.5432
3.09389402 0.5231
3.12167849 0.5150
3.12849640 0.5116
3.13177336 0.5116
3.13861837 0.5242
3.15511101 0.5364
3.16926122 0.5433
3.18489170 0.5436
3.20095591 0.5495
3.20426881 0.5680
3.18672169 0.5869
3.15238837 0.6013
3.10724160 0.6096
3.06694780 0.6067
3.04552582 0.5946
3.04780368 0.6011
3.06448618 0.6081
3.07730364 0.5981
3.08091853 0.5919
3.08719983 0.6073
3.08370656 0.6424
3.06288093 0.6749
3.02943429 0.6892
2.99702000 0.6825
2.98525880 0.6566
2.99585386 0.6367
3.02533623 0.6230
3.05537176 0.6041
3.07962219 0.5804
3.10192711 0.5689
3.11797361 0.5788
3.12373685 0.5942
3.11127229 0.6115
3.10074348 0.6141
3.10515188 0.6018
3.12331551 0.5762
3.14910199 0.5452
3.16739725 0.5187
3.16631663 0.5046
3.14519895 0.5110
3.11757942 0.5424
3.08945576 0.5909
3.06592513 0.6390
3.05267871 0.6667
3.05941768 0.6656
3.08915836 0.6313
3.13700998 0.5796
3.18908935 0.5290
3.22287379 0.4924
3.22422486 0.4772
3.19058435 0.4941
3.13296033 0.5413
3.05738683 0.6007
2.98335980 0.6455
2.93209573 0.6675
2.91965079 0.6739
2.94774245 0.6535
3.00264174 0.6106
3.06388186 0.5591
3.11299625 0.5120
3.12767785 0.4841
3.11107766 0.4874
3.05585614 0.5243
2.97882829 0.5776
2.91293701 0.6276
2.88353495 0.6710
2.89808723 0.6985
2.94657676 0.7026
3.01330555 0.6700
3.07536411 0.6076
3.12495620 0.5375
3.14746896 0.4799
3.14573492 0.4559
3.11355163 0.4665
3.05684579 0.4968
2.99842645 0.5334
2.96548384 0.5693
2.97140237 0.5935
3.00370374 0.5948
3.03066056 0.5745
3.03678033 0.5481
3.02845353 0.5289
3.01790279 0.5243
3.01221368 0.5293
3.01081779 0.5405
3.00462454 0.5559
3.00757958 0.5679
3.03407044 0.5724
3.08764240 0.5726
3.13992053 0.5688
3.16548085 0.5576
3.14765375 0.5421
3.10221566 0.5398
3.05971714 0.5498
3.03424750 0.5532
3.03217507 0.5405
3.04892608 0.5270
3.08772906 0.5171
3.13853294 0.5185
3.17956354 0.5202
3.18997368 0.5226
3.16062006 0.5277
3.10496641 0.5443
3.04559286 0.5742
3.00312988 0.6103
2.98545692 0.6346
2.99068992 0.6407
3.02109654 0.6260
3.06762510 0.6005
3.12122094 0.5664
3.16275917 0.5282
3.16554503 0.4905
3.12114247 0.4619
3.05670052 0.4556
3.00842138 0.4709
2.99325078 0.4931
3.01135576 0.5063
3.04988471 0.5188
3.09383704 0.5294
3.13241120 0.5372
3.16380787 0.5399
3.16950353 0.5399
3.14560638 0.5406
3.09589093 0.5468
3.04075497 0.5598
3.00344568 0.5741
2.99720996 0.5741
3.02085622 0.5579
3.06460238 0.5387
3.10842502 0.5282
3.13656932 0.5317
3.14877081 0.5416
3.13252663 0.5617
3.09890090 0.5800
3.05816937 0.5929
3.03438687 0.6032
3.03563941 0.6150
3.05153588 0.6198
3.08162637 0.6054
3.12527775 0.5792
3.16777531 0.5504
3.18600796 0.5326
3.18450385 0.5232
3.16232530 0.5341
3.12725577 0.5655
3.08859330 0.6001
3.06080976 0.6222
3.04757540 0.6281
3.04075596 0.6209
3.05196199 0.5905
3.07718638 0.5430
3.10634570 0.4898
3.12418156 0.4415
3.11969700 0.4120
3.11600527 0.4023
3.10916377 0.4209
3.11188322 0.4557
3.11306483 0.4938
3.11235477 0.5236
3.11211292 0.5459
3.11499540 0.5582
3.11575467 0.5556
3.09889682 0.5403
3.07551775 0.5135
3.05491639 0.4897
3.05727413 0.4756
3.08188409 0.4753
3.11747439 0.4920
3.13349429 0.5161
3.11905313 0.5446
3.08501894 0.5724
3.04872841 0.5931
3.02336687 0.6018
3.00946465 0.6049
3.00697044 0.5986
3.01744972 0.5745
3.05364764 0.5298
3.10772787 0.4821
3.14553368 0.4558
3.15203841 0.4618
3.13911961 0.4998
3.11946118 0.5478
3.10035697 0.5825
3.09138030 0.5975
3.10376268 0.5950
3.12199382 0.5727
3.14674445 0.5245
3.18047198 0.4692
3.21096786 0.4288
3.19837938 0.4174
3.14229092 0.4371
3.06898936 0.4842
3.00972787 0.5440
2.96525497 0.5942
2.94534542 0.6243
2.95522509 0.6396
2.99187743 0.6333
3.04713875 0.6048
3.09811098 0.5702
3.11932671 0.5490
3.10088800 0.5542
3.05798201 0.5813
3.01545983 0.6170
2.98332866 0.6489
2.96724584 0.6649
2.96821969 0.6735
2.99045790 0.6718
3.03469875 0.6599
3.08120260 0.6393
3.12360268 0.6165
3.14899337 0.6037
3.14688242 0.6031
3.12301971 0.6139
3.08952708 0.6265
3.06375323 0.6347
3.05905672 0.6408
3.07638479 0.6464
3.11137905 0.6491
3.14327575 0.6477
3.15954106 0.6364
3.15699080 0.6193
3.14399678 0.5975
3.12627386 0.5801
3.10408651 0.5600
3.08802217 0.5373
3.08678546 0.5125
3.09441355 0.5003
3.11177434 0.5023
3.11652276 0.5186
3.09405111 0.5404
3.04649673 0.5620
2.99293029 0.5761
2.95013216 0.5816
2.92940420 0.5795
2.93439036 0.5635
2.95841459 0.5362
3.00160883 0.5067
3.05451254 0.4826
3.10304197 0.4841
3.12571698 0.5107
3.10582252 0.5593
3.06129859 0.6153
3.01128389 0.6658
2.97409172 0.7047
2.96379075 0.7285
2.99416573 0.7191
3.04724674 0.6615
3.11316414 0.5791
3.16778976 0.5104
3.19622680 0.4783
3.17539918 0.4858
3.11792422 0.5261
3.05233800 0.5847
3.00589480 0.6438
2.98266943 0.6928
2.98852111 0.7160
3.02730196 0.6941
3.08113909 0.6399
3.13020234 0.5805
3.15321963 0.5362
3.13706190 0.5174
3.09116192 0.5268
3.03419751 0.5556
2.97944725 0.5975
2.95214582 0.6362
2.96031829 0.6588
2.99800348 0.6596
3.05178206 0.6381
3.10634664 0.6054
3.14392798 0.5713
3.15188478 0.5423
3.13044471 0.5184
3.09653760 0.5025
3.07807641 0.4976
3.07711152 0.5079
3.09255008 0.5288
3.12020813 0.5524
3.14190393 0.5740
3.14665184 0.5952
3.13449708 0.6211
3.11029352 0.6558
3.07858030 0.6946
3.04068218 0.7196
3.00793506 0.7256
2.98972013 0.7140
2.98397061 0.6918
2.99410491 0.6627
3.01204295 0.6284
3.02969447 0.6083
3.03887366 0.6072
3.03437177 0.6226
3.01434562 0.6464
2.99050300 0.6708
2.97178229 0.6919
2.96978148 0.7070
2.98142591 0.7146
3.00197709 0.7103
3.01902407 0.6939
3.03055705 0.6657
3.03740458 0.6395
3.03578164 0.6270
3.02160047 0.6325
2.99772636 0.6455
2.97687260 0.6487
2.96353301 0.6413
2.96785439 0.6206
2.97995790 0.5956
2.98772990 0.5637
2.98239239 0.5307
2.97628258 0.5096
2.96947293 0.5105
2.96018847 0.5289
2.94178293 0.5613
2.92543464 0.5969
2.93029579 0.6263
2.95815717 0.6465
2.99984618 0.6530
3.03721257 0.6487
3.05297784 0.6452
3.04354443 0.6523
3.02660522 0.6703
3.00779465 0.6953
2.98728982 0.7124
2.96389156 0.7210
2.94486715 0.7292
2.94227696 0.7300
2.95771533 0.7141
2.98141867 0.6860
3.00275234 0.6559
3.01154644 0.6402
3.00140771 0.6511
2.98577761 0.6757
2.97468492 0.6994
2.96923093 0.7168
2.96942574 0.7292
2.97816013 0.7307
2.99147850 0.7153
3.00999185 0.6849
3.02366334 0.6480
3.03764161 0.6163
3.03897381 0.6013
3.02310583 0.6006
3.00916640 0.5987
3.00307858 0.5956
3.00987698 0.5936
3.02208377 0.5961
3.02855260 0.6003
3.02669353 0.6059
3.02352444 0.6145
3.02083579 0.6233
3.01676533 0.6312
3.00748520 0.6475
3.00152571 0.6689
3.00901981 0.6898
3.02076801 0.7039
3.03522218 0.7107
3.04376498 0.7128
3.04598848 0.7152
3.03501187 0.7256
3.01152768 0.7486
2.98494242 0.7839
2.96737326 0.8114
2.96682533 0.8209
2.97996197 0.8064
3.00146561 0.7773
3.02631655 0.7450
3.04783270 0.7198
3.06415910 0.6978
3.06428880 0.6859
3.05716345 0.6894
3.04031791 0.7149
3.01263913 0.7562
2.99200488 0.7800
2.98833366 0.7714
3.00718498 0.7354
3.03716141 0.6979
3.05601452 0.6763
3.06259789 0.6659
3.06195706 0.6660
3.05310448 0.6768
3.03201941 0.7012
3.00556254 0.7357
2.98523307 0.7734
2.98785871 0.7889
3.01533793 0.7727
3.05958818 0.7331
3.09926876 0.6942
3.11686672 0.6649
3.11179051 0.6601
3.09091517 0.6822
3.06549872 0.7266
3.03930243 0.7817
3.00473710 0.8358
2.97764241 0.8667
2.97005916 0.8583
2.98194638 0.8273
3.00803062 0.7908
3.04135760 0.7530
3.07228420 0.7212
3.09040669 0.6997
3.08282962 0.7003
3.05375186 0.7277
3.01334573 0.7692
2.96851978 0.8059
2.93713740 0.8192
2.92617301 0.8085
2.93558645 0.7858
2.95454013 0.7568
2.97652405 0.7223
2.99928343 0.6852
3.02054580 0.6508
3.03554305 0.6216
3.03341948 0.6064
3.01635545 0.6087
3.00646608 0.6303
3.00119332 0.6643
2.98389696 0.7035
2.96246165 0.7417
2.94238170 0.7748
2.93218812 0.7954
2.93423997 0.8059
2.94322879 0.8061
2.95397827 0.7957
2.95968266 0.7751
2.96091447 0.7354
2.97304160 0.6857
2.99977727 0.6513
3.02431573 0.6431
3.03378279 0.6700
3.02169190 0.7166
2.99881828 0.7707
2.98143409 0.8112
2.98172437 0.8333
2.99934965 0.8370
3.01517253 0.8209
3.02672419 0.7820
3.04020321 0.7341
3.06056270 0.6963
3.07045752 0.6875
3.06405618 0.7022
3.03816804 0.7323
3.00578734 0.7610
2.97875911 0.7778
2.97038195 0.7826
2.97542174 0.7753
2.98346462 0.7430
2.99998477 0.6854
3.01420465 0.6257
3.02866747 0.5818
3.03001595 0.5574
3.01950181 0.5557
3.01248892 0.5697
3.02039636 0.5940
3.03910667 0.6203
3.06585693 0.6385
3.08932260 0.6366
3.10217532 0.6164
3.10042193 0.5914
3.08152503 0.5757
3.04881012 0.5650
3.00386087 0.5686
2.96422395 0.5813
2.94112679 0.5958
2.94236172 0.6026
2.95543814 0.6019
2.98092558 0.5944
3.00824108 0.5838
3.03880386 0.5763
3.06584549 0.5731
3.08207429 0.5778
3.08108502 0.5833
3.06204393 0.5940
3.02894780 0.6099
2.98785499 0.6403
2.94570381 0.6849
2.90893569 0.7316
2.88877255 0.7667
2.88740743 0.7802
2.90237551 0.7880
2.91946326 0.7967
2.92457697 0.7942
2.92037351 0.7695
2.91720111 0.7253
2.91784689 0.6738
2.91809499 0.6338
2.91068941 0.6197
2.89671664 0.6233
2.88793118 0.6409
2.88779707 0.6624
2.89197431 0.6795
2.89486043 0.6918
2.89420806 0.6975
2.89660846 0.6932
2.90051043 0.6738
2.89496843 0.6415
2.87880450 0.6055
2.86696138 0.5882
2.87806481 0.5992
2.90684891 0.6341
2.93428816 0.6728
2.93990567 0.7061
2.93716327 0.7262
2.93987189 0.7436
2.95679448 0.7627
2.97359087 0.7706
2.97358664 0.7567
2.95674945 0.7299
2.94524289 0.7188
2.95694372 0.7250
2.98225315 0.7379
2.99590437 0.7481
2.99016984 0.7506
2.97249868 0.7589
2.95992172 0.7759
2.95111928 0.7899
2.94397935 0.7903
2.93620894 0.7819
2.93288460 0.7750
2.94157683 0.7812
2.96436256 0.7896
2.98560130 0.7847
3.00419484 0.7625
3.02027447 0.7359
3.03947628 0.7156
3.05210749 0.7068
3.04695209 0.7013
3.02279740 0.6964
2.99553902 0.6923
2.98156079 0.7000
2.99170906 0.7069
3.00552021 0.7018
3.01083585 0.6789
3.00415586 0.6540
3.00977436 0.6477
3.03175711 0.6589
3.06107930 0.6707
3.08037009 0.6778
3.08150360 0.6843
3.08318962 0.7053
3.09305631 0.7357
3.10215524 0.7581
3.09498603 0.7612
3.07299194 0.7578
3.04364757 0.7633
3.01894577 0.7783
2.99830536 0.7928
2.97139911 0.7957
2.94127425 0.7883
2.91867124 0.7835
2.91450198 0.7885
2.92372465 0.7913
2.93654154 0.7776
2.94235985 0.7541
2.94111717 0.7426
2.94297381 0.7463
2.94657094 0.7595
2.94966150 0.7686
2.94274510 0.7711
2.93090045 0.7716
2.92070781 0.7780
2.91445708 0.7889
2.90980101 0.7860
2.90883521 0.7701
2.91639367 0.7504
2.93257980 0.7362
2.95577465 0.7280
2.98574019 0.7135
3.01712099 0.6906
3.03338937 0.6781
3.03745801 0.6830
3.02587181 0.7103
3.00286726 0.7371
2.97554820 0.7470
2.95118674 0.7445
2.94363664 0.7450
2.94763076 0.7553
2.95456598 0.7711
2.95362415 0.7830
2.95337297 0.7912
2.96168760 0.8027
2.97226475 0.8170
2.97356361 0.8299
2.96561315 0.8308
2.95718385 0.8241
2.96315607 0.8161
2.98282624 0.8081
3.00027345 0.7991
3.00767699 0.7816
3.00724122 0.7639
3.00454399 0.7569
3.00073882 0.7655
2.99561480 0.7760
2.98716253 0.7819
2.98358734 0.7778
2.99037947 0.7693
3.00944248 0.7697
3.04325426 0.7793
3.07374229 0.7858
3.08369379 0.7863
3.07901149 0.7890
3.06778404 0.8015
3.05655379 0.8158
3.04289685 0.8250
3.03288678 0.8238
3.03424289 0.8153
3.05025588 0.8038
3.07769600 0.7953
3.10519444 0.7918
3.12379281 0.7857
3.12498330 0.7746
3.12038907 0.7623
3.11417901 0.7494
3.10510358 0.7359
3.10011927 0.7233
3.10120926 0.7169
3.11391199 0.7169
3.13506388 0.7233
3.15184802 0.7450
3.16245011 0.7693
3.15240342 0.7856
3.12663266 0.7896
3.09962570 0.7833
3.07932905 0.7642
3.06766525 0.7334
3.06340788 0.6874
3.06685820 0.6458
3.08257190 0.6165
3.10222269 0.6083
3.11306365 0.6214
3.10426302 0.6499
3.07792848 0.6856
3.04443502 0.7259
3.01647267 0.7613
3.00212577 0.7769
3.00014011 0.7766
3.00995421 0.7659
3.02909364 0.7601
3.05453896 0.7586
3.07915210 0.7544
3.09030855 0.7503
3.08264189 0.7458
3.06046510 0.7475
3.03165022 0.7562
3.00683890 0.7709
2.99369470 0.7800
2.98962620 0.7724
2.99438479 0.7505
3.00634883 0.7255
3.01726110 0.6985
3.02013843 0.6775
3.01888945 0.6762
3.02364900 0.6934
3.03208713 0.7300
3.03542174 0.7859
3.03639122 0.8408
3.03084040 0.8719
3.01522332 0.8711
2.99363843 0.8493
2.96982722 0.8200
2.94331588 0.7975
2.91958592 0.7778
2.90719272 0.7688
2.91080005 0.7722
2.92404020 0.7793
2.94048147 0.7773
2.95830906 0.7686
2.97260541 0.7600
2.98277906 0.7504
2.99195502 0.7402
3.00042183 0.7355
3.01183807 0.7322
3.02821059 0.7302
3.05691777 0.7231
3.09777359 0.7175
3.13940477 0.7075
3.17090839 0.6944
3.17789976 0.6907
3.15701461 0.7012
3.11914496 0.7225
3.08011245 0.7461
3.05095166 0.7657
3.04028174 0.7688
3.04552575 0.7454
3.06590737 0.7040
3.10096452 0.6595
3.13461034 0.6229
3.16304518 0.5920
3.15941405 0.5720
3.11515936 0.5641
3.05204256 0.5788
2.99546862 0.6154
2.96254446 0.6623
2.95911090 0.7045
2.97008865 0.7261
2.99309585 0.7266
3.02115498 0.7140
3.05158701 0.6986
3.07310717 0.6841
3.07734323 0.6699
3.05903537 0.6650
3.02783142 0.6798
2.99777940 0.7187
2.97676593 0.7631
2.96736569 0.7923
2.96949399 0.8002
2.98559049 0.7956
3.01817465 0.7834
3.07210470 0.7635
3.13440864 0.7370
3.18890842 0.7035
3.21827960 0.6745
3.22343748 0.6577
3.22603262 0.6528
3.22751412 0.6493
3.22763285 0.6350
3.21259401 0.6135
3.18494815 0.5909
3.15713142 0.5744
3.14356473 0.5608
3.14265890 0.5497
3.15012625 0.5407
3.15439344 0.5445
3.16630699 0.5586
3.19082324 0.5819
3.20903142 0.6039
3.21193284 0.6117
3.18982798 0.6081
3.14824934 0.6084
3.10420018 0.6189
3.07181872 0.6290
3.04769649 0.6396
3.03278258 0.6497
3.02492495 0.6640
3.02787219 0.6791
3.03660781 0.6917
3.04098830 0.7018
3.03988941 0.7104
3.02696143 0.7226
3.01986164 0.7327
3.02110598 0.7330
3.03353646 0.7289
3.04966728 0.7262
3.06612806 0.7218
3.07972567 0.7171
3.08722974 0.7048
3.08109831 0.6864
3.06821863 0.6621
3.04531279 0.6493
3.01957989 0.6479
2.99412762 0.6545
2.97490592 0.6629
2.96779469 0.6756
2.96539120 0.6966
2.96646603 0.7244
2.97117162 0.7498
2.98390777 0.7636
2.99724431 0.7629
3.00682905 0.7496
3.01599520 0.7339
3.02409176 0.7193
3.02716401 0.7041
3.02155624 0.7034
3.01174264 0.7166
3.00204581 0.7415
2.99155964 0.7650
2.98097259 0.7775
2.97765057 0.7737
2.98136075 0.7618
2.99562717 0.7490
3.01613138 0.7369
3.03516820 0.7182
3.05464981 0.6910
3.07691040 0.6718
3.10357323 0.6732
3.12622105 0.6936
3.13067006 0.7209
3.12044089 0.7434
3.10344088 0.7556
3.09738431 0.7601
3.09927233 0.7634
3.10477312 0.7610
3.10874854 0.7441
3.10940544 0.7209
3.11450986 0.7038
3.12568104 0.6992
3.13290899 0.7121
3.13116765 0.7363
3.12183940 0.7635
3.11023090 0.7884
3.10190926 0.8124
3.09050209 0.8283
3.07369420 0.8277
3.04938864 0.8179
3.03019091 0.8127
3.02878735 0.8113
3.03792529 0.8090
3.04887450 0.7966
3.06418006 0.7770
3.07913229 0.7595
3.09021902 0.7475
3.09150905 0.7348
3.07855630 0.7126
3.05870997 0.6786
3.03276425 0.6470
3.01221785 0.6241
2.99239000 0.6167
2.97053749 0.6163
2.94495146 0.6233
2.92776161 0.6328
2.92843925 0.6374
2.94740186 0.6383
2.97163550 0.6339
2.99332824 0.6248
3.01838154 0.6228
3.05092306 0.6312
3.08327715 0.6563
3.09539978 0.6866
3.07532741 0.7304
3.03832346 0.7749
3.00226042 0.8081
2.98137172 0.8248
2.97333752 0.8226
2.97463027 0.8077
2.98539838 0.7860
3.00766411 0.7649
3.04129255 0.7459
3.07273331 0.7276
3.09059307 0.7097
3.09347931 0.7013
3.08641156 0.6961
3.06564619 0.6878
3.02847641 0.6773
2.98347666 0.6611
2.93856330 0.6440
2.90955142 0.6260
2.91298979 0.6135
2.93812853 0.6091
2.96728559 0.6125
2.98806417 0.6155
3.00209662 0.6208
3.02087022 0.6274
3.04201717 0.6323
3.05388794 0.6435
3.04643930 0.6593
3.02672861 0.6794
3.01357840 0.6966
3.01485890 0.7103
3.02400840 0.7169
3.01887358 0.7157
2.99660027 0.7142
2.97404814 0.7256
2.96685601 0.7434
2.97294426 0.7481
2.98353633 0.7434
2.98730439 0.7372
2.97734233 0.7312
2.96826644 0.7262
2.96895445 0.7340
2.97757947 0.7570
2.98807400 0.7776
2.99748494 0.7881
3.01983793 0.7161
2.99990171 0.7168
2.97865395 0.7288
2.96916037 0.7436
2.97691748 0.7513
2.98573308 0.7513
2.98771579 0.7507
2.98175849 0.7449
2.97562875 0.7365
2.98145576 0.7354
2.98998603 0.7524
2.99316264 0.7705
2.99166412 0.7774
2.99368517 0.7725
3.00301068 0.7579
3.02897910 0.7292
3.06566305 0.6855
3.09245437 0.6348
3.09666960 0.5855
3.09271263 0.5483
3.08882296 0.5391
3.07884843 0.5582
3.05441835 0.5915
3.02031637 0.6284
2.99705880 0.6626
2.99089569 0.6945
3.00396677 0.7055
3.02980502 0.6912
3.06198187 0.6621
3.08924878 0.6314
3.10962404 0.6094
3.12485155 0.6061
3.12513135 0.6151
3.10409725 0.6346
3.08086488 0.6674
3.06338151 0.7102
3.05535131 0.7535
3.04586217 0.7845
3.03379565 0.7927
3.02483939 0.7844
3.01714870 0.7722
3.01027951 0.7573
3.00533039 0.7447
3.00033694 0.7272
2.99726715 0.7064
2.99127546 0.6852
2.98793247 0.6724
2.98855653 0.6685
2.98228797 0.6722
2.96747579 0.6746
2.94821468 0.6836
2.92677171 0.7035
2.90796027 0.7290
2.89132294 0.7535
2.88220523 0.7637
2.88792778 0.7603
2.90331159 0.7496
2.92876594 0.7446
2.95922079 0.7444
2.97874605 0.7497
2.98217154 0.7548
2.96757947 0.7621
2.94656485 0.7716
2.92917227 0.7906
2.91660070 0.8096
2.91313026 0.8193
2.91989383 0.8138
2.93989923 0.8038
2.96698090 0.7928
2.99563356 0.7841
3.01027209 0.7772
3.00301395 0.7686
2.98750835 0.7550
2.97916178 0.7519
2.97999670 0.7620
2.99197585 0.7716
3.01196003 0.7715
3.03322372 0.7635
3.04905949 0.7575
3.05812908 0.7596
3.05190040 0.7739
3.01505275 0.7991
2.96170528 0.8165
2.90963439 0.8219
2.87245910 0.8269
2.84921607 0.8423
2.84849526 0.8541
2.87105268 0.8469
2.90778671 0.8256
2.94890614 0.8043
2.97731297 0.7894
2.98544344 0.7829
2.96296746 0.7857
2.92455155 0.7949
2.89177046 0.8048
2.86841811 0.8169
2.86385538 0.8276
2.88185894 0.8296
2.92544940 0.8131
2.97617209 0.7813
3.02406561 0.7401
3.06295839 0.7054
3.08579312 0.7000
3.09216808 0.7275
3.07303641 0.7747
3.03210451 0.8187
2.99125915 0.8416
2.97064613 0.8441
2.98414025 0.8315
3.01839637 0.7983
3.04341583 0.7456
3.04887069 0.6974
3.03501707 0.6708
3.01819708 0.6730
3.00177029 0.7022
2.98302486 0.7459
2.96587862 0.7912
2.94773419 0.8229
2.93562418 0.8320
2.93687332 0.8275
2.95141850 0.8187
2.96061488 0.8072
2.94843598 0.7925
2.92265091 0.7799
2.89769778 0.7742
2.88475977 0.7786
2.87489246 0.7876
2.86434478 0.7992
2.85088978 0.8068
2.84789100 0.8071
2.86152919 0.8020
2.88626850 0.7972
2.91508976 0.7905
2.93454345 0.7815
2.94549293 0.7802
2.95914596 0.7884
2.97982137 0.7996
3.00492478 0.8009
3.01477384 0.7953
3.01599123 0.7820
3.00997047 0.7698
3.01877199 0.7606
3.04194030 0.7630
3.06247442 0.7717
3.07069200 0.7826
3.06739386 0.7976
3.05938991 0.8162
3.05153840 0.8367
3.04641043 0.8480
3.03679144 0.8526
3.02161060 0.8476
2.99604757 0.8405
2.97597054 0.8342
2.96219795 0.8282
2.95481590 0.8133
2.95359865 0.7980
2.96255266 0.7895
2.97403436 0.7914
2.98820572 0.7948
2.99888990 0.7980
3.00170432 0.7938
2.98830976 0.7850
2.96419012 0.7777
2.93940675 0.7737
2.91936952 0.7725
2.91314104 0.7707
2.92179197 0.7682
2.94583984 0.7718
2.97538862 0.7838
3.00586815 0.7937
3.03106448 0.7937
3.03608121 0.7924
3.02800342 0.7962
3.01255231 0.8174
2.99892318 0.8459
2.99166483 0.8583
2.97822882 0.8577
2.96035792 0.8549
2.94728946 0.8560
2.93738281 0.8617
2.94178459 0.8631
2.95771653 0.8598
2.96991809 0.8578
2.97798302 0.8602
2.98223329 0.8692
2.97692837 0.8827
2.95529668 0.8910
