2.65417808 0.7636
2.65740009 0.7804
2.65962204 0.7838
2.66929300 0.7867
2.67948577 0.7854
2.68613663 0.7769
2.68809274 0.7559
2.69353984 0.7326
2.70098839 0.7195
2.70647724 0.7219
2.69928479 0.7399
2.68627827 0.7628
2.66635938 0.7802
2.64653399 0.7979
2.63476181 0.8219
2.62795592 0.8498
2.62594766 0.8669
2.63314724 0.8725
2.65439286 0.8769
2.67982032 0.8866
2.69830548 0.8987
2.70527675 0.9066
2.70203114 0.9092
2.69798762 0.9133
2.69797871 0.9252
2.69879410 0.9399
2.69375775 0.9431
2.68357658 0.9313
2.67623212 0.9138
2.67637854 0.9009
2.68323487 0.8971
2.68870464 0.8954
2.68835441 0.8914
2.68909552 0.8889
2.69361397 0.8907
2.69828909 0.9006
2.69938235 0.9125
2.69282063 0.9168
2.68281144 0.9146
2.68492084 0.9170
2.70001189 0.9268
2.72428758 0.9450
2.74246659 0.9562
2.74863771 0.9576
2.74686303 0.9522
2.74609197 0.9453
2.75086296 0.9331
2.75798260 0.9144
2.76002249 0.8950
2.75534645 0.8792
2.74362830 0.8744
2.73163197 0.8781
2.72487983 0.8860
2.71538685 0.8887
2.70494365 0.8904
2.69552378 0.8983
2.69209324 0.9131
2.69601401 0.9189
2.70372449 0.9020
2.71316854 0.8670
2.71688385 0.8412
2.71402404 0.8336
2.70772096 0.8297
2.69964924 0.8266
2.69168384 0.8314
2.68273544 0.8453
2.67662189 0.8571
2.67531119 0.8611
2.68168966 0.8580
2.69182424 0.8500
2.70408396 0.8442
2.71395039 0.8484
2.71394902 0.8475
2.71301887 0.8411
2.71663416 0.8368
2.72205301 0.8431
2.72583615 0.8583
2.73019631 0.8653
2.73848227 0.8535
2.74296766 0.8259
2.74220132 0.8021
2.73548884 0.8031
2.73135774 0.8256
2.72646340 0.8440
2.71795960 0.8407
2.70864905 0.8242
2.69772473 0.8116
2.68109484 0.8154
2.66080328 0.8228
2.64651884 0.8247
2.64153369 0.8134
2.63802502 0.7962
2.63442431 0.7901
2.63697522 0.7943
2.64576020 0.7968
2.65471504 0.7885
2.66592804 0.7772
2.67624054 0.7747
2.68014956 0.7729
2.67646446 0.7709
2.66715551 0.7669
2.65733741 0.7588
2.65109173 0.7532
2.64775319 0.7517
2.65312827 0.7540
2.66879723 0.7586
2.68071523 0.7647
2.68333945 0.7798
2.67332963 0.7948
2.65307870 0.8040
2.62742901 0.7985
2.60560886 0.7787
2.59055268 0.7588
2.58530410 0.7502
2.59297140 0.7502
2.61805374 0.7548
2.65444304 0.7614
2.69436166 0.7826
2.72716065 0.8230
2.74329705 0.8660
2.74165260 0.8874
2.72802270 0.8831
2.70763331 0.8612
2.67916026 0.8300
2.64549726 0.7960
2.60934643 0.7526
2.57921997 0.7121
2.56349275 0.6812
2.55850633 0.6724
2.55804784 0.6847
2.55363131 0.6997
2.54785456 0.7083
2.54796123 0.7042
2.55164635 0.6993
2.55615682 0.7065
2.56225369 0.7079
2.56834188 0.6962
2.58053560 0.6809
2.59531970 0.6739
2.60995809 0.6735
2.62100090 0.6826
2.62829093 0.6941
2.63382911 0.7057
2.63986697 0.7105
2.64682096 0.7114
2.64948633 0.7127
2.65006748 0.7158
2.64901612 0.7193
2.64866217 0.7201
2.65464419 0.7302
2.66620380 0.7541
2.67735277 0.7817
2.68524702 0.8004
2.68420152 0.8077
2.67740232 0.8003
2.67684275 0.7865
2.67754414 0.7716
2.68804841 0.7697
2.69797013 0.7762
2.70347383 0.7862
2.69916405 0.7970
2.68776821 0.8029
2.67533595 0.7988
2.66051316 0.7891
2.64462465 0.7802
2.63316624 0.7740
2.62607339 0.7706
2.62445330 0.7633
2.62322322 0.7534
2.61566982 0.7431
2.60546353 0.7387
2.59402098 0.7438
2.58938705 0.7546
2.59159500 0.7655
2.59645164 0.7760
2.60293600 0.7902
2.61297933 0.8053
2.62990936 0.8248
2.64958044 0.8373
2.66296070 0.8378
2.66409999 0.8270
2.65200895 0.8113
2.63192405 0.7881
2.60740673 0.7622
2.58903144 0.7438
2.58105946 0.7416
2.58537864 0.7492
2.60932347 0.7733
2.64398629 0.8093
2.67420415 0.8449
2.69233622 0.8695
2.69958876 0.8766
2.69492151 0.8691
2.67986739 0.8504
2.64846801 0.8203
2.60971652 0.7872
2.57202306 0.7668
2.54693547 0.7624
2.54685039 0.7759
2.57405022 0.8076
2.61959093 0.8508
2.66570526 0.8928
2.70200277 0.9255
2.72361117 0.9396
2.72757185 0.9257
2.71587997 0.8859
2.69432366 0.8366
2.66911110 0.7952
2.64451066 0.7709
2.62359048 0.7633
2.61364368 0.7646
2.61852550 0.7749
2.63441304 0.7957
2.65560877 0.8301
2.67934860 0.8669
2.69913185 0.8885
2.71125897 0.8871
2.71435712 0.8723
2.70696339 0.8521
2.68972386 0.8295
2.67411326 0.8070
2.66904220 0.7885
2.67361076 0.7796
2.68271454 0.7853
2.69159916 0.8041
2.70112354 0.8310
2.71088011 0.8572
2.71488058 0.8696
2.71215445 0.8674
2.69813225 0.8522
2.67289118 0.8267
2.64721461 0.7954
2.63141337 0.7704
2.62975949 0.7563
2.63984583 0.7564
2.65684008 0.7743
2.67981904 0.8106
2.70341915 0.8527
2.72401660 0.8864
2.73366330 0.9096
2.72642423 0.9201
2.70576991 0.9188
2.68080194 0.9036
2.66587064 0.8787
2.66486232 0.8534
2.67479881 0.8356
2.69533811 0.8321
2.72328277 0.8404
2.75726510 0.8558
2.78830360 0.8672
2.79924694 0.8689
2.78236547 0.8644
2.74416595 0.8528
2.70490734 0.8338
2.68015375 0.8119
2.66773217 0.7905
2.65765441 0.7700
2.65254921 0.7625
2.65308510 0.7672
2.66557705 0.7802
2.67486497 0.7943
2.67453742 0.8017
2.65717583 0.8008
2.63523016 0.8013
2.62099007 0.8030
2.61598592 0.8047
2.61106326 0.7966
2.59882529 0.7780
2.58135010 0.7532
2.57925839 0.7394
2.59355506 0.7451
2.61324004 0.7694
2.62681486 0.7965
2.63545285 0.8222
2.64535935 0.8446
2.66360264 0.8669
2.67856534 0.8775
2.68437175 0.8768
2.67658861 0.8648
2.66349684 0.8496
2.65386603 0.8371
2.65432696 0.8307
2.65688088 0.8251
2.65482329 0.8242
2.65052737 0.8300
2.65288048 0.8384
2.66074462 0.8428
2.66127840 0.8273
2.63988690 0.8023
2.60563956 0.7794
2.57175952 0.7729
2.54556107 0.7717
2.53079184 0.7706
2.52903198 0.7731
2.54063390 0.7849
2.57020659 0.8044
2.61477315 0.8230
2.66263463 0.8311
2.69491023 0.8273
2.70110894 0.8157
2.68845802 0.8085
2.67427976 0.8089
2.66616567 0.8070
2.65989604 0.7974
2.65009573 0.7819
2.64349653 0.7639
2.64313302 0.7520
2.65518105 0.7456
2.67128220 0.7495
2.68255637 0.7707
2.68190550 0.7998
2.67346289 0.8283
2.65784139 0.8355
2.64344654 0.8207
2.63020086 0.7993
2.62127173 0.7910
2.61811221 0.7988
2.62221528 0.8057
2.62476160 0.7970
2.62134812 0.7808
2.61617663 0.7757
2.61537170 0.7909
2.61683367 0.8149
2.61784729 0.8293
2.61131277 0.8218
2.59341359 0.7969
2.57055328 0.7674
2.55997611 0.7401
2.56160072 0.7072
2.57305396 0.6728
2.58910268 0.6544
2.60763365 0.6666
2.62346406 0.7034
2.63771778 0.7428
2.65095050 0.7759
2.66034765 0.8005
2.66060509 0.8104
2.65638221 0.8089
2.64908376 0.7957
2.64034781 0.7665
2.62731642 0.7348
2.61885365 0.7186
2.62409420 0.7222
2.64141669 0.7326
2.67403333 0.7452
2.70138823 0.7574
2.71726675 0.7770
2.71825829 0.8024
2.70678047 0.8199
2.69002714 0.8259
2.67139753 0.8220
2.65862441 0.8188
2.65444784 0.8166
2.66007186 0.8131
2.67481409 0.8037
2.69424320 0.7949
2.71211562 0.7937
2.72633177 0.8074
2.73499393 0.8294
2.73253708 0.8492
2.71640025 0.8599
2.69086997 0.8624
2.66853971 0.8569
2.66133117 0.8449
2.66805695 0.8220
2.67947777 0.7940
2.69427611 0.7783
2.70415302 0.7751
2.70274602 0.7765
2.68573707 0.7712
2.65683695 0.7591
2.62201943 0.7511
2.59711889 0.7606
2.59333943 0.7721
2.60760667 0.7698
2.62773438 0.7531
2.64812682 0.7415
2.65977744 0.7669
2.67565273 0.8165
2.69561750 0.8606
2.71093759 0.8941
2.71190618 0.9127
2.69690730 0.9206
2.68080678 0.9200
2.67301303 0.9033
2.66684127 0.8690
2.65791577 0.8390
2.65034771 0.8316
2.65356150 0.8447
2.66284602 0.8607
2.67201108 0.8697
2.67058749 0.8682
2.65734131 0.8666
2.64225909 0.8667
2.63266932 0.8602
2.62694137 0.8469
2.61922367 0.8347
2.61263428 0.8418
2.61318301 0.8595
2.63196109 0.8828
2.66679507 0.9012
2.70435139 0.9160
2.73191769 0.9260
2.74186848 0.9266
2.74112922 0.9119
2.73516565 0.8777
2.71736856 0.8351
2.68636337 0.8059
2.65057807 0.7954
2.62595475 0.7990
2.61549627 0.8011
2.62481051 0.8086
2.64682780 0.8236
2.67385188 0.8470
2.69459685 0.8617
2.70434899 0.8604
2.71020955 0.8485
2.70492605 0.8499
2.69127952 0.8667
2.66959533 0.8811
2.65014544 0.8797
2.63685626 0.8677
2.63167352 0.8613
2.63567643 0.8721
2.65287918 0.8975
2.67884689 0.9198
2.70469190 0.9261
2.72251006 0.9217
2.73267744 0.9271
2.72978558 0.9425
2.71634170 0.9522
2.69443666 0.9354
2.67652937 0.9020
2.66991878 0.8763
2.66901306 0.8661
2.67755649 0.8668
2.69387265 0.8732
2.71125927 0.8857
2.72288300 0.9060
2.72079567 0.9307
2.71304454 0.9563
2.70073767 0.9667
2.69151851 0.9580
2.68486366 0.9330
2.67913024 0.9035
2.67902166 0.8750
2.68904016 0.8510
2.70011157 0.8347
2.70746615 0.8346
2.71258741 0.8599
2.72469824 0.9065
2.73035743 0.9447
2.72925915 0.9619
2.72147435 0.9561
2.70498355 0.9408
2.68568377 0.9180
2.66548892 0.8839
2.65121749 0.8474
2.65286062 0.8277
2.66723010 0.8309
2.68693723 0.8505
2.70149489 0.8740
2.70878564 0.9012
2.71532512 0.9288
2.72030930 0.9553
2.71766193 0.9664
2.70873602 0.9572
2.69288521 0.9344
2.67402944 0.9076
2.66072714 0.8869
2.65559781 0.8698
2.65213357 0.8570
2.64782798 0.8559
2.64450442 0.8701
2.64688185 0.8954
2.64946697 0.9194
2.65354412 0.9280
2.65634878 0.9252
2.65404681 0.9170
2.64654128 0.9123
2.64214249 0.9065
2.64428099 0.8963
2.65133884 0.8815
2.66207707 0.8763
2.67229128 0.8834
2.67516719 0.8965
2.67349926 0.9028
2.67062366 0.8979
2.66836854 0.8912
2.66247559 0.8876
2.65119636 0.8875
2.63955040 0.8771
2.63720782 0.8605
2.64540016 0.8497
2.65616478 0.8540
2.66381511 0.8673
2.66774681 0.8807
2.66610654 0.8864
2.66025684 0.8819
2.65880051 0.8790
2.66022987 0.8820
2.66247932 0.8813
2.66625842 0.8688
2.67368548 0.8570
2.68518034 0.8537
2.69204287 0.8551
2.69506832 0.8553
2.69419747 0.8508
2.68888707 0.8457
2.68597921 0.8384
2.68736739 0.8314
2.69228726 0.8362
2.69942546 0.8479
2.70226966 0.8585
2.70185948 0.8634
2.69571875 0.8617
2.69058478 0.8542
2.68841258 0.8410
2.69502154 0.8380
2.71192744 0.8481
2.74266069 0.8685
2.76840619 0.8699
2.77529598 0.8518
2.76011720 0.8291
2.72812777 0.8136
2.69692437 0.8054
2.66958701 0.8038
2.65035548 0.8028
2.63580079 0.7931
2.63574075 0.7829
2.65300426 0.7749
2.67589047 0.7683
2.68792805 0.7632
2.68534209 0.7625
2.67394637 0.7719
2.66374699 0.7995
2.66481214 0.8392
2.67128535 0.8758
2.67311336 0.8921
2.66289842 0.8876
2.64352137 0.8758
2.63388547 0.8713
2.63995639 0.8715
2.65641237 0.8700
2.67043727 0.8655
2.67923159 0.8629
2.68365864 0.8643
2.68931304 0.8721
2.69798058 0.8752
2.70055107 0.8661
2.69575440 0.8589
2.68482482 0.8626
2.67249977 0.8707
2.66078756 0.8737
2.65238182 0.8713
2.64761898 0.8717
2.64605441 0.8760
2.64783428 0.8847
2.65948333 0.8865
2.67956113 0.8733
2.69835703 0.8500
2.71340288 0.8378
2.71723508 0.8360
2.70733701 0.8344
2.68205039 0.8166
2.64991096 0.7932
2.61974417 0.7734
2.59432349 0.7609
2.57130337 0.7570
2.54730669 0.7442
2.52521513 0.7212
2.51117094 0.6982
2.51520702 0.7042
2.53187342 0.7260
2.55736629 0.7500
2.57964195 0.7624
2.59989148 0.7757
2.61414963 0.7972
2.62242359 0.8260
2.62850456 0.8628
2.63474360 0.8894
2.64463424 0.8973
2.65354416 0.8940
2.66091067 0.8904
2.66450416 0.8824
2.66208164 0.8633
2.65738597 0.8337
2.65510441 0.8174
2.65957011 0.8190
2.66723939 0.8335
2.67269151 0.8393
2.67278122 0.8199
2.67212446 0.7899
2.67525951 0.7810
2.68754916 0.7908
2.70683478 0.8046
2.72157916 0.8147
2.71997384 0.8097
2.70425925 0.8038
2.69150874 0.8087
2.68441145 0.8254
2.68194498 0.8355
2.68074247 0.8199
2.67075407 0.7744
2.65310953 0.7188
2.63421586 0.6563
2.62357920 0.5736
2.61492786 0.4776
2.59670518 0.4520
2.56506634 0.4759
2.54002301 0.5141
2.52762966 0.5482
2.52923526 0.5870
2.54270913 0.6171
2.55835906 0.6269
2.57341982 0.6159
2.58634979 0.6028
2.59802172 0.6070
2.61216670 0.6371
2.62722213 0.6915
2.64351908 0.7472
2.65595750 0.7906
2.65868647 0.8168
2.65541122 0.8245
2.65897579 0.8103
2.67360497 0.7771
2.69043539 0.7400
2.69888614 0.7149
2.69874953 0.7187
2.69275439 0.7332
2.68920630 0.7471
2.68657860 0.7487
2.67512494 0.7383
2.65762831 0.7345
2.63390475 0.7224
2.61578302 0.6923
2.60047730 0.6410
2.58799907 0.5957
2.57781052 0.5890
2.56810827 0.6167
2.56861954 0.6584
2.57758791 0.6803
2.59035813 0.6829
2.60027962 0.6758
2.61149983 0.6710
2.62384150 0.6658
2.63726832 0.6519
2.63844960 0.6380
2.62706033 0.6322
2.61017637 0.6471
2.60192986 0.6757
2.60919905 0.6929
2.62499459 0.6910
2.64107111 0.6841
2.66017771 0.6922
2.67961125 0.7148
2.68920006 0.7319
2.69028379 0.7424
2.68397316 0.7512
2.67865524 0.7785
2.67480261 0.8223
2.67545389 0.8568
2.68673463 0.8665
2.70269620 0.8622
2.71822685 0.8688
2.73027088 0.8762
2.73365450 0.8661
2.72503050 0.8374
2.70473291 0.8048
2.68213569 0.7863
2.67283099 0.8001
2.67222735 0.8200
2.67343674 0.8227
2.67565447 0.8077
2.68280503 0.7846
2.68840154 0.7766
2.68613327 0.7848
2.67912232 0.7855
2.66383948 0.7826
2.64244413 0.7829
2.62456351 0.8038
2.62189779 0.8330
2.63541626 0.8547
2.65887221 0.8664
2.68812593 0.8775
2.71129825 0.8849
2.72782911 0.8849
2.73140320 0.8694
2.71842540 0.8395
2.68718144 0.8128
2.65290524 0.8090
2.63179159 0.8223
2.62686432 0.8343
2.63073489 0.8318
2.63691621 0.8234
2.64793100 0.8241
2.66850047 0.8411
2.70300143 0.8696
2.73443016 0.8902
2.74654208 0.8941
2.74102575 0.8913
2.73331733 0.8988
2.72897464 0.9124
2.72661334 0.9202
2.71503230 0.9196
2.70125012 0.9121
2.68902611 0.9041
2.68162484 0.8948
2.68027151 0.8832
2.67486216 0.8687
2.65524059 0.8466
2.63263051 0.8274
2.62969756 0.8126
2.64370910 0.7938
2.65317077 0.7784
2.64466051 0.7828
2.62583148 0.8091
2.61579720 0.8455
2.61393657 0.8675
2.61778720 0.8688
2.62827110 0.8706
2.64272632 0.8857
2.66048836 0.9100
2.67874110 0.9285
2.69077314 0.9336
2.69181639 0.9361
2.68569127 0.9417
2.67984854 0.9495
2.67666845 0.9507
2.67109469 0.9380
2.66235827 0.9211
2.66299598 0.9255
2.67967982 0.9482
2.70830638 0.9745
2.73134930 0.9872
2.73943350 0.9875
2.73461568 0.9862
2.72875795 0.9893
2.72331507 0.9856
2.70897936 0.9661
2.68472537 0.9444
2.65809373 0.9328
2.64280138 0.9364
2.64267054 0.9415
2.65556007 0.9425
2.66853357 0.9447
2.67528096 0.9529
2.68441838 0.9680
2.70244660 0.9802
2.71962765 0.9757
2.72245071 0.9548
2.70624011 0.9298
2.69071359 0.9105
2.68552638 0.8962
2.69084747 0.8842
2.69862912 0.8788
2.70474321 0.8846
2.70650806 0.8946
2.70959946 0.9052
2.72025217 0.9145
2.72821328 0.9260
2.72309226 0.9345
2.70984477 0.9323
2.69988424 0.9068
2.70236651 0.8709
2.72329634 0.8514
2.75255412 0.8644
2.78310156 0.9086
2.80683133 0.9532
2.82821899 0.9790
2.84194089 0.9806
2.83709824 0.9741
2.81103222 0.9718
2.77068461 0.9544
2.71799248 0.8982
2.66913442 0.8235
2.63827569 0.7644
2.63167407 0.7525
2.64527551 0.7895
2.67654081 0.8558
2.71219904 0.9134
2.74065078 0.9388
2.75351107 0.9321
2.75215426 0.9256
2.73331965 0.9113
2.70318849 0.8775
2.67504718 0.8449
2.66737812 0.8441
2.68239049 0.8844
2.70759412 0.9427
2.73284583 0.9894
2.74909079 0.9964
2.74982254 0.9603
2.74145406 0.9010
2.73416436 0.8665
2.72245911 0.8623
2.70604168 0.8651
2.69403718 0.8739
2.69098715 0.9047
2.70389695 0.9439
2.73006762 0.9811
2.75866857 1.0033
2.77950262 1.0033
2.78866058 0.9874
2.78476836 0.9726
2.77007106 0.9711
2.74452959 0.9683
2.71307390 0.9653
2.68357042 0.9650
2.66590942 0.9811
2.66462857 1.0129
2.67603732 1.0386
2.69514134 1.0385
2.71174095 1.0059
2.72272903 0.9622
2.72367778 0.9365
2.71452258 0.9384
2.69919725 0.9577
2.68871086 0.9787
2.68193649 0.9860
2.67561390 0.9830
2.67227711 0.9795
2.67832843 0.9810
2.69312277 0.9795
2.71269624 0.9640
2.73182362 0.9406
2.74080364 0.9291
2.74084906 0.9371
2.73286327 0.9525
2.72456376 0.9703
2.70961690 0.9845
2.69124818 0.9932
2.68608414 0.9942
2.70472471 0.9820
2.73908718 0.9674
2.77041692 0.9467
2.79293055 0.9302
2.80339409 0.9213
2.80224956 0.9166
2.79118288 0.9096
2.77568025 0.9118
2.76018487 0.9222
2.73849747 0.9319
2.72218353 0.9311
2.72101557 0.9128
2.74080853 0.8917
2.76782944 0.8817
2.78668915 0.8951
2.80015488 0.9219
2.81287161 0.9460
2.82691235 0.9629
2.83679953 0.9765
2.83707171 0.9910
2.82459194 1.0061
2.80374445 1.0028
2.78185371 0.9740
2.76365001 0.9373
2.74693616 0.9149
2.73483607 0.9159
2.73250982 0.9277
2.73875550 0.9319
2.74952526 0.9323
2.75731887 0.9443
2.75723940 0.9642
2.75162065 0.9764
2.74100807 0.9628
2.72832172 0.9271
2.71315746 0.8914
2.70083674 0.8743
2.69729108 0.8791
2.70957283 0.8972
2.73149578 0.9130
2.75397907 0.9282
2.75718656 0.9466
2.74662666 0.9662
2.72461504 0.9707
2.70304158 0.9507
2.68210493 0.9183
2.65868556 0.8966
2.64001651 0.8893
2.63701356 0.8911
2.65321604 0.8872
2.68736899 0.8744
2.72990609 0.8581
2.76609478 0.8495
2.78475136 0.8604
2.78357757 0.8893
2.76078210 0.9186
2.72223026 0.9390
2.67388031 0.9391
2.62901784 0.9244
2.60036337 0.9068
2.59719461 0.9034
2.61479131 0.9127
2.64574606 0.9225
2.67662730 0.9187
2.69297697 0.9079
2.69955078 0.9037
2.69480115 0.9080
2.67906815 0.9169
2.65025317 0.9153
2.61257395 0.8943
2.57931533 0.8674
2.56583612 0.8565
2.57559688 0.8635
2.59874334 0.8729
2.62396617 0.8704
2.64737289 0.8644
2.66401695 0.8676
2.67713380 0.8780
2.68335562 0.8807
2.68285660 0.8719
2.67629260 0.8531
2.67051044 0.8368
2.67665304 0.8326
2.69198768 0.8360
2.70921976 0.8388
2.72126454 0.8337
2.72508418 0.8226
2.72414688 0.8119
2.72674838 0.8089
2.73461863 0.8092
2.74114074 0.8136
2.73571066 0.8218
2.72070027 0.8275
2.70856606 0.8210
2.70633158 0.8077
2.71960638 0.7938
2.73667128 0.7861
2.75277859 0.7816
2.78220489 0.7807
2.82895406 0.7787
2.87731228 0.7844
2.91013578 0.8015
2.90806172 0.8236
2.88076692 0.8327
2.84291551 0.8194
2.80923725 0.7880
2.78004263 0.7526
2.75739549 0.7281
2.74094215 0.7209
2.74117107 0.7222
2.75809611 0.7307
2.78634440 0.7535
2.79780664 0.7897
2.78597342 0.8245
2.76686606 0.8388
2.75455693 0.8285
2.74606208 0.8052
2.73475252 0.7859
2.72073379 0.7740
2.71580378 0.7692
2.72348555 0.7601
2.74485506 0.7541
2.76558087 0.7676
2.76575008 0.8024
2.74104325 0.8357
2.70738314 0.8440
2.67733003 0.8256
2.65179551 0.7945
2.63317567 0.7731
2.62280087 0.7672
2.62706115 0.7703
2.64954500 0.7726
2.68390251 0.7786
2.71808132 0.7982
2.73590605 0.8260
2.73629915 0.8471
2.72939438 0.8540
2.71909449 0.8491
2.70474231 0.8343
2.68681130 0.8235
2.66733161 0.8132
2.65071358 0.7903
2.64982547 0.7634
2.65804968 0.7477
2.66789977 0.7566
2.67279858 0.7735
2.67674458 0.7871
2.68037367 0.7947
2.68494010 0.8034
2.68702208 0.8110
2.68950316 0.8116
2.69589830 0.8079
2.71188391 0.7957
2.73872911 0.7851
2.76176347 0.7749
2.77091235 0.7688
2.76342206 0.7635
2.74729708 0.7592
2.72883335 0.7472
2.70591422 0.7326
2.67560202 0.7132
2.63853428 0.6843
2.61147394 0.6486
2.59304555 0.6224
2.58000833 0.6247
2.56759900 0.6397
2.56067889 0.6520
2.56090806 0.6613
2.56624068 0.6694
2.57075362 0.6703
2.57008571 0.6637
2.56394755 0.6459
2.55455999 0.6157
2.54993557 0.5853
2.54400423 0.5692
2.52687738 0.5668
2.50228349 0.5716
2.49015564 0.5872
2.50169301 0.6223
2.52502948 0.6683
2.55200291 0.7154
2.57584009 0.7455
2.59277106 0.7538
2.60406311 0.7510
2.61432553 0.7398
2.61842558 0.7139
2.60343962 0.6730
2.57362990 0.6406
2.55057187 0.6355
2.54682225 0.6599
2.55321008 0.6927
2.57055588 0.7204
2.58696137 0.7244
2.60239766 0.7199
2.60285332 0.7232
2.59527364 0.7312
2.58715599 0.7210
2.57784620 0.6889
2.57393278 0.6566
2.56638944 0.6345
2.57159001 0.6433
2.58622035 0.6724
2.60807878 0.6921
2.63104374 0.7016
2.64644322 0.7158
2.64633935 0.7430
2.63792445 0.7717
2.62137880 0.7711
2.59648154 0.7428
2.56634531 0.7060
2.54521835 0.6905
2.53547166 0.6928
2.53941562 0.7055
2.55252332 0.7144
2.57554478 0.7235
2.60160806 0.7432
2.62680803 0.7755
2.64557593 0.8105
2.66078111 0.8376
2.66376349 0.8505
2.66052763 0.8480
2.65576066 0.8413
2.65373896 0.8291
2.65300755 0.8093
2.64822149 0.7839
2.64228852 0.7704
2.63237995 0.7725
2.62253446 0.7843
2.61816369 0.7975
2.62349128 0.8106
2.63129155 0.8248
2.64147535 0.8367
2.65390979 0.8389
2.66824819 0.8194
2.67976978 0.7884
2.68490182 0.7658
2.67742519 0.7578
2.66846614 0.7625
2.66682617 0.7753
2.68179930 0.7986
2.69992008 0.8235
2.71123463 0.8463
2.71510113 0.8616
2.71457632 0.8583
2.71612998 0.8387
2.71955509 0.8204
2.71657353 0.8115
2.70617458 0.8096
2.69507050 0.8040
2.69341351 0.7945
2.70070223 0.7950
2.71032518 0.8077
2.71386342 0.8214
2.71954671 0.8207
2.73566077 0.8088
2.75791582 0.7957
2.77403021 0.7908
2.76979752 0.7871
2.75361773 0.7809
2.74436381 0.7693
2.74273145 0.7597
2.74822368 0.7550
2.75263436 0.7535
2.75538703 0.7531
2.76134369 0.7513
2.76814269 0.7480
2.76848030 0.7425
2.75474099 0.7372
2.74033313 0.7314
2.73818277 0.7242
2.74588162 0.7200
2.76285844 0.7401
2.78040068 0.7708
2.79212701 0.7962
2.79956777 0.8122
2.80317580 0.8191
2.80153048 0.8211
2.78780371 0.8178
2.75568500 0.8094
2.72071939 0.7906
2.69943827 0.7658
2.70165913 0.7464
2.72083343 0.7526
2.74450263 0.7847
2.76405862 0.8256
2.78577675 0.8653
2.80222797 0.8873
2.81072796 0.8951
2.80423129 0.8932
2.78208368 0.8868
2.75436408 0.8782
2.73025688 0.8645
2.71695378 0.8468
2.70067737 0.8351
2.68940509 0.8426
2.68852541 0.8651
2.70444941 0.8881
2.73294287 0.8989
2.75515693 0.8912
2.75972410 0.8707
2.74940828 0.8480
2.73608711 0.8297
2.72339319 0.8270
2.70705367 0.8259
2.68904546 0.8253
2.67411801 0.8353
2.67041206 0.8546
2.68782417 0.8779
2.71646067 0.8929
2.73808330 0.8942
2.74193302 0.8907
2.73920675 0.8873
2.74050244 0.8879
2.74139729 0.8951
2.73943211 0.9038
2.72694649 0.9133
2.70470448 0.9207
2.68966305 0.9293
2.69030833 0.9324
2.70380555 0.9292
2.71461651 0.9227
2.71554329 0.9167
2.71392066 0.9103
2.71404191 0.9039
2.71624052 0.8997
2.71311000 0.9076
2.70388283 0.9331
2.69297227 0.9631
2.68792185 0.9740
2.68970565 0.9576
2.69751117 0.9295
2.70146329 0.9138
2.69952453 0.9150
2.69666601 0.9242
2.69802502 0.9272
2.70222380 0.9248
2.70409804 0.9333
2.70200423 0.9529
2.69934802 0.9703
2.70210666 0.9638
2.70931710 0.9244
2.71763690 0.8743
2.72667569 0.8376
2.72932142 0.8268
2.72398602 0.8408
2.72006210 0.8609
2.72129124 0.8866
2.71834875 0.9198
2.71234646 0.9597
2.71577204 0.9859
2.73509500 0.9829
2.75888579 0.9483
2.77087730 0.9118
2.76587033 0.8867
2.75310652 0.8681
2.74059388 0.8648
2.73398229 0.8797
2.73341678 0.9060
2.72782309 0.9340
2.71203273 0.9502
2.69816778 0.9461
2.70026917 0.9259
2.71483221 0.9004
2.73204598 0.8877
2.74371001 0.8870
2.75335336 0.8901
2.76069559 0.8963
2.76519551 0.9031
2.76478773 0.9161
2.75844517 0.9370
2.74295348 0.9533
2.72346389 0.9547
2.70266232 0.9377
2.68320372 0.9195
2.66309710 0.9094
2.64475993 0.9139
2.63473978 0.9282
2.63223971 0.9467
2.63774534 0.9550
2.64736728 0.9516
2.66055202 0.9488
2.67964359 0.9439
2.69659295 0.9292
2.70180029 0.9128
2.69450255 0.9059
2.67269749 0.9066
2.64562015 0.9093
2.62830007 0.9195
2.62616730 0.9358
2.63700213 0.9560
2.64987721 0.9743
2.66259041 0.9856
2.67423116 0.9792
2.68662955 0.9564
2.69953244 0.9363
2.70506602 0.9252
2.69774869 0.9213
2.68394105 0.9210
2.67203158 0.9230
2.66779343 0.9251
2.67785880 0.9235
2.69836245 0.9169
2.72279968 0.9006
2.75017785 0.8742
2.77178142 0.8423
2.78022795 0.8127
2.76952059 0.8025
2.74342820 0.8058
2.71211240 0.8205
2.68548626 0.8398
2.67016385 0.8536
2.67112303 0.8565
2.68548311 0.8567
2.71011953 0.8615
2.74306667 0.8678
2.78058865 0.8724
2.81357379 0.8717
2.82729976 0.8767
2.81732429 0.8824
2.79309074 0.8744
2.76024060 0.8422
2.72526351 0.7975
2.69692001 0.7629
2.68106630 0.7532
2.68235867 0.7683
2.69018139 0.7867
2.70238946 0.8010
2.71439279 0.8102
2.72006580 0.8226
2.72552294 0.8396
2.73208641 0.8411
2.73369105 0.8115
2.73186369 0.7650
2.72985304 0.7292
2.73021045 0.7195
2.73399046 0.7347
2.73248257 0.7554
2.73584817 0.7786
2.74395245 0.8037
2.74569037 0.8269
2.74047870 0.8421
2.72751105 0.8342
2.71562573 0.8091
2.71115675 0.7868
2.70860982 0.7776
2.70993002 0.7825
2.71247110 0.7901
2.71716723 0.7924
2.72271649 0.7893
2.73268029 0.7866
2.74224926 0.7918
2.75024361 0.8017
2.75396130 0.8104
2.75041861 0.8186
2.73274671 0.8219
2.70264537 0.8196
2.66626145 0.8086
2.63796764 0.7907
2.62998188 0.7735
2.63939060 0.7597
2.65747555 0.7489
2.68241177 0.7448
2.71395169 0.7428
2.74368209 0.7508
2.75718874 0.7716
2.74859555 0.8041
2.71494578 0.8246
2.67500994 0.8122
2.64376290 0.7723
2.62576933 0.7329
2.62670161 0.7173
2.64317296 0.7192
2.67801653 0.7322
2.72266877 0.7419
2.75996052 0.7535
2.77318563 0.7821
2.75326901 0.8230
2.71169895 0.8454
2.67497226 0.8265
2.65074892 0.7849
2.63403026 0.7537
2.62348769 0.7428
2.63246440 0.7570
2.65926446 0.7751
2.69467265 0.7841
2.72520652 0.7935
2.74953963 0.8147
2.75532464 0.8383
2.74207250 0.8423
2.72277785 0.8274
2.70006589 0.8054
2.67531155 0.7896
2.65283831 0.7840
2.63988016 0.7789
2.64484515 0.7723
2.65943019 0.7768
2.67844974 0.7975
2.70180727 0.8250
2.72530604 0.8333
2.74408448 0.8163
2.74904255 0.7856
2.73387072 0.7560
2.70998333 0.7306
2.68959198 0.7126
2.67652700 0.7063
2.67209096 0.7192
2.67047153 0.7503
2.67233956 0.7882
2.67493029 0.8100
2.67827852 0.8061
2.67730991 0.7845
2.66550004 0.7621
2.64333324 0.7495
2.62167321 0.7404
2.61376499 0.7348
2.61323314 0.7381
2.62609177 0.7570
2.64880021 0.7829
2.67459655 0.7993
2.69265151 0.7972
2.69709255 0.7802
2.69187248 0.7611
2.68488647 0.7514
2.67577953 0.7497
2.66385224 0.7502
2.64498019 0.7479
2.62273782 0.7514
2.60908557 0.7646
2.60758487 0.7805
2.62436555 0.7935
2.65093665 0.8021
2.68518237 0.8077
2.71738187 0.8082
2.73973568 0.8059
2.74992681 0.8013
2.73595032 0.7938
2.70242548 0.7941
2.65974013 0.8016
2.62954924 0.8121
2.62207251 0.8170
2.63951054 0.8136
2.67878742 0.8124
2.72452765 0.8156
2.77217161 0.8184
2.81139511 0.8056
2.82461781 0.7837
2.80283862 0.7680
2.75896529 0.7741
2.71619619 0.7966
2.68625180 0.8178
2.67322261 0.8236
2.66717731 0.8152
2.67582748 0.8061
2.70268215 0.8111
2.74419614 0.8248
2.78397806 0.8256
2.79289214 0.7952
2.76466732 0.7505
2.72186880 0.7170
2.68869983 0.7118
2.67180279 0.7229
2.66161367 0.7372
2.64956653 0.7465
2.64532994 0.7480
2.65366087 0.7465
2.67127594 0.7406
2.68630371 0.7263
2.68825113 0.7054
2.68587311 0.6895
2.69233593 0.6920
2.71030466 0.7099
2.72909480 0.7427
2.73869808 0.7819
2.73441018 0.8109
2.73050879 0.8295
2.72749787 0.8428
2.72470841 0.8564
2.71234351 0.8660
2.69091897 0.8641
2.67370428 0.8398
2.67466442 0.7982
2.69418132 0.7646
2.71751829 0.7496
2.73466647 0.7605
2.74676194 0.7819
2.76331262 0.7993
2.78107332 0.8082
2.78514493 0.8146
2.77247470 0.8212
2.74970325 0.8271
2.73622018 0.8212
2.73296102 0.8035
2.73070687 0.7809
2.71877689 0.7661
2.70017451 0.7602
2.68475549 0.7602
2.67378464 0.7502
2.65934273 0.7243
2.63156647 0.6952
2.59563001 0.6898
2.56798542 0.6983
2.56399390 0.7026
2.58486988 0.6905
2.62174268 0.6682
2.66697736 0.6509
2.71383218 0.6505
2.75157156 0.6632
2.76869996 0.6738
2.76173856 0.6740
2.74001950 0.6799
2.72367465 0.7042
2.72499277 0.7390
2.74580502 0.7668
2.77391094 0.7830
2.79812085 0.7802
2.81555961 0.7665
2.82414170 0.7553
2.81771325 0.7442
2.79084944 0.7214
2.74608761 0.6961
2.70224581 0.6787
2.67291352 0.6901
2.66996419 0.7135
2.69198681 0.7318
2.72514015 0.7376
2.76198624 0.7399
2.78967154 0.7560
2.80197196 0.7665
2.79969460 0.7646
2.77560835 0.7455
2.73640275 0.7160
2.70357917 0.6963
2.69132610 0.7045
2.69799479 0.7321
2.70642504 0.7596
2.70502122 0.7701
2.70218976 0.7703
2.69822964 0.7662
2.69350670 0.7583
2.68758136 0.7392
2.67855305 0.7069
2.66716355 0.6843
2.66210717 0.6909
2.66440218 0.7147
2.66723133 0.7401
2.66721909 0.7584
2.67247222 0.7726
2.68198683 0.7853
2.68785197 0.7852
2.68352255 0.7653
2.67382964 0.7337
2.66188669 0.6997
2.65709861 0.6811
2.65927908 0.6899
2.66097898 0.7184
2.65885715 0.7466
2.66553343 0.7633
2.68444557 0.7723
2.70173449 0.7773
2.69901931 0.7740
2.67825828 0.7617
2.65443349 0.7467
2.64386864 0.7349
2.64411900 0.7350
2.64607754 0.7521
2.63826300 0.7752
2.63091075 0.7918
2.63755178 0.7975
2.65236778 0.7898
2.66403404 0.7774
2.66533255 0.7630
2.66882050 0.7538
2.68132386 0.7515
2.70188611 0.7521
2.71590601 0.7482
2.71013356 0.7474
2.69892040 0.7544
2.69473150 0.7583
2.69898140 0.7488
2.70004314 0.7260
2.69874645 0.6999
2.69546863 0.6843
2.69128122 0.6841
2.69323438 0.6830
2.70522810 0.6642
2.71555353 0.6316
2.70413549 0.6476
2.68008550 0.7160
2.66806664 0.7587
2.65840627 0.7670
2.64927682 0.7631
2.64638707 0.7636
2.66067644 0.7785
2.69234701 0.8064
2.72985582 0.8336
2.75894593 0.8512
2.76845086 0.8562
2.75670733 0.8548
2.72816844 0.8423
2.69359877 0.8152
2.66041173 0.7592
2.63283709 0.6928
2.60952917 0.6752
2.59624094 0.7117
2.59925412 0.7454
2.62004618 0.7779
2.64556238 0.8127
2.66771177 0.8443
2.68919517 0.8632
2.70239795 0.8711
2.70274399 0.8713
2.69433803 0.8660
2.68529473 0.8609
2.68046741 0.8594
2.67998874 0.8651
2.67990598 0.8701
2.68250971 0.8786
2.68406207 0.8912
2.68962210 0.9004
2.69421059 0.8969
2.69061535 0.8732
2.67259864 0.8381
2.64836101 0.8050
2.62807378 0.7878
2.61956842 0.7860
2.62412127 0.7973
2.63660732 0.8147
2.65374426 0.8388
2.67499945 0.8637
2.69281134 0.8873
2.71202835 0.8983
2.72032523 0.9031
2.71724777 0.9045
2.70026297 0.9025
2.67541796 0.9008
2.65067177 0.8912
2.62923196 0.8705
2.61686503 0.8520
2.62187926 0.8492
2.64989764 0.8672
2.68935794 0.8826
2.72353300 0.8839
2.74227475 0.8839
2.74928596 0.8891
2.74411786 0.9053
2.73607979 0.9238
2.72597930 0.9266
2.71747228 0.9131
2.71048229 0.8970
2.71412328 0.8945
2.73612515 0.9077
2.76471594 0.9119
2.79462214 0.9032
2.80957455 0.8919
2.80929346 0.8899
2.80228253 0.8997
2.78565399 0.9043
2.75704416 0.8850
2.72350562 0.8535
2.69954661 0.8355
2.68916069 0.8335
2.69522316 0.8410
2.71845524 0.8537
2.74837430 0.8575
2.77287770 0.8400
2.78388017 0.8125
2.78898752 0.8032
2.79616466 0.8194
2.78975728 0.8449
2.76557577 0.8620
2.72917187 0.8629
2.69596015 0.8503
2.68192314 0.8404
2.68652185 0.8450
2.69692925 0.8623
2.70865545 0.8843
2.72115221 0.9090
2.73308864 0.9312
2.74410445 0.9427
2.74986898 0.9477
2.74378355 0.9509
2.72587910 0.9557
2.70164771 0.9553
2.68917993 0.9505
2.69474026 0.9395
2.70656064 0.9227
2.71950438 0.9020
2.72936176 0.8905
2.74082175 0.8921
2.74959330 0.9119
2.75380636 0.9400
2.74586164 0.9648
2.73231563 0.9778
2.71247748 0.9737
2.69328778 0.9584
2.67803693 0.9276
2.66767777 0.8890
2.66898128 0.8671
2.67625701 0.8682
2.69239409 0.8819
2.71570194 0.9027
2.73457988 0.9174
2.74763473 0.9305
2.75332327 0.9442
2.75522907 0.9641
2.74940367 0.9717
2.73140723 0.9463
2.70697978 0.9055
2.68175220 0.8749
2.66390888 0.8744
2.66296175 0.9027
2.67195921 0.9396
2.68401154 0.9754
2.69843525 1.0092
2.71653013 1.0318
2.73721659 1.0416
2.75801209 1.0309
2.77040837 1.0047
2.76765632 0.9729
2.75589456 0.9438
2.75243677 0.9352
2.76169830 0.9535
2.77482597 0.9838
2.78339030 1.0167
2.78044531 1.0434
2.76749855 1.0562
2.75047816 1.0473
2.73209589 1.0172
2.71353646 0.9745
2.69375391 0.9355
2.68172701 0.9071
2.68498854 0.8972
2.69312701 0.8928
2.69820351 0.9257
2.70745600 0.9433
2.71990156 0.9536
2.73001713 0.9614
2.73744699 0.9704
2.74280944 0.9788
2.74039080 0.9889
2.72906581 0.9992
2.72030084 1.0111
2.71791344 1.0292
2.71980371 1.0464
2.72343764 1.0559
2.73292468 1.0520
2.75144203 1.0348
2.77069942 1.0029
2.78232534 0.9680
2.78182732 0.9389
2.76523971 0.9239
2.74693306 0.9257
2.73525590 0.9403
2.72842639 0.9627
2.72293695 0.9901
2.72397710 1.0152
2.72988243 1.0312
2.73783900 1.0354
2.74562063 1.0269
2.74814892 1.0086
2.73943668 0.9813
2.72656361 0.9519
2.71625348 0.9362
2.70762496 0.9323
2.70111524 0.9382
2.69821514 0.9456
2.69907408 0.9500
2.70389165 0.9535
2.70574317 0.9570
2.70787601 0.9640
2.70333814 0.9685
2.69338374 0.9600
2.68368018 0.9485
2.67975231 0.9409
2.68832990 0.9438
2.70393138 0.9520
2.72593087 0.9552
2.74922642 0.9507
2.76505270 0.9526
2.76938112 0.9608
2.76610354 0.9743
2.76544049 0.9871
2.76580696 0.9915
2.76557119 0.9963
2.76447263 1.0063
2.75936733 1.0162
2.74602596 1.0099
2.73064510 0.9896
2.71414926 0.9635
2.70086752 0.9515
2.69259016 0.9514
2.68677743 0.9545
2.68877142 0.9571
2.70032811 0.9647
2.71488531 0.9803
2.72085354 1.0040
2.72262136 1.0246
2.72781736 1.0266
2.73569116 1.0101
2.74092144 0.9906
2.73833740 0.9786
2.72654451 0.9721
2.71137873 0.9631
2.70184325 0.9562
2.70240289 0.9677
2.70941608 0.9983
2.71557200 1.0254
2.72135118 1.0276
2.72821359 0.9988
2.73637416 0.9697
2.74222355 0.9622
2.73735415 0.9627
2.72562752 0.9519
2.71848262 0.9363
2.71939730 0.9327
2.72020022 0.9479
2.71927460 0.9738
2.72310716 0.9915
2.73274323 0.9826
2.74461707 0.9568
2.75114604 0.9413
2.74616590 0.9477
2.73145929 0.9743
2.71588204 0.9935
2.70639380 0.9975
2.70839878 0.9990
2.71631878 1.0148
2.72599102 1.0426
2.73643217 1.0643
2.74079059 1.0571
2.73394038 1.0239
2.71979473 1.0019
2.70124792 0.9968
2.68370280 0.9999
2.66706411 0.9992
2.65274169 0.9967
2.64285980 0.9998
2.63963627 1.0079
2.64725231 1.0196
2.66714619 1.0309
2.68937717 1.0328
2.70178054 1.0235
2.70692678 1.0106
2.71131806 1.0021
2.71593098 0.9998
2.71566048 1.0035
2.70756087 1.0133
2.69245731 1.0218
2.68007670 1.0256
2.68215445 1.0225
2.69331754 1.0170
2.70976250 1.0152
2.72087738 1.0208
2.72179321 1.0216
2.71564145 1.0089
2.70676916 0.9830
2.69979464 0.9629
2.69381808 0.9561
2.68988186 0.9594
2.69400388 0.9626
2.70701724 0.9644
2.73031116 0.9764
2.75564810 1.0017
2.77212037 1.0293
2.77845849 1.0446
2.77836333 1.0384
2.77112757 1.0182
2.75858919 1.0004
2.73984842 0.9854
2.72504107 0.9668
2.71151623 0.9369
2.70210787 0.9047
2.69803780 0.8938
2.70001704 0.9017
2.70840347 0.9221
2.71578892 0.9351
2.72665848 0.9363
2.73673886 0.9313
2.74608777 0.9333
2.75392562 0.9365
2.76326122 0.9344
2.77076459 0.9166
2.77476960 0.8947
2.77488396 0.8852
2.77462192 0.8908
2.77744915 0.8992
2.77497976 0.8983
2.77136368 0.8928
2.76973790 0.9014
2.77405068 0.9236
2.77879504 0.9405
2.77498108 0.9330
2.76195920 0.9075
2.74212530 0.8811
2.72133943 0.8588
2.69999249 0.8414
2.67431824 0.8241
2.64836523 0.8077
2.62639545 0.7950
2.62569041 0.8095
2.65367307 0.8509
2.69187321 0.8966
2.72298665 0.9226
2.73534016 0.9252
2.73297728 0.9111
2.71517976 0.8821
2.69018636 0.8521
2.66083225 0.8375
2.63177181 0.8416
2.61608255 0.8533
2.61659976 0.8603
2.62906850 0.8686
2.65443726 0.8851
2.68401007 0.9056
2.70908330 0.9198
2.72865246 0.9122
2.73616388 0.8903
2.72392196 0.8766
2.69711301 0.8854
2.67150725 0.9027
2.66189695 0.9081
2.66646016 0.9021
2.67528533 0.8931
2.68778571 0.9039
2.69715626 0.9280
2.70147194 0.9416
2.70107840 0.9254
2.69784720 0.8929
2.68768902 0.8696
2.66577269 0.8637
2.64138556 0.8647
2.62786547 0.8659
2.62100105 0.8636
2.62129229 0.8689
2.62582741 0.8839
2.63905884 0.9019
2.65823939 0.9071
2.67057675 0.8828
2.67759216 0.8430
2.68187951 0.8112
2.68193013 0.8101
2.67850545 0.8333
2.67584137 0.8558
2.67404487 0.8760
2.67078722 0.9009
2.66896246 0.9269
2.67035636 0.9408
2.67704513 0.9316
2.68971472 0.9069
2.69859719 0.8829
2.70507788 0.8730
2.71153060 0.8712
2.71586867 0.8588
2.71643214 0.8333
2.71470858 0.8191
2.71665058 0.8240
2.72336303 0.8422
2.73294031 0.8430
2.74170617 0.8296
2.75034712 0.8121
2.75116639 0.8055
2.74160409 0.8157
2.73223352 0.8255
2.73174009 0.8181
2.73632089 0.7959
2.74220766 0.7709
2.74999418 0.7377
2.75652830 0.3703
2.75908501 0.2579
2.74629020 0.5912
2.74855774 0.7046
2.75970349 0.7537
2.76557371 0.7989
2.77128347 0.8250
2.77789950 0.8291
2.77524025 0.8221
2.76165883 0.8133
2.73851874 0.7968
2.70855801 0.7695
2.67700498 0.7404
2.65780326 0.7266
2.65627743 0.7571
2.66491464 0.8253
2.68520648 0.8887
2.71991328 0.9265
2.76088694 0.9374
2.79467309 0.9401
2.81227670 0.9414
2.80977115 0.9286
2.78983926 0.8897
2.74891509 0.8323
2.69887641 0.7814
2.65520004 0.7593
2.63492314 0.7599
2.64278608 0.7751
2.66846208 0.7923
2.69685190 0.8041
2.72185426 0.8160
2.74103606 0.8283
2.75213773 0.8241
2.75079672 0.8033
2.73868108 0.7849
2.71781105 0.7747
2.69068253 0.7702
2.66790131 0.7706
2.65730157 0.7713
2.65634823 0.7731
2.66033727 0.7794
2.66395229 0.7878
2.66723010 0.7929
2.66948572 0.7904
2.66798792 0.7851
2.66177141 0.7821
2.65338757 0.7830
2.64790294 0.7874
2.65096914 0.7925
2.65907413 0.7919
2.67578849 0.7871
2.69410497 0.7816
2.70248071 0.7742
2.71025817 0.7686
2.71795253 0.7758
2.72227916 0.8000
2.71568636 0.8287
2.69542857 0.8456
2.66606699 0.8459
2.63886075 0.8335
2.62281649 0.8131
2.62103298 0.7910
2.63891218 0.7835
2.66861948 0.7903
2.69508322 0.7991
2.71266762 0.7983
2.72067835 0.7993
2.72839314 0.8056
2.73243478 0.8101
2.72975843 0.8045
2.71833418 0.7892
2.70643711 0.7754
2.70142363 0.7669
2.70542009 0.7685
2.70459888 0.7643
2.69520127 0.7563
2.68787046 0.7481
2.68774081 0.7398
2.68692349 0.7381
2.67877618 0.7325
2.66589048 0.7191
2.65602413 0.7019
2.65632725 0.6881
2.66639319 0.6877
2.68375076 0.7073
2.70173082 0.7311
2.71739861 0.7530
2.72666035 0.7696
2.73313206 0.7837
2.74051071 0.7931
2.74526327 0.7918
2.74837719 0.7873
2.75351770 0.7865
2.76304269 0.7896
2.76902482 0.7895
2.77182809 0.7941
2.77481587 0.8093
2.77207878 0.8347
2.75670842 0.8547
2.73100794 0.8596
2.70680114 0.8454
2.69273610 0.8241
2.68063083 0.7957
2.66603625 0.7661
2.65035715 0.7313
2.63799196 0.6965
2.62981133 0.6736
2.62309425 0.6746
2.61704597 0.6951
2.60915022 0.7286
2.60121655 0.7487
2.59822272 0.7493
2.60173568 0.7379
2.60846210 0.7248
2.61629132 0.7181
2.62070496 0.7162
2.62905109 0.7213
2.65060903 0.7387
2.67949464 0.7598
2.70457784 0.7791
2.71733897 0.7920
2.71936508 0.7966
2.71652441 0.7932
2.71543991 0.7898
2.71797132 0.7918
2.71584974 0.7928
2.70998839 0.7926
2.70620293 0.8012
2.70869067 0.8329
2.71237152 0.8655
2.71044042 0.8863
2.70525251 0.8978
2.70975170 0.9043
2.73111424 0.9110
2.75719118 0.9096
2.77638623 0.9001
2.78037498 0.8855
2.77288180 0.8738
2.76214205 0.8706
2.75472690 0.8765
2.74502560 0.8798
2.72759032 0.8741
2.70933400 0.8601
2.69976881 0.8351
2.69950420 0.8052
2.69525010 0.7805
2.67920302 0.7646
2.65923653 0.7454
2.64815190 0.7327
2.64363050 0.7365
2.64436625 0.7682
2.64443938 0.7952
2.64285656 0.8121
2.64337208 0.8317
2.65689201 0.8521
2.68629337 0.8711
2.71922344 0.8843
2.74399089 0.8972
2.75537355 0.9051
2.75794633 0.9059
2.75862229 0.9049
2.75506646 0.9001
2.74369406 0.8969
2.72690106 0.8922
2.71679355 0.8867
2.73109925 0.8820
2.75577586 0.8805
2.77837216 0.8902
2.78626711 0.9053
2.78209676 0.9081
2.76698956 0.9066
2.74397613 0.9061
2.71633556 0.9053
2.68466156 0.9017
2.66006105 0.8942
2.65708763 0.8800
2.67681961 0.8653
2.69786766 0.8625
2.71165258 0.8779
2.71683251 0.9013
2.72237835 0.9137
2.72648284 0.9099
2.72891457 0.8988
2.72454177 0.8848
2.71086096 0.8678
2.70043580 0.8436
2.70104478 0.8187
2.71116713 0.8003
2.72122450 0.7996
2.72503403 0.8150
2.72574034 0.8370
2.72924211 0.8552
2.73682216 0.8728
2.73586046 0.8924
2.72474399 0.9077
2.71273267 0.9168
2.70650451 0.9216
2.71271899 0.9295
2.72473002 0.9346
2.73849974 0.9414
2.74604661 0.9508
2.74898658 0.9647
2.75305865 0.9725
2.75621425 0.9732
2.75540072 0.9660
2.74847020 0.9523
2.74209407 0.9418
2.74089964 0.9346
2.74667436 0.9293
2.75157879 0.9266
2.74996445 0.9249
2.74316697 0.9315
2.73306694 0.9378
2.73120861 0.9375
2.73609332 0.9264
2.73976892 0.9040
2.74607541 0.9003
2.75440145 0.9222
2.76850666 0.9531
2.78745273 0.9756
2.80238028 0.9846
2.80087223 0.9816
2.78926048 0.9823
2.77569947 0.9808
2.76872729 0.9675
2.76890654 0.9424
2.77647739 0.9171
2.78235338 0.8990
2.78279654 0.8909
2.78387353 0.9007
2.78835295 0.9188
2.79486279 0.9333
2.79776089 0.9458
2.78855719 0.9555
2.77265814 0.9524
2.75150956 0.9216
2.73198205 0.8779
2.72511990 0.8748
2.72873538 0.8927
2.73385887 0.9041
2.73050204 0.8764
2.72410834 0.8054
2.71802685 0.7298
2.71134428 0.6692
2.70871098 0.6389
2.70695215 0.6321
2.71615103 0.6751
2.73787364 0.7735
2.75858141 0.8690
2.76766618 0.8919
2.76925168 0.8752
2.76088286 0.8700
2.74549864 0.8900
2.73198972 0.9127
2.71842606 0.9272
2.71294135 0.9383
2.71651796 0.9503
2.72908800 0.9608
2.75121485 0.9742
2.76904203 0.9815
2.77951739 0.9793
2.78217646 0.9663
2.77818006 0.9553
2.77141922 0.9536
2.75885313 0.9519
2.74430001 0.9419
2.72815835 0.9317
2.71335025 0.9261
2.70374642 0.9279
2.69975944 0.9317
2.70510537 0.9361
2.72176699 0.9317
2.74680208 0.9235
2.77069157 0.9180
2.78699642 0.9194
2.79117719 0.9170
2.78395838 0.9107
2.76410345 0.9055
2.73623824 0.9145
2.70687171 0.9312
2.68201639 0.9449
2.66644414 0.9485
2.66738321 0.9488
2.68356128 0.9551
2.70707902 0.9658
2.72645759 0.9654
2.73510678 0.9545
2.73214537 0.9484
2.71882791 0.9522
2.70016268 0.9645
2.68208361 0.9698
2.67288794 0.9605
2.66881753 0.9300
2.67361166 0.9012
2.69396912 0.8932
2.73068446 0.9031
2.77030025 0.9170
2.79639798 0.9207
2.80328114 0.9215
2.78907641 0.9359
2.75981483 0.9629
2.72343477 0.9888
2.68765095 0.9904
2.65663937 0.9646
2.63734065 0.9394
2.63837879 0.9298
2.65921348 0.9314
2.68500544 0.9257
2.70562161 0.9071
2.72022845 0.8860
2.71503865 0.8711
2.69355528 0.8809
2.66629997 0.9080
2.64481951 0.9446
2.63385144 0.9693
2.62799434 0.9730
2.62586720 0.9693
2.62785806 0.9656
2.63086100 0.9568
2.63831782 0.9543
2.65236003 0.9580
2.67109010 0.9643
2.68361170 0.9725
2.68386150 0.9843
2.68166540 0.9961
2.68360127 1.0036
2.68671558 0.9993
2.68440835 0.9866
2.67270085 0.9683
2.65851116 0.9545
2.64694420 0.9438
2.64413259 0.9345
2.65030419 0.9270
2.65478032 0.9218
2.65301017 0.9246
2.64879575 0.9258
2.65099086 0.9226
2.66247961 0.9140
2.67646608 0.9077
2.69168761 0.9127
2.70375771 0.9288
2.71337577 0.9492
2.72566308 0.9636
2.74194313 0.9759
2.75068980 0.9808
2.74960329 0.9816
2.74458139 0.9730
2.74136870 0.9479
2.74015970 0.9142
2.73616819 0.8913
2.72866636 0.8911
2.71725066 0.8971
2.71021512 0.9078
2.71505179 0.9155
2.72910831 0.9263
2.74140511 0.9363
2.75112977 0.9427
2.75923843 0.9397
2.77052357 0.9242
2.77653000 0.9003
2.76948510 0.8782
2.75089740 0.8727
2.72960878 0.8825
2.71159273 0.8960
2.70210961 0.9035
2.70403079 0.9054
2.70773541 0.9063
2.71275025 0.9047
2.72265952 0.9033
2.73234574 0.9008
2.73705599 0.9035
2.73187284 0.9070
2.71958969 0.9071
2.70693152 0.8950
2.69975630 0.8757
2.69632807 0.8673
2.69238411 0.8776
2.68519952 0.8911
2.68318699 0.8916
2.69286478 0.8840
2.70871495 0.8809
2.71936470 0.8964
2.72265915 0.9348
2.71960957 0.9679
2.71263292 0.9670
2.70236997 0.9280
2.68964229 0.8859
2.67462556 0.8692
2.66034564 0.8722
2.65098453 0.8715
2.64949904 0.8549
2.64097428 0.8281
2.62101444 0.8064
2.59934937 0.7905
2.58784502 0.7846
2.59388044 0.7873
2.61690732 0.7973
2.64932361 0.8135
2.67826813 0.8284
2.69654508 0.8424
2.69868378 0.8524
2.69213139 0.8601
2.68931608 0.8675
2.69640332 0.8822
2.70681539 0.9071
2.71097934 0.9238
2.70780063 0.9092
2.69546840 0.8690
2.67922579 0.8375
2.66852148 0.8335
2.67282207 0.8537
2.67218343 0.8680
2.65807116 0.8514
2.64444731 0.8112
2.64338608 0.7818
2.65234532 0.7841
2.66494539 0.8134
2.67300572 0.8319
2.67223570 0.8214
2.66913705 0.8050
2.67530765 0.8049
2.68984778 0.8293
2.69678618 0.8571
2.68493968 0.8563
2.65878557 0.8177
2.63790865 0.7718
2.62981480 0.7543
2.63263620 0.7640
2.63378707 0.7827
2.62791890 0.7964
2.62994690 0.8161
2.64654039 0.8451
2.67094303 0.8764
2.68804725 0.8963
2.69196321 0.8938
2.69143930 0.8780
2.69532778 0.8629
2.70883942 0.8582
2.72325334 0.8595
2.73276672 0.8655
2.73194717 0.8702
2.72767670 0.8779
2.71710194 0.8815
2.69601161 0.8857
2.66645088 0.8828
2.63819979 0.8742
2.61844174 0.8658
2.61105363 0.8598
2.61219651 0.8516
2.61197757 0.8370
2.61254286 0.8151
2.61482841 0.7889
2.62165260 0.7672
2.63050374 0.7581
2.64143846 0.7624
2.65381483 0.7767
2.67127792 0.8022
2.68772383 0.8330
2.69817256 0.8626
2.69974797 0.8795
2.69602521 0.8804
2.68772052 0.8687
2.68025786 0.8535
2.67158452 0.8435
2.66695015 0.8418
2.67406250 0.8458
2.69664873 0.8571
2.72728123 0.8773
2.75279601 0.9049
2.76805410 0.9265
2.76966195 0.9273
2.75701736 0.9042
2.73409449 0.8684
2.70533386 0.8381
2.68321147 0.8202
2.67878756 0.8168
2.68802796 0.8203
2.70315347 0.8297
2.71300911 0.8517
2.71655628 0.8853
2.71960312 0.9038
2.71975747 0.8938
2.71533570 0.8675
2.70154661 0.8411
2.68269746 0.8221
2.66874920 0.8072
2.67113645 0.7921
2.68551487 0.7782
2.70175990 0.7794
2.71160454 0.8060
2.71910360 0.8497
2.72219504 0.8796
2.71883850 0.8807
2.70234728 0.8651
2.68423959 0.8536
2.67627488 0.8463
2.68655070 0.8370
2.71288537 0.8260
2.73377324 0.8209
2.73624260 0.8149
2.72464857 0.8239
2.71836550 0.8469
2.72228386 0.8700
2.72520615 0.8789
2.72447045 0.8764
2.72655474 0.8682
2.73290853 0.8574
2.74212091 0.8497
2.73857710 0.8503
2.72105903 0.8613
2.69223150 0.8669
2.66695129 0.8715
2.65386423 0.8825
2.65029600 0.8975
2.65388308 0.9168
2.66131130 0.9328
2.67739448 0.9396
2.69786227 0.9319
2.71107477 0.9206
2.71262964 0.9254
2.70060543 0.9395
2.68232728 0.9402
2.66741819 0.9205
2.65303202 0.8937
2.64329547 0.8692
2.63939414 0.8443
2.65037507 0.8206
2.67210165 0.8031
2.70099834 0.8087
2.72255652 0.8488
2.72016001 0.9057
2.69955806 0.9407
2.67248761 0.9234
2.65416084 0.8800
2.64531504 0.8532
2.64732033 0.8565
2.66753494 0.8749
2.70388243 0.8760
2.75223017 0.8634
2.79215458 0.8578
2.80192233 0.8891
2.78578417 0.9415
2.76205861 0.9756
2.74676324 0.9633
2.74314890 0.9308
2.74545849 0.9162
2.74471188 0.9239
2.74852383 0.9311
2.76320540 0.9225
2.78674201 0.9111
2.80280355 0.9108
2.80547816 0.9201
2.79297948 0.9366
2.77630952 0.9443
2.75751099 0.9410
2.74549378 0.9337
2.73398776 0.9309
2.72444819 0.9256
2.72263241 0.9126
2.72978943 0.8996
2.74734567 0.8962
2.76337425 0.8996
2.77551193 0.9056
2.78836782 0.9117
2.79817334 0.9126
2.80427504 0.9085
2.80196305 0.8998
2.78602126 0.8820
2.76594841 0.8555
2.74519273 0.8213
2.72326953 0.7852
2.70248009 0.7515
2.69213125 0.7211
2.69825420 0.6992
2.71944980 0.6916
2.74645187 0.7302
2.77187136 0.7923
2.78780420 0.8400
2.79126486 0.8623
2.78851069 0.8751
2.78664831 0.8863
2.78434859 0.8954
2.77856572 0.9009
2.77254447 0.9017
2.77028935 0.9005
2.76862725 0.9015
2.76719702 0.9044
2.76178460 0.9050
2.75456465 0.8967
2.74309697 0.8882
2.72636255 0.8849
2.70909900 0.8873
2.69527317 0.8834
2.68779589 0.8666
2.68991634 0.8443
2.69805570 0.8248
2.71185269 0.8235
2.72757501 0.8257
2.73641612 0.8211
2.73186629 0.8114
2.71338301 0.8099
2.68255300 0.8354
2.65338237 0.8544
2.64256161 0.8502
2.65378827 0.8429
2.67290834 0.8572
2.68411780 0.8838
2.68564991 0.8792
2.68216246 0.8341
2.67370088 0.7809
2.66364865 0.7667
2.65030494 0.7950
2.63720337 0.8395
2.63039454 0.8647
2.62946011 0.8533
2.62772112 0.8203
2.62177081 0.8004
2.62814407 0.8233
2.65105675 0.8548
2.68633166 0.8484
2.71700423 0.8106
2.72902723 0.7841
2.72327408 0.7969
2.71076601 0.8317
2.70690818 0.8553
2.71397213 0.8578
2.72363909 0.8487
2.72091685 0.8355
2.71158891 0.8212
2.70752795 0.7975
2.71209042 0.7660
2.71501795 0.7375
2.70433023 0.7265
2.68496924 0.7329
2.66987530 0.7368
2.67298738 0.7342
2.68149312 0.7314
2.68785680 0.7375
2.69579719 0.7503
2.71296320 0.7592
2.74247503 0.7665
2.77453910 0.7738
2.79935022 0.7842
2.81199221 0.8010
2.81203440 0.8139
2.80488458 0.8130
2.79840438 0.8042
2.79255322 0.7893
2.78030339 0.7647
2.76331835 0.7164
2.75111907 0.6465
2.74848278 0.5725
2.74264765 0.5343
2.72379843 0.5507
2.70954481 0.5815
2.70455895 0.6106
2.70731898 0.6437
2.71513921 0.6783
2.72903635 0.7121
2.73791002 0.7357
2.73780452 0.7473
2.73000573 0.7451
2.71973179 0.7397
2.71490949 0.7405
2.71786131 0.7515
2.72348309 0.7672
2.73152556 0.7891
2.73378096 0.8078
2.72736176 0.8189
2.71335812 0.8204
2.69554887 0.8090
2.67657717 0.7891
2.65895312 0.7654
2.64273921 0.7459
2.63718189 0.7342
2.64336814 0.7312
2.65993522 0.7360
2.67712040 0.7425
2.69053933 0.7508
2.69493667 0.7585
2.69572276 0.7653
2.69515142 0.7685
2.69377319 0.7668
2.68369619 0.7605
2.66133687 0.7442
2.63643470 0.7266
2.62086193 0.7239
2.61385876 0.7343
2.61379024 0.7483
2.61437259 0.7499
2.61318371 0.7338
2.60740434 0.7100
2.60911476 0.6995
2.61653494 0.7059
2.63013901 0.7191
2.64769611 0.7253
2.66303730 0.7156
2.67953464 0.7105
2.69705062 0.7252
2.70995998 0.7620
2.71321325 0.7983
2.71190545 0.8170
2.71497990 0.8179
2.72590261 0.8214
2.74055879 0.8347
2.75626309 0.8552
2.76873606 0.8721
2.76972706 0.8749
2.76017810 0.8690
2.74423428 0.8588
2.72397110 0.8398
2.70521031 0.8124
2.68310488 0.7760
2.66738611 0.7440
2.65910193 0.7134
2.65106823 0.6842
2.64958108 0.6647
2.66730722 0.6666
2.70634602 0.7046
2.74483409 0.7628
2.77088872 0.8051
2.78860621 0.8170
2.79744150 0.8027
2.79768164 0.7731
2.79057316 0.7448
2.78856116 0.7321
2.79409995 0.7319
2.80414224 0.7370
2.80330237 0.7385
2.78930470 0.7425
2.76600895 0.7459
2.73734845 0.7380
2.71402507 0.7157
2.70104771 0.6823
2.69323534 0.6578
2.68670603 0.6554
2.68788186 0.6651
2.70742095 0.6856
2.74225412 0.7164
2.78298825 0.7556
2.80937480 0.7963
2.82135247 0.8313
2.81968863 0.8466
2.80695584 0.8414
2.79145087 0.8332
2.77061392 0.8237
2.75280504 0.8106
2.74356439 0.7931
2.74861345 0.7764
2.75923754 0.7700
2.76097242 0.7815
2.75052961 0.7995
2.73355165 0.8075
2.71789810 0.7980
2.70198474 0.7770
2.68782533 0.7606
2.67562291 0.7638
2.66905936 0.7819
2.66739827 0.8007
2.67414661 0.8137
2.68905798 0.8249
2.70603958 0.8404
2.72080305 0.8568
2.73558660 0.8697
2.74849748 0.8724
2.76022896 0.8657
2.76220451 0.8536
2.73964362 0.8373
2.69928553 0.8173
2.66718544 0.8102
2.65683938 0.8154
2.66754875 0.8297
2.68105794 0.8433
2.68882192 0.8448
2.69357705 0.8338
2.69637642 0.8186
2.69904844 0.8082
2.69398038 0.8041
2.68612628 0.8115
2.68227442 0.8257
2.68810354 0.8420
2.70578263 0.8561
2.72300061 0.8692
2.72532529 0.8824
2.71173056 0.8833
2.69152274 0.8660
2.68088126 0.8427
2.67733397 0.8255
2.67876171 0.8313
2.67950288 0.8496
2.67593182 0.8619
2.66836368 0.8618
2.65779160 0.8483
2.65566411 0.8391
2.65836406 0.8321
2.65488834 0.8017
2.64706548 0.7349
2.64557908 0.6589
2.65358665 0.6227
2.67226953 0.6399
2.69950314 0.6937
2.72808139 0.7600
2.74427269 0.8138
2.73966349 0.8359
2.72672033 0.8357
2.72675727 0.8375
2.73975846 0.8482
2.75088924 0.8378
2.75404911 0.7955
2.74375452 0.7428
2.72192913 0.7230
2.70268537 0.7397
2.70152781 0.7758
2.71114612 0.8027
2.72591645 0.8215
2.74225293 0.8435
2.75555348 0.8715
2.76120394 0.8900
2.75896993 0.8887
2.74608751 0.8696
2.72437535 0.8450
2.69619429 0.8264
2.67443094 0.8198
2.66547213 0.8232
2.67415741 0.8275
2.69369036 0.8267
2.71536175 0.8189
2.72710344 0.8050
2.72677880 0.7909
2.71756195 0.7759
2.70849268 0.7677
2.70087197 0.7727
2.69549882 0.7797
2.68673903 0.7648
2.68601234 0.6895
2.70460844 0.4676
2.71743194 0.4630
2.71979586 0.6330
2.72489569 0.7344
2.73024881 0.7858
2.73265324 0.8262
2.73856256 0.8552
2.74738218 0.8765
2.76437672 0.8969
2.77898533 0.9110
2.78505165 0.9107
2.78389385 0.9008
2.78129255 0.8861
2.77921132 0.8832
2.77720921 0.8993
2.77168191 0.9242
2.75662742 0.9319
2.73457745 0.9289
2.71633781 0.9255
2.70483536 0.9297
2.70504492 0.9369
2.71111722 0.9307
2.71477050 0.9020
2.71813989 0.8674
2.72281050 0.8468
2.73058372 0.8545
2.74217049 0.8841
2.74445055 0.9084
2.73245106 0.9157
2.71379361 0.9130
2.69918837 0.9141
2.69619594 0.9194
2.69665205 0.9193
2.69643157 0.9036
2.69049291 0.8782
2.68957550 0.8632
2.69754806 0.8655
2.71317263 0.8787
2.72691537 0.8934
2.73109189 0.9013
2.72821399 0.9070
2.73476624 0.9214
2.75181698 0.9406
2.77239080 0.9481
2.77562151 0.9368
2.75938369 0.9270
2.73641922 0.9213
2.71692659 0.9244
2.70332479 0.9311
2.69138527 0.9361
2.68151736 0.9393
2.67625224 0.9416
2.68207943 0.9428
2.70291584 0.9412
2.73272322 0.9314
2.75245529 0.9138
2.75248890 0.8910
2.74706241 0.8726
2.74175561 0.8585
2.73266313 0.8414
2.71612669 0.8195
2.69553043 0.8118
2.68952662 0.8287
2.69645400 0.8560
2.70491575 0.8741
2.71158659 0.8770
2.71614703 0.8800
2.71934255 0.8920
2.71913931 0.9046
2.71297124 0.9025
2.70228028 0.8832
2.69009432 0.8631
2.68690388 0.8639
2.69688068 0.8850
2.71719996 0.9072
2.74115276 0.9208
2.75865733 0.9307
2.76948413 0.9404
2.77862410 0.9469
2.78203614 0.9345
2.77938145 0.9010
2.77246856 0.8659
2.76867650 0.8558
2.76984531 0.8744
2.77419231 0.9016
2.77637311 0.9117
2.77359024 0.9051
2.76475315 0.9016
2.75824649 0.9151
2.75609492 0.9300
2.75328329 0.9198
2.73983344 0.8827
2.72060369 0.8524
2.70869393 0.8499
2.70589607 0.8691
2.70526611 0.8810
2.70307811 0.8747
2.69206111 0.8611
2.67342761 0.8550
2.66009628 0.8574
2.65284624 0.8506
2.64879544 0.8272
2.65277150 0.8140
2.66200287 0.8224
2.68231369 0.8542
2.70753406 0.8906
2.73616364 0.9189
2.75237709 0.9427
2.74493198 0.9657
2.71752857 0.9830
2.68163812 0.9779
2.65476081 0.9509
2.64631568 0.9198
2.66170281 0.9096
2.69283736 0.9231
2.72740663 0.9359
2.75934098 0.9303
2.78414550 0.9197
2.79614918 0.9289
2.78891627 0.9581
2.76287556 0.9786
2.72793161 0.9660
2.69693743 0.9287
2.68356677 0.8998
2.69831883 0.9031
2.72971887 0.9225
2.76582069 0.9290
2.79337080 0.9078
2.80470666 0.8856
2.80363719 0.8895
2.79069300 0.9198
2.76836942 0.9530
2.73698550 0.9551
2.69978604 0.9239
2.67155071 0.8990
2.66319295 0.9008
2.67880248 0.9173
2.70784376 0.9308
2.74195354 0.9321
2.76883605 0.9192
2.78213704 0.9085
2.78214018 0.9101
2.77409661 0.9170
2.75784556 0.9160
2.74152987 0.9049
2.73315182 0.9029
2.73962408 0.9167
2.76440860 0.9438
2.79511456 0.9719
2.81588494 0.9876
2.81849693 0.9790
2.81003038 0.9514
2.80052456 0.9338
2.78979786 0.9335
2.77270838 0.9354
2.75369001 0.9359
2.74226542 0.9410
2.74540276 0.9515
2.76187094 0.9741
2.78325838 0.9977
2.80082215 1.0033
2.80821342 0.9792
2.80431136 0.9354
2.79447100 0.9075
2.78178563 0.9107
2.76988591 0.9308
2.76071377 0.9510
2.75671455 0.9677
2.75876136 0.9851
2.76268371 1.0002
2.76896697 1.0087
2.77303205 0.9975
2.76936845 0.9628
2.75466037 0.9132
2.73365898 0.8735
2.71410057 0.8601
2.69997084 0.8660
2.68986718 0.8864
2.68729782 0.9160
2.69496006 0.9599
2.71124474 1.0074
2.73496105 1.0360
2.76475574 1.0404
2.79372248 1.0247
2.81130170 1.0043
2.81581221 0.9821
2.80554818 0.9673
2.78392733 0.9630
2.75914336 0.9673
2.74315909 0.9802
2.73736376 1.0008
2.73295943 1.0090
2.72673374 0.9964
2.73068643 0.9938
2.74187750 1.0059
2.74336736 1.0150
2.72965379 1.0042
2.70453191 0.9677
2.67576704 0.9230
2.65489589 0.8899
2.64882783 0.8790
2.65964088 0.8848
2.67671273 0.9030
2.68689305 0.9134
2.68931112 0.9199
2.68867183 0.9364
2.68364996 0.9526
2.66950103 0.9561
2.65497452 0.9469
2.64595201 0.9285
2.64802027 0.9067
2.66051240 0.8858
2.68005314 0.8738
2.69240172 0.8788
2.69198217 0.8808
2.68080520 0.8768
2.67634471 0.8993
2.68010619 0.9395
2.68647770 0.9693
2.69984888 0.9819
2.71801443 0.9851
2.73930720 0.9813
2.75680802 0.9635
2.77399877 0.9464
2.78630164 0.9405
2.78785900 0.9482
2.76766558 0.9609
2.72978799 0.9651
2.69725593 0.9582
2.68728948 0.9456
2.69993423 0.9336
2.72590730 0.9349
2.74981899 0.9383
2.75660341 0.9103
2.75096322 0.8673
2.73944764 0.8466
2.72570967 0.8489
2.70586593 0.8557
2.67850503 0.8462
2.65251394 0.8293
2.64279669 0.8186
2.64718375 0.8260
2.66279484 0.8560
2.68065029 0.8737
2.69557251 0.8649
2.70474577 0.8500
2.70878780 0.8526
2.70836825 0.8788
2.69813801 0.9033
2.67442623 0.9085
2.64766211 0.8897
2.64069229 0.8701
2.66135427 0.8713
2.70264172 0.9008
2.74392107 0.9426
2.76563018 0.9651
2.76469570 0.9602
2.74655087 0.9422
2.71806043 0.9211
2.68268350 0.8919
2.64363968 0.8573
2.61707785 0.8363
2.60721643 0.8399
2.62966978 0.8736
2.67453219 0.9175
2.71700762 0.9549
2.74234400 0.9731
2.74693261 0.9709
2.74345147 0.9585
2.73293936 0.9392
2.70909496 0.9092
2.67148998 0.8702
2.63397901 0.8356
2.61177103 0.8185
2.62100982 0.8318
2.65341681 0.8661
2.68650888 0.9073
2.70498190 0.9423
2.70663673 0.9576
2.69970446 0.9467
2.68134551 0.9165
2.65125570 0.8782
2.61018862 0.8333
2.57025914 0.7911
2.56223019 0.7815
2.59202227 0.8122
2.63669486 0.8659
2.67213750 0.9235
2.69326933 0.9787
2.71041455 1.0277
2.72351254 1.0529
2.72472643 1.0484
2.70988670 1.0209
2.68180125 0.9818
2.65491995 0.9427
2.64729686 0.9183
2.66036371 0.9113
2.67554525 0.9123
2.68074233 0.9178
2.68283914 0.9270
2.68801405 0.9374
2.69590596 0.9487
2.69760124 0.9555
2.68840658 0.9512
2.67701658 0.9415
2.67840910 0.9361
2.69458063 0.9364
2.72153936 0.9407
2.74827828 0.9559
2.76170220 0.9758
2.74949556 0.9804
2.71221208 0.9597
2.67089312 0.9310
2.64524769 0.9151
2.63275126 0.9113
2.63137838 0.9165
2.63492549 0.9164
2.64613311 0.9151
2.65860274 0.9190
2.67008611 0.9290
2.68125098 0.9310
2.68637809 0.9173
2.68402384 0.8926
2.68381494 0.8780
2.68942539 0.8854
2.69988779 0.9123
2.71322966 0.9415
2.73326398 0.9650
2.75748441 0.9834
2.78047002 0.9993
2.79005876 1.0075
2.78166617 0.9958
2.75833545 0.9676
2.73222708 0.9439
2.71548628 0.9360
2.70471903 0.9327
2.70072140 0.9260
2.70715271 0.9117
2.72136606 0.8999
2.73584726 0.8957
2.74557209 0.8995
2.74555677 0.9043
2.73537832 0.9066
2.71935274 0.9066
2.70785526 0.9101
2.70451593 0.9219
2.71426716 0.9354
2.73996852 0.9372
2.77069607 0.9102
2.79714437 0.8615
2.80438435 0.8090
2.79431367 0.7806
2.77483473 0.7951
2.75283540 0.8369
2.72490506 0.8823
2.68736774 0.9083
2.65141543 0.9117
2.63979016 0.9084
2.66535092 0.9143
2.71889735 0.9275
2.77352627 0.9311
2.80541580 0.9120
2.81177597 0.8883
2.80381900 0.8831
2.78978456 0.9010
2.77171934 0.9256
2.74606252 0.9420
2.72673350 0.9518
2.72675370 0.9665
2.75434778 0.9940
2.79841063 1.0205
2.83069724 1.0183
2.83453833 0.9945
2.80791960 0.9687
2.76865469 0.9590
2.72850325 0.9590
2.69291596 0.9535
2.66365500 0.9356
2.64418466 0.9107
2.64373380 0.9049
2.66547625 0.9179
2.70213162 0.9385
2.74041887 0.9559
2.76289161 0.9659
2.76027046 0.9688
2.73855875 0.9614
2.71539273 0.9431
2.69909894 0.9131
2.68668605 0.8830
2.68123241 0.8634
2.68773440 0.8669
2.70959462 0.8850
2.74080498 0.9062
2.76992115 0.9268
2.78650582 0.9541
2.78392647 0.9810
2.76935982 0.9933
2.74966645 0.9807
2.73118418 0.9394
2.71212736 0.8905
2.69717202 0.8596
2.70369143 0.8581
2.73117232 0.8819
2.76164974 0.9108
2.78415883 0.9367
2.78838697 0.9625
2.78154722 0.9828
2.76926339 0.9905
2.75347136 0.9740
2.73213042 0.9398
2.70392524 0.8972
2.67513563 0.8595
2.66850412 0.8408
2.68917343 0.8451
2.72544722 0.8669
2.75716496 0.8940
2.77127121 0.9194
2.77365275 0.9381
2.76689860 0.9423
2.75282586 0.9273
2.72783859 0.8999
2.69714177 0.8696
2.67178748 0.8488
2.65909485 0.8375
2.65948509 0.8352
2.67448724 0.8405
2.69202385 0.8539
2.71153679 0.8737
2.73463275 0.8895
2.75726675 0.8985
2.77244488 0.8987
2.77527977 0.8988
2.76556140 0.9066
2.75519530 0.9160
2.74919569 0.9186
2.74696567 0.9158
2.74220971 0.9168
2.73585734 0.9248
2.73251677 0.9343
2.73654968 0.9369
2.74268184 0.9295
2.75125501 0.9230
2.76156614 0.9271
2.77068117 0.9411
2.77427134 0.9481
2.76944383 0.9389
2.75472976 0.9171
2.73234532 0.8955
2.70827863 0.8789
2.68835905 0.8672
2.67986905 0.8621
2.68383168 0.8705
2.70062149 0.8948
2.72285737 0.9297
2.74334181 0.9571
2.76195258 0.9656
2.77344601 0.9547
2.77380308 0.9366
2.76512501 0.9140
2.74333626 0.8881
2.71602050 0.8609
2.69047607 0.8380
2.67800282 0.8283
2.68266374 0.8434
2.69844679 0.8754
2.72113835 0.8918
2.73968021 0.8875
2.74942389 0.8895
2.75019656 0.8987
2.74866326 0.8904
2.74929801 0.8706
2.74645328 0.8542
2.73230683 0.8490
2.71734253 0.8583
2.72021123 0.8917
2.74415473 0.9297
2.77649475 0.9519
2.79801777 0.9585
2.79901782 0.9576
2.78296287 0.9502
2.75475511 0.9288
2.71993515 0.8881
2.68813735 0.8488
2.66191831 0.8303
2.64317661 0.8334
2.64071935 0.8454
2.65389665 0.8528
2.67767809 0.8569
2.70276643 0.8693
2.71737412 0.8891
2.72091100 0.9011
2.72045302 0.9009
2.71498625 0.8903
2.70364371 0.8748
2.68628832 0.8540
2.67131739 0.8261
2.66425556 0.7925
2.66791928 0.7633
2.68178155 0.7447
2.69940420 0.7410
2.71422691 0.7521
2.72381970 0.7661
2.73169824 0.7853
2.73650824 0.8117
2.74020567 0.8413
2.74068111 0.8594
2.73847167 0.8470
2.73502353 0.8190
2.74069477 0.7992
2.75662409 0.7923
2.77019920 0.7857
2.76684274 0.7776
2.74804583 0.7728
2.72691720 0.7788
2.71310919 0.7957
2.70174715 0.8102
2.69260218 0.8127
2.68785919 0.8027
2.68938796 0.7962
2.70073568 0.7981
2.72188622 0.8041
2.73744826 0.8082
2.73988206 0.8090
2.73229799 0.8172
2.72333038 0.8278
2.71885618 0.8337
2.71968004 0.8228
2.73131457 0.7986
2.74444347 0.7708
2.75226561 0.7595
2.74255094 0.7552
2.72009862 0.7491
2.69532574 0.7377
2.67204107 0.7272
2.65439435 0.7277
2.64464698 0.7423
2.64434870 0.7592
2.65938089 0.7633
2.68612813 0.7560
2.71208591 0.7469
2.72258081 0.7398
2.71566919 0.7376
2.69779678 0.7347
2.67941381 0.7395
2.66085579 0.7511
2.64096209 0.7643
2.62676439 0.7734
2.61765249 0.7671
2.61535840 0.7441
2.62575429 0.7239
2.63942864 0.7174
2.65036730 0.7188
2.65658685 0.7150
2.66288173 0.7115
2.67036559 0.7236
2.67355616 0.7482
2.67123392 0.7785
2.67154586 0.8024
2.68367773 0.8147
2.70495269 0.8188
2.72732290 0.8280
2.73860729 0.8375
2.73541916 0.8370
2.72508985 0.8220
2.71466978 0.7940
2.70680861 0.7682
2.70338099 0.7566
2.70389065 0.7583
2.71068173 0.7683
2.72726089 0.7723
2.75328744 0.7742
2.77516819 0.7706
2.77918894 0.7691
2.76207085 0.7653
2.73337662 0.7583
2.71184433 0.7499
2.70004585 0.7327
2.69135178 0.7039
2.68279087 0.6631
2.68211508 0.6321
2.69876494 0.6197
2.72517452 0.6139
2.75012109 0.6033
2.75358385 0.6033
2.73461402 0.6223
2.71373781 0.6377
2.69398544 0.6458
2.68051981 0.6461
2.67329028 0.6345
2.67479294 0.6193
2.69889212 0.6226
2.74165361 0.6478
2.78971423 0.6785
2.82486305 0.6903
2.83621310 0.6899
2.83095259 0.6904
2.81280031 0.6813
2.78341116 0.6586
2.74632199 0.6215
2.71006452 0.5845
2.68052023 0.5608
2.67539752 0.5604
2.69764847 0.5848
2.73532437 0.6165
2.76846782 0.6317
2.78800586 0.6336
2.80081609 0.6240
2.80856888 0.6166
2.81210818 0.6022
2.81101780 0.5767
2.79527602 0.5570
2.77058307 0.5490
2.75319310 0.5633
2.75212655 0.5925
2.76018326 0.6160
2.77280887 0.6234
2.78695267 0.6186
2.79505921 0.6192
2.79643990 0.6241
2.79125270 0.6243
2.77484797 0.6214
2.74360898 0.6141
2.70945232 0.6134
2.68755142 0.6240
2.68793654 0.6451
2.70576417 0.6668
2.72761178 0.6810
2.74483128 0.6905
2.75265464 0.7015
2.75284833 0.7141
2.74746942 0.7194
2.73164457 0.7168
2.70375845 0.7016
2.67122024 0.6849
2.64342240 0.6691
2.62387344 0.6532
2.61025256 0.6332
2.60331588 0.6121
2.60668645 0.5971
2.62805296 0.5922
2.66064823 0.5953
2.69610834 0.6102
2.71960682 0.6434
2.72700733 0.6840
2.72463086 0.7084
2.72470592 0.7121
2.73052804 0.6896
2.73254306 0.6474
2.72320468 0.6000
2.71381056 0.5625
2.71730802 0.5402
2.73137730 0.5355
2.74238839 0.5490
2.73768778 0.5864
2.72097884 0.6323
2.70646924 0.6637
2.69609375 0.6681
2.69338506 0.6586
2.69108330 0.6400
2.68284783 0.6161
2.68008502 0.5890
2.69641217 0.5652
2.72263323 0.5367
2.74533598 0.5225
2.75715189 0.5434
2.75723732 0.6005
2.75638440 0.6585
2.75378880 0.7050
2.75032265 0.7327
2.74733221 0.7375
2.74332883 0.7205
2.74473578 0.6931
2.75255182 0.6649
2.75974870 0.6528
2.76082740 0.6655
2.75565587 0.6989
2.74904080 0.7307
2.74805874 0.7510
2.74363652 0.7563
2.73549309 0.7578
2.72585803 0.7596
2.72340115 0.7649
2.73188228 0.7701
2.75403414 0.7668
2.77677607 0.7545
2.79213383 0.7442
2.79953514 0.7512
2.80158058 0.7661
2.80142781 0.7803
2.79206623 0.7885
2.77790405 0.7982
2.75338655 0.7998
2.72474320 0.7900
2.69480110 0.7529
2.66621198 0.6987
2.64603255 0.6521
2.63826180 0.6299
2.63581743 0.6235
2.64010471 0.6326
2.65239341 0.6543
2.67267640 0.6908
2.69223684 0.7409
2.70141490 0.7895
2.69768325 0.8175
2.68599826 0.8227
2.67661918 0.8115
2.67623205 0.7973
2.68611186 0.7924
2.70875143 0.7952
2.73069930 0.8002
2.74859583 0.8055
2.75896406 0.8159
2.75930574 0.8309
2.75186657 0.8477
2.74195026 0.8518
2.73672662 0.8406
2.72880925 0.8186
2.71412512 0.7974
2.69588389 0.7825
2.68553047 0.7713
2.68956163 0.7593
2.70633812 0.7475
2.72665420 0.7448
2.74218210 0.7625
2.74780132 0.7943
2.74452461 0.8170
2.74032696 0.8238
2.73835084 0.8168
2.73687792 0.8003
2.73529759 0.7817
2.73268111 0.7535
2.72773294 0.7164
2.72147473 0.6837
2.71904880 0.6669
2.72149017 0.6700
2.72549005 0.6884
2.72047819 0.7021
2.70609338 0.7037
2.69226435 0.7007
2.69089810 0.7091
2.69566702 0.7272
2.70092502 0.7409
2.70634174 0.7487
2.71097222 0.7517
2.71642782 0.7573
2.72418588 0.7670
2.72920811 0.7723
2.73191562 0.7753
2.73335579 0.7750
2.73829667 0.7824
2.74152154 0.7976
2.74951159 0.8131
2.76715399 0.8252
2.79397578 0.8306
2.82088034 0.8301
2.84074861 0.8286
2.85238797 0.8271
2.85395551 0.8239
2.84652540 0.8161
2.83302963 0.8063
2.81404672 0.7936
2.79049001 0.7752
2.77101476 0.7536
2.75580629 0.7315
2.74288151 0.7133
2.72887681 0.7041
2.71699147 0.7019
2.70957396 0.7038
2.70516362 0.7112
2.70123654 0.7271
2.68999434 0.7402
2.66896150 0.7440
2.64396633 0.7370
2.62527226 0.7239
2.62072519 0.7142
2.62953966 0.7156
2.64916532 0.7258
2.67154550 0.7352
2.69176693 0.7345
2.70728183 0.7327
2.71509809 0.7406
2.71322744 0.7560
2.70545457 0.7712
2.69244479 0.7767
2.68151971 0.7779
2.67645912 0.7838
2.67833489 0.7936
2.68414464 0.8019
2.69502303 0.8017
2.71263606 0.7970
2.72937171 0.7904
2.73443494 0.7837
2.72832655 0.7786
2.71491303 0.7745
2.69986227 0.7642
2.68242190 0.7515
2.66389742 0.7430
2.64972001 0.7370
2.64439020 0.7268
2.65121601 0.7155
2.66944649 0.7032
2.68890782 0.6854
2.70051260 0.6594
2.70593421 0.6375
2.71088717 0.6216
2.71343576 0.6219
2.71012027 0.6410
2.69608152 0.6692
2.67359632 0.6861
2.66222078 0.6933
2.66912843 0.7014
2.69328109 0.7147
2.72621739 0.7214
2.75287375 0.7132
2.76751814 0.6939
2.76902973 0.6766
2.76383070 0.6743
2.75549788 0.6817
2.74443986 0.6864
2.73361216 0.6817
2.72409637 0.6787
2.72875081 0.6848
2.74635850 0.6917
2.77137165 0.6890
2.79399346 0.6648
2.80571313 0.6186
2.81132600 0.5722
2.81055609 0.5548
2.80615080 0.5679
2.80267808 0.5841
2.79483287 0.6029
2.78665288 0.6372
2.78735704 0.6741
2.79834513 0.6884
2.81039934 0.6687
2.80932297 0.6158
2.79347655 0.5517
2.76672151 0.5118
2.74417558 0.5005
2.73697763 0.5177
2.74593895 0.5486
2.75583080 0.5880
2.75682564 0.6361
2.75128060 0.6528
2.75668496 0.6262
2.77911656 0.5565
2.80550534 0.4941
2.80853513 0.4903
2.78583497 0.5197
2.75377678 0.5601
2.73221009 0.5856
2.72119978 0.6193
2.71466232 0.6725
2.70820727 0.7231
2.70021119 0.7550
2.69907340 0.7716
2.71141257 0.7844
2.73519413 0.7908
2.75372211 0.7887
2.76098441 0.7690
2.76008996 0.7403
2.76248650 0.7191
2.76899353 0.7218
2.77112343 0.7518
2.76122627 0.7862
2.74654606 0.8118
2.74031050 0.8248
2.74034806 0.8259
2.73945108 0.8081
2.73204304 0.7682
2.71267453 0.7040
2.68445355 0.6271
2.65572344 0.5583
2.62790252 0.5283
2.61035609 0.5538
2.60800248 0.6137
2.61546402 0.6703
2.62426622 0.7044
2.62898751 0.7223
2.61867389 0.7214
2.59879344 0.7059
2.59119011 0.6919
2.60744174 0.6883
2.63273615 0.6933
2.64465986 0.7030
2.63803011 0.7165
2.62379055 0.7284
2.61507512 0.7329
2.62167048 0.7355
2.63869725 0.7382
2.65770291 0.7420
2.68004425 0.7456
2.70852784 0.7507
2.74408247 0.7624
2.77039043 0.7732
2.77497204 0.7793
2.76614312 0.7820
2.75852782 0.7779
2.76059278 0.7754
2.77255860 0.7816
2.78965874 0.7986
2.80323222 0.8169
2.81586161 0.8253
2.82289497 0.8233
2.82844399 0.8170
2.82506343 0.8113
2.81443265 0.8057
2.79897293 0.7927
2.78482034 0.7717
2.78008247 0.7467
2.78180786 0.7207
2.78923625 0.7048
2.79934726 0.6958
2.80450561 0.6876
2.79689044 0.6790
2.78119646 0.6728
2.77212945 0.6719
2.77174194 0.6740
2.77187156 0.6725
2.76477647 0.6621
2.75542384 0.6496
2.75264951 0.6434
2.75993733 0.6403
2.77559819 0.6386
2.79488538 0.6448
2.81560736 0.6664
2.83674123 0.6897
2.86042339 0.7066
2.87642427 0.7161
2.87671219 0.7358
2.86303409 0.7610
2.84706180 0.7825
2.83768861 0.7980
2.83317591 0.8012
2.83155347 0.8007
2.82804833 0.8021
2.82592516 0.8054
2.82623629 0.8157
2.83124932 0.8325
2.82939382 0.8424
2.81855649 0.8419
2.79937380 0.8390
2.78016453 0.8382
2.76227528 0.8383
2.74363563 0.8325
2.72381177 0.8233
2.70593712 0.8127
2.69842793 0.8115
2.69841207 0.8136
2.70193744 0.8103
2.70275105 0.7982
2.70327314 0.7852
2.70169891 0.7762
2.69735720 0.7712
2.68376266 0.7635
2.65844984 0.7515
2.63108281 0.7424
2.61128676 0.7429
2.60617397 0.7494
2.61255036 0.7559
2.62627122 0.7621
2.64421367 0.7680
2.66807007 0.7804
2.69628141 0.7983
2.72203570 0.8227
2.74163989 0.8427
2.75483516 0.8550
2.76550991 0.8642
2.77356370 0.8697
2.77119353 0.8683
2.75601877 0.8568
2.73287289 0.8315
2.71628968 0.7966
2.71658200 0.7644
2.72470215 0.7450
2.73125835 0.7421
2.73682471 0.7540
2.74966990 0.7706
2.76269458 0.7884
2.76373784 0.7966
2.75208469 0.7951
2.72914913 0.7866
2.70777980 0.7687
2.69335656 0.7341
2.69059087 0.6887
2.69069627 0.6560
2.69004231 0.6610
2.69957879 0.6900
2.72160394 0.7160
2.74963794 0.7301
2.77798348 0.7286
2.79672571 0.7143
2.80598851 0.6938
2.81317862 0.6592
2.83318507 0.5888
2.86701120 0.4844
2.90635257 0.3971
2.92571383 0.3742
2.92033130 0.4465
2.91836574 0.5509
2.93101812 0.6017
2.93960420 0.6147
2.92895041 0.6408
2.90194798 0.6788
2.87706207 0.6946
2.85675838 0.6854
2.84182181 0.6569
2.83313770 0.6238
2.83081388 0.6193
2.83589854 0.6519
2.84247069 0.6715
2.84397665 0.6599
2.83545843 0.6193
2.81814920 0.5911
2.80093847 0.5959
2.79253926 0.6151
2.78763876 0.6243
2.78379704 0.6344
2.78553856 0.6560
2.79637679 0.7018
2.81322648 0.7500
2.82708086 0.7732
2.83672048 0.7686
2.83539919 0.7571
2.82276228 0.7621
2.79964207 0.7830
2.77674872 0.7908
2.76224949 0.7738
2.75817909 0.7459
2.75781625 0.7426
2.75951585 0.7746
2.76611449 0.8085
2.77996048 0.8195
2.79719829 0.7994
2.80813268 0.7680
2.80182487 0.7470
2.78075565 0.7482
2.75878549 0.7425
2.74594625 0.7145
2.74051777 0.6949
2.74207047 0.7101
2.74190017 0.7451
2.73942974 0.7708
2.73705537 0.7763
2.73588614 0.7723
2.73876807 0.7759
2.73941096 0.7885
2.73917090 0.8060
2.73256740 0.8183
2.72227745 0.8164
2.71346803 0.8074
2.70999961 0.8091
2.71012291 0.8208
2.70746928 0.8211
2.70146079 0.8041
2.69746577 0.7759
2.70046435 0.7523
2.71224400 0.7381
2.73282948 0.7367
2.75120583 0.7392
2.76476623 0.7260
2.77150210 0.6994
2.78445820 0.6783
2.80218113 0.6934
2.81821244 0.7385
2.82560607 0.7730
2.82202038 0.7730
2.80859477 0.7410
2.78857643 0.6978
2.77166484 0.6731
2.76327472 0.6826
2.76160893 0.7033
2.76401987 0.7079
2.77807271 0.6842
2.80325112 0.6501
2.82567508 0.6315
2.83517237 0.6248
2.83812614 0.6097
2.83643126 0.5959
2.82350958 0.7749
2.81206254 0.7449
2.79574193 0.7030
2.78373452 0.6768
2.77905935 0.6864
2.77575702 0.7101
2.77751196 0.7124
2.79219818 0.6820
2.81896207 0.6401
2.83929360 0.6241
2.84130715 0.6246
2.83258114 0.6243
2.82474758 0.6080
2.82066327 0.5895
2.82307239 0.5849
2.83747058 0.6135
2.86142670 0.6685
2.88169446 0.7115
2.89392529 0.7241
2.90128742 0.7138
2.89996508 0.6958
2.89188214 0.6752
2.88039286 0.6502
2.85739279 0.6252
2.82928049 0.6084
2.79727519 0.6110
2.78042537 0.6396
2.78639150 0.6751
2.80661089 0.7017
2.82073636 0.7169
2.82821199 0.7226
2.83229964 0.7190
2.83932601 0.6982
2.85052966 0.6587
2.86276979 0.5983
2.86714769 0.5437
2.85860923 0.5331
2.84231177 0.5764
2.82937186 0.6295
2.82501684 0.6608
2.82278884 0.6799
2.82066259 0.7003
2.81782679 0.7107
2.81654695 0.7097
2.81742773 0.7027
2.81093574 0.6951
2.79409374 0.6874
2.77216926 0.6857
2.75391242 0.6940
2.74592125 0.7105
2.74373173 0.7240
2.73555571 0.7271
2.72173055 0.7225
2.70963704 0.7064
2.70632760 0.6916
2.71122346 0.6879
2.71616611 0.6947
2.71565768 0.6974
2.71100638 0.6855
2.70594705 0.6627
2.70618299 0.6420
2.71023250 0.6342
2.71390945 0.6393
2.70893340 0.6462
2.70364973 0.6416
2.70191201 0.6395
2.70694829 0.6556
2.72131608 0.6772
2.74319033 0.6903
2.76313560 0.6906
2.77296571 0.6842
2.77853095 0.6789
2.78270255 0.6808
2.78208240 0.6841
2.78108314 0.6800
2.78855933 0.6706
2.80330164 0.6778
2.81095710 0.7056
2.81117307 0.7313
2.80599271 0.7403
2.80034857 0.7295
2.78817296 0.7013
2.76891107 0.6659
2.74560136 0.6262
2.72482398 0.5875
2.70893968 0.5463
2.70567530 0.5070
2.71068488 0.4720
2.71911485 0.4549
2.72719196 0.4491
2.73147274 0.4540
2.73012329 0.4719
2.71284946 0.4962
2.68401236 0.5068
2.65270058 0.5087
2.62797204 0.5129
2.62640537 0.5342
2.65056088 0.5681
2.69509134 0.6119
2.74662450 0.6522
2.79637878 0.6838
2.84051904 0.7017
2.87375258 0.7004
2.89023946 0.6816
2.88309440 0.6534
2.85059382 0.6215
2.81251131 0.5934
2.79568742 0.5788
2.80458001 0.5847
2.82136082 0.6062
2.82805010 0.6378
2.82842906 0.6601
2.82741762 0.6626
2.82537634 0.6487
2.82037410 0.6242
2.81796702 0.6001
2.81466133 0.5774
2.80571242 0.5570
2.79619826 0.5317
2.78567274 0.5117
2.77442435 0.5059
2.75681882 0.5232
2.73646210 0.5423
2.71832109 0.5430
2.70121265 0.5259
2.69564857 0.5014
2.69473190 0.4825
2.69747283 0.4670
2.69846929 0.4527
2.69710831 0.4389
2.69140638 0.4423
2.68625749 0.4826
2.69104205 0.5442
2.70278770 0.5929
2.71592210 0.6050
2.72618396 0.5949
2.73732679 0.5912
2.75917053 0.6007
2.78487546 0.6040
2.81451258 0.5880
2.84448703 0.5546
2.86211321 0.5296
2.86902378 0.5176
2.86871146 0.5197
2.87158147 0.5091
2.87646956 0.4769
2.87290279 0.4393
2.85159753 0.4225
2.81523514 0.4384
2.78488334 0.4628
2.77619879 0.4720
2.78209886 0.4669
2.79058501 0.4614
2.79386800 0.4600
2.78879756 0.4678
2.78009141 0.4774
2.77915292 0.4861
2.78613411 0.4877
2.79578388 0.4834
2.79482260 0.4835
2.78459781 0.4904
2.76697906 0.4935
2.75230244 0.4908
2.74577905 0.4793
2.73931951 0.4678
2.72924998 0.4584
2.71769073 0.4608
2.71250731 0.4700
2.71483637 0.4795
2.73017772 0.4783
2.75396710 0.4781
2.76423790 0.4909
2.76832139 0.5032
2.77811733 0.5030
2.79606599 0.4887
2.81527463 0.4696
2.82216159 0.4537
2.82219694 0.4426
2.81687719 0.4442
2.81105900 0.4448
2.80932276 0.4414
2.80881044 0.4369
2.79679572 0.4417
2.78132370 0.4592
2.78048646 0.4743
2.79085710 0.4865
2.79476540 0.4930
