3.12888205 0.6515
3.10139231 0.6666
3.08060369 0.6696
3.07459777 0.6595
3.08286159 0.6522
3.09449813 0.6546
3.10836577 0.6688
3.11646717 0.6874
3.10988467 0.7057
3.09739652 0.7184
3.07708282 0.7299
3.05876209 0.7323
3.04738873 0.7177
3.04553388 0.6861
3.05622953 0.6461
3.06871853 0.6075
3.08522598 0.5826
3.10467041 0.5731
3.12194121 0.5769
3.12072067 0.5851
3.09177530 0.5879
3.06099570 0.5787
3.03743019 0.5595
3.03644483 0.5379
3.04757416 0.5227
3.05825719 0.5129
3.06273408 0.5153
3.06746169 0.5338
3.08061295 0.5616
3.07817679 0.5934
3.05914629 0.6185
3.02494590 0.6345
2.99528757 0.6366
2.99038363 0.6294
3.00322578 0.6224
3.01747320 0.6125
3.01999896 0.6036
3.01059770 0.6050
3.00548801 0.6187
3.01739068 0.6407
3.04256607 0.6615
3.07527328 0.6635
3.09994731 0.6494
3.11980474 0.6246
3.13172774 0.6002
3.13802268 0.5805
3.12501332 0.5693
3.09981811 0.5668
3.07470050 0.5733
3.05703646 0.5914
3.05588455 0.6141
3.06192486 0.6301
3.08004089 0.6273
3.10228502 0.6121
3.13264399 0.5924
3.16043798 0.5749
3.17084358 0.5627
3.16150484 0.5588
3.13705095 0.5577
3.10569051 0.5585
3.08440873 0.5620
3.07017462 0.5650
3.06784789 0.5499
3.08073676 0.5235
3.10626587 0.4997
3.15328218 0.4897
3.19520583 0.4967
3.21438809 0.5155
3.20960161 0.5334
3.18388346 0.5595
3.15346485 0.5945
3.12426968 0.6294
3.09561679 0.6601
3.07532345 0.6696
3.06719975 0.6640
3.07821220 0.6525
3.09807121 0.6485
3.11531387 0.6603
3.12410079 0.6762
3.12417081 0.6902
3.11954191 0.7034
3.10304109 0.7207
3.08763205 0.7340
3.07516939 0.7335
3.06664948 0.7169
3.06726569 0.6938
3.07480946 0.6771
3.07982432 0.6691
3.08408243 0.6693
3.08121221 0.6688
3.07709036 0.6662
3.07008943 0.6701
3.05930359 0.6783
3.04915131 0.6819
3.05042186 0.6733
3.06146832 0.6620
3.07098727 0.6551
3.06519533 0.6583
3.04193860 0.6764
3.00942710 0.6993
2.97628138 0.7195
2.95754782 0.7334
2.95354575 0.7424
2.96257208 0.7469
2.98445165 0.7434
3.01987751 0.7256
3.05953384 0.7006
3.09341202 0.6770
3.10845869 0.6644
3.10458412 0.6637
3.09056465 0.6668
3.06756124 0.6821
3.04556704 0.7041
3.02226900 0.7331
3.01894984 0.7560
3.04063774 0.7650
3.07934423 0.7583
3.12395285 0.7377
3.15810319 0.7138
3.18387828 0.6895
3.20503100 0.6691
3.21438235 0.6592
3.20858111 0.6559
3.18142651 0.6680
3.14698931 0.6831
3.11526085 0.6944
3.09276858 0.6916
3.07371679 0.6726
3.04772383 0.6499
3.01218529 0.6283
2.98883211 0.6167
2.98970954 0.6171
3.00748847 0.6252
3.02815069 0.6367
3.04098595 0.6502
3.05482262 0.6685
3.07648312 0.6882
3.10022417 0.7014
3.10621929 0.7134
3.08725083 0.7264
3.05793344 0.7389
3.03657752 0.7491
3.02989057 0.7556
3.03723557 0.7595
3.04542794 0.7612
3.05265615 0.7601
3.06714365 0.7599
3.10324275 0.7558
3.14514375 0.7504
3.16466868 0.7432
3.15539558 0.7315
3.12454080 0.7175
3.09502136 0.7040
3.08147024 0.6968
3.07231277 0.6934
3.06872857 0.6895
3.07243196 0.6944
3.09763151 0.7008
3.14491677 0.7042
3.18792415 0.7072
3.19602896 0.7072
3.16346387 0.7093
3.10856968 0.7116
3.05367353 0.7104
3.01188068 0.7050
2.98937854 0.6982
2.97697111 0.6967
2.98140513 0.6923
3.00392213 0.6868
3.03589798 0.6840
3.06333189 0.6825
3.06845918 0.6832
3.06039730 0.6797
3.04612736 0.6814
3.03715873 0.6861
3.03602494 0.6940
3.03357904 0.7004
3.02908364 0.6991
3.02288336 0.7002
3.02767131 0.7073
3.03737580 0.7182
3.04105045 0.7305
3.03760150 0.7403
3.02519118 0.7467
3.01198605 0.7442
2.99993910 0.7299
2.99165764 0.7204
2.99169724 0.7157
3.00584194 0.7068
3.02178176 0.6934
3.04192625 0.6703
3.06142753 0.6392
3.08377394 0.6093
3.10220820 0.5932
3.11250361 0.6045
3.10903164 0.6276
3.09762088 0.6546
3.08317621 0.6802
3.07257562 0.7049
3.07611658 0.7159
3.10043405 0.7061
3.12825220 0.6756
3.15142513 0.6308
3.15813560 0.5876
3.15863984 0.5728
3.15092038 0.5906
3.12710519 0.6290
3.08349334 0.6722
3.02719612 0.7024
2.98322155 0.7105
2.96922106 0.7103
2.98912421 0.7023
3.02463983 0.6784
3.07193690 0.6363
3.13196721 0.5930
3.20012084 0.5738
3.25503932 0.5859
3.27338236 0.6242
3.24850738 0.6780
3.18593565 0.7327
3.12130253 0.7706
3.07675250 0.7862
3.05440352 0.7722
3.04684774 0.7354
3.05112140 0.6919
3.07451235 0.6612
3.11583592 0.6503
3.15174296 0.6591
3.17429615 0.6768
3.16845348 0.7017
3.13662523 0.7272
3.09273722 0.7521
3.05156642 0.7724
3.02589601 0.7777
3.00825356 0.7706
3.00819781 0.7565
3.03696164 0.7410
3.09138896 0.7163
3.15545598 0.6833
3.21573451 0.6450
3.25928945 0.6178
3.27326452 0.6077
3.24795344 0.6168
3.18798879 0.6359
3.11817075 0.6579
3.06156441 0.6804
3.03660851 0.7006
3.04791508 0.7092
3.08946416 0.7013
3.14078840 0.6796
3.18204891 0.6558
3.20597810 0.6425
3.19127744 0.6459
3.14759478 0.6558
3.09273342 0.6801
3.04674322 0.7179
3.01619598 0.7551
3.00514990 0.7768
3.01521365 0.7811
3.03784718 0.7690
3.06026176 0.7375
3.07100893 0.6954
3.06555476 0.6582
3.05409347 0.6352
3.04304827 0.6368
3.03427642 0.6582
3.01974127 0.6919
3.00689682 0.7214
2.99594356 0.7407
2.99604289 0.7444
3.00840412 0.7350
3.02828426 0.7134
3.05379968 0.6850
3.07507988 0.6563
3.07710129 0.6398
3.06750275 0.6357
3.05507994 0.6429
3.05284200 0.6564
3.05549027 0.6651
3.06034545 0.6607
3.05859440 0.6402
3.05745028 0.6068
3.05896434 0.5702
3.07329527 0.5359
3.08674777 0.5108
3.09230376 0.4992
3.10546404 0.4945
3.13496555 0.5171
3.17015202 0.5637
3.19159832 0.6114
3.17040221 0.6400
3.11862616 0.6513
3.06414853 0.6571
3.03024900 0.6657
3.01298958 0.6848
3.00425505 0.7039
3.00416879 0.7058
3.01793641 0.6899
3.05827841 0.6703
3.11211381 0.6654
3.15395981 0.6669
3.15716467 0.6693
3.12801428 0.6774
3.09677076 0.6914
3.07523801 0.7192
3.05402536 0.7607
3.02880260 0.7964
3.00635824 0.8046
2.99941877 0.7833
3.01942779 0.7458
3.04912899 0.7137
3.06261697 0.6914
3.04280814 0.6885
3.01064580 0.7022
2.98502192 0.7279
2.96943565 0.7572
2.96128525 0.7778
2.96072772 0.7841
2.97115814 0.7743
3.00442484 0.7475
3.05886309 0.7085
3.10871307 0.6723
3.13055593 0.6489
3.11090263 0.6415
3.05519945 0.6554
2.98245568 0.6900
2.91520102 0.7321
2.87827524 0.7639
2.87985332 0.7797
2.92285547 0.7804
3.00189591 0.7612
3.09866393 0.7221
3.17521366 0.6765
3.21066495 0.6443
3.20032679 0.6385
3.15723218 0.6628
3.09199391 0.7073
3.02995214 0.7494
2.98919417 0.7724
2.97160293 0.7787
2.98476475 0.7762
3.01883377 0.7685
3.06756835 0.7533
3.12496057 0.7342
3.17162586 0.7151
3.18355795 0.7073
3.16940305 0.7061
3.13604085 0.7028
3.10709025 0.6915
3.09287638 0.6704
3.09974863 0.6545
3.12023670 0.6537
3.13926403 0.6663
3.14605346 0.6825
3.13986521 0.6916
3.12220379 0.6909
3.10406965 0.6882
3.08845030 0.6814
3.07641686 0.6660
3.07311906 0.6426
3.07143322 0.6217
3.06647366 0.6132
3.05596646 0.6228
3.04312175 0.6441
3.03116662 0.6651
3.01392707 0.6735
3.01133414 0.6711
3.02522051 0.6652
3.05379962 0.6603
3.07840833 0.6576
3.09822500 0.6559
3.10137177 0.6634
3.08846894 0.6788
3.05787371 0.7064
3.02183794 0.7390
2.99019256 0.7619
2.98290365 0.7692
2.99876972 0.7701
3.03358303 0.7569
3.07423324 0.7221
3.11305638 0.6759
3.14724466 0.6419
3.16751242 0.6421
3.16375809 0.6721
3.13356947 0.7159
3.07792107 0.7505
3.02620422 0.7575
3.00524543 0.7412
3.02401376 0.7081
3.05930170 0.6637
3.09472853 0.6145
3.11694757 0.5829
3.12851471 0.5837
3.12460777 0.6150
3.11139720 0.6661
3.08642054 0.7154
3.05267106 0.7498
3.04014772 0.7656
3.06010800 0.7638
3.10822115 0.7363
3.16727461 0.6873
3.20668653 0.6399
3.22188288 0.6104
3.20328606 0.6147
3.16734258 0.6491
3.12413307 0.6959
3.07605033 0.7419
3.03423327 0.7748
3.01711236 0.7909
3.03645485 0.7828
3.07762701 0.7563
3.13572633 0.7218
3.18804197 0.6990
3.21906539 0.6886
3.21276566 0.6910
3.17048365 0.6979
3.11335126 0.7045
3.06248949 0.7153
3.04795491 0.7245
3.06482932 0.7321
3.09874387 0.7265
3.14594144 0.7038
3.19092406 0.6791
3.22471172 0.6657
3.24552023 0.6614
3.25150509 0.6550
3.25645351 0.6374
3.25123422 0.6126
3.24843614 0.5843
3.24579980 0.5625
3.23749318 0.5479
3.22152964 0.5481
3.20834122 0.5633
3.20137002 0.5898
3.19286115 0.6261
3.18276608 0.6534
3.17673013 0.6555
3.18339080 0.6341
3.20066776 0.5955
3.22521337 0.5533
3.24606889 0.5149
3.24552213 0.4985
3.22904748 0.5040
3.19417673 0.5374
3.15281581 0.5910
3.11290098 0.6487
3.08223030 0.6861
3.06538047 0.6963
3.07298667 0.6856
3.11302505 0.6611
3.17680988 0.6205
3.23571150 0.5776
3.27688564 0.5501
3.29446286 0.5475
3.29230785 0.5715
3.26931964 0.6166
3.23538071 0.6588
3.19753694 0.6853
3.16976026 0.6927
3.15674834 0.6853
3.15013533 0.6646
3.13465681 0.6327
3.11355518 0.6013
3.09508711 0.5809
3.08261526 0.5745
3.07569685 0.5781
3.08073970 0.5874
3.08987048 0.5907
3.10373460 0.5879
3.10754988 0.5832
3.10108088 0.5795
3.08218479 0.5733
3.05080471 0.5686
3.01062591 0.5730
2.97577379 0.5894
2.96026884 0.6162
2.97523995 0.6474
3.01286796 0.6702
3.05898088 0.6807
3.09646784 0.6804
3.12083251 0.6755
3.12422374 0.6619
3.11281348 0.6496
3.09442752 0.6402
3.06563874 0.6436
3.02928767 0.6576
2.99557485 0.6772
2.98408680 0.6920
2.99457872 0.6944
3.01346611 0.6941
3.03627218 0.7046
3.05874045 0.7250
3.07640828 0.7402
3.08354195 0.7447
3.08295200 0.7446
3.07434144 0.7466
3.05514141 0.7491
3.03231242 0.7436
3.00928231 0.7245
2.99466726 0.6966
2.98730461 0.6745
2.98973582 0.6688
2.99067282 0.6809
2.98506843 0.6932
2.97209603 0.6989
2.95397218 0.7061
2.94765520 0.7221
2.95430113 0.7414
2.97056282 0.7511
2.99572561 0.7411
3.03154765 0.7169
3.06768423 0.6917
3.09585048 0.6742
3.10583065 0.6749
3.09955384 0.6936
3.08128496 0.7280
3.06394183 0.7620
3.04545494 0.7916
3.03194508 0.8037
3.02520649 0.7941
3.03902062 0.7604
3.06553871 0.7218
3.10176113 0.6875
3.13009210 0.6628
3.14213102 0.6500
3.14238996 0.6479
3.13398264 0.6527
3.13107905 0.6561
3.12907236 0.6620
3.12336047 0.6758
3.12352076 0.6977
3.13588834 0.7238
3.14854256 0.7440
3.16075329 0.7507
3.17127533 0.7473
3.18263627 0.7352
3.20022501 0.7132
3.21534820 0.6841
3.22165766 0.6542
3.21931518 0.6322
3.19623897 0.6258
3.17050677 0.6340
3.15405670 0.6510
3.14654546 0.6684
3.13861122 0.6866
3.12676194 0.7010
3.11964340 0.7098
3.12112642 0.7062
3.13548391 0.6864
3.15408501 0.6620
3.17443594 0.6421
3.18777414 0.6309
3.19403323 0.6329
3.18869527 0.6472
3.16708251 0.6644
3.13400291 0.6776
3.09238948 0.6948
3.05761289 0.7056
3.03124790 0.7066
3.02288665 0.6963
3.02635874 0.6845
3.04930720 0.6778
3.07219188 0.6829
3.08092031 0.6899
3.06501461 0.6931
3.04061470 0.6889
3.01488145 0.6868
2.99661108 0.6920
2.98443749 0.6968
2.96996890 0.6969
2.96253360 0.6962
2.96575716 0.7009
2.98149014 0.7117
2.99458944 0.7268
2.99129859 0.7312
2.97364227 0.7247
2.96099128 0.7026
2.96202109 0.6725
2.97256903 0.6374
2.99022406 0.5911
3.00743638 0.5411
3.03585997 0.5055
3.07628353 0.5042
3.10806071 0.5384
3.10953321 0.5958
3.08620991 0.6497
3.05697299 0.6879
3.04082318 0.7075
3.05320751 0.7113
3.08428199 0.6972
3.11332757 0.6638
3.12826485 0.6345
3.14344877 0.6249
3.15688423 0.6430
3.15968141 0.6942
3.14135633 0.7533
3.11508397 0.7912
3.09603959 0.8080
3.09328504 0.8117
3.10633821 0.8004
3.12398740 0.7739
3.14320755 0.7440
3.15766075 0.7276
3.16629929 0.7325
3.16135794 0.7512
3.14024617 0.7720
3.11372212 0.7830
3.08816055 0.7832
3.07040997 0.7699
3.05507346 0.7583
3.04566641 0.7493
3.03837759 0.7499
3.03370820 0.7599
3.02978859 0.7798
3.01652294 0.8038
2.99954594 0.8179
2.98627197 0.8192
2.99493664 0.8040
3.02439576 0.7784
3.06570034 0.7458
3.10191432 0.7129
3.11720689 0.6897
3.10611119 0.6902
3.07125931 0.7170
3.02850345 0.7675
2.99389026 0.8196
2.97887665 0.8525
2.98291073 0.8672
3.00378435 0.8586
3.03365888 0.8416
3.06334624 0.8177
3.08563237 0.7965
3.08514767 0.7876
3.05779710 0.7911
3.01434063 0.8091
2.96785689 0.8323
2.93426775 0.8533
2.92227730 0.8637
2.93628446 0.8565
2.96697179 0.8381
3.00274661 0.8120
3.03263291 0.7909
3.03731230 0.7813
3.01703964 0.7856
2.98227555 0.7977
2.94521940 0.8037
2.91645554 0.7998
2.89970655 0.7917
2.89755234 0.7806
2.90939976 0.7624
2.93784468 0.7364
2.97869474 0.7086
3.02345489 0.6863
3.05738827 0.6781
3.06112663 0.6845
3.03613592 0.6918
3.00683494 0.6956
2.98630508 0.6910
2.98334958 0.6871
2.99550876 0.6749
3.00902384 0.6483
3.02069707 0.6128
3.03365631 0.5852
3.06110449 0.5731
3.08762687 0.5828
3.09088280 0.6104
3.08298651 0.6501
3.07373912 0.6938
3.07384539 0.7297
3.07349769 0.7529
3.07715153 0.7519
3.07888620 0.7377
3.07824671 0.7165
3.08235164 0.6924
3.09515578 0.6726
3.10286552 0.6616
3.09930575 0.6592
3.09382050 0.6601
3.08960313 0.6659
3.08220392 0.6712
3.06207506 0.6725
3.03207265 0.6787
3.01013820 0.6907
3.00250202 0.6996
3.01405349 0.6902
3.03223607 0.6744
3.05259520 0.6573
3.06645762 0.6502
3.08198467 0.6535
3.09964488 0.6634
3.10509892 0.6699
3.08742730 0.6770
3.05473734 0.6873
3.02587909 0.7029
3.00703696 0.7156
2.99582774 0.7163
2.98722443 0.7066
2.99188916 0.6896
3.00262242 0.6709
3.02249602 0.6537
3.04439128 0.6380
3.05813724 0.6205
3.05163592 0.6149
3.02835069 0.6262
3.00212459 0.6501
2.98564601 0.6688
2.98102298 0.6804
2.98256435 0.6835
2.99288350 0.6855
3.00795568 0.6817
3.02236461 0.6765
3.03035578 0.6626
3.03094266 0.6421
3.02778009 0.6277
3.01735299 0.6288
2.99675272 0.6382
2.96670861 0.6453
2.94055442 0.6439
2.93695258 0.6531
2.95436546 0.6754
2.98896281 0.6976
3.02803370 0.7066
3.06185337 0.7026
3.09460795 0.6883
3.11634650 0.6679
3.13039101 0.6497
3.12568719 0.6382
3.10969027 0.6359
3.09077862 0.6454
3.08529545 0.6655
3.08928988 0.6843
3.09757475 0.6933
3.10539323 0.6903
3.10789642 0.6748
3.10930669 0.6446
3.10822153 0.6111
3.10463310 0.5860
3.09827714 0.5728
3.08629935 0.5756
3.07207129 0.5978
3.06155854 0.6244
3.05264570 0.6443
3.04277744 0.6513
3.03225336 0.6498
3.02762070 0.6404
3.02988546 0.6186
3.03955114 0.5942
3.06252085 0.5757
3.09261443 0.5742
3.12072604 0.5947
3.13881284 0.6294
3.13380596 0.6670
3.10585162 0.6948
3.06670338 0.7073
3.02539953 0.7018
2.99552548 0.6808
2.97617512 0.6488
2.97579236 0.6151
2.99871306 0.5899
3.04723355 0.5802
3.10106464 0.5837
3.13557137 0.6029
3.14129560 0.6305
3.12773691 0.6687
3.10678852 0.7067
3.08803490 0.7267
3.07382300 0.7208
3.06786948 0.6930
3.07245823 0.6580
3.09546258 0.6257
3.13891545 0.6082
3.17785782 0.6094
3.18277478 0.6215
3.14889498 0.6455
3.08977599 0.6802
3.03670634 0.7049
2.99388613 0.7096
2.96748578 0.6900
2.95673242 0.6557
2.97351553 0.6143
3.02992344 0.5751
3.12225788 0.5506
3.20207802 0.5543
3.22365124 0.5809
3.18494323 0.6230
3.12356958 0.6686
3.07583113 0.6986
3.04821926 0.7017
3.04275697 0.6779
3.04645016 0.6410
3.06312512 0.5962
3.09996717 0.5607
3.15063676 0.5390
3.17261653 0.5336
3.15399946 0.5330
3.11451464 0.5370
3.08396861 0.5412
3.07197229 0.5399
3.06810614 0.5262
3.06491202 0.5061
3.06942058 0.4838
3.09391530 0.4694
3.13053407 0.4680
3.15557712 0.4804
3.14960985 0.5018
3.12135229 0.5200
3.10392979 0.5356
3.11703709 0.5387
3.14267046 0.5236
3.14650284 0.4907
3.12095455 0.4531
3.09122063 0.4221
3.08463205 0.4059
3.09735292 0.4084
3.09624845 0.4249
3.07337957 0.4493
3.05152551 0.4710
3.05111470 0.4866
3.08290876 0.4919
3.11101276 0.4854
3.10220683 0.4649
3.05503237 0.4412
3.01033340 0.4279
2.98464330 0.4337
2.97400354 0.4479
2.96888519 0.4667
2.96759788 0.4822
2.98160362 0.4908
3.00611212 0.4982
3.04248026 0.5026
3.06247265 0.5066
3.06116765 0.5117
3.06276553 0.5220
3.08340959 0.5446
3.10985544 0.5699
3.11847940 0.5963
3.11279107 0.6121
3.10681240 0.6165
3.10923826 0.6115
3.11634229 0.6013
3.11996023 0.5831
3.11058673 0.5664
3.08101177 0.5591
3.05899445 0.5643
3.05458079 0.5826
3.06564970 0.6069
3.08204850 0.6270
3.10170154 0.6300
3.12773668 0.6129
3.15691524 0.5847
3.17952012 0.5528
3.19038738 0.5282
3.18755105 0.5131
3.17816140 0.5096
3.15879023 0.5240
3.12869317 0.5528
3.09802138 0.5815
3.07670625 0.5962
3.07527177 0.5851
3.08847761 0.5518
3.11193723 0.5116
3.13401468 0.4802
3.15652656 0.4652
3.17528101 0.4695
3.19617061 0.4912
3.20760366 0.5349
3.21079754 0.5938
3.20381754 0.6468
3.19122900 0.6755
3.17656653 0.6801
3.17471085 0.6660
3.17788889 0.6429
3.17377226 0.6083
3.15499103 0.5767
3.12709430 0.5510
3.09021780 0.5449
3.05690423 0.5602
3.02727031 0.5848
3.00106299 0.6035
2.97043427 0.6077
2.93796372 0.5951
2.91252333 0.5675
2.90068685 0.5270
2.90971525 0.4900
2.92697903 0.4662
2.94363081 0.4540
2.95080433 0.4634
2.94445749 0.4945
2.94041642 0.5312
2.94572641 0.5643
2.94963786 0.5847
2.94263404 0.5944
2.93089738 0.5897
2.92313278 0.5755
2.91854365 0.5501
2.91648179 0.5183
2.90794400 0.5013
2.89420682 0.4966
2.89267371 0.5164
2.91198481 0.5458
2.94213310 0.5737
2.96849541 0.5897
2.97927808 0.6040
2.98183280 0.6139
2.98723459 0.6164
2.99544382 0.6102
2.99832278 0.6072
2.99574799 0.6161
2.98280968 0.6322
2.97116082 0.6452
2.96108397 0.6522
2.95640718 0.6561
2.95281693 0.6653
2.95199981 0.6844
2.97018332 0.6952
2.99992186 0.6935
3.02593952 0.6859
3.03748943 0.6802
3.04465263 0.6836
3.05414168 0.6939
3.07086850 0.6950
3.07991099 0.6918
3.08117784 0.6937
3.07033140 0.7058
3.05617224 0.7197
3.05099399 0.7280
3.05736457 0.7299
3.07257387 0.7304
3.08994405 0.7348
3.10306456 0.7413
3.12171739 0.7345
3.14511830 0.7063
3.16348477 0.6669
3.18271421 0.6364
3.19186540 0.6406
3.18919653 0.6717
3.17585659 0.7064
3.15827919 0.7329
3.12768148 0.7476
3.09509775 0.7531
3.07686937 0.7505
3.08470333 0.7375
3.10764893 0.7121
3.12933213 0.6771
3.13379224 0.6522
3.12129623 0.6491
3.09985772 0.6634
3.08323803 0.6844
3.06572421 0.7126
3.04979357 0.7418
3.03904325 0.7664
3.04792372 0.7821
3.06868707 0.7902
3.08398308 0.7868
3.09398551 0.7680
3.09353506 0.7384
3.08218782 0.7089
3.06892360 0.6834
3.05781533 0.6689
3.05739020 0.6710
3.07193498 0.6878
3.08766669 0.7073
3.09419486 0.7212
3.08978733 0.7312
3.07464515 0.7343
3.05549833 0.7292
3.04467485 0.7185
3.03961076 0.7054
3.03761078 0.6930
3.04028306 0.6861
3.05796481 0.6922
3.09633581 0.7035
3.14111258 0.7140
3.16639189 0.7270
3.15842399 0.7329
3.12541325 0.7316
3.08809981 0.7214
3.05096651 0.7119
3.02312121 0.7029
3.00088257 0.6960
2.99185169 0.6945
3.00386319 0.7011
3.03335257 0.7190
3.07037221 0.7348
3.09155395 0.7455
3.09748959 0.7442
3.09441373 0.7369
3.09707257 0.7276
3.09819621 0.7208
3.09419947 0.7138
3.07758729 0.7175
3.06027460 0.7344
3.04829031 0.7624
3.04275957 0.7924
3.04412263 0.8162
3.04843853 0.8278
3.05933046 0.8203
3.07364716 0.7987
3.08382935 0.7689
3.08293257 0.7397
3.07698550 0.7194
3.06643399 0.7197
3.06399928 0.7387
3.06810169 0.7711
3.06792719 0.8061
3.06376680 0.8300
3.05953380 0.8334
3.06303023 0.8200
3.06542862 0.7882
3.06330094 0.7515
3.06199319 0.7131
3.05938641 0.6834
3.05625791 0.6674
3.04991203 0.6683
3.04339819 0.6794
3.02987034 0.6930
3.01057175 0.7082
3.00579233 0.7278
3.01673153 0.7502
3.02167868 0.7663
3.01557349 0.7740
3.00388511 0.7734
2.99918810 0.7742
3.00377300 0.7642
3.00741779 0.7501
3.01101636 0.7389
3.01935851 0.7335
3.04415288 0.7298
3.08501331 0.7296
3.12520910 0.7321
3.13366329 0.7442
3.11312392 0.7630
3.07953509 0.7806
3.04664470 0.7868
3.01917025 0.7770
2.99823193 0.7611
2.98368956 0.7505
2.98705784 0.7378
3.02175349 0.7169
3.08097565 0.6954
3.14076572 0.6796
3.17677913 0.6759
3.18607255 0.6860
3.17583270 0.7105
3.14510365 0.7347
3.10004695 0.7491
3.05968459 0.7501
3.04212117 0.7401
3.05498454 0.7123
3.08573999 0.6692
3.12056980 0.6202
3.13959650 0.5850
3.13232470 0.5809
3.11549793 0.5954
3.09964307 0.6173
3.07601158 0.6430
3.03867703 0.6743
3.00211225 0.6978
2.97935686 0.7045
2.97926186 0.6957
3.00623916 0.6786
3.04289156 0.6666
3.06923475 0.6645
3.07811392 0.6725
3.07622058 0.6800
3.06955693 0.6879
3.06513566 0.7038
3.05729210 0.7264
3.04021268 0.7472
3.02660298 0.7467
3.02679830 0.7333
3.04973743 0.7212
3.07501377 0.7221
3.09307489 0.7287
3.09900359 0.7340
3.10156468 0.7274
3.10342756 0.7169
3.10955504 0.7140
3.11801584 0.7265
3.12826924 0.7315
3.12789581 0.7232
3.12042309 0.7178
3.11275692 0.7230
3.10447146 0.7401
3.08876330 0.7544
3.07064239 0.7560
3.06078135 0.7433
3.06072199 0.7272
3.06710679 0.7144
3.07548081 0.7000
3.07397689 0.6696
3.06395603 0.6354
3.04581409 0.6147
3.02985451 0.6108
3.02190045 0.6194
3.01699959 0.6285
3.01940819 0.6345
3.03626298 0.6426
3.06516805 0.6619
3.09294696 0.6874
3.11742974 0.6990
3.12676439 0.6976
3.12233989 0.6898
3.10897856 0.6772
3.10170419 0.6585
3.09819123 0.6245
3.09710850 0.5749
3.09385041 0.5240
3.09884414 0.4917
3.12233635 0.4887
3.15829073 0.5121
3.17701473 0.5456
3.16752461 0.5821
3.14044634 0.6149
3.12337908 0.6282
3.13149678 0.6142
3.14741561 0.5741
3.16377869 0.5130
3.16178262 0.4635
3.15589688 0.4323
3.16347388 0.4315
3.15892491 0.4504
3.11998252 0.4772
3.05280254 0.5071
2.99436702 0.5325
2.96675813 0.5486
2.96411699 0.5414
2.97303622 0.5147
2.98369394 0.4807
3.00273849 0.4503
3.03493654 0.4399
3.07258281 0.4533
3.09499917 0.4834
3.08611100 0.5167
3.05365297 0.5424
3.01989170 0.5624
2.99412690 0.5751
2.98041342 0.5758
2.96192026 0.5703
2.94608444 0.5607
2.93878170 0.5475
2.93889662 0.5413
2.94144845 0.5394
2.94159515 0.5428
2.94057191 0.5454
2.95357177 0.5399
2.98677012 0.5250
3.02022604 0.5060
3.03527344 0.4932
3.03448488 0.4791
3.03524110 0.4719
3.05806053 0.4699
3.08273326 0.4720
3.09012401 0.4744
3.07837724 0.4651
3.07395918 0.4415
3.10159017 0.4097
3.15112341 0.3712
3.18737874 0.3338
3.19305299 0.3077
3.18145249 0.2984
3.15596862 0.3006
3.12975435 0.3066
3.09234525 0.3183
3.05833794 0.3271
3.03927677 0.3346
3.06063918 0.3344
3.11594019 0.3330
3.18050864 0.3257
3.23750309 0.3176
3.28132820 0.3139
3.30010952 0.3129
3.28265040 0.3139
3.22994044 0.3089
3.15800281 0.2961
3.10020783 0.2824
3.07979326 0.2723
3.10973050 0.2711
3.14329555 0.2711
3.14873309 0.2707
3.14993572 0.2762
3.17016105 0.2967
3.21338578 0.3303
3.25194332 0.3694
3.25132975 0.3949
3.22022123 0.3963
3.20251426 0.3827
3.21926972 0.3645
3.26212383 0.3455
3.29024415 0.3236
3.27675237 0.3058
3.22535590 0.3020
3.17734481 0.3149
3.14953174 0.3357
3.11769062 0.3540
3.07147590 0.3618
3.02003138 0.3604
2.99964947 0.3562
3.03912737 0.3478
3.10006235 0.3378
3.14605769 0.3258
3.14878729 0.3126
3.12657052 0.3070
3.10674730 0.3108
3.08995848 0.3276
3.07183033 0.3365
3.03121758 0.3283
2.99374139 0.3109
2.98425612 0.2962
2.99945595 0.2839
3.03108489 0.2695
3.04978931 0.2555
3.06275417 0.2529
3.08750779 0.2639
3.12180386 0.2874
3.16250984 0.3146
3.18217215 0.3411
3.17858336 0.3584
3.16383417 0.3766
3.15337629 0.3980
3.15419253 0.4202
3.14898839 0.4343
3.11953926 0.4385
3.08013822 0.4351
3.05323220 0.4344
3.05771692 0.4388
3.09052857 0.4419
3.11298446 0.4417
3.11950582 0.4434
3.10875352 0.4571
3.09272427 0.4884
3.07255518 0.5285
3.03778000 0.5609
2.99491678 0.5803
2.96428690 0.5953
2.96699749 0.5989
3.00996259 0.6005
3.07436536 0.6051
3.12827090 0.6066
3.15608456 0.6071
3.14919395 0.6152
3.12433194 0.6289
3.08973967 0.6422
3.05094250 0.6508
3.01896389 0.6605
3.00356079 0.6702
3.00833256 0.6744
3.03651780 0.6717
3.07459915 0.6668
3.09857219 0.6670
3.10146709 0.6800
3.08821478 0.7021
3.06422653 0.7298
3.03627538 0.7465
3.00933084 0.7528
2.99385396 0.7504
3.00156214 0.7392
3.02977272 0.7268
3.08178869 0.7132
3.12745608 0.7006
3.14034361 0.7006
3.12404773 0.7131
3.09228093 0.7373
3.05586171 0.7649
3.02850274 0.7902
3.01196842 0.8123
3.01296221 0.8252
3.03001046 0.8192
3.06079878 0.7998
3.09763334 0.7759
3.12917917 0.7545
3.13821753 0.7415
3.12672674 0.7286
3.10137454 0.7164
3.07657996 0.7132
3.06020042 0.7232
3.05522419 0.7374
3.06428366 0.7379
3.07980652 0.7265
3.09979227 0.7129
3.11302812 0.7078
3.11595823 0.7029
3.10940689 0.6916
3.10242564 0.6655
3.09224561 0.6379
3.07802397 0.6298
3.06708623 0.6521
3.06975751 0.6949
3.08023725 0.7363
3.07906976 0.7652
3.06974687 0.7760
3.05605023 0.7706
3.04816989 0.7438
3.05527104 0.7009
3.07461187 0.6541
3.10329209 0.6223
3.13073124 0.6118
3.14283161 0.6202
3.13708326 0.6426
3.10731002 0.6793
3.06652919 0.7295
3.02465560 0.7875
3.00170953 0.8155
3.00167209 0.8010
3.02331366 0.7574
3.06292150 0.7081
3.11382752 0.6670
3.16940896 0.6360
3.21395777 0.6166
3.22525814 0.6160
3.19342230 0.6336
3.13368469 0.6723
3.07072358 0.7162
3.01102867 0.7408
2.97149899 0.7283
2.96107946 0.7015
2.99482657 0.6755
3.06045611 0.6514
3.13159851 0.6222
3.17836399 0.6019
3.17616269 0.5940
3.12336426 0.6041
3.06204106 0.6349
3.01540537 0.6744
2.98681211 0.6961
2.97193365 0.6961
2.97791341 0.6868
3.00349380 0.6809
3.04107107 0.6782
3.08110360 0.6797
3.10210288 0.6939
3.09098772 0.7201
3.05690462 0.7517
3.01974198 0.7775
2.98948513 0.7884
2.96996192 0.7815
2.96373408 0.7692
2.97718631 0.7615
3.01170288 0.7571
3.05534617 0.7494
3.08957716 0.7416
3.10190340 0.7420
3.09258557 0.7562
3.07539873 0.7770
3.05792138 0.7864
3.04354776 0.7778
3.02963939 0.7600
3.01948894 0.7462
3.02587973 0.7448
3.04485151 0.7482
3.05886789 0.7544
3.05202018 0.7514
3.02647417 0.7453
3.00425630 0.7420
3.00387047 0.7369
3.01446684 0.7374
3.02642034 0.7378
3.02681147 0.7436
3.02322585 0.7457
3.03169805 0.7357
3.05694236 0.7140
3.08801201 0.6899
3.10859580 0.6688
3.12534038 0.6501
3.14706621 0.6387
3.17887760 0.6349
3.20591641 0.6399
3.19830171 0.6579
3.15487660 0.6801
3.09418319 0.7062
3.04691293 0.7294
3.01602425 0.7436
2.99268689 0.7468
2.98186848 0.7314
2.99073263 0.6973
3.02641221 0.6436
3.08048596 0.5940
3.12642123 0.5701
3.14934325 0.5740
3.13761054 0.6052
3.11015953 0.6518
3.08177225 0.7011
3.04807738 0.7396
3.01343748 0.7633
2.99429591 0.7674
3.00091464 0.7512
3.02916169 0.7180
3.05815006 0.6878
3.07216303 0.6762
3.06765949 0.6885
3.05293133 0.7090
3.02675880 0.7292
2.99344189 0.7446
2.95463587 0.7593
2.92493109 0.7659
2.92195522 0.7620
2.94673685 0.7493
2.98351461 0.7461
3.01125487 0.7561
3.01666329 0.7749
3.01649502 0.7886
3.01830778 0.7929
3.01988762 0.7895
3.01446136 0.7821
3.00594488 0.7760
3.00676156 0.7653
3.02284551 0.7390
3.04596059 0.7092
3.05913170 0.6866
3.04983871 0.6791
3.03155822 0.6926
3.01779739 0.7184
3.01873064 0.7532
3.02711123 0.7811
3.03663537 0.7958
3.05735990 0.7831
3.09439110 0.7450
3.14277815 0.7002
3.18348574 0.6671
3.18008097 0.6576
3.13470512 0.6614
3.07169866 0.6751
3.01820010 0.6933
2.98055502 0.7072
2.95893669 0.7163
2.94784685 0.7151
2.95543319 0.7038
2.98562243 0.6884
3.02964299 0.6758
3.06321364 0.6690
3.06806214 0.6649
3.04722789 0.6569
3.01950368 0.6497
3.01066204 0.6528
3.03045497 0.6697
3.07001935 0.6807
3.11875358 0.6824
3.16177047 0.6835
3.19144080 0.6958
3.18895520 0.7215
3.15774263 0.7433
3.10965267 0.7480
3.06759164 0.7377
3.04147436 0.7324
3.04335688 0.7294
3.08600728 0.7122
3.17293022 0.6835
3.27424869 0.6521
3.35300669 0.6363
3.38185275 0.6486
3.35665990 0.6735
3.28629910 0.6913
3.20008061 0.6976
3.12207714 0.6991
3.06162564 0.6962
3.02701988 0.6756
3.02996817 0.6340
3.06939987 0.5907
3.11228308 0.5646
3.13373147 0.5639
3.12639438 0.5840
3.09970576 0.6208
3.06267273 0.6564
3.01972801 0.6802
2.99506366 0.6854
2.99027285 0.6801
3.00976219 0.6633
3.04174718 0.6458
3.07131112 0.6330
3.07778520 0.6388
3.06236672 0.6653
3.04620385 0.7032
3.04355195 0.7298
3.04618246 0.7384
3.05162764 0.7365
3.06291817 0.7252
3.08070181 0.7029
3.10338951 0.6782
3.12717361 0.6587
3.12924456 0.6623
3.10260378 0.6843
3.06272204 0.7183
3.02901068 0.7480
3.01613633 0.7688
3.02474468 0.7768
3.04951530 0.7747
3.07646276 0.7593
3.10233822 0.7306
3.12187754 0.7044
3.12689196 0.6936
3.10124832 0.6905
3.04403440 0.6822
2.97591473 0.6684
2.92080176 0.6537
2.90462115 0.6426
2.92177676 0.6369
2.95893939 0.6368
3.00099740 0.6393
3.03480181 0.6459
3.06646853 0.6567
3.08390785 0.6842
3.08139839 0.7139
3.06384841 0.7358
3.05615693 0.7439
3.06272504 0.7357
3.08521492 0.7142
3.10228157 0.6859
3.09785822 0.6648
3.07704429 0.6533
3.04690853 0.6595
3.02031250 0.6826
3.00097567 0.7101
2.99173540 0.7303
3.00100951 0.7414
3.03635656 0.7436
3.09507429 0.7309
3.16839602 0.6941
3.22629880 0.6517
3.24366416 0.6231
3.21805971 0.6151
3.17094063 0.6243
3.11259166 0.6426
3.06281970 0.6546
3.04084755 0.6644
3.05792536 0.6725
3.10391828 0.6693
3.16059347 0.6497
3.20885187 0.6267
3.22841699 0.6093
3.20496609 0.6045
3.14198987 0.6246
3.06867070 0.6597
3.00738700 0.6962
2.96782457 0.7165
2.95278889 0.7259
2.96887720 0.7250
3.01414643 0.7121
3.08357049 0.6927
3.14538892 0.6769
3.17282826 0.6755
3.16892331 0.6877
3.14644709 0.7071
3.11295200 0.7283
3.07144869 0.7402
3.03744345 0.7394
3.01941948 0.7294
3.01401350 0.7062
3.01411967 0.6731
3.01879095 0.6348
3.00608829 0.6052
2.98196655 0.6004
2.96557486 0.6184
2.97182974 0.6539
2.98769571 0.6963
3.00568253 0.7325
3.03224154 0.7520
3.06176112 0.7522
3.09778240 0.7245
3.13376734 0.6794
3.15280171 0.6259
3.13433798 0.5864
3.08865423 0.5624
3.05883751 0.5550
3.05982287 0.5591
3.07867370 0.5677
3.08775090 0.5819
3.08177229 0.5945
3.06281158 0.6046
3.04803245 0.6107
3.04363233 0.6100
3.03346296 0.6037
3.00833256 0.5927
2.98098369 0.5829
2.97594116 0.5749
2.99915848 0.5674
3.04415492 0.5642
3.08464053 0.5638
3.10401976 0.5655
3.10880158 0.5823
3.10422129 0.6099
3.09375675 0.6370
3.06838787 0.6550
3.04659447 0.6549
3.04187788 0.6443
3.07002016 0.6242
3.12425685 0.6052
3.17802242 0.5973
3.21579296 0.6002
3.22630372 0.6168
3.21721526 0.6502
3.19174383 0.6902
3.15059820 0.7258
3.10457104 0.7504
3.06826461 0.7634
3.05151229 0.7582
3.05837308 0.7372
3.08533800 0.7098
3.10681745 0.6918
3.11368334 0.6766
3.10404983 0.6568
3.07900642 0.6449
3.04907907 0.6530
3.01962901 0.6763
3.00388409 0.6967
3.00894629 0.7034
3.04303358 0.6923
3.10548146 0.6676
3.17904606 0.6399
3.22825292 0.6126
3.23281378 0.5816
3.20154497 0.5555
3.15103659 0.5455
3.09657192 0.5572
3.04902882 0.5749
3.02066694 0.5908
3.03029736 0.5962
3.07154910 0.5953
3.11767581 0.5982
3.14455909 0.5995
3.14957733 0.5914
3.13718446 0.5688
3.12129442 0.5431
3.11079745 0.5296
3.09295078 0.5339
3.07880362 0.5472
3.06591925 0.5659
3.07109069 0.5814
3.09145270 0.6012
3.10900194 0.6221
3.11847815 0.6417
3.12152980 0.6522
3.12608455 0.6513
3.12890942 0.6422
3.11606967 0.6271
3.08113242 0.5978
3.03845616 0.5754
3.01788947 0.5670
3.02153110 0.5694
3.03818069 0.5834
3.04373854 0.5968
3.03286716 0.5983
3.01698824 0.5793
3.02144830 0.5457
3.04583560 0.5140
3.07493185 0.4806
3.09364279 0.4399
3.11010477 0.4064
3.13369845 0.3931
3.15666824 0.4020
3.15815654 0.4292
3.12734945 0.4634
3.08054046 0.4892
3.05051986 0.5002
3.04584198 0.5021
3.05558225 0.4964
3.07342812 0.4697
3.09048875 0.4287
3.11223416 0.3937
3.13910629 0.3890
3.16034115 0.4117
3.16369799 0.4527
3.14641898 0.4966
3.11954931 0.5345
3.11070402 0.5571
3.11938944 0.5655
3.13352508 0.5634
3.15693199 0.5457
3.18111126 0.5216
3.20399085 0.5027
3.21650738 0.5020
3.21717896 0.5174
3.20670173 0.5389
3.19362084 0.5535
3.18979631 0.5658
3.19886912 0.5738
3.21136049 0.5680
3.22357163 0.5473
3.23091861 0.5235
3.23249507 0.5062
3.22102723 0.5082
3.18643855 0.5180
3.13634202 0.5212
3.07871575 0.5157
3.03506143 0.5056
3.02135945 0.5026
3.03026127 0.4967
3.05120270 0.4839
3.08588339 0.4649
3.12828236 0.4509
3.15991326 0.4589
3.16340100 0.4796
3.13887833 0.4959
3.09818420 0.5004
3.06680777 0.4894
3.05759660 0.4731
3.06698752 0.4574
3.08813315 0.4317
3.11160124 0.4026
3.14108434 0.3814
3.17367418 0.3785
3.18816436 0.4001
3.17758359 0.4297
3.13853689 0.4574
3.09582213 0.4728
3.05873888 0.4767
3.04079626 0.4733
3.03475993 0.4563
3.03556802 0.4271
3.04631531 0.3971
3.07595092 0.3766
3.11917146 0.3753
3.15451823 0.3908
3.17073479 0.4095
3.16986850 0.4166
3.16431724 0.4176
3.16114335 0.4152
3.16096952 0.4083
3.15161065 0.3912
3.13311032 0.3686
3.11234010 0.3437
3.10150553 0.3318
3.10082860 0.3346
3.09853506 0.3425
3.08726963 0.3443
3.06085357 0.3398
3.04188046 0.3326
3.03905560 0.3279
3.04165593 0.3265
3.03862852 0.3210
3.04370519 0.3211
3.05819154 0.3371
3.09636315 0.3712
3.14354919 0.4178
3.17694130 0.4570
3.18243267 0.4750
3.16104412 0.4785
3.14081662 0.4753
3.12713992 0.4725
3.11624498 0.4739
3.10611856 0.4787
3.09454454 0.4964
3.09842802 0.5266
3.10550392 0.5611
3.10553662 0.5815
3.10046796 0.5794
3.09551959 0.5658
3.09173798 0.5574
3.07707674 0.5579
3.05734414 0.5608
3.03869415 0.5624
3.02382612 0.5701
3.02279845 0.5836
3.03906083 0.6032
3.06166542 0.6245
3.09050191 0.6314
3.11452626 0.6198
3.13366830 0.5969
3.14003621 0.5686
3.12172294 0.5331
3.07901318 0.4849
3.02037422 0.4376
2.96625291 0.4115
2.93915856 0.4151
2.95149667 0.4326
2.98857586 0.4533
3.02623351 0.4665
3.05645401 0.4706
3.07630144 0.4712
3.07976698 0.4693
3.06681906 0.4598
3.03846833 0.4489
3.00413875 0.4415
2.97309495 0.4428
2.95277937 0.4609
2.95286783 0.4895
2.97024427 0.5129
2.99304692 0.5226
3.01113165 0.5265
3.01604718 0.5274
3.00985163 0.5358
3.00356577 0.5419
3.01128444 0.5437
3.02648538 0.5420
3.04400575 0.5395
3.05948801 0.5374
3.07594995 0.5410
3.09135222 0.5517
3.09535281 0.5613
3.08117643 0.5729
3.05141154 0.5865
3.01840877 0.5944
2.99663962 0.5950
2.98575986 0.5846
2.98024773 0.5664
2.98399305 0.5414
2.99354306 0.5195
3.01684255 0.5065
3.03064269 0.5047
3.02874573 0.5133
3.01151458 0.5238
2.98580468 0.5401
2.96964183 0.5539
2.96482330 0.5661
2.96831606 0.5741
2.98413552 0.5703
3.00074510 0.5678
3.02800552 0.5670
3.05935875 0.5731
3.08221555 0.5861
3.08049420 0.6045
3.05813436 0.6157
3.02922313 0.6226
3.01134263 0.6242
3.00802620 0.6334
3.01774607 0.6427
3.03444656 0.6468
3.06092716 0.6486
3.08966195 0.6561
3.10946929 0.6686
3.11579908 0.6836
3.10956857 0.6862
3.10147786 0.6738
3.10595546 0.6599
3.11865099 0.6603
3.13306422 0.6718
3.14737137 0.6820
3.15537681 0.6881
3.15448470 0.6883
3.12689429 0.6886
3.07367011 0.6936
3.00224135 0.6951
2.93982017 0.6794
2.91279607 0.6530
2.92015137 0.6298
2.95002596 0.6224
2.99131446 0.6278
3.03636446 0.6326
3.07315244 0.6404
3.09111575 0.6429
3.08956816 0.6409
3.07073706 0.6472
3.04749865 0.6541
3.02517130 0.6467
3.01110358 0.6251
3.01306268 0.5978
3.03547785 0.5782
3.07016738 0.5706
3.10362080 0.5791
3.11994815 0.5994
3.11909511 0.6317
3.10455343 0.6638
3.08868539 0.6885
3.07838929 0.6974
3.07709088 0.6777
3.07641461 0.6426
3.08459140 0.6024
3.10643260 0.5719
3.13627739 0.5575
3.15506188 0.5580
3.15214360 0.5725
3.13810565 0.5989
3.11072714 0.6381
3.08250038 0.6715
3.05828128 0.6892
3.03242084 0.6934
3.02230398 0.6776
3.03064537 0.6538
3.06044756 0.6205
3.09043467 0.5839
3.09889575 0.5544
3.09327815 0.5368
3.09870546 0.5319
3.11308988 0.5391
3.12154520 0.5462
3.10870314 0.5406
3.07016988 0.5268
3.02809696 0.5134
3.01001179 0.5005
3.01090897 0.4923
2.99934411 0.4862
2.97290928 0.4834
2.94490005 0.4887
2.94692050 0.5041
2.97285986 0.5200
3.00824282 0.5330
3.02831147 0.5446
3.02927386 0.5587
3.02651710 0.5874
3.02973188 0.6220
3.03980174 0.6540
3.04765802 0.6770
3.05049632 0.6932
3.05897362 0.7104
3.08136374 0.7216
3.11419616 0.7199
3.14428923 0.7104
3.15862398 0.7032
3.15608623 0.7152
3.14484624 0.7383
3.11492933 0.7662
3.07878991 0.7810
3.04756960 0.7866
3.03463369 0.7895
3.04591363 0.7788
3.06886615 0.7394
3.10144328 0.6847
3.12994719 0.6442
3.13835390 0.6369
3.12627776 0.6592
3.09574947 0.6917
3.05068284 0.7135
3.00845516 0.7189
2.98476524 0.7137
2.98579234 0.6960
3.00946599 0.6531
3.05552264 0.5828
3.11784768 0.5142
3.16339617 0.4720
3.18152050 0.4592
3.16473387 0.4728
3.12122901 0.5031
3.06322416 0.5423
2.99438190 0.5890
2.93738793 0.6338
2.90847856 0.6613
2.91453417 0.6694
2.95407693 0.6571
3.00713361 0.6382
3.04825201 0.6305
3.06882541 0.6345
3.07338846 0.6466
3.07127461 0.6688
3.06224345 0.6967
3.04897498 0.7153
3.02461472 0.7250
2.99006010 0.7186
2.95985027 0.6987
2.94489029 0.6704
2.93954942 0.6532
2.93550297 0.6494
2.91967105 0.6476
2.90712685 0.6363
2.90960550 0.6315
2.93068000 0.6358
2.96045716 0.6548
2.97613630 0.6756
2.97799329 0.6829
2.97233598 0.6815
2.97436608 0.6852
2.99105243 0.6941
3.00236130 0.6985
3.00007921 0.6919
3.00396992 0.6694
3.02779982 0.6385
3.06906369 0.6061
3.09628421 0.5783
3.07821414 0.5567
3.03479811 0.5494
3.00124791 0.5614
2.97823395 0.5952
2.96718418 0.6389
2.97148464 0.6638
2.98486598 0.6633
3.01080140 0.6439
3.05438026 0.6249
3.10810049 0.6157
3.14365907 0.6145
3.13858091 0.6197
3.09867350 0.6450
3.03834837 0.6883
2.98334676 0.7331
2.94726187 0.7654
2.93413477 0.7708
2.93915019 0.7591
2.95958998 0.7384
2.99303891 0.7152
3.02670475 0.6904
3.04821071 0.6685
3.05050642 0.6642
3.03550756 0.6866
3.00886987 0.7244
2.98909608 0.7600
2.97982102 0.7824
2.98829139 0.7858
3.00816598 0.7809
3.04040019 0.7707
3.06913523 0.7585
3.08418846 0.7400
3.08218733 0.7285
3.06653365 0.7265
3.04271942 0.7353
3.01751679 0.7510
3.00095206 0.7565
2.99337553 0.7506
2.99659716 0.7328
3.00886102 0.7113
3.02678573 0.6880
3.04502481 0.6751
3.06210773 0.6733
3.07380698 0.6836
3.07936238 0.6971
3.07457593 0.7141
3.06167999 0.7200
3.04651157 0.7100
3.03338319 0.6880
3.02156812 0.6650
3.01144099 0.6466
2.99872725 0.6447
2.98407452 0.6591
2.96828688 0.6920
2.95392405 0.7355
2.94559273 0.7796
2.94572038 0.8165
2.96056968 0.8343
2.98497421 0.8344
3.01738520 0.8220
3.05680713 0.7957
3.08400013 0.7674
3.08869685 0.7447
3.07482689 0.7334
3.05161096 0.7322
3.02754500 0.7391
3.01673901 0.7453
3.02273204 0.7457
3.04111246 0.7442
3.06594145 0.7323
3.08253207 0.7128
3.08305652 0.6849
3.06414433 0.6545
3.03045376 0.6311
2.99500037 0.6199
2.97236282 0.6183
2.97351151 0.6139
2.99448499 0.6109
3.02701004 0.6069
3.06403030 0.6094
3.10034835 0.6174
3.11562274 0.6302
3.10394325 0.6486
3.06721292 0.6722
3.01671125 0.6965
2.97035772 0.7205
2.94363165 0.7372
2.94271064 0.7390
2.95619131 0.7219
2.97263982 0.6955
2.99019942 0.6767
3.00934884 0.6712
3.02273101 0.6805
3.02706804 0.6988
3.01552826 0.7178
2.98947533 0.7336
2.96310210 0.7433
2.95423917 0.7394
2.96484454 0.7120
2.98961582 0.6654
3.02101464 0.6172
3.05212353 0.5841
3.07164688 0.5692
3.06682873 0.5681
3.04391664 0.5830
3.00927631 0.6080
2.97815042 0.6311
2.96713441 0.6416
2.98410152 0.6273
3.01794159 0.5955
3.05999613 0.5536
3.10204532 0.5090
3.13344172 0.4746
3.13939724 0.4499
3.11643816 0.4400
3.07723609 0.4424
3.03648665 0.4538
3.00855266 0.4661
3.00104071 0.4799
3.01209967 0.4913
3.01775812 0.5005
3.00987971 0.5091
2.99633662 0.5288
2.98739993 0.5555
2.97603860 0.5794
2.95856888 0.5946
2.93674809 0.6041
2.92832549 0.6109
2.94753316 0.6188
2.98377530 0.6195
3.01972503 0.6061
3.04190211 0.5920
3.05351483 0.5906
3.06360435 0.6041
3.07242218 0.6200
3.07131834 0.6219
3.05696825 0.6096
3.03945395 0.5973
3.04119501 0.5809
3.06084035 0.5606
3.08548951 0.5374
3.09373645 0.5209
3.08888295 0.5106
3.08165433 0.5070
3.07372231 0.5029
3.05487464 0.4946
3.02070049 0.4763
2.97776896 0.4594
2.95693393 0.4547
2.97170820 0.4547
3.00843260 0.4580
3.04114165 0.4643
3.04233669 0.4717
3.01941349 0.4816
2.99914703 0.4948
2.98032237 0.5067
2.95932255 0.5072
2.94551255 0.4970
2.93609270 0.4970
2.94790227 0.4848
2.97858981 0.4695
3.02007034 0.4629
3.05484594 0.4663
3.06453841 0.4775
3.05914196 0.4930
3.05420156 0.5057
3.04231035 0.5154
3.02418729 0.5211
3.00295419 0.5179
2.99819637 0.5180
3.00444158 0.5202
3.01442885 0.5263
3.01825129 0.5224
3.00431384 0.5153
2.99001406 0.5102
2.98500117 0.5140
2.97648005 0.5181
2.95634517 0.5271
2.92990796 0.5486
2.91168489 0.5722
2.91407348 0.5560
2.92701799 0.5240
2.93815672 0.5007
2.92346731 0.5120
2.89490093 0.5634
2.87133392 0.6216
2.85259458 0.6669
2.84279134 0.6863
2.83760886 0.6850
2.84572748 0.6387
2.87550430 0.5402
2.92628075 0.4515
2.97364789 0.4315
2.99192300 0.4472
2.98441971 0.4668
2.97578561 0.4694
2.97781404 0.4528
2.98552831 0.4349
2.99634711 0.4162
3.01330673 0.4063
3.04016032 0.4096
3.08566202 0.4192
3.12260324 0.4409
3.12977546 0.4757
3.10880571 0.5174
3.08159172 0.5517
3.06432085 0.5745
3.05113346 0.5823
3.03337752 0.5819
3.00686760 0.5739
2.98394940 0.5674
2.97524254 0.5616
2.97422661 0.5555
2.97064756 0.5467
2.96092933 0.5409
2.95505673 0.5451
2.96352201 0.5522
2.98206113 0.5539
2.99585509 0.5548
2.99977878 0.5616
2.99494153 0.5758
2.98474419 0.5748
2.97162644 0.5570
2.95323841 0.5253
2.92975762 0.4913
2.90912937 0.4593
2.91379481 0.4264
2.94341635 0.3933
2.97741627 0.3640
2.99581101 0.3460
2.99279539 0.3453
2.97711270 0.3687
2.95629983 0.4037
2.92538537 0.4394
2.89880580 0.4689
2.88543010 0.5069
2.90140208 0.5423
2.93627696 0.5554
2.97641101 0.5391
3.01916471 0.5048
3.05945220 0.4713
3.09496410 0.4576
3.11460689 0.4667
3.09981042 0.4857
3.05473579 0.5107
2.99107043 0.5431
2.94162734 0.5816
2.91758618 0.6069
2.90716160 0.6037
2.89299625 0.5699
2.88097015 0.5163
2.89411312 0.4623
2.93880089 0.4084
2.99460613 0.3760
3.03426096 0.3553
3.04881520 0.3428
3.04891155 0.3485
3.05235897 0.3712
3.05567148 0.4000
3.03588451 0.4237
2.99323295 0.4353
2.95354116 0.4380
2.94273227 0.4294
2.95435169 0.4029
2.96660489 0.3621
2.96717212 0.3182
2.96618360 0.2902
2.99075906 0.2836
3.03383559 0.2982
3.05670773 0.3201
3.03090054 0.3430
2.96820841 0.3652
2.91020024 0.3905
2.88218702 0.4168
2.88295598 0.4365
2.90129615 0.4349
2.92509818 0.4248
2.96820128 0.4147
3.02946870 0.4240
3.10407640 0.4368
3.16531428 0.4437
3.19337636 0.4428
3.19491139 0.4450
3.18022634 0.4537
3.15682318 0.4627
3.12882421 0.4659
3.09616645 0.4603
3.06887319 0.4638
3.05799918 0.4802
3.06601752 0.5003
3.08151808 0.5115
3.08653424 0.5086
3.09224115 0.4979
3.08725287 0.4933
3.07138792 0.4923
3.05366601 0.4831
3.03918158 0.4636
3.03244734 0.4522
3.04297637 0.4598
3.06846765 0.4873
3.08393074 0.5162
3.08847190 0.5381
3.07860819 0.5566
3.06703181 0.5769
3.05283804 0.5946
3.02922968 0.5968
3.00424885 0.5802
2.98175338 0.5533
2.98067028 0.5346
3.00430188 0.5282
3.03369636 0.5312
3.06139160 0.5323
3.06918332 0.5406
3.06764592 0.5579
3.05628971 0.5838
3.03394297 0.5960
3.01104237 0.5889
2.99944777 0.5725
3.00372009 0.5612
3.02426809 0.5491
3.04822610 0.5310
3.06972836 0.5079
3.08735562 0.4853
3.09421836 0.4811
3.09145374 0.4943
3.07343291 0.5153
3.03448631 0.5375
2.99128837 0.5525
2.95936931 0.5744
2.94665941 0.6043
2.93994467 0.6295
2.93326735 0.6388
2.93474445 0.6334
2.95106976 0.6317
2.97545352 0.6425
3.00171925 0.6595
3.01342122 0.6722
3.01146737 0.6659
3.00413939 0.6529
3.00503304 0.6475
3.02050338 0.6493
3.03521225 0.6532
3.04669267 0.6541
3.05780174 0.6640
3.06720745 0.6809
3.07444569 0.6849
3.07574857 0.6632
3.07523335 0.6221
3.07809515 0.5829
3.09304170 0.5612
3.10938390 0.5573
3.11459256 0.5635
3.09668170 0.5776
3.05697005 0.6016
3.00912065 0.6342
2.97345865 0.6762
2.95533618 0.7105
2.95138576 0.7211
2.95256205 0.7095
2.95800751 0.6913
2.97422205 0.6766
3.00216773 0.6606
3.03523396 0.6391
3.05883861 0.6210
3.07001137 0.6181
3.06589846 0.6344
3.03993784 0.6647
3.00153790 0.6964
2.96848959 0.7231
2.94884177 0.7383
2.93951905 0.7466
2.94336694 0.7523
2.96168144 0.7476
2.99738606 0.7227
3.03960361 0.6855
3.07783381 0.6519
3.10322075 0.6323
3.10252611 0.6294
3.08250011 0.6436
3.05353955 0.6722
3.02912200 0.7012
3.01065507 0.7222
2.99895819 0.7342
2.99626256 0.7365
3.00120985 0.7221
3.00592426 0.6940
3.00605235 0.6640
2.99744919 0.6378
2.98903410 0.6223
2.97982595 0.6196
2.97227123 0.6289
2.96435807 0.6526
2.95474740 0.6889
2.94262688 0.7310
2.93314959 0.7635
2.92894883 0.7721
2.93074996 0.7610
2.94402399 0.7440
2.96666443 0.7322
3.00258296 0.7185
3.04531547 0.6996
3.08693430 0.6783
3.11332271 0.6666
3.11755895 0.6667
3.10011453 0.6787
3.06967982 0.6892
3.03817298 0.6897
3.02282390 0.6870
3.02340957 0.6881
3.04297894 0.6887
3.07735335 0.6771
3.11089976 0.6551
3.13969667 0.6357
3.14414364 0.6329
3.11827163 0.6481
3.07727481 0.6697
3.03860487 0.6845
3.01354453 0.6970
3.01600800 0.7104
3.03792566 0.7256
3.07010559 0.7325
3.10307117 0.7194
3.14117962 0.6931
3.17798926 0.6756
3.19651404 0.6738
3.18935277 0.6793
3.16466237 0.6839
3.13811624 0.6833
3.12010035 0.6798
3.11166078 0.6736
3.10939406 0.6680
3.10677172 0.6583
3.10391126 0.6464
3.10073742 0.6310
3.08117420 0.6223
3.05070187 0.6240
3.00693973 0.6386
2.96368285 0.6584
2.94225854 0.6721
2.94632866 0.6769
2.96960874 0.6729
2.99064928 0.6680
3.00114416 0.6683
3.01391436 0.6678
3.03440196 0.6575
3.05093897 0.6449
3.05099586 0.6417
3.03634937 0.6480
3.01256317 0.6707
2.99334282 0.6974
2.97746540 0.7089
2.95829137 0.6977
2.93665994 0.6781
2.91145978 0.6757
2.90389533 0.6768
2.91610188 0.6585
2.93556159 0.6274
2.95851077 0.5984
2.98112036 0.5845
3.00756997 0.5871
3.02884304 0.5977
3.03468494 0.6115
3.02330495 0.6187
2.99460253 0.6256
2.96588784 0.6340
2.94496088 0.6352
2.93617031 0.6259
2.93459732 0.6098
2.94291760 0.5936
2.95925702 0.5720
2.97917395 0.5446
2.99072119 0.5184
2.98704888 0.4964
2.96707266 0.4941
2.95259760 0.5188
2.95252605 0.5771
2.96446610 0.6467
2.98610746 0.7054
3.00787087 0.7400
3.03987506 0.7429
3.08583191 0.7277
3.14319614 0.6961
3.19001334 0.6518
3.20176362 0.6008
3.18271696 0.5536
3.15275288 0.5296
3.13029307 0.5329
3.10913172 0.5582
3.09693896 0.5899
3.08810559 0.6251
3.08831398 0.6551
3.09674597 0.6625
3.11209874 0.6340
3.12297101 0.5761
3.12928220 0.5058
3.13065550 0.4441
3.13333538 0.4116
3.12086142 0.4099
3.09181972 0.4294
3.05330031 0.4678
3.02110208 0.5220
3.00224923 0.5805
2.99463964 0.6238
2.99177593 0.6378
2.99848168 0.6272
3.01364231 0.6020
3.03818954 0.5766
3.05615505 0.5650
3.06213416 0.5635
3.06521732 0.5719
3.06205556 0.5901
3.06361049 0.6154
3.05940795 0.6451
3.04708296 0.6709
3.02841111 0.6938
3.02252743 0.7124
3.03140746 0.7299
3.05171650 0.7501
3.07792226 0.7617
3.10695329 0.7594
3.12869908 0.7384
3.14159618 0.7072
3.13940781 0.6752
3.12848538 0.6442
3.10728528 0.6134
3.08711735 0.5868
3.07651981 0.5744
3.07131555 0.5750
3.06712359 0.5802
3.06457437 0.5831
3.06074411 0.5814
3.05032866 0.5772
3.04133328 0.5730
3.02670988 0.5728
3.01605436 0.5696
3.01522098 0.5586
3.02659931 0.5479
3.04043831 0.5399
3.05881094 0.5373
3.07328491 0.5406
3.08781291 0.5515
3.09148927 0.5727
3.08014299 0.6040
3.06019225 0.6421
3.03319492 0.6792
3.01639551 0.7039
3.01750886 0.7080
3.03757451 0.6948
3.05512456 0.6765
3.07529466 0.6592
3.10713132 0.6397
3.13747336 0.6218
3.15226087 0.6130
3.13717548 0.6124
3.09566822 0.6199
3.04753899 0.6306
3.01173301 0.6355
2.99116321 0.6423
2.97768184 0.6558
2.95797718 0.6797
2.95171525 0.7007
2.96823896 0.7043
3.00200769 0.6943
3.03539522 0.6841
3.05290787 0.6855
3.05675418 0.6938
3.05567089 0.7031
3.05933750 0.7051
3.06084602 0.7061
3.05573364 0.7094
3.03663749 0.7229
3.00892275 0.7355
2.98186939 0.7382
2.96682745 0.7285
2.95507278 0.7145
2.93885059 0.7080
2.92165489 0.7039
2.92084927 0.6949
2.94277088 0.6773
2.97609614 0.6607
3.01144924 0.6502
3.04282620 0.6489
3.06949556 0.6565
3.09289500 0.6732
3.10109327 0.6992
3.09224365 0.7259
3.07405551 0.7474
3.05475167 0.7579
3.04122751 0.7561
3.03688884 0.7345
3.03972089 0.7072
3.04329610 0.6837
3.04393858 0.6730
3.04163147 0.6768
3.02761325 0.6939
2.99839984 0.7206
2.96108410 0.7530
2.93688303 0.7791
2.94051788 0.7973
2.96818362 0.8102
3.00397638 0.8110
3.04007955 0.7955
3.06871277 0.7719
3.08326070 0.7523
3.07831105 0.7468
3.05520673 0.7506
3.02351859 0.7626
2.99575446 0.7700
2.97959351 0.7653
2.97381969 0.7437
2.96914086 0.7188
2.96845174 0.6972
2.96849988 0.6832
2.96692113 0.6824
2.95924621 0.6906
2.94228227 0.7090
2.92591455 0.7302
2.92321535 0.7496
2.93705893 0.7596
2.96302198 0.7581
2.98024367 0.7491
2.98549484 0.7395
2.98407450 0.7345
2.97910295 0.7422
2.96965466 0.7608
2.95104307 0.7902
2.93092798 0.8206
2.91937732 0.8444
2.92633988 0.8575
2.95678092 0.8479
2.99493912 0.8170
3.03046930 0.7743
3.05940100 0.7341
3.07922393 0.7079
3.07989219 0.7007
3.06945551 0.7115
3.04139468 0.7347
3.00783507 0.7634
2.99239220 0.7884
2.99391150 0.8040
2.99862038 0.7994
2.99360339 0.7811
2.98159978 0.7615
2.97249336 0.7423
2.97435167 0.7210
2.98172361 0.6936
2.99027594 0.6591
2.99030231 0.6195
2.99028565 0.5850
2.99881559 0.5545
3.00702224 0.5405
3.00868921 0.5417
2.99832508 0.5646
2.98553765 0.6098
2.97760873 0.6637
2.96631339 0.7082
2.95616113 0.7235
2.95007413 0.7247
2.95594734 0.7216
2.97491911 0.7101
2.99856914 0.6883
3.02252455 0.6613
3.03238540 0.6488
3.03451516 0.6630
3.03390085 0.7052
3.03269216 0.7680
3.02401409 0.8306
3.00139585 0.8673
2.97916940 0.8755
2.96452740 0.8611
2.96118640 0.8191
2.95655942 0.7580
2.95365198 0.6975
2.95122720 0.6559
2.94204236 0.6421
2.92927862 0.6514
2.91506727 0.6769
2.90383752 0.7063
2.89355142 0.7300
2.88880688 0.7438
2.90034899 0.7470
2.92604033 0.7342
2.95580624 0.7003
2.98574560 0.6631
3.01756613 0.6389
3.04729034 0.6321
3.06896079 0.6418
3.08238899 0.6514
3.08803951 0.6543
3.08856863 0.6586
3.07991784 0.6607
3.06930652 0.6563
3.05110170 0.6450
3.03609654 0.6323
3.02552627 0.6259
3.01730980 0.6263
3.00221872 0.6318
2.97827771 0.6350
2.96097414 0.6344
2.96041543 0.6414
2.98603472 0.6473
3.01829408 0.6421
3.04444600 0.6191
3.07141423 0.5912
3.09201471 0.5700
3.10096455 0.5648
3.08162703 0.5675
3.04165627 0.5812
2.99817095 0.6045
2.97348865 0.6367
2.95981491 0.6758
2.95016630 0.7099
2.93832368 0.7157
2.92654924 0.6959
2.93029567 0.6622
2.95422716 0.6342
2.99105453 0.6225
3.00968905 0.6299
3.00348729 0.6496
2.98254840 0.6758
2.96707937 0.7072
2.96144066 0.7343
2.95570286 0.7485
2.94493459 0.7474
2.93649626 0.7304
2.93127426 0.7006
2.93153806 0.6634
2.92634312 0.6226
2.90958862 0.5838
2.88734609 0.5615
2.86795314 0.5645
2.86069192 0.5876
2.86717160 0.6107
2.87825856 0.6293
2.88570105 0.6366
2.88621246 0.6464
2.89992799 0.6612
2.92642916 0.6803
2.95065216 0.7000
2.97023874 0.7238
2.99365315 0.7501
3.01616394 0.7726
3.03686221 0.7845
3.05549232 0.7815
3.06629227 0.7615
3.06804452 0.7321
3.05672769 0.7064
3.04441305 0.6966
3.03489052 0.7060
3.02394500 0.7240
3.00984773 0.7505
3.00121612 0.7764
2.99202266 0.7903
2.97819435 0.7896
2.96881439 0.7776
2.97875451 0.7492
3.00200905 0.7123
3.02980801 0.6704
3.05033671 0.6273
3.06501926 0.5923
3.07464441 0.5875
3.07856050 0.6094
3.07499439 0.6450
3.06191166 0.6742
3.03694336 0.6936
3.00977128 0.6941
2.98912439 0.6761
2.98160389 0.6511
2.99258431 0.6263
3.01065403 0.6060
3.02796401 0.5968
3.05455187 0.6011
3.07884416 0.6180
3.09272581 0.6442
3.09123860 0.6705
3.07983112 0.6971
3.06448408 0.7250
3.05038516 0.7503
3.03828776 0.7636
3.02447603 0.7657
3.01359447 0.7572
3.00439844 0.7422
3.00354875 0.7122
3.01037169 0.6735
3.02523798 0.6349
3.04333940 0.6067
3.07295135 0.5908
3.09063394 0.5895
3.08321384 0.6043
3.06317607 0.6243
3.03302803 0.6418
3.01083323 0.6439
2.99808744 0.6172
2.99824471 0.5642
2.99920679 0.5125
2.99507093 0.4671
2.99458570 0.4428
3.00039110 0.4424
3.00616782 0.4598
3.00165337 0.4969
2.99187553 0.5448
2.98622328 0.5885
2.98309196 0.6168
2.97974867 0.6258
2.97533728 0.6113
2.96094637 0.5844
2.94417250 0.5566
2.93151132 0.5365
2.91900941 0.5198
2.90871828 0.5138
2.89863656 0.5146
2.89227120 0.5239
2.89400851 0.5422
2.90230542 0.5642
2.90667210 0.5808
2.90282654 0.5899
2.89342350 0.5945
2.88723693 0.5957
2.88893108 0.5917
2.88773925 0.5760
2.87670152 0.5539
2.87339662 0.5355
2.89085244 0.5281
2.92641003 0.5159
2.96839504 0.5013
2.99436118 0.4850
2.99861570 0.4802
2.99680169 0.4929
2.99480417 0.5153
2.98370189 0.5362
2.96271623 0.5439
2.93394959 0.5394
2.92564236 0.5306
2.94839554 0.5200
2.97922104 0.5113
2.99939973 0.5026
2.99153214 0.5059
2.97168768 0.5216
2.95893915 0.5504
2.95600755 0.5822
2.95644054 0.5956
2.95997635 0.5896
2.96526582 0.5662
2.97969838 0.5364
3.01055089 0.5042
3.04580003 0.4758
3.05820049 0.4524
3.03299129 0.4463
2.99603536 0.4537
2.96177995 0.4693
2.93435241 0.4790
2.92116155 0.4732
2.93547587 0.4597
2.97735800 0.4482
3.03496055 0.4313
3.08195241 0.4156
3.09984520 0.4074
3.07883196 0.4226
3.04568899 0.4597
3.00803026 0.5111
2.98461300 0.5584
2.97490469 0.5801
2.98962313 0.5786
3.02792979 0.5662
3.07346954 0.5436
3.11518469 0.5197
3.15243928 0.5061
3.16353090 0.5089
3.13226769 0.5257
3.06471643 0.5545
2.99586969 0.5843
2.94963157 0.6026
2.93810237 0.6050
2.95351025 0.6040
2.98210948 0.6021
3.00490883 0.5978
3.01688794 0.5941
3.02079099 0.5970
3.02472992 0.6119
3.01351054 0.6319
2.99902840 0.6395
2.99188834 0.6376
3.00969816 0.6199
3.06043996 0.5866
3.13240472 0.5450
3.18803863 0.5138
3.20536983 0.4974
3.17676611 0.5001
3.12871001 0.5190
3.07923307 0.5455
3.04659440 0.5693
3.03668667 0.5802
3.05131110 0.5752
3.08229026 0.5590
3.13696403 0.5360
3.20083624 0.5074
3.25004934 0.4859
3.25243044 0.4844
3.21147163 0.5036
3.14540179 0.5380
3.07695945 0.5697
3.02414506 0.5854
3.00211001 0.5790
3.00000260 0.5570
3.01681171 0.5234
3.04126197 0.4827
3.06915271 0.4366
3.08778740 0.3964
3.08390879 0.3761
3.06055403 0.3813
3.02843695 0.4097
2.99467097 0.4483
2.97524945 0.4683
2.97148741 0.4601
2.99170925 0.4330
3.03122912 0.3995
3.08776614 0.3718
3.14779783 0.3547
3.17357835 0.3543
3.15437979 0.3662
3.09937396 0.3943
3.04266373 0.4361
3.01857261 0.4821
3.02118643 0.5174
3.04297171 0.5330
3.07269379 0.5274
3.09649778 0.5030
3.10746132 0.4725
3.11475630 0.4597
3.12290466 0.4760
3.11820496 0.5002
3.10439708 0.5106
3.09865164 0.5153
3.10938659 0.5182
3.13530771 0.5088
3.15730971 0.4903
3.15802500 0.4634
3.14041134 0.4421
3.11905975 0.4348
3.10006583 0.4535
3.07447155 0.4948
3.04579492 0.5267
3.02193025 0.5345
3.01777233 0.5293
3.03254332 0.5165
3.06173117 0.4872
3.08084632 0.4469
3.07519871 0.4154
3.05094228 0.4037
3.02536289 0.4150
3.00885790 0.4436
2.99452315 0.4753
2.98531354 0.4944
2.98608300 0.4988
3.00326060 0.4937
3.03742307 0.4766
3.07293680 0.4455
3.07725927 0.3983
3.05052977 0.3528
3.01482739 0.3274
3.00507108 0.3270
3.02590601 0.3466
3.05952422 0.3726
3.08736907 0.4013
3.09925197 0.4316
3.09804151 0.4593
3.09067988 0.4748
3.07767186 0.4809
3.05686413 0.4728
3.02277713 0.4627
2.99357053 0.4607
3.00976738 0.4463
3.06128477 0.4254
3.12720351 0.4124
3.17793016 0.4155
3.19408803 0.4354
3.18038734 0.4669
3.14356697 0.4956
3.08934492 0.5186
3.03253995 0.5341
2.98230628 0.5422
2.94744126 0.5398
2.93950907 0.5243
2.96821665 0.4921
3.03258871 0.4636
3.09315903 0.4565
3.12061324 0.4672
3.11944766 0.4914
3.09232250 0.5205
3.05025465 0.5505
2.99518231 0.5656
2.95589994 0.5633
2.94643439 0.5621
2.95884715 0.5720
2.99686182 0.5613
3.04750585 0.5392
3.09524178 0.5214
3.12374342 0.5149
3.13104578 0.5140
3.13477440 0.5174
3.14250267 0.5318
3.16000024 0.5445
3.17503580 0.5516
3.19080186 0.5510
3.20680717 0.5555
3.20900459 0.5713
3.18993928 0.5878
3.15495532 0.6005
3.10947626 0.6082
3.06908728 0.6072
3.04779430 0.6006
3.05030472 0.6103
3.06690165 0.6169
3.07959905 0.6064
3.08262753 0.5993
3.08837635 0.6124
3.08469176 0.6449
3.06427835 0.6753
3.03127764 0.6890
2.99902018 0.6834
2.98729125 0.6606
2.99789477 0.6435
3.02723697 0.6297
3.05714101 0.6096
3.08109789 0.5853
3.10285479 0.5741
3.11860448 0.5846
3.12431153 0.5999
3.11233439 0.6155
3.10243301 0.6150
3.10727444 0.6006
3.12518091 0.5763
3.15097259 0.5479
3.16989537 0.5237
3.16987567 0.5104
3.14929895 0.5170
3.12140157 0.5484
3.09333726 0.5967
3.07051624 0.6442
3.05800344 0.6709
3.06419416 0.6685
3.09270832 0.6343
3.14016454 0.5848
3.19244440 0.5363
3.22542635 0.4999
3.22547720 0.4836
3.19083973 0.4997
3.13279252 0.5471
3.05775132 0.6079
2.98550259 0.6538
2.93540119 0.6745
2.92269069 0.6787
2.95033629 0.6580
3.00554351 0.6167
3.06713413 0.5662
3.11605036 0.5186
3.13006799 0.4901
3.11323773 0.4931
3.05807580 0.5301
2.98129294 0.5838
2.91525552 0.6325
2.88488429 0.6728
2.89847848 0.6982
2.94690318 0.7029
3.01433793 0.6722
3.07719894 0.6106
3.12715393 0.5406
3.14958592 0.4834
3.14812121 0.4598
3.11653721 0.4709
3.06051911 0.5014
3.00268392 0.5377
2.96934199 0.5728
2.97488352 0.5972
3.00705947 0.6001
3.03401905 0.5803
3.03984425 0.5536
3.03170100 0.5334
3.02206762 0.5288
3.01797831 0.5345
3.01769259 0.5457
3.01149427 0.5602
3.01409396 0.5712
3.03993714 0.5758
3.09243848 0.5762
3.14337642 0.5729
3.16728156 0.5627
3.14844831 0.5482
3.10214653 0.5449
3.05931645 0.5535
3.03430915 0.5560
3.03297012 0.5427
3.05033092 0.5280
3.08979481 0.5175
3.14138698 0.5192
3.18291546 0.5219
3.19334637 0.5259
3.16344956 0.5321
3.10749431 0.5495
3.04805545 0.5797
3.00538838 0.6153
2.98763667 0.6395
2.99267552 0.6457
3.02307594 0.6310
3.06984567 0.6056
3.12343984 0.5713
3.16465415 0.5330
3.16708558 0.4954
3.12266192 0.4668
3.05853618 0.4585
3.01040321 0.4698
2.99569285 0.4901
3.01417162 0.5044
3.05336490 0.5185
3.09813117 0.5306
3.13747712 0.5399
3.16874129 0.5438
3.17353300 0.5448
3.14861120 0.5463
3.09832307 0.5530
3.04281806 0.5653
3.00497438 0.5771
2.99826921 0.5750
3.02186105 0.5581
3.06603081 0.5392
3.11057058 0.5299
3.13956613 0.5349
3.15193962 0.5454
3.13568549 0.5651
3.10237233 0.5827
3.06213078 0.5958
3.03835960 0.6073
3.03899920 0.6192
3.05400570 0.6220
3.08363591 0.6048
3.12758497 0.5766
3.17057887 0.5474
3.18906354 0.5317
3.18737993 0.5255
3.16527715 0.5392
3.13052503 0.5724
3.09188180 0.6072
3.06354005 0.6282
3.04932077 0.6310
3.04205804 0.6194
3.05338238 0.5846
3.07877163 0.5353
3.10801703 0.4821
3.12577104 0.4357
3.12161040 0.4085
3.11890970 0.4018
3.11292989 0.4226
3.11563625 0.4589
3.11633890 0.4976
3.11576626 0.5274
3.11597262 0.5481
3.11955347 0.5582
3.12016553 0.5542
3.10257948 0.5387
3.07887878 0.5123
3.05837466 0.4894
3.06171406 0.4775
3.08674065 0.4789
3.12140835 0.4963
3.13740298 0.5202
3.12405374 0.5483
3.09143185 0.5763
3.05544881 0.5974
3.02848626 0.6068
3.01262021 0.6093
3.00880918 0.6003
3.01889464 0.5744
3.05505438 0.5314
3.10898944 0.4855
3.14717584 0.4596
3.15514434 0.4653
3.14466667 0.5027
3.12721177 0.5496
3.10895000 0.5835
3.09982638 0.5987
3.11185940 0.5964
3.12922456 0.5741
3.15215112 0.5273
3.18325635 0.4730
3.21184726 0.4323
3.19897518 0.4204
3.14290282 0.4403
3.07029130 0.4881
3.01194350 0.5482
2.96840650 0.5985
2.94934886 0.6285
2.95985864 0.6438
2.99703912 0.6375
3.05210094 0.6091
3.10233641 0.5743
3.12279681 0.5524
3.10440019 0.5572
3.06170559 0.5841
3.01845403 0.6201
2.98532398 0.6528
2.96873733 0.6697
2.97001761 0.6789
2.99289579 0.6769
3.03724789 0.6647
3.08352774 0.6436
3.12582165 0.6197
3.15209623 0.6054
3.15153362 0.6032
3.12898056 0.6124
3.09598625 0.6241
3.07051512 0.6320
3.06623773 0.6379
3.08384459 0.6437
3.11822988 0.6473
3.14850621 0.6476
3.16348153 0.6372
3.16026595 0.6207
3.14706693 0.5994
3.12942901 0.5826
3.10711563 0.5631
3.09055222 0.5405
3.08885719 0.5158
3.09635704 0.5039
3.11370173 0.5064
3.11883993 0.5230
3.09658952 0.5445
3.04943866 0.5658
2.99659777 0.5798
2.95469712 0.5851
2.93461515 0.5828
2.93930612 0.5663
2.96241243 0.5382
3.00478951 0.5084
3.05758418 0.4847
3.10600992 0.4868
3.12825720 0.5138
3.10846239 0.5622
3.06445632 0.6177
3.01521188 0.6672
2.97932719 0.7043
2.96953536 0.7261
2.99963839 0.7155
3.05254265 0.6572
3.11826781 0.5744
3.17291978 0.5049
3.20145433 0.4718
3.18024042 0.4783
3.12246516 0.5174
3.05687929 0.5752
3.01089355 0.6356
2.98686803 0.6883
2.99172662 0.7148
3.02985035 0.6946
3.08321020 0.6411
3.13193253 0.5820
3.15431763 0.5379
3.13833712 0.5190
3.09355008 0.5283
3.03792155 0.5562
2.98496176 0.5966
2.95920033 0.6333
2.96808987 0.6546
3.00494386 0.6568
3.05699893 0.6376
3.11052476 0.6065
3.14717843 0.5733
3.15474525 0.5443
3.13283256 0.5199
3.09847654 0.5035
3.07930007 0.4975
3.07803697 0.5055
3.09313449 0.5233
3.12099180 0.5439
3.14374649 0.5633
3.14996524 0.5833
3.13859607 0.6081
3.11393100 0.6408
3.08093230 0.6774
3.04204532 0.7024
3.00900967 0.7098
2.99077594 0.6998
2.98541441 0.6789
2.99612725 0.6506
3.01538474 0.6175
3.03561519 0.5989
3.04742078 0.5981
3.04527466 0.6119
3.02668930 0.6320
3.00355403 0.6523
2.98486358 0.6726
2.98220430 0.6925
2.99322625 0.7053
3.01244847 0.7025
3.02974251 0.6856
3.04220560 0.6576
3.05075077 0.6322
3.05142397 0.6216
3.03817859 0.6267
3.01317375 0.6369
2.98913495 0.6372
2.97242074 0.6287
2.97423558 0.6091
2.98539337 0.5845
2.99337576 0.5513
2.98835041 0.5166
2.98361176 0.4926
2.97899062 0.4887
2.97289437 0.5007
2.95734137 0.5248
2.94211189 0.5536
2.94610512 0.5834
2.97187856 0.6115
3.01114908 0.6275
3.04640743 0.6303
3.06024674 0.6307
3.04973203 0.6393
3.03248304 0.6561
3.01450783 0.6790
2.99559659 0.6949
2.97268192 0.7042
2.95311828 0.7144
2.94936883 0.7181
2.96312490 0.7059
2.98583321 0.6801
3.00712825 0.6510
3.01593541 0.6355
3.00504931 0.6458
2.98847761 0.6693
2.97694851 0.6922
2.97180642 0.7089
2.97215727 0.7211
2.98079971 0.7224
2.99342958 0.7074
3.01146141 0.6784
3.02551144 0.6432
3.04040218 0.6130
3.04286944 0.5980
3.02809016 0.5960
3.01571766 0.5924
3.01125995 0.5874
3.01904826 0.5843
3.03272212 0.5847
3.04020238 0.5856
3.03853511 0.5882
3.03461979 0.5954
3.03081801 0.6053
3.02554223 0.6155
3.01546147 0.6330
3.00905316 0.6543
3.01627908 0.6749
3.02800742 0.6906
3.04269356 0.6995
3.05185163 0.7024
3.05473604 0.7033
3.04427929 0.7092
3.02031902 0.7263
2.99282811 0.7561
2.97441756 0.7803
2.97321153 0.7878
2.98572776 0.7737
3.00625429 0.7477
3.02970331 0.7224
3.05041381 0.7028
3.06689458 0.6825
3.06767891 0.6693
3.06064687 0.6699
3.04363911 0.6907
3.01623781 0.7258
2.99722994 0.7424
2.99634844 0.7245
3.01787524 0.6837
3.04875178 0.6490
3.06715196 0.6329
3.07411042 0.6252
3.07481473 0.6259
3.06728272 0.6356
3.04620834 0.6561
3.01910345 0.6865
2.99775010 0.7237
3.00048448 0.7415
3.02779702 0.7301
3.07151042 0.6960
3.11015362 0.6613
3.12711702 0.6333
3.12209621 0.6259
3.10144996 0.6414
3.07666170 0.6763
3.05121790 0.7186
3.01656608 0.7626
2.98813705 0.7965
2.98038177 0.7992
2.99371686 0.7792
3.02182017 0.7501
3.05748306 0.7154
3.09035500 0.6816
3.10900003 0.6568
3.10196635 0.6534
3.07350197 0.6731
3.03477601 0.7030
2.99112402 0.7302
2.95961614 0.7468
2.94690574 0.7483
2.95365808 0.7384
2.97017759 0.7184
2.98966079 0.6883
3.01050605 0.6537
3.03077447 0.6215
3.04562024 0.5953
3.04404755 0.5814
3.02786070 0.5832
3.01848609 0.6041
3.01374337 0.6378
2.99677481 0.6756
2.97481238 0.7126
2.95344369 0.7455
2.94131431 0.7679
2.94175732 0.7810
2.94936014 0.7842
2.95885351 0.7761
2.96381978 0.7561
2.96530163 0.7168
2.97891738 0.6686
3.00722783 0.6357
3.03289398 0.6262
3.04321538 0.6477
3.03153753 0.6856
3.00870678 0.7309
2.99100479 0.7663
2.99068444 0.7880
3.00688980 0.7971
3.02163143 0.7879
3.03254457 0.7567
3.04608686 0.7161
3.06684229 0.6831
3.07686562 0.6750
3.07135240 0.6872
3.04731810 0.7112
3.01717336 0.7319
2.99305198 0.7396
2.98749290 0.7361
2.99349590 0.7251
3.00093212 0.6969
3.01577875 0.6513
3.02809970 0.6033
3.04093738 0.5671
3.04124319 0.5466
3.02974075 0.5460
3.02209062 0.5588
3.02957696 0.5809
3.04867653 0.6049
3.07580885 0.6225
3.09963657 0.6218
3.11218547 0.6043
3.10943548 0.5821
3.08993228 0.5683
3.05731969 0.5579
3.01345811 0.5608
2.97527021 0.5705
2.95398023 0.5814
2.95726906 0.5846
2.97224397 0.5814
2.99954784 0.5729
3.02799381 0.5630
3.05746940 0.5590
3.08187784 0.5599
3.09513133 0.5671
3.09223087 0.5738
3.07182454 0.5850
3.03758170 0.6014
2.99508191 0.6320
2.95174868 0.6769
2.91402168 0.7239
2.89367868 0.7596
2.89236459 0.7739
2.90723795 0.7817
2.92389992 0.7902
2.92903345 0.7866
2.92593733 0.7606
2.92473517 0.7153
2.92677577 0.6644
2.92668614 0.6267
2.91783893 0.6144
2.90326529 0.6185
2.89433148 0.6362
2.89381082 0.6583
2.89725812 0.6759
2.89978171 0.6881
2.89942352 0.6920
2.90294172 0.6843
2.90825027 0.6629
2.90335314 0.6306
2.88733216 0.5967
2.87572844 0.5805
2.88746735 0.5918
2.91608454 0.6274
2.94207224 0.6672
2.94577385 0.7016
2.94191655 0.7225
2.94448951 0.7401
2.96162118 0.7590
2.97832419 0.7669
2.97823856 0.7533
2.96149380 0.7269
2.95010725 0.7160
2.96234467 0.7222
2.98758948 0.7355
3.00071526 0.7461
2.99467736 0.7486
2.97665721 0.7564
2.96382880 0.7727
2.95476149 0.7870
2.94722830 0.7884
2.93881679 0.7813
2.93550715 0.7750
2.94463676 0.7802
2.96812210 0.7861
2.98993598 0.7786
3.00899218 0.7545
3.02613131 0.7268
3.04619953 0.7065
3.05937910 0.6984
3.05366435 0.6939
3.02819757 0.6906
2.99982243 0.6874
2.98558711 0.6954
2.99653920 0.7019
3.01178711 0.6954
3.01784204 0.6717
3.01201474 0.6460
3.01906014 0.6387
3.04303618 0.6496
3.07318431 0.6609
3.09071944 0.6686
3.08908130 0.6768
3.08827165 0.7002
3.09705919 0.7328
3.10628647 0.7550
3.09997954 0.7554
3.07924021 0.7482
3.05210560 0.7503
3.03049602 0.7620
3.01236943 0.7730
2.98662308 0.7720
2.95573699 0.7628
2.93166094 0.7585
2.92656281 0.7654
2.93576091 0.7706
2.94844399 0.7601
2.95436798 0.7396
2.95324382 0.7305
2.95583124 0.7357
2.95987326 0.7485
2.96326718 0.7560
2.95577090 0.7567
2.94256745 0.7563
2.93101366 0.7622
2.92396780 0.7720
2.91874455 0.7678
2.91689667 0.7523
2.92404679 0.7354
2.94099001 0.7252
2.96515795 0.7211
2.99500161 0.7097
3.02500737 0.6886
3.03975900 0.6768
3.04289948 0.6817
3.03160701 0.7089
3.01001897 0.7342
2.98452651 0.7403
2.96242386 0.7324
2.95671768 0.7296
2.96335202 0.7400
2.97143798 0.7563
2.96943405 0.7687
2.96586772 0.7788
2.97140411 0.7920
2.98140250 0.8074
2.98387469 0.8200
2.97766385 0.8180
2.96958660 0.8065
2.97412920 0.7939
2.99287965 0.7832
3.01115906 0.7728
3.01972265 0.7565
3.01993453 0.7421
3.01645322 0.7392
3.01134247 0.7499
3.00618226 0.7603
2.99880498 0.7643
2.99700973 0.7578
3.00620389 0.7468
3.02600989 0.7449
3.05879779 0.7537
3.08800295 0.7615
3.09628761 0.7654
3.08983426 0.7723
3.07707718 0.7882
3.06518887 0.8039
3.05116133 0.8131
3.04129217 0.8116
3.04230216 0.8033
3.05762122 0.7923
3.08492812 0.7839
3.11292187 0.7788
3.13206132 0.7698
3.13372938 0.7568
3.12944722 0.7448
3.12384437 0.7325
3.11532140 0.7189
3.11064218 0.7056
3.11183976 0.6983
3.12390383 0.6986
3.14398322 0.7056
3.15945025 0.7263
3.16842414 0.7500
3.15682924 0.7671
3.13017046 0.7728
3.10299678 0.7685
3.08312720 0.7496
3.07259298 0.7177
3.06968796 0.6712
3.07429127 0.6299
3.09160013 0.5999
3.11338539 0.5886
3.12620296 0.5964
3.11807936 0.6214
3.08978087 0.6594
3.05359158 0.7059
3.02293331 0.7479
3.00647637 0.7694
3.00291822 0.7740
3.01156874 0.7657
3.03012492 0.7596
3.05525733 0.7564
3.08108930 0.7513
3.09479814 0.7456
3.09026011 0.7382
3.07079737 0.7364
3.04280371 0.7412
3.01783452 0.7521
3.00397079 0.7596
2.99851476 0.7557
3.00145427 0.7398
3.01136462 0.7187
3.02100727 0.6929
3.02392831 0.6712
3.02293244 0.6678
3.02820477 0.6818
3.03625488 0.7154
3.03789006 0.7695
3.03700320 0.8241
3.03060613 0.8559
3.01530368 0.8564
2.99543885 0.8360
2.97405083 0.8078
2.95022551 0.7852
2.92896421 0.7651
2.91760854 0.7555
2.92009752 0.7583
2.93154473 0.7657
2.94652912 0.7654
2.96339646 0.7596
2.97684423 0.7537
2.98660103 0.7461
2.99613603 0.7365
3.00534759 0.7315
3.01763667 0.7280
3.03438507 0.7259
3.06317061 0.7187
3.10375328 0.7120
3.14494115 0.7006
3.17602226 0.6867
3.18296967 0.6825
3.16211237 0.6928
3.12537534 0.7131
3.08838554 0.7338
3.06111989 0.7489
3.05220823 0.7475
3.05886173 0.7231
3.08008730 0.6849
3.11466341 0.6431
3.14708300 0.6079
3.17317711 0.5778
3.16712689 0.5583
3.12107884 0.5503
3.05723793 0.5622
3.00103043 0.5928
2.96930124 0.6318
2.96815045 0.6655
2.98313586 0.6783
3.01075373 0.6720
3.04092477 0.6612
3.06874135 0.6571
3.08646722 0.6549
3.08825364 0.6482
3.06885352 0.6471
3.03656686 0.6627
3.00490425 0.7014
2.98224597 0.7467
2.97167449 0.7775
2.97315813 0.7865
2.98908095 0.7820
3.02190451 0.7690
3.07621972 0.7486
3.13889195 0.7222
3.19422371 0.6885
3.22441436 0.6591
3.22963469 0.6427
3.23114760 0.6398
3.23141017 0.6390
3.23051131 0.6270
3.21565938 0.6071
3.18839538 0.5856
3.16051357 0.5698
3.14673231 0.5565
3.14597451 0.5463
3.15387330 0.5380
3.15861647 0.5417
3.17034617 0.5557
3.19452775 0.5789
3.21244085 0.6010
3.21552571 0.6092
3.19365897 0.6061
3.15182064 0.6070
3.10705893 0.6182
3.07455419 0.6286
3.05135053 0.6391
3.03733715 0.6485
3.02966013 0.6617
3.03231221 0.6753
3.04085714 0.6866
3.04547419 0.6955
3.04483312 0.7032
3.03191281 0.7146
3.02424074 0.7242
3.02505048 0.7246
3.03793294 0.7206
3.05512729 0.7178
3.07237204 0.7137
3.08560973 0.7094
3.09229051 0.6974
3.08585879 0.6789
3.07320049 0.6546
3.05041289 0.6418
3.02414005 0.6404
2.99835072 0.6464
2.97964036 0.6549
2.97522331 0.6680
2.97628394 0.6894
2.97957327 0.7161
2.98486212 0.7387
2.99699602 0.7504
3.00844497 0.7507
3.01520104 0.7421
3.02176192 0.7313
3.02842578 0.7189
3.03107455 0.7040
3.02596352 0.7028
3.01721315 0.7156
3.00808483 0.7398
2.99744991 0.7619
2.98677672 0.7719
2.98424523 0.7649
2.98868531 0.7518
3.00277238 0.7407
3.02224909 0.7303
3.03990670 0.7124
3.05890924 0.6847
3.08253508 0.6642
3.11153180 0.6635
3.13670094 0.6804
3.14265396 0.7017
3.13461054 0.7134
3.12213809 0.7064
3.12212888 0.6845
3.12674439 0.6766
3.12778443 0.6927
3.12587727 0.6956
3.12301427 0.6811
3.12789875 0.6701
3.14005826 0.6760
3.14686178 0.6967
3.14489104 0.7222
3.13635922 0.7466
3.12622831 0.7671
3.11945501 0.7861
3.10909827 0.7987
3.09270998 0.7966
3.06922736 0.7842
3.05185846 0.7752
3.05206239 0.7718
3.06055031 0.7740
3.06886850 0.7698
3.08098413 0.7568
3.09326048 0.7437
3.10228032 0.7353
3.10267356 0.7249
3.09003227 0.7039
3.07212299 0.6701
3.04995669 0.6380
3.03550469 0.6136
3.02090541 0.6027
3.00040499 0.5985
2.97114702 0.6038
2.94840242 0.6149
2.94567804 0.6223
2.96345133 0.6255
2.98637299 0.6228
3.00643854 0.6153
3.02977875 0.6142
3.06185693 0.6226
3.09439259 0.6469
3.10709501 0.6754
3.08664637 0.7162
3.04844364 0.7581
3.01151637 0.7908
2.98965582 0.8085
2.98126508 0.8078
2.98296810 0.7940
2.99443815 0.7741
3.01693666 0.7551
3.05034017 0.7383
3.08117746 0.7223
3.09818813 0.7071
3.10001659 0.7002
3.09170909 0.6962
3.06951739 0.6887
3.03113366 0.6781
2.98526131 0.6608
2.94035984 0.6423
2.91295730 0.6250
2.91910570 0.6149
2.94670735 0.6111
2.97801748 0.6130
3.00031065 0.6133
3.01607833 0.6156
3.03462105 0.6190
3.05403374 0.6218
3.06296793 0.6304
3.05294903 0.6420
3.03129395 0.6573
3.01702068 0.6709
3.01775407 0.6856
3.02712178 0.6980
3.02361899 0.7048
3.00480178 0.7106
2.98695885 0.7259
2.98341436 0.7407
2.98920709 0.7414
2.99707287 0.7328
2.99787587 0.7209
2.98737065 0.7068
2.98122879 0.6892
2.98766835 0.6844
3.00187162 0.7058
3.01587108 0.7333
3.02622318 0.7521
3.02443562 0.7049
3.00738872 0.7130
2.99054415 0.7293
2.98437012 0.7435
2.99154096 0.7472
2.99726320 0.7429
2.99646769 0.7363
2.99081726 0.7215
2.98826004 0.6979
3.00044126 0.6839
3.01353795 0.7021
3.01901980 0.7310
3.01828946 0.7470
3.02014148 0.7490
3.02701216 0.7403
3.04832815 0.7160
3.07995373 0.6716
3.10319575 0.6165
3.10572337 0.5625
3.10224573 0.5207
3.10021016 0.5074
3.09348809 0.5226
3.07238957 0.5525
3.04364385 0.5883
3.02571531 0.6243
3.02073959 0.6603
3.03033630 0.6772
3.05164892 0.6666
3.07962952 0.6399
3.10400141 0.6107
3.12307244 0.5904
3.13844288 0.5882
3.14003790 0.5973
3.12036692 0.6159
3.09951425 0.6442
3.08436940 0.6778
3.07619138 0.7159
3.06474968 0.7506
3.05021649 0.7655
3.03821232 0.7636
3.02792023 0.7561
3.02004043 0.7444
3.01657852 0.7332
3.01443189 0.7156
3.01381346 0.6938
3.00879012 0.6719
3.00482630 0.6580
3.00408389 0.6531
2.99634213 0.6572
2.97959793 0.6612
2.95795549 0.6717
2.93425151 0.6917
2.91471094 0.7168
2.89886993 0.7402
2.89185230 0.7493
2.89985664 0.7447
2.91751746 0.7330
2.94492917 0.7260
2.97663621 0.7219
2.99741553 0.7233
3.00134268 0.7267
2.98602463 0.7354
2.96292385 0.7501
2.94353144 0.7734
2.93017171 0.7949
2.92570384 0.8084
2.93002595 0.8085
2.94758004 0.8017
2.97317323 0.7914
3.00202893 0.7813
3.01790115 0.7725
3.01200484 0.7633
2.99683048 0.7520
2.98846303 0.7495
2.99017645 0.7571
3.00426501 0.7607
3.02543768 0.7556
3.04574845 0.7469
3.06009131 0.7415
3.06823646 0.7441
3.06234316 0.7569
3.02713873 0.7784
2.97583153 0.7908
2.92416312 0.7911
2.88513706 0.7919
2.85932472 0.8035
2.85578329 0.8166
2.87628252 0.8153
2.91205485 0.7982
2.95312740 0.7791
2.98206087 0.7651
2.99185721 0.7577
2.97187863 0.7593
2.93498873 0.7692
2.90222154 0.7813
2.87816219 0.7957
2.87325345 0.8071
2.89129312 0.8088
2.93412629 0.7932
2.98322413 0.7639
3.02962582 0.7250
3.06833315 0.6908
3.09279267 0.6834
3.10256174 0.7067
3.08783790 0.7486
3.05073808 0.7889
3.01219757 0.8118
2.99397439 0.8131
3.00861727 0.7968
3.04065256 0.7647
3.06091560 0.7175
3.06324966 0.6734
3.04840861 0.6479
3.03246798 0.6485
3.01855540 0.6745
3.00209593 0.7143
2.98632713 0.7579
2.96828303 0.7934
2.95677321 0.8048
2.95920058 0.7984
2.97290197 0.7895
2.97735990 0.7840
2.96101491 0.7754
2.93323092 0.7647
2.90770520 0.7580
2.89424811 0.7601
2.88325129 0.7682
2.87099415 0.7805
2.85596275 0.7906
2.85082639 0.7960
2.86255428 0.7957
2.88656177 0.7934
2.91580203 0.7883
2.93595470 0.7797
2.94771527 0.7779
2.96242469 0.7840
2.98368430 0.7923
3.00961779 0.7907
3.02109746 0.7812
3.02493060 0.7600
3.02285073 0.7327
3.03443355 0.7128
3.05819823 0.7168
3.07766834 0.7346
3.08495636 0.7515
3.08082959 0.7684
3.07196062 0.7884
3.06230933 0.8135
3.05476043 0.8315
3.04333394 0.8393
3.02704518 0.8347
3.00066980 0.8266
2.97979794 0.8200
2.96545777 0.8151
2.95698296 0.8040
2.95410521 0.7920
2.96217803 0.7849
2.97379714 0.7878
2.98875343 0.7927
3.00053757 0.7963
3.00525566 0.7901
2.99302317 0.7787
2.96984274 0.7692
2.94673190 0.7639
2.93026725 0.7595
2.92915356 0.7498
2.94160888 0.7384
2.96813776 0.7342
2.99800114 0.7422
3.02747171 0.7511
3.05110370 0.7523
3.05314415 0.7554
3.04153572 0.7648
3.02371404 0.7905
3.00903714 0.8211
3.00296931 0.8323
2.99183493 0.8269
2.97653093 0.8158
2.96573951 0.8093
2.95884419 0.8028
2.96369859 0.7980
2.97567814 0.8032
2.98250695 0.8164
2.98683376 0.8300
2.98961739 0.8446
2.98479352 0.8599
2.96501218 0.8678
