2.77723978 0.8262
2.79897551 0.8441
2.81950266 0.8572
2.83873948 0.8664
2.85560797 0.8721
2.86832086 0.8768
2.87518025 0.8821
2.87413945 0.8887
2.86458891 0.8959
2.84833859 0.9017
2.82708607 0.9045
2.80322431 0.9023
2.78064028 0.8953
2.76069778 0.8843
2.74420365 0.8718
2.73316800 0.8606
2.72886295 0.8533
2.73125125 0.8506
2.74006422 0.8523
2.75309008 0.8573
2.76796221 0.8635
2.78386458 0.8707
2.79914169 0.8764
2.81338033 0.8795
2.82687768 0.8799
2.83925175 0.8771
2.84923999 0.8726
2.85473304 0.8684
2.85510082 0.8663
2.84975361 0.8672
2.83892448 0.8715
2.82473205 0.8788
2.80741241 0.8839
2.78921576 0.8864
2.77066630 0.8827
2.75346121 0.8730
2.73938141 0.8594
2.72966662 0.8446
2.72381068 0.8299
2.72221608 0.8193
2.72323060 0.8121
2.72496078 0.8089
2.72660343 0.8110
2.72832371 0.8176
2.72995238 0.8270
2.73214676 0.8383
2.73491866 0.8491
2.73843876 0.8588
2.74327552 0.8663
2.74909802 0.8722
2.75498983 0.8758
2.76136362 0.8780
2.76763012 0.8801
2.77205483 0.8818
2.77338441 0.8832
2.77258744 0.8841
2.76839962 0.8809
2.76228470 0.8761
2.75609445 0.8681
2.75154573 0.8572
2.75031473 0.8445
2.75293025 0.8310
2.75819162 0.8176
2.76616223 0.8058
2.77529939 0.7957
2.78520203 0.7873
2.79470254 0.7800
2.80341968 0.7738
2.81142506 0.7683
2.81826805 0.7616
2.82432728 0.7549
2.83108998 0.7494
2.83987714 0.7464
2.85099836 0.7472
2.86387132 0.7529
2.87592619 0.7637
2.88659791 0.7785
2.89345888 0.7947
2.89574481 0.8098
2.89209649 0.8218
2.88377737 0.8303
2.87374729 0.8359
2.86261258 0.8384
2.85308090 0.8394
2.84442146 0.8391
2.83739709 0.8385
2.83202439 0.8381
2.82943935 0.8390
2.83113724 0.8421
2.83604182 0.8458
2.84527636 0.8504
2.85763596 0.8543
2.87352068 0.8573
2.89125132 0.8585
2.90881452 0.8585
2.92500474 0.8579
2.93846591 0.8568
2.94864266 0.8562
2.95270968 0.8559
2.94960994 0.8552
2.93953987 0.8545
2.92298195 0.8539
2.90332153 0.8538
2.88301334 0.8540
2.86469442 0.8536
2.84958995 0.8518
2.83872722 0.8490
2.83202903 0.8451
2.82922041 0.8411
2.83055761 0.8374
2.83491818 0.8342
2.84158483 0.8325
2.85053861 0.8314
2.86184790 0.8300
2.87503128 0.8272
2.88869866 0.8227
2.90162048 0.8163
2.91171931 0.8087
2.91755677 0.8002
2.91765911 0.7911
2.91303428 0.7824
2.90497150 0.7752
2.89497599 0.7699
2.88389882 0.7665
2.87271945 0.7657
2.86103405 0.7665
2.85007275 0.7694
2.83996522 0.7731
2.83063801 0.7759
2.82155271 0.7774
2.81426614 0.7797
2.80852078 0.7818
2.80361508 0.7834
2.80095152 0.7859
2.79971578 0.7891
2.79839201 0.7914
2.79872139 0.7927
2.79984582 0.7923
2.80243021 0.7906
2.80606634 0.7884
2.80973148 0.7865
2.81372588 0.7853
2.81732208 0.7849
2.82080962 0.7842
2.82484685 0.7831
2.82777374 0.7814
2.82783469 0.7790
2.82431630 0.7767
2.81700725 0.7752
2.80643748 0.7755
2.79409154 0.7779
2.78168893 0.7830
2.77152588 0.7902
2.76503356 0.7989
2.76325685 0.8078
2.76668299 0.8149
2.77501301 0.8195
2.78648799 0.8202
2.79898422 0.8164
2.81055688 0.8092
2.81939006 0.7996
2.82457499 0.7901
2.82663654 0.7829
2.82719530 0.7811
2.82874402 0.7854
2.83287103 0.7945
2.84079736 0.8083
2.85281564 0.8238
2.86727670 0.8383
2.88192619 0.8500
2.89386356 0.8575
2.90101233 0.8626
2.90234019 0.8665
2.89874864 0.8714
2.89145153 0.8780
2.88202148 0.8858
2.87222521 0.8926
2.86397261 0.8961
2.85692617 0.8958
2.85151715 0.8914
2.84747650 0.8839
2.84358076 0.8744
2.83896470 0.8651
2.83278015 0.8570
2.82534773 0.8516
2.81661380 0.8491
2.80850492 0.8494
2.80219459 0.8519
2.79850743 0.8547
2.79756291 0.8573
2.80014647 0.8593
2.80612910 0.8593
2.81445923 0.8572
2.82397030 0.8544
2.83328744 0.8527
2.84146480 0.8537
2.84732724 0.8574
2.85082165 0.8637
2.85076295 0.8700
2.84718026 0.8734
2.84035624 0.8716
2.83072389 0.8628
2.81887861 0.8476
2.80556045 0.8285
2.79160565 0.8097
2.77890362 0.7954
2.76849591 0.7880
2.76126432 0.7876
2.75818883 0.7943
2.75862447 0.8047
2.76231516 0.8174
2.76896408 0.8296
2.77754018 0.8398
2.78717146 0.8474
2.79705770 0.8520
2.80722989 0.8554
2.81692179 0.8578
2.82588434 0.8608
2.83416260 0.8641
2.84103864 0.8684
2.84583775 0.8738
2.84875545 0.8799
2.84973026 0.8850
2.84908668 0.8883
2.84697717 0.8891
2.84358838 0.8872
2.83902607 0.8835
2.83300791 0.8800
2.82693889 0.8776
2.82113832 0.8774
2.81753759 0.8800
2.81668601 0.8842
2.81889033 0.8887
2.82373711 0.8919
2.83131723 0.8923
2.84060993 0.8893
2.85067073 0.8829
2.86028528 0.8741
2.86797538 0.8640
2.87231077 0.8549
2.87334048 0.8481
2.87160776 0.8443
2.86805616 0.8440
2.86429071 0.8483
2.86201786 0.8569
2.86318753 0.8684
2.86818761 0.8817
2.87631989 0.8948
2.88572844 0.9058
2.89566108 0.9145
2.90440907 0.9207
2.91116651 0.9244
2.91594863 0.9255
2.91917374 0.9233
2.92221727 0.9183
2.92574711 0.9104
2.93054976 0.8993
2.93619769 0.8842
2.94252921 0.8670
2.94806940 0.8499
2.95034791 0.8348
2.94792381 0.8233
2.93907108 0.8151
2.92386012 0.8124
2.90352249 0.8155
2.88087910 0.8247
2.85738005 0.8380
2.83599307 0.8545
2.81923006 0.8732
2.80783091 0.8920
2.80102659 0.9083
2.79686385 0.9210
2.79483327 0.9302
2.79405168 0.9351
2.79398130 0.9352
2.79473052 0.9319
2.79644755 0.9270
2.79921335 0.9208
2.80306364 0.9138
2.80774368 0.9057
2.81343680 0.8968
2.81995817 0.8872
2.82649882 0.8777
2.83310866 0.8689
2.83900425 0.8612
2.84402827 0.8559
2.84822219 0.8537
2.85184321 0.8556
2.85567769 0.8620
2.85983541 0.8719
2.86451911 0.8853
2.87034077 0.9008
2.87675162 0.9167
2.88318233 0.9318
2.88864974 0.9437
2.89401147 0.9525
2.89954625 0.9585
2.90408637 0.9617
2.90791824 0.9630
2.91047859 0.9635
2.91123677 0.9632
2.90881905 0.9624
2.90343061 0.9612
2.89524621 0.9590
2.88497042 0.9558
2.87396374 0.9515
2.86294718 0.9466
2.85262208 0.9412
2.84324732 0.9356
2.83394299 0.9297
2.82589742 0.9243
2.81736064 0.9187
2.80887236 0.9140
2.80111648 0.9117
2.79418743 0.9119
2.78864655 0.9146
2.78652996 0.9206
2.78788224 0.9295
2.79253931 0.9401
2.80090052 0.9519
2.81300120 0.9645
2.82782045 0.9770
2.84406781 0.9882
2.86094510 0.9973
2.87658941 1.0037
2.88889432 1.0069
2.89623048 1.0073
2.89714370 1.0067
2.89236708 1.0066
2.88254995 1.0083
2.86932455 1.0119
2.85430119 1.0164
2.83843878 1.0196
2.82291730 1.0187
2.80877498 1.0137
2.79618441 1.0036
2.78557580 0.9906
2.77714913 0.9765
2.77228827 0.9652
2.77001076 0.9576
2.77018784 0.9548
2.77264499 0.9569
2.77678880 0.9628
2.78233675 0.9704
2.79024149 0.9785
2.80128808 0.9856
2.81449258 0.9897
2.82956546 0.9921
2.84544154 0.9943
2.85979580 0.9959
2.87042730 0.9977
2.87612888 1.0008
2.87719825 1.0057
2.87185100 1.0118
2.86065614 1.0163
2.84363814 1.0174
2.82274367 1.0145
2.79796269 1.0067
2.77003810 0.9947
2.74049909 0.9798
2.71179241 0.9650
2.68470800 0.9510
2.66078695 0.9394
2.64111381 0.9310
2.62535121 0.9244
2.61436701 0.9192
2.60913875 0.9162
2.60953793 0.9149
2.61563209 0.9161
2.62716181 0.9198
2.64227477 0.9259
2.65905333 0.9327
2.67639391 0.9403
2.69205065 0.9464
2.70620345 0.9518
2.71647354 0.9531
2.72257222 0.9497
2.72428445 0.9419
2.72089157 0.9282
2.71258629 0.9104
2.69966995 0.8903
2.68485994 0.8712
2.66963418 0.8549
2.65519954 0.8430
2.64338830 0.8364
2.63495778 0.8353
2.62995198 0.8386
2.62937379 0.8469
2.63332828 0.8591
2.64119053 0.8737
2.65281514 0.8909
2.66736559 0.9096
2.68290829 0.9294
2.69585046 0.9461
2.70775122 0.9628
2.71747899 0.9773
2.72573805 0.9889
2.73376395 0.9984
2.74060072 1.0029
2.74586483 1.0024
2.74857123 0.9970
2.74793157 0.9887
2.74338343 0.9792
2.73619296 0.9713
2.72689791 0.9654
2.71843156 0.9633
2.71310107 0.9657
2.71244889 0.9718
2.71693851 0.9800
2.72644874 0.9890
2.74104815 0.9975
2.75903366 1.0044
2.78029947 1.0108
2.80141722 1.0162
2.82118026 1.0211
2.83682372 1.0249
2.84847906 1.0280
2.85660369 1.0301
2.86139688 1.0308
2.86353268 1.0290
2.86359012 1.0242
2.86058192 1.0158
2.85407732 1.0043
2.84375050 0.9901
2.83040978 0.9751
2.81498723 0.9614
2.79817145 0.9500
2.78175443 0.9421
2.76612476 0.9373
2.75276559 0.9360
2.74302324 0.9368
2.73883588 0.9401
2.74048854 0.9448
2.74703821 0.9500
2.75814809 0.9562
2.77263579 0.9638
2.78843332 0.9724
2.80472942 0.9821
2.82092674 0.9928
2.83575625 1.0020
2.84866675 1.0084
2.85961291 1.0111
2.86666923 1.0094
2.86925272 1.0045
2.86734123 0.9982
2.85911783 0.9920
2.84600112 0.9876
2.82950027 0.9854
2.81254218 0.9843
2.79637814 0.9827
2.78303067 0.9785
2.77419996 0.9716
2.77083438 0.9643
2.77151839 0.9563
2.77630665 0.9508
2.78368186 0.9493
2.79255473 0.9529
2.80407546 0.9637
2.81722675 0.9795
2.83128206 0.9976
2.84735747 1.0163
2.86419981 1.0324
2.88137234 1.0443
2.89718730 1.0506
2.91072583 1.0510
2.91938025 1.0475
2.92259309 1.0420
2.92095370 1.0368
2.91486328 1.0331
2.90520958 1.0295
2.89206805 1.0245
2.87834774 1.0170
2.86522063 1.0055
2.85392604 0.9896
2.84602152 0.9718
2.84130070 0.9526
2.83813147 0.9341
2.83618310 0.9181
2.83483609 0.9065
2.83373219 0.8994
2.83259126 0.8975
2.83207182 0.9005
2.83195845 0.9076
2.83217972 0.9180
2.83303624 0.9311
2.83408988 0.9456
2.83620364 0.9599
2.84025485 0.9738
2.84726146 0.9855
2.85725339 0.9937
2.86845388 0.9984
2.87953587 1.0005
2.88847311 0.9995
2.89319668 0.9971
2.89256558 0.9947
2.88565208 0.9922
2.87284432 0.9906
2.85588197 0.9901
2.83619852 0.9874
2.81487204 0.9813
2.79380341 0.9709
2.77242448 0.9549
2.75267672 0.9355
2.73401626 0.9121
2.71893971 0.8907
2.70737003 0.8737
2.69882463 0.8645
2.69355350 0.8648
2.69099109 0.8750
2.69170805 0.8936
2.69588669 0.9157
2.70465100 0.9380
2.71727088 0.9566
2.73393130 0.9716
2.75305197 0.9815
2.77284063 0.9880
2.79304304 0.9928
2.81279574 0.9965
2.83100339 0.9999
2.84660614 1.0032
2.85932057 1.0067
2.86858789 1.0099
2.87244973 1.0114
2.87036728 1.0108
2.86339963 1.0073
2.85161611 1.0028
2.83597230 0.9991
2.81864734 0.9972
2.80074624 0.9991
2.78542669 1.0048
2.77276641 1.0133
2.76530479 1.0227
2.76266962 1.0305
2.76388481 1.0352
2.76874679 1.0360
2.77572945 1.0334
2.78331137 1.0292
2.79102337 1.0258
2.79800625 1.0254
2.80485796 1.0273
2.81063609 1.0305
2.81647307 1.0341
2.82316677 1.0360
2.83022306 1.0360
2.83592010 1.0318
2.83894835 1.0252
2.83751682 1.0172
2.83142817 1.0081
2.82089947 0.9988
2.80576177 0.9908
2.78780166 0.9845
2.76963274 0.9787
2.75320470 0.9728
2.74002631 0.9653
2.73144947 0.9552
2.72810624 0.9421
2.72979582 0.9290
2.73477253 0.9154
2.74291566 0.9058
2.75181193 0.9004
2.76061294 0.8988
2.76908790 0.9011
2.77762162 0.9054
2.78676916 0.9097
2.79564292 0.9121
2.80363264 0.9124
2.80906681 0.9111
2.81006965 0.9095
2.80626863 0.9087
2.79838699 0.9090
2.78842159 0.9118
2.77774531 0.9173
2.76792651 0.9244
2.76054618 0.9315
2.75758267 0.9368
2.75960035 0.9390
2.76659706 0.9372
2.77723516 0.9318
2.79114024 0.9245
2.80642076 0.9166
2.82211341 0.9103
2.83659542 0.9063
2.84879135 0.9051
2.85896633 0.9062
2.86709246 0.9079
2.87363245 0.9089
2.87802655 0.9085
2.87966050 0.9071
2.87911945 0.9057
2.87640388 0.9056
2.87172653 0.9073
2.86571889 0.9113
2.85906712 0.9176
2.85266749 0.9250
2.84728083 0.9316
2.84444772 0.9362
2.84556372 0.9383
2.84994095 0.9370
2.85870800 0.9333
2.87042022 0.9275
2.88686118 0.9228
2.90655064 0.9188
2.92779116 0.9164
2.94768125 0.9157
2.96499557 0.9158
2.97782165 0.9153
2.98564505 0.9142
2.98648673 0.9124
2.98171280 0.9098
2.97120649 0.9074
2.95569641 0.9071
2.93682539 0.9093
2.91673931 0.9145
2.89800378 0.9211
2.88194723 0.9282
2.86944000 0.9343
2.86132047 0.9384
2.85712787 0.9400
2.85529409 0.9396
2.85508088 0.9382
2.85695277 0.9383
2.86124337 0.9404
2.86786718 0.9447
2.87669698 0.9502
2.88640893 0.9554
2.89529186 0.9593
2.90089374 0.9608
2.90169762 0.9598
2.89749684 0.9569
2.88790993 0.9528
2.87438670 0.9484
2.85723165 0.9440
2.83839676 0.9406
2.81920606 0.9389
2.80199509 0.9384
2.78749217 0.9371
2.77608330 0.9338
2.76792358 0.9285
2.76248503 0.9209
2.75967895 0.9126
2.76032667 0.9072
2.76316834 0.9052
2.76798176 0.9063
2.77396080 0.9109
2.78157048 0.9188
2.78992424 0.9284
2.79864051 0.9391
2.80719514 0.9502
2.81543210 0.9608
2.82299113 0.9706
2.83003866 0.9781
2.83605644 0.9847
2.84105674 0.9894
2.84524948 0.9931
2.84839915 0.9966
2.85083548 0.9997
2.85322694 1.0014
2.85544743 1.0018
2.85787146 1.0006
2.85984039 0.9985
2.86122136 0.9952
2.86091228 0.9905
2.85801263 0.9857
2.85302818 0.9817
2.84476241 0.9790
2.83405673 0.9776
2.82049359 0.9763
2.80560298 0.9759
2.78925571 0.9748
2.77228358 0.9733
2.75536498 0.9711
2.73890067 0.9686
2.72279049 0.9668
2.70756923 0.9657
2.69380785 0.9655
2.68166586 0.9661
2.67247776 0.9674
2.66713529 0.9683
2.66563392 0.9686
2.66723331 0.9672
2.67170402 0.9646
2.67860836 0.9621
2.68578957 0.9598
2.69224165 0.9579
2.69699484 0.9567
2.70048556 0.9559
2.70286780 0.9554
2.70526071 0.9548
2.70843859 0.9531
2.71342868 0.9504
2.72083518 0.9463
2.73038697 0.9416
2.74131659 0.9369
2.75215160 0.9330
2.76219629 0.9306
2.77016976 0.9295
2.77583468 0.9297
2.77948606 0.9306
2.78211285 0.9322
2.78380936 0.9337
2.78534822 0.9344
2.78618169 0.9345
2.78587276 0.9350
2.78415543 0.9353
2.78034471 0.9365
2.77470401 0.9381
2.76713018 0.9393
2.75828330 0.9395
2.74878392 0.9382
2.73989631 0.9344
2.73263272 0.9284
2.72730605 0.9205
2.72328413 0.9103
2.71987282 0.8988
2.71689923 0.8873
2.71317980 0.8761
2.70892009 0.8664
2.70443987 0.8590
2.70079770 0.8531
2.69885807 0.8493
2.69909815 0.8476
2.70130331 0.8462
2.70519940 0.8453
2.71145886 0.8458
2.71936836 0.8474
2.72737932 0.8510
2.73420774 0.8562
2.73899690 0.8625
2.74107406 0.8690
2.74097831 0.8738
2.74003066 0.8768
2.73992654 0.8770
2.74152587 0.8736
2.74423674 0.8671
2.74970425 0.8590
2.75658901 0.8487
2.76496632 0.8386
2.77281882 0.8284
2.78015842 0.8184
2.78742257 0.8094
2.79487725 0.8030
2.80273185 0.7992
2.81108010 0.7977
2.81978903 0.7992
2.82898388 0.8015
2.83851337 0.8043
2.84808220 0.8081
2.85682558 0.8118
2.86426930 0.8160
2.86996128 0.8212
2.87368083 0.8263
2.87587856 0.8309
2.87679897 0.8339
2.87879103 0.8361
2.88347190 0.8366
2.89112064 0.8346
2.90077793 0.8305
2.91134858 0.8256
2.92114639 0.8205
2.92834045 0.8158
2.93184987 0.8118
2.92989190 0.8085
2.92139585 0.8067
2.90617544 0.8064
2.88493234 0.8072
2.85835892 0.8093
2.82948005 0.8134
2.80122414 0.8192
2.77693328 0.8260
2.75784584 0.8342
2.74365783 0.8422
2.73444815 0.8489
2.73086178 0.8534
2.73239181 0.8543
2.73812785 0.8520
2.74703126 0.8466
2.75867224 0.8393
2.77142650 0.8317
2.78469046 0.8247
2.79814606 0.8189
2.81123827 0.8149
2.82357880 0.8132
2.83424042 0.8136
2.84313553 0.8158
2.85012163 0.8200
2.85547497 0.8249
2.85923138 0.8299
2.86208300 0.8354
2.86467812 0.8419
2.86746694 0.8491
2.87082326 0.8570
2.87303356 0.8646
2.87385318 0.8711
2.87299144 0.8762
2.87004816 0.8784
2.86473647 0.8772
2.85715136 0.8726
2.84760000 0.8650
2.83586515 0.8560
2.82269948 0.8479
2.80853670 0.8412
2.79357303 0.8364
2.77827365 0.8334
2.76192583 0.8315
2.74495459 0.8302
2.72895471 0.8305
2.71464007 0.8317
2.70323561 0.8340
2.69496032 0.8379
2.69083587 0.8433
2.69158041 0.8490
2.69755950 0.8551
2.70843509 0.8602
2.72351095 0.8646
2.74125701 0.8687
2.76044524 0.8719
2.77949496 0.8739
2.79681383 0.8742
2.81090812 0.8720
2.82074244 0.8676
2.82666029 0.8613
2.82964061 0.8544
2.83220272 0.8479
2.83506933 0.8425
2.83845187 0.8387
2.84257575 0.8372
2.84631087 0.8378
2.84774420 0.8403
2.84623693 0.8433
2.84062807 0.8475
2.83045188 0.8515
2.81707396 0.8543
2.80238391 0.8547
2.78971244 0.8513
2.78112008 0.8449
2.77741554 0.8359
2.77838158 0.8258
2.78371022 0.8161
2.79115953 0.8078
2.79942025 0.8022
2.80730626 0.7990
2.81485989 0.7984
2.82211108 0.8002
2.82967007 0.8036
2.83769062 0.8074
2.84723133 0.8109
2.85848711 0.8142
2.87127683 0.8174
2.88381759 0.8208
2.89488400 0.8249
2.90289259 0.8291
2.90603682 0.8333
2.90390419 0.8373
2.89681643 0.8406
2.88636774 0.8426
2.87636513 0.8426
2.86805701 0.8403
2.86266334 0.8363
2.86071693 0.8317
2.86062881 0.8268
2.86082627 0.8229
2.86037288 0.8206
2.85954269 0.8216
2.85901021 0.8252
2.85942958 0.8311
2.86090230 0.8380
2.86334369 0.8439
2.86526879 0.8481
2.86587864 0.8504
2.86347794 0.8508
2.85682800 0.8494
2.84557663 0.8462
2.83036880 0.8415
2.81251739 0.8355
2.79534653 0.8281
2.78065621 0.8202
2.77054536 0.8121
2.76668827 0.8042
2.76879516 0.7960
2.77539714 0.7875
2.78374484 0.7782
2.79138147 0.7689
2.79676682 0.7615
2.79896241 0.7564
2.79945366 0.7562
2.79955933 0.7617
2.80020028 0.7730
2.80256815 0.7896
2.80593400 0.8087
2.81056747 0.8285
2.81414400 0.8467
2.81526949 0.8617
2.81229562 0.8717
2.80442758 0.8760
2.79232181 0.8752
2.77801367 0.8700
2.76343121 0.8620
2.74957613 0.8521
2.73822049 0.8415
2.72887849 0.8298
2.72189393 0.8175
2.71814716 0.8056
2.71564338 0.7930
2.71429326 0.7799
2.71523671 0.7677
2.71794344 0.7572
2.72349349 0.7493
2.73128123 0.7454
2.74131988 0.7460
2.75347273 0.7516
2.76686088 0.7600
2.78113106 0.7699
2.79586226 0.7798
2.80844189 0.7872
2.81889940 0.7916
2.82837874 0.7936
2.83640238 0.7941
2.84282953 0.7942
2.84814677 0.7940
2.85163462 0.7943
2.85118306 0.7946
2.84663060 0.7938
2.83874128 0.7905
2.82846172 0.7844
2.81708509 0.7764
2.80560108 0.7675
2.79539741 0.7593
2.78792527 0.7541
2.78453861 0.7541
2.78445949 0.7587
2.78813429 0.7678
2.79413138 0.7796
2.79987070 0.7910
2.80324364 0.7994
2.80282528 0.8033
2.79865680 0.8023
2.79180758 0.7973
2.78417599 0.7908
2.77749171 0.7858
2.77336995 0.7839
2.77222066 0.7855
2.77299857 0.7887
2.77505415 0.7933
2.77736847 0.7980
2.77955893 0.8018
2.78092213 0.8047
2.78197008 0.8065
2.78285242 0.8071
2.78418888 0.8076
2.78579722 0.8083
2.78925881 0.8100
2.79509608 0.8126
2.80295779 0.8162
2.81239297 0.8197
2.82243266 0.8215
2.83204418 0.8216
2.84032831 0.8189
2.84747016 0.8149
2.85334345 0.8088
2.85915830 0.8031
2.86479805 0.7979
2.87024807 0.7936
2.87557394 0.7907
2.88045874 0.7888
2.88479667 0.7873
2.88714484 0.7853
2.88757495 0.7829
2.88526602 0.7793
2.87879396 0.7742
2.86871401 0.7684
2.85592798 0.7631
2.84295695 0.7598
2.83109181 0.7589
2.82055762 0.7608
2.81134687 0.7646
2.80341221 0.7691
2.79668570 0.7728
2.79164604 0.7757
2.78872559 0.7777
2.78829657 0.7790
2.79079928 0.7812
2.79446191 0.7835
2.79816871 0.7852
2.80123956 0.7858
2.80338829 0.7858
2.80555564 0.7848
2.80864298 0.7836
2.81486692 0.7828
2.82397735 0.7820
2.83590991 0.7816
2.85003534 0.7807
2.86462848 0.7817
2.87865945 0.7847
2.88977376 0.7899
2.89686963 0.7972
2.89929816 0.8048
2.89662528 0.8106
2.88946215 0.8129
2.87810977 0.8105
2.86402257 0.8032
2.84834417 0.7922
2.83175576 0.7784
2.81558085 0.7640
2.80121007 0.7505
2.78924110 0.7379
2.78059588 0.7273
2.77576872 0.7206
2.77500605 0.7178
2.77875258 0.7193
2.78609868 0.7231
2.79592572 0.7278
2.80684862 0.7333
2.81850171 0.7381
2.83036241 0.7433
2.84110645 0.7475
2.85023209 0.7519
2.85613077 0.7559
2.85890372 0.7595
2.85901702 0.7626
2.85636903 0.7640
2.85139542 0.7629
2.84385203 0.7586
2.83550634 0.7523
2.82654382 0.7457
2.81717385 0.7403
2.80813521 0.7362
2.79987801 0.7351
2.79317509 0.7361
2.78927319 0.7400
2.78854786 0.7467
2.79069306 0.7547
2.79435521 0.7615
2.79865094 0.7653
2.80142764 0.7644
2.80180939 0.7606
2.79825441 0.7544
2.79083347 0.7477
2.77961708 0.7418
2.76720655 0.7391
2.75555460 0.7390
2.74616627 0.7399
2.73914384 0.7400
2.73501284 0.7384
2.73265126 0.7330
2.73130161 0.7251
2.73000369 0.7167
2.72802538 0.7094
2.72518453 0.7055
2.72277486 0.7058
2.72238333 0.7111
2.72522383 0.7210
2.73174071 0.7344
2.74257290 0.7492
2.75632770 0.7623
2.77092245 0.7726
2.78444134 0.7807
2.79416742 0.7858
2.79882980 0.7908
2.79831144 0.7955
2.79301083 0.7991
2.78471388 0.8017
2.77520313 0.8005
2.76650315 0.7935
2.75821857 0.7810
2.75104412 0.7625
2.74462557 0.7400
2.73797013 0.7176
2.73045091 0.6992
2.72214017 0.6867
2.71428974 0.6821
2.70807655 0.6853
2.70598100 0.6953
2.70800592 0.7093
2.71378524 0.7243
2.72236594 0.7385
2.73283724 0.7489
2.74330986 0.7554
2.75200899 0.7575
2.75754522 0.7574
2.76019739 0.7575
2.76010396 0.7584
2.75885623 0.7609
2.75860289 0.7632
2.76020099 0.7638
2.76458213 0.7609
2.77189480 0.7547
2.78047354 0.7455
2.78857827 0.7341
2.79395067 0.7211
2.79544313 0.7081
2.79161661 0.6964
2.78385985 0.6905
2.77410439 0.6928
2.76419017 0.7017
2.75650964 0.7139
2.75498981 0.7260
2.76032413 0.7352
2.77205125 0.7405
2.78820370 0.7429
2.80609003 0.7435
2.82236965 0.7432
2.83660723 0.7435
2.84789129 0.7450
2.85656416 0.7483
2.86368001 0.7526
2.86970759 0.7568
2.87330577 0.7576
2.87321397 0.7533
2.86834338 0.7452
2.85727597 0.7377
2.84159386 0.7344
2.82419729 0.7367
2.80795936 0.7426
2.79542821 0.7502
2.78702337 0.7587
2.78356302 0.7669
2.78419774 0.7737
2.78887993 0.7790
2.79683075 0.7819
2.80665877 0.7824
2.81679380 0.7808
2.82482413 0.7757
2.83142013 0.7699
2.83709594 0.7633
2.84219408 0.7575
2.84752897 0.7535
2.85252573 0.7513
2.85579973 0.7502
2.85594821 0.7499
2.85012120 0.7491
2.83831543 0.7482
2.82123766 0.7483
2.80106741 0.7501
2.78012019 0.7541
2.76086678 0.7589
2.74553357 0.7646
2.73571234 0.7708
2.73113421 0.7767
2.73098339 0.7825
2.73378533 0.7866
2.73855533 0.7880
2.74342264 0.7871
2.74737568 0.7837
2.75083140 0.7780
2.75434669 0.7696
2.75913986 0.7600
2.76587273 0.7492
2.77413645 0.7381
2.78281763 0.7280
2.79043347 0.7198
2.79562410 0.7142
2.79713129 0.7108
2.79488793 0.7099
2.78992771 0.7114
2.78433372 0.7153
2.78048400 0.7220
2.78004423 0.7313
2.78361415 0.7451
2.79056940 0.7622
2.80003078 0.7816
2.80953495 0.8011
2.81762752 0.8197
2.82361058 0.8356
2.82544515 0.8464
2.82317855 0.8522
2.81787312 0.8536
2.81123820 0.8518
2.80380737 0.8487
2.79560718 0.8454
2.78715086 0.8426
2.77907529 0.8397
2.77252527 0.8373
2.76872040 0.8353
2.76932460 0.8342
2.77345193 0.8334
2.78118596 0.8326
2.79085886 0.8306
2.80280104 0.8290
2.81556008 0.8285
2.82767841 0.8305
2.83941272 0.8357
2.84937586 0.8437
2.85774490 0.8533
2.86491179 0.8623
2.86975755 0.8689
2.87202394 0.8722
2.87216041 0.8723
2.87064203 0.8713
2.86756196 0.8708
2.86335250 0.8714
2.85790760 0.8733
2.85136868 0.8764
2.84568007 0.8786
2.84098744 0.8794
2.83721286 0.8772
2.83514296 0.8712
2.83562680 0.8615
2.83747169 0.8495
2.83983164 0.8365
2.84131067 0.8252
2.84086183 0.8182
2.83798381 0.8156
2.83381673 0.8168
2.82978890 0.8230
2.82656298 0.8309
2.82367398 0.8384
2.82104030 0.8443
2.81888162 0.8476
2.81793675 0.8506
2.81724749 0.8536
2.81556743 0.8587
2.81212680 0.8660
2.80687742 0.8742
2.80176479 0.8832
2.79776476 0.8908
2.79731596 0.8958
2.79917842 0.8960
2.80352047 0.8918
2.80876500 0.8846
2.81341106 0.8766
2.81594001 0.8706
2.81471338 0.8674
2.80940924 0.8674
2.80186418 0.8695
2.79381884 0.8717
2.78576428 0.8711
2.77888361 0.8663
2.77369996 0.8568
2.77075047 0.8445
2.76839927 0.8307
2.76564871 0.8185
2.76203621 0.8105
2.75749313 0.8082
2.75267324 0.8122
2.74752929 0.8209
2.74424565 0.8322
2.74586521 0.8450
2.75466718 0.8558
2.77136082 0.8637
2.79515430 0.8693
2.82153758 0.8736
2.84718039 0.8794
2.86840058 0.8880
2.88137248 0.8990
2.88539581 0.9112
2.88142477 0.9215
2.87113898 0.9269
2.85784562 0.9256
2.84407947 0.9174
2.83023428 0.9021
2.81577610 0.8817
2.80043072 0.8587
2.78359725 0.8382
2.76519831 0.8225
2.74625660 0.8131
2.72713007 0.8104
2.70895236 0.8127
2.69471531 0.8199
2.68765321 0.8297
2.69025160 0.8397
2.70301130 0.8496
2.72302722 0.8593
2.74599138 0.8699
2.76901549 0.8836
2.78920540 0.8998
2.80560257 0.9164
2.81842544 0.9334
2.82762927 0.9453
2.83545523 0.9522
2.84361456 0.9538
2.85069724 0.9515
2.85514435 0.9456
2.85380379 0.9372
2.84722486 0.9278
2.83622256 0.9185
2.82355486 0.9107
2.81233137 0.9051
2.80519109 0.9009
2.80449959 0.8965
2.81107681 0.8917
2.82505019 0.8884
2.84355625 0.8866
2.86459718 0.8881
2.88599123 0.8944
2.90596543 0.9069
2.92376326 0.9247
2.93785991 0.9450
2.94841790 0.9636
2.95442646 0.9763
2.95702114 0.9824
2.95787265 0.9820
2.95770660 0.9775
2.95646306 0.9722
2.95353971 0.9693
2.94757357 0.9683
2.93790142 0.9689
2.92400731 0.9687
2.90724718 0.9667
2.88944047 0.9610
2.87126772 0.9517
2.85340127 0.9402
2.83700336 0.9275
2.82184353 0.9161
2.80801555 0.9076
2.79499328 0.9035
2.78350358 0.9040
2.77298552 0.9084
2.76392291 0.9146
2.75616505 0.9197
2.74958557 0.9229
2.74374211 0.9240
2.73729738 0.9218
2.72955048 0.9168
2.71947037 0.9102
2.70828015 0.9045
2.69830394 0.8999
2.69072107 0.8968
2.68702202 0.8952
2.68773284 0.8947
2.69318001 0.8941
2.70446063 0.8940
2.71989900 0.8944
2.73710284 0.8957
2.75302098 0.8971
2.76729015 0.8997
2.77776527 0.9032
2.78422387 0.9078
2.78684022 0.9123
2.78676327 0.9160
2.78587303 0.9195
2.78482269 0.9222
2.78458176 0.9236
2.78441999 0.9230
2.78170634 0.9195
2.77627930 0.9141
2.76821960 0.9074
2.75729259 0.9001
2.74463066 0.8933
2.73266435 0.8891
2.72289963 0.8860
2.71888716 0.8880
2.72226455 0.8940
2.73186954 0.9022
2.74641222 0.9137
2.76428377 0.9269
2.78075100 0.9383
2.79244834 0.9477
2.79913510 0.9548
2.80074104 0.9602
2.79887666 0.9644
2.79523314 0.9685
2.79108142 0.9729
2.78719115 0.9772
2.78294386 0.9805
2.77858259 0.9826
2.77455083 0.9820
2.76932103 0.9780
2.76410986 0.9714
2.75749400 0.9625
2.75075267 0.9513
2.74504103 0.9399
2.74113548 0.9282
2.74110452 0.9196
2.74624291 0.9159
2.75612188 0.9181
2.77078451 0.9275
2.78696963 0.9405
2.80244796 0.9550
2.81605880 0.9686
2.82598334 0.9782
2.83261892 0.9844
2.83721203 0.9881
2.83982047 0.9899
2.84099773 0.9919
2.84159405 0.9956
2.84238929 1.0008
2.84357211 1.0072
2.84485073 1.0142
2.84520656 1.0196
2.84385458 1.0214
2.84020584 1.0185
2.83473032 1.0109
2.82924318 1.0011
2.82484092 0.9904
2.82242295 0.9816
2.82392519 0.9770
2.82827011 0.9784
2.83479775 0.9848
2.84117917 0.9928
2.84471118 0.9994
2.84453278 1.0019
2.84041810 1.0002
2.83356787 0.9951
2.82546575 0.9890
2.81640706 0.9841
2.80769156 0.9813
2.79949906 0.9802
2.79285494 0.9807
2.78671195 0.9809
2.78086545 0.9794
2.77438012 0.9762
2.76886586 0.9709
2.76519551 0.9646
2.76468969 0.9598
2.76851009 0.9583
2.77628980 0.9607
2.78866820 0.9687
2.80384206 0.9803
2.82055413 0.9938
2.83670054 1.0069
2.85255951 1.0176
2.86595386 1.0244
2.87652791 1.0280
2.88387156 1.0279
2.88743742 1.0267
2.88780298 1.0252
2.88490802 1.0250
2.87961475 1.0263
2.87267706 1.0283
2.86429464 1.0301
2.85505536 1.0293
2.84477300 1.0235
2.83354336 1.0120
2.82352312 0.9983
2.81621346 0.9855
2.81172189 0.9772
2.81082410 0.9750
2.81382173 0.9795
2.81942538 0.9887
2.82647373 0.9994
2.83410947 1.0085
2.84171935 1.0152
2.84905591 1.0183
2.85477960 1.0176
2.85781384 1.0146
2.85615564 1.0109
2.84836194 1.0069
2.83403923 1.0035
2.81442051 1.0006
2.78931506 0.9983
2.76179886 0.9953
2.73377742 0.9906
2.70645928 0.9838
2.68225002 0.9747
2.66211075 0.9632
2.64769066 0.9518
2.63935623 0.9417
2.63679213 0.9344
2.64001644 0.9315
2.64820625 0.9333
2.66077614 0.9396
2.67736024 0.9491
2.69757091 0.9599
2.72210364 0.9719
2.74903284 0.9831
2.77776631 0.9948
2.80715487 1.0054
2.83730764 1.0164
2.86590454 1.0263
2.89184009 1.0344
2.91267455 1.0399
2.92722711 1.0417
2.93390132 1.0383
2.93238697 1.0301
2.92479957 1.0192
2.91113734 1.0059
2.89548491 0.9932
2.88067133 0.9835
2.86732386 0.9768
2.85744003 0.9729
2.85163022 0.9700
2.84914316 0.9665
2.84915010 0.9616
2.85079563 0.9560
2.85303062 0.9514
2.85571545 0.9494
2.85915716 0.9516
2.86352901 0.9596
2.86800274 0.9706
2.87286363 0.9827
2.87800868 0.9932
2.88328755 1.0001
2.88552949 1.0023
2.88397003 1.0009
2.87859991 0.9956
2.87170876 0.9895
2.86400969 0.9844
2.85729134 0.9822
2.85423146 0.9835
2.85541511 0.9872
2.86050872 0.9923
2.86707837 0.9964
2.87433893 0.9978
2.88211071 0.9968
2.88956918 0.9940
2.89667478 0.9906
2.90293748 0.9882
2.90804109 0.9887
2.91188069 0.9936
2.91498108 1.0022
2.91897043 1.0138
2.92500939 1.0255
2.93124755 1.0349
2.93622576 1.0396
2.93784254 1.0385
2.93517625 1.0327
2.92854660 1.0244
2.91941883 1.0158
2.90984061 1.0108
2.90244589 1.0100
2.89787630 1.0119
2.89657941 1.0145
2.89683232 1.0160
2.89789073 1.0158
2.89901239 1.0133
2.89799501 1.0083
2.89300005 1.0008
2.88478472 0.9936
2.87346686 0.9887
2.86041395 0.9868
2.84638495 0.9862
2.83293559 0.9853
2.82071264 0.9828
2.81055990 0.9776
2.80426314 0.9685
2.80017766 0.9563
2.79847290 0.9432
2.79790692 0.9320
2.79832129 0.9249
2.79982288 0.9235
2.80313943 0.9278
2.80733161 0.9358
2.81280786 0.9463
2.82023733 0.9581
2.83027924 0.9706
2.84242585 0.9829
2.85404718 0.9943
2.86378371 1.0053
2.87140422 1.0161
2.87754247 1.0263
2.88257763 1.0357
2.88551192 1.0426
2.88717670 1.0467
2.88881779 1.0474
2.88994557 1.0445
2.88989987 1.0393
2.88901442 1.0324
2.88775585 1.0255
2.88511737 1.0208
2.88202883 1.0189
2.87902054 1.0199
2.87638115 1.0234
2.87585006 1.0285
2.87582325 1.0343
2.87688188 1.0398
2.87804988 1.0448
2.87843723 1.0495
2.87621645 1.0542
2.87167767 1.0597
2.86565824 1.0656
2.85796533 1.0713
2.85076048 1.0743
2.84252625 1.0725
2.83460975 1.0645
2.82681627 1.0497
2.81828705 1.0294
2.80991838 1.0074
2.80113763 0.9875
2.79317120 0.9721
2.78714557 0.9636
2.78420791 0.9630
2.78536883 0.9689
2.78986472 0.9783
2.79631686 0.9893
2.80267787 0.9974
2.80888973 1.0012
2.81316008 1.0013
2.81357939 1.0006
2.81023488 1.0012
2.80485670 1.0044
2.79766475 1.0109
2.78985514 1.0179
2.78316370 1.0261
2.77756392 1.0295
2.77379222 1.0287
2.77268889 1.0241
2.77370675 1.0162
2.77584648 1.0076
2.77785506 1.0011
2.77969305 0.9983
2.78220902 0.9999
2.78490884 1.0054
2.78709122 1.0132
2.78963778 1.0201
2.79268481 1.0238
2.79666454 1.0221
2.80017897 1.0145
2.80376155 1.0015
2.80763228 0.9863
2.80981244 0.9720
2.81022613 0.9605
2.80888480 0.9524
2.80638124 0.9458
2.80431551 0.9393
2.80308655 0.9308
2.80263223 0.9200
2.80250651 0.9077
2.80161626 0.8957
2.80060324 0.8857
2.79862620 0.8795
2.79560784 0.8780
2.79218096 0.8814
2.78922584 0.8890
2.78605765 0.9009
2.78260685 0.9155
2.78034031 0.9313
2.77903158 0.9466
2.77964997 0.9606
2.78272465 0.9729
2.78866748 0.9834
2.79631901 0.9933
2.80509266 1.0036
2.81502537 1.0130
2.82449657 1.0192
2.83421859 1.0217
2.84411421 1.0204
2.85494691 1.0150
2.86752441 1.0059
2.87973579 0.9957
2.89057661 0.9868
2.89920646 0.9815
2.90520855 0.9808
2.90900818 0.9837
2.90986165 0.9885
2.90787845 0.9935
2.90486135 0.9980
2.90091839 1.0006
2.89511315 0.9999
2.88729177 0.9963
2.87768502 0.9889
2.86752511 0.9810
2.85773977 0.9727
2.84887639 0.9656
2.84075975 0.9588
2.83289088 0.9513
2.82530920 0.9424
2.81891763 0.9313
2.81446473 0.9190
2.81380384 0.9063
2.81715707 0.8957
2.82267955 0.8886
2.82838440 0.8856
2.83215726 0.8869
2.83340675 0.8914
2.83007187 0.8985
2.82355197 0.9048
2.81659383 0.9089
2.80925349 0.9108
2.80387006 0.9108
2.80045552 0.9103
2.79920417 0.9102
2.80194949 0.9113
2.80851661 0.9132
2.81813736 0.9148
2.82927051 0.9145
2.84105562 0.9112
2.85249953 0.9045
2.86338788 0.8954
2.87405777 0.8856
2.88598085 0.8785
2.89865369 0.8760
2.91133683 0.8795
2.92256853 0.8886
2.93072025 0.9013
2.93423487 0.9142
2.93202921 0.9247
2.92409230 0.9299
2.91229780 0.9298
2.89730665 0.9250
2.88030086 0.9166
2.86300395 0.9087
2.84807373 0.9016
2.83688773 0.8959
2.83059696 0.8910
2.82925400 0.8852
2.83167620 0.8774
2.83662964 0.8676
2.84348562 0.8564
2.85078546 0.8451
2.85777088 0.8362
2.86500284 0.8312
2.87266760 0.8327
2.88023436 0.8396
2.88914947 0.8524
2.89796496 0.8693
2.90781981 0.8875
2.91864383 0.9057
2.93052191 0.9207
2.94220624 0.9311
2.95113344 0.9358
2.95682938 0.9377
2.95901173 0.9387
2.95799956 0.9401
2.95360124 0.9419
2.94752266 0.9424
2.94191200 0.9402
2.93777154 0.9333
2.93620484 0.9228
2.93744400 0.9092
2.94036637 0.8943
2.94568379 0.8808
2.95255111 0.8728
2.96062026 0.8725
2.96809685 0.8798
2.97415270 0.8920
2.97610590 0.9055
2.97555254 0.9198
2.97195248 0.9310
2.96805385 0.9387
2.96237642 0.9428
2.95415949 0.9435
2.94269236 0.9416
2.92666749 0.9395
2.90746926 0.9374
2.88505353 0.9356
2.86157309 0.9343
2.83976662 0.9326
2.82000747 0.9280
2.80302467 0.9201
2.78871177 0.9086
2.77808329 0.8963
2.77135178 0.8859
2.76874314 0.8808
2.76956481 0.8827
2.77243343 0.8914
2.77614852 0.9049
2.78047098 0.9188
2.78480969 0.9290
2.79021329 0.9341
2.79746476 0.9343
2.80602980 0.9305
2.81391366 0.9249
2.82066747 0.9191
2.82404644 0.9150
2.82248248 0.9144
2.81601926 0.9162
2.80607777 0.9200
2.79492517 0.9243
2.78233433 0.9272
2.77071107 0.9274
2.76041230 0.9245
2.75179851 0.9204
2.74467921 0.9167
2.73889267 0.9149
2.73479366 0.9177
2.73120769 0.9250
2.72769839 0.9351
2.72399061 0.9460
2.71959495 0.9548
2.71603884 0.9598
2.71457366 0.9601
2.71619940 0.9561
2.72200893 0.9503
2.73111284 0.9437
2.74097187 0.9386
2.74870369 0.9364
2.75352393 0.9362
2.75574316 0.9367
2.75623589 0.9369
2.75521390 0.9360
2.75410408 0.9328
2.75202378 0.9276
2.74891262 0.9199
2.74666762 0.9134
2.74480703 0.9096
2.74494426 0.9103
2.74720720 0.9162
2.75057090 0.9243
2.75442007 0.9320
2.75898647 0.9371
2.76403472 0.9376
2.76975423 0.9337
2.77595197 0.9263
2.78352862 0.9178
2.79162089 0.9115
2.80008932 0.9092
2.80757382 0.9107
2.81442709 0.9153
2.82025545 0.9206
2.82641981 0.9254
2.83204875 0.9278
2.83735260 0.9275
2.84335522 0.9253
2.84908286 0.9220
2.85490079 0.9202
2.86021232 0.9232
2.86547012 0.9298
2.86933659 0.9395
2.87145503 0.9500
2.87162490 0.9574
2.87058555 0.9591
2.86737327 0.9527
2.86292447 0.9390
2.85642339 0.9199
2.84756222 0.8992
2.83661770 0.8804
2.82550397 0.8663
2.81430424 0.8572
2.80397421 0.8524
2.79591415 0.8514
2.79042732 0.8526
2.78726276 0.8556
2.78651191 0.8582
2.78683232 0.8594
2.78845996 0.8601
2.79140299 0.8616
2.79582279 0.8656
2.80100090 0.8728
2.80551704 0.8821
2.80855488 0.8920
2.81006539 0.9003
2.81042348 0.9047
2.81045984 0.9050
2.80873799 0.8989
2.80721976 0.8889
2.80650280 0.8769
2.80575914 0.8651
2.80439455 0.8555
2.80238456 0.8483
2.79971938 0.8429
2.79672748 0.8371
2.79398797 0.8297
2.79289846 0.8222
2.79213156 0.8145
2.79287453 0.8090
2.79498439 0.8083
2.79956448 0.8130
2.80828554 0.8238
2.81993376 0.8389
2.83379269 0.8565
2.84972434 0.8746
2.86582645 0.8905
2.88032177 0.9029
2.89088317 0.9107
2.89693689 0.9131
2.89898716 0.9106
2.89700522 0.9041
2.89161036 0.8951
2.88387035 0.8839
2.87488004 0.8716
2.86716827 0.8597
2.86233148 0.8485
2.86083102 0.8383
2.86204776 0.8295
2.86460066 0.8243
2.86775239 0.8234
2.87169632 0.8278
2.87667033 0.8346
2.88321979 0.8423
2.89045869 0.8490
2.89632227 0.8541
2.89924833 0.8584
2.89801787 0.8629
2.89272899 0.8686
2.88443356 0.8749
2.87574840 0.8818
2.86711245 0.8889
2.85998739 0.8963
2.85434777 0.9028
2.84878891 0.9081
2.84315358 0.9113
2.83738449 0.9118
2.83270557 0.9100
2.82869739 0.9043
2.82680732 0.8950
2.82641333 0.8828
2.82744081 0.8679
2.82957278 0.8513
2.83177672 0.8346
2.83417088 0.8209
2.83718046 0.8132
2.84025381 0.8112
2.84284535 0.8131
2.84610723 0.8161
2.84932398 0.8178
2.85152590 0.8179
2.85173437 0.8179
2.84818628 0.8193
2.84133943 0.8249
2.83197993 0.8337
2.82266301 0.8446
2.81563941 0.8562
2.81269372 0.8666
2.81365546 0.8750
2.81747082 0.8796
2.82266047 0.8808
2.82617559 0.8789
2.82768649 0.8751
2.82582800 0.8707
2.82194956 0.8661
2.81620344 0.8601
2.81083651 0.8524
2.80761766 0.8434
2.80591665 0.8328
2.80567968 0.8220
2.80635528 0.8135
2.80704820 0.8092
2.80703337 0.8099
2.80659436 0.8158
2.80519677 0.8270
2.80444752 0.8436
2.80523006 0.8632
2.80811913 0.8835
2.81355973 0.9024
2.82170850 0.9177
2.83139943 0.9292
2.84148840 0.9371
2.85139070 0.9431
2.85881756 0.9491
2.86320661 0.9553
2.86391786 0.9612
2.86099003 0.9642
2.85569596 0.9630
2.84874030 0.9542
2.84113500 0.9361
2.83391688 0.9111
2.82614211 0.8823
2.81728597 0.8548
2.80806782 0.8340
2.79834382 0.8210
2.78798710 0.8165
2.77837395 0.8188
2.77164625 0.8271
2.76840834 0.8384
2.77123140 0.8525
2.77932319 0.8637
2.79232758 0.8730
2.80806114 0.8796
2.82402648 0.8849
2.83801703 0.8908
2.84879638 0.8997
2.85563490 0.9112
2.85917782 0.9240
2.85969495 0.9350
2.85784804 0.9397
2.85446472 0.9345
2.84983544 0.9193
2.84424966 0.8964
2.83707625 0.8694
2.82841222 0.8418
2.81747799 0.8175
2.80488445 0.7981
2.79162818 0.7849
2.78074287 0.7776
2.77438950 0.7762
2.77408662 0.7801
2.77989786 0.7875
2.79138263 0.7976
2.80710891 0.8092
2.82489234 0.8203
2.84245077 0.8319
2.85801449 0.8442
2.87057845 0.8555
2.88072530 0.8662
2.88877853 0.8742
2.89525947 0.8782
2.89948541 0.8762
2.90029705 0.8674
2.89592482 0.8525
2.88536030 0.8328
2.86905205 0.8114
2.84805773 0.7904
2.82460959 0.7718
2.80136611 0.7577
2.78163579 0.7487
2.76701328 0.7441
2.75758938 0.7437
2.75445127 0.7468
2.75741161 0.7537
2.76494050 0.7636
2.77605321 0.7771
2.78944502 0.7928
2.80388071 0.8106
2.81891438 0.8298
2.83300840 0.8487
2.84541147 0.8654
2.85598237 0.8780
2.86512212 0.8860
2.87255320 0.8886
2.87762487 0.8853
2.87935399 0.8785
2.87734904 0.8690
2.87166032 0.8591
2.86329548 0.8499
2.85343982 0.8426
2.84302714 0.8346
2.83365468 0.8264
2.82541832 0.8172
2.81864138 0.8083
2.81333999 0.8009
2.80980763 0.7961
2.80812141 0.7951
2.80828633 0.7984
2.81083518 0.8065
2.81727285 0.8201
2.82688878 0.8362
2.83889639 0.8524
2.85155673 0.8669
2.86284893 0.8771
2.87115905 0.8821
2.87438680 0.8810
2.87240118 0.8747
2.86453060 0.8644
2.85152881 0.8515
2.83536550 0.8374
2.81816133 0.8216
2.80281317 0.8060
2.78963075 0.7887
2.77960695 0.7705
2.77377828 0.7538
2.77128126 0.7392
2.77246710 0.7287
2.77619844 0.7237
2.78149793 0.7248
2.78633532 0.7310
2.79045564 0.7417
2.79354292 0.7555
2.79641662 0.7707
2.79861780 0.7856
2.80024624 0.7996
2.80047977 0.8105
2.79853509 0.8167
2.79412161 0.8185
2.78711254 0.8175
2.77909066 0.8154
2.77190997 0.8131
2.76663893 0.8124
2.76504435 0.8127
2.76610149 0.8126
2.76880883 0.8095
2.77092953 0.8014
2.77118033 0.7890
2.77025623 0.7737
2.76825290 0.7576
2.76513206 0.7427
2.76016706 0.7315
2.75283059 0.7240
2.74265073 0.7193
2.73122262 0.7171
2.72035638 0.7181
2.71087602 0.7225
2.70367589 0.7306
2.69931012 0.7421
2.69855020 0.7577
2.70059354 0.7766
2.70491258 0.7968
2.71070301 0.8172
2.71789811 0.8359
2.72574811 0.8498
2.73432404 0.8594
2.74506673 0.8649
2.75814512 0.8673
2.77267283 0.8675
2.78782927 0.8662
2.80259875 0.8643
2.81604092 0.8624
2.82741400 0.8610
2.83635274 0.8596
2.84287206 0.8577
2.84736557 0.8549
2.85005663 0.8516
2.85095240 0.8480
2.85041580 0.8439
2.84912450 0.8411
2.84718117 0.8392
2.84477198 0.8383
2.84251200 0.8397
2.84089806 0.8423
2.83920128 0.8456
2.83688902 0.8499
2.83428883 0.8543
2.83089189 0.8576
2.82653867 0.8596
2.82143974 0.8600
2.81542946 0.8586
2.80883563 0.8552
2.80096015 0.8494
2.79211982 0.8422
2.78182923 0.8336
2.77040222 0.8243
2.75756540 0.8142
2.74419437 0.8057
2.72993878 0.7979
2.71555940 0.7917
2.70198594 0.7875
2.69029780 0.7851
2.68058775 0.7835
2.67365035 0.7846
2.66937249 0.7863
2.66762799 0.7891
2.66748310 0.7924
2.66738746 0.7953
2.66722397 0.7981
2.66665538 0.8007
2.66594897 0.8036
2.66579558 0.8071
2.66773006 0.8111
2.67282045 0.8154
2.68151493 0.8197
2.69215501 0.8228
2.70264994 0.8239
2.71128258 0.8224
2.71631974 0.8185
2.71707589 0.8132
2.71418579 0.8087
2.70827553 0.8056
2.70041334 0.8044
2.69157432 0.8050
2.68242462 0.8056
2.67467614 0.8068
2.66898914 0.8073
2.66693681 0.8084
2.66806508 0.8093
2.67294600 0.8118
2.68014687 0.8151
2.68915227 0.8190
2.69816432 0.8218
2.70640199 0.8231
2.71263685 0.8226
2.71748221 0.8216
2.72259051 0.8210
2.72854725 0.8220
2.73577616 0.8242
2.74416572 0.8266
2.75261112 0.8273
2.76112955 0.8261
2.76868145 0.8237
2.77518905 0.8207
2.78005232 0.8184
2.78355289 0.8181
2.78611919 0.8209
2.78862155 0.8282
2.79018321 0.8385
2.79125958 0.8507
2.79243031 0.8646
2.79338370 0.8766
2.79338647 0.8859
2.79273235 0.8911
2.79252614 0.8934
2.79218245 0.8916
2.79235639 0.8888
2.79265974 0.8844
2.79415868 0.8812
2.79615654 0.8783
2.79841140 0.8749
2.79975534 0.8704
2.79936536 0.8647
2.79656358 0.8573
2.79073220 0.8476
2.78356148 0.8370
2.77545756 0.8267
2.76655536 0.8166
2.75851343 0.8098
2.75137588 0.8055
2.74508836 0.8034
2.73931169 0.8031
2.73428986 0.8042
2.73033648 0.8057
2.72727382 0.8065
2.72486910 0.8070
2.72300969 0.8075
2.72073266 0.8070
2.71861887 0.8055
2.71776724 0.8039
2.71772986 0.8017
2.71889518 0.7990
2.72108967 0.7966
2.72217151 0.7952
2.72069827 0.7945
2.71743227 0.7950
2.70994918 0.7954
2.69860838 0.7940
2.68475170 0.7912
2.66880125 0.7878
2.65230484 0.7839
2.63518915 0.7804
2.61933387 0.7776
2.60589565 0.7756
2.59729678 0.7761
2.59342721 0.7785
2.59342711 0.7828
2.59680038 0.7890
2.60224032 0.7970
2.61011048 0.8071
2.62062537 0.8194
2.63321011 0.8328
2.64747300 0.8459
2.66154566 0.8569
2.67426975 0.8651
2.68486747 0.8703
2.69212183 0.8720
2.69607799 0.8706
2.69795383 0.8671
2.69929680 0.8635
2.69987458 0.8594
2.69920651 0.8556
2.69621418 0.8511
2.69192367 0.8459
2.68580542 0.8396
2.67850701 0.8316
2.67124139 0.8226
2.66581616 0.8145
2.66277733 0.8084
2.66238075 0.8050
2.66512930 0.8051
2.67018549 0.8079
2.67621906 0.8122
2.68268592 0.8171
2.68827102 0.8216
2.69254097 0.8253
2.69416004 0.8279
2.69359105 0.8299
2.69036164 0.8308
2.68569076 0.8316
2.68041815 0.8332
2.67425181 0.8353
2.66702114 0.8383
2.65900057 0.8419
2.65115764 0.8455
2.64328297 0.8476
2.63672760 0.8477
2.63427273 0.8469
2.63647294 0.8462
2.64351601 0.8474
2.65635852 0.8526
2.67365774 0.8613
2.69401225 0.8732
2.71473061 0.8861
2.73439720 0.8976
2.75103350 0.9059
2.76362148 0.9099
2.77124442 0.9091
2.77354073 0.9036
2.77012333 0.8944
2.76037439 0.8827
2.74501444 0.8698
2.72435305 0.8562
2.70056297 0.8430
2.67443143 0.8296
2.64831886 0.8150
2.62261625 0.7976
2.59679886 0.7759
2.57269769 0.7508
2.55174447 0.7252
2.53506072 0.7031
2.52160630 0.6865
2.51130268 0.6769
2.50442744 0.6750
2.50137343 0.6808
2.50203579 0.6921
2.50776352 0.7069
2.51749490 0.7216
2.53214179 0.7355
2.55104110 0.7476
2.57341594 0.7580
2.59608080 0.7667
2.61853726 0.7751
2.63852561 0.7831
2.65359836 0.7908
2.66317694 0.7979
2.66516864 0.8028
2.65987328 0.8036
2.64974045 0.7989
2.63711091 0.7884
2.62404114 0.7727
2.61237259 0.7540
2.60350821 0.7355
2.59693060 0.7196
2.59258510 0.7103
2.59040077 0.7093
2.59068156 0.7184
2.59302101 0.7352
2.60066643 0.7590
2.61574612 0.7862
2.63824322 0.8137
2.66795792 0.8393
2.70419924 0.8624
2.74512726 0.8809
2.78857030 0.8955
2.83013935 0.9056
2.86436121 0.9121
2.88788818 0.9170
2.89766966 0.9213
2.89273164 0.9257
2.87491405 0.9294
2.84726409 0.9314
2.81511872 0.9306
2.78338824 0.9263
2.75441926 0.9181
2.72926608 0.9066
2.70828875 0.8927
2.69185781 0.8779
2.67956634 0.8631
2.67142867 0.8500
2.66598723 0.8375
2.66543709 0.8284
2.66973575 0.8225
2.67913471 0.8212
2.69420478 0.8253
2.71454651 0.8343
2.73819473 0.8465
2.76443703 0.8608
2.78980412 0.8742
2.81142075 0.8855
2.82549424 0.8927
2.82915055 0.8954
2.82001931 0.8936
2.79978375 0.8891
2.77154208 0.8832
2.73860439 0.8759
2.70304676 0.8670
2.66732316 0.8560
2.62975227 0.8410
2.59155081 0.8232
2.55360967 0.8038
2.51760577 0.7844
2.48557950 0.7671
2.46120005 0.7547
2.44653229 0.7481
2.44176014 0.7476
2.44671968 0.7526
2.46207850 0.7625
2.48470484 0.7748
2.51271445 0.7874
2.54400004 0.7989
2.57605453 0.8079
2.60434487 0.8127
2.62653741 0.8141
2.64241160 0.8140
2.65143217 0.8133
2.65591139 0.8134
2.65690155 0.8142
2.65669570 0.8147
2.65674906 0.8142
2.65678462 0.8120
2.65691319 0.8086
2.65663599 0.8045
2.65633965 0.8019
2.65691961 0.8021
2.66069741 0.8063
2.67014662 0.8166
2.68376342 0.8312
2.70171356 0.8492
2.72158537 0.8674
2.74196796 0.8837
2.76141638 0.8967
2.77841888 0.9054
2.79343931 0.9113
2.80631256 0.9150
2.81650606 0.9184
2.82462119 0.9225
2.83135704 0.9287
2.83717063 0.9368
2.84235742 0.9451
2.84658086 0.9523
2.85104100 0.9568
2.85510592 0.9586
2.85847347 0.9584
2.86173725 0.9582
2.86473616 0.9588
2.86780077 0.9616
2.87165860 0.9674
2.87776533 0.9751
2.88496759 0.9820
2.89410760 0.9881
2.90430338 0.9929
2.91436354 0.9955
2.92279897 0.9954
2.92862901 0.9940
2.93169891 0.9917
2.93006488 0.9883
2.92481096 0.9838
2.91745425 0.9780
2.90834584 0.9706
2.89643026 0.9602
2.88214652 0.9471
2.86471622 0.9316
2.84564175 0.9150
2.82620795 0.8974
2.80758635 0.8812
2.79237103 0.8673
2.78101554 0.8569
2.77509474 0.8506
2.77476427 0.8485
2.77928167 0.8499
2.78642449 0.8529
2.79539200 0.8566
2.80469317 0.8600
2.81376397 0.8627
2.82186591 0.8643
2.82905742 0.8666
2.83660947 0.8715
2.84416398 0.8802
2.85170162 0.8919
2.85779540 0.9052
2.86326314 0.9181
2.86585957 0.9289
2.86400611 0.9362
2.85778221 0.9399
2.84804060 0.9403
2.83728546 0.9395
2.82589188 0.9384
2.81708125 0.9383
2.81223101 0.9393
2.81166796 0.9413
2.81627342 0.9441
2.82519452 0.9480
2.83732917 0.9515
2.85150263 0.9541
2.86693519 0.9543
2.88277113 0.9525
2.89864368 0.9494
2.91388164 0.9460
2.92839960 0.9439
2.94160509 0.9433
2.95242967 0.9439
2.96040512 0.9443
2.96636908 0.9434
2.96937634 0.9413
2.96987281 0.9379
2.96840476 0.9341
2.96569042 0.9307
2.96290657 0.9287
2.95992765 0.9279
2.95662005 0.9294
2.95371867 0.9317
2.95008481 0.9333
2.94595551 0.9342
2.94131772 0.9337
2.93718931 0.9321
2.93352288 0.9292
2.92935701 0.9248
2.92566410 0.9218
2.92059594 0.9197
2.91363867 0.9179
2.90503045 0.9170
2.89439190 0.9175
2.88236187 0.9179
2.86940122 0.9178
2.85717581 0.9175
2.84730438 0.9172
2.84188081 0.9180
2.84041832 0.9205
2.84231953 0.9256
2.84598667 0.9328
2.85026432 0.9422
2.85254133 0.9512
2.85201747 0.9603
2.84794051 0.9667
2.84106045 0.9687
2.83191783 0.9657
2.82087055 0.9581
2.80962477 0.9481
2.79849219 0.9359
2.78892338 0.9239
2.78089704 0.9137
2.77529769 0.9059
2.77158956 0.8997
2.76998952 0.8945
2.77055358 0.8905
2.77468833 0.8873
2.78033335 0.8838
2.78840215 0.8816
2.79895555 0.8814
2.81273671 0.8833
2.82895029 0.8863
2.84685428 0.8910
2.86473804 0.8971
2.88109413 0.9043
2.89433490 0.9109
2.90428590 0.9161
2.91067856 0.9194
2.91260109 0.9210
2.91172848 0.9220
2.90786853 0.9224
2.90007693 0.9229
2.88890339 0.9229
2.87466785 0.9231
2.85773508 0.9232
2.83965221 0.9232
2.82188295 0.9230
2.80600258 0.9234
2.79213029 0.9240
2.78158046 0.9251
2.77631396 0.9282
2.77585147 0.9330
2.77976267 0.9387
2.78643976 0.9451
2.79635016 0.9510
2.80871384 0.9550
2.82223549 0.9570
2.83660292 0.9570
2.85032129 0.9544
2.86256221 0.9495
2.87303062 0.9428
2.88097106 0.9350
2.88573610 0.9259
2.88549283 0.9170
2.88071085 0.9082
2.87200661 0.8993
2.86050975 0.8906
2.84674103 0.8818
2.83263135 0.8732
2.82041699 0.8658
2.81151745 0.8608
2.80466566 0.8580
2.80011966 0.8582
2.79713744 0.8605
2.79533035 0.8642
2.79477228 0.8686
2.79704126 0.8730
2.80239561 0.8767
2.81107210 0.8801
2.82200804 0.8836
2.83335476 0.8872
2.84255526 0.8901
2.84834027 0.8927
2.84942849 0.8933
2.84442979 0.8926
2.83312217 0.8903
2.81604679 0.8859
2.79446179 0.8806
2.77218105 0.8759
2.75017462 0.8711
2.73157207 0.8681
2.71820135 0.8682
2.71094564 0.8725
2.70944637 0.8802
2.71207619 0.8914
2.71839807 0.9038
2.72671573 0.9161
2.73785882 0.9285
2.75151917 0.9407
2.76837903 0.9535
2.78863461 0.9665
2.81001585 0.9788
2.83139694 0.9885
2.85099639 0.9945
2.86805843 0.9951
2.88162566 0.9905
2.89125423 0.9816
2.89705271 0.9701
2.89883830 0.9576
2.89711755 0.9459
2.89247366 0.9357
2.88646510 0.9290
2.87891749 0.9248
2.87051232 0.9221
2.86097819 0.9196
2.84963136 0.9166
2.83755543 0.9129
2.82648441 0.9088
2.81735360 0.9051
2.81233071 0.9036
2.81094043 0.9050
2.81382122 0.9095
2.82017864 0.9162
2.83014167 0.9234
2.84331606 0.9303
2.85792713 0.9342
2.87408656 0.9358
2.88864556 0.9342
2.89901680 0.9301
2.90300678 0.9255
2.89813465 0.9203
2.88651667 0.9176
2.87100975 0.9173
2.85330017 0.9188
2.83527169 0.9211
2.82041623 0.9224
2.80990789 0.9226
2.80488273 0.9210
2.80581194 0.9188
2.81143209 0.9185
2.81948634 0.9226
2.82903414 0.9326
2.84053666 0.9476
2.85284040 0.9653
2.86625668 0.9828
2.88114827 0.9968
2.89843798 1.0051
2.91746665 1.0072
2.93884257 1.0032
2.96077262 0.9947
2.98181019 0.9833
3.00006011 0.9723
3.01440001 0.9634
3.02423688 0.9569
3.02857832 0.9523
3.02840294 0.9479
3.02475459 0.9425
3.02032940 0.9354
3.01496059 0.9264
3.00944334 0.9167
3.00489613 0.9076
3.00128238 0.9018
2.99850433 0.9012
2.99630430 0.9050
2.99405172 0.9121
2.99056890 0.9208
2.98737545 0.9285
2.98424527 0.9327
2.98078589 0.9332
2.97739918 0.9301
2.97441146 0.9247
2.97140749 0.9195
2.96780191 0.9166
2.96156607 0.9169
2.95054120 0.9202
2.93557009 0.9250
2.91657215 0.9303
2.89535468 0.9338
2.87387553 0.9340
2.85272480 0.9311
2.83327749 0.9253
2.81563544 0.9169
2.79956300 0.9082
2.78466808 0.9001
2.77061424 0.8934
2.75866322 0.8883
2.74951546 0.8829
2.74491589 0.8772
2.74493688 0.8705
2.75026031 0.8634
2.76048289 0.8564
2.77372969 0.8497
2.78861815 0.8439
2.80527131 0.8402
2.82067575 0.8379
2.83265645 0.8374
2.83926731 0.8384
2.83996050 0.8415
2.83570853 0.8454
2.82814419 0.8495
2.81987219 0.8528
2.81275239 0.8556
2.80785608 0.8576
2.80494204 0.8590
2.80402796 0.8610
2.80561314 0.8636
2.80989633 0.8673
2.81682308 0.8716
2.82747731 0.8756
2.83981808 0.8791
2.85441692 0.8825
2.86981606 0.8864
2.88493956 0.8902
2.89839485 0.8937
2.91076357 0.8969
2.92260553 0.9001
2.93543021 0.9042
2.94778552 0.9097
2.95760052 0.9161
2.96198502 0.9233
2.95977792 0.9316
2.95210267 0.9416
2.94095017 0.9523
2.92942405 0.9624
2.92101018 0.9704
2.91644150 0.9759
2.91571742 0.9785
2.91793986 0.9791
2.92266500 0.9771
2.92970321 0.9724
2.93925139 0.9645
2.94990568 0.9529
2.96024780 0.9377
2.96968316 0.9198
2.97647315 0.9006
2.97965225 0.8816
2.98113212 0.8656
2.98177343 0.8538
2.98207468 0.8468
2.98033180 0.8432
2.97245047 0.8412
2.95661883 0.8399
2.93317673 0.8387
2.90502780 0.8378
2.87593463 0.8368
2.84935029 0.8353
2.82818840 0.8345
2.81406867 0.8341
2.80685568 0.8344
2.80502808 0.8357
2.80582215 0.8364
2.80778102 0.8368
2.80937265 0.8372
2.80814875 0.8360
2.80704748 0.8360
2.80739029 0.8366
2.81047113 0.8381
2.81791362 0.8410
2.82855044 0.8451
2.84120944 0.8510
2.85287076 0.8567
2.86106910 0.8613
2.86552945 0.8646
2.86461958 0.8662
2.86137720 0.8665
2.85764422 0.8665
2.85555462 0.8679
2.85641443 0.8701
2.86061340 0.8738
2.86709340 0.8789
2.87332506 0.8833
2.87766181 0.8860
2.87785584 0.8857
2.87242090 0.8812
2.86276524 0.8733
2.85208799 0.8643
2.84269306 0.8561
2.83566865 0.8492
2.83197320 0.8450
2.83149667 0.8429
2.83413791 0.8433
2.83857040 0.8446
2.84325393 0.8445
2.84789497 0.8427
2.85228725 0.8392
2.85680856 0.8337
2.86175681 0.8277
2.86872873 0.8219
2.87818620 0.8174
2.88967488 0.8151
2.90220151 0.8152
2.91383852 0.8177
2.92345207 0.8220
2.92870128 0.8262
2.92804182 0.8294
2.92179959 0.8313
2.91155542 0.8327
2.89762141 0.8341
2.88178732 0.8370
2.86483852 0.8421
2.84735799 0.8486
2.83207701 0.8562
2.81913352 0.8642
2.80929011 0.8708
2.80129097 0.8744
2.79617022 0.8755
2.79395063 0.8738
2.79445282 0.8692
2.79893150 0.8648
2.80727189 0.8622
2.81829224 0.8621
2.83010140 0.8642
2.84260543 0.8679
2.85399740 0.8713
2.86321481 0.8718
2.86974949 0.8683
2.87168530 0.8611
2.86935559 0.8522
2.86281481 0.8436
2.85384127 0.8370
2.84396394 0.8328
2.83421523 0.8300
2.82569795 0.8278
2.81794860 0.8246
2.81219289 0.8199
2.80762359 0.8132
2.80323005 0.8040
2.79821580 0.7929
2.79261695 0.7814
2.78680817 0.7711
2.78198020 0.7643
2.77830626 0.7624
2.77708920 0.7656
2.77804392 0.7721
2.78044516 0.7790
2.78479203 0.7840
2.79050741 0.7855
2.79539344 0.7849
2.79663046 0.7841
2.79208002 0.7856
2.78160298 0.7913
2.76698618 0.8009
2.75143535 0.8129
2.73744945 0.8246
2.72581937 0.8339
2.71806766 0.8400
2.71314523 0.8420
2.71141132 0.8405
2.71304993 0.8366
2.71897720 0.8323
2.72935294 0.8292
2.74141504 0.8280
2.75461863 0.8297
2.76938065 0.8346
2.78386741 0.8410
2.79989383 0.8465
2.81409143 0.8478
2.82694330 0.8455
2.83648622 0.8406
2.83820379 0.8351
2.83250372 0.8326
2.81991286 0.8343
2.80383947 0.8409
2.78737961 0.8511
2.77308162 0.8615
2.76307835 0.8707
2.75939559 0.8770
2.76065011 0.8791
2.76723524 0.8779
2.77948429 0.8750
2.79749041 0.8713
2.82071741 0.8683
2.84879840 0.8662
2.87995897 0.8659
2.91290207 0.8668
2.94532651 0.8682
2.97604537 0.8686
3.00308021 0.8669
3.02257424 0.8614
3.03201501 0.8532
3.02900024 0.8444
3.01455693 0.8382
2.98929972 0.8364
2.95851414 0.8391
2.92487594 0.8461
2.89199382 0.8560
2.86391207 0.8660
2.84293355 0.8738
2.82932890 0.8783
2.82154543 0.8792
2.81862675 0.8770
2.82009820 0.8735
2.82672192 0.8704
2.83792820 0.8692
2.85372663 0.8700
2.87414587 0.8725
2.89736744 0.8749
2.92130090 0.8748
2.94389942 0.8712
2.96151699 0.8645
2.97151215 0.8559
2.97067767 0.8467
2.95811083 0.8380
2.93475136 0.8308
2.90175952 0.8255
2.86337392 0.8216
2.82460451 0.8183
2.78846590 0.8149
2.75805034 0.8109
2.73495504 0.8054
2.71891706 0.7999
2.70878507 0.7948
2.70466042 0.7907
2.70534571 0.7872
2.71117268 0.7845
2.72208819 0.7825
2.73734484 0.7812
2.75531985 0.7803
2.77359742 0.7797
2.79012563 0.7798
2.80583470 0.7820
2.81970983 0.7861
2.83258442 0.7924
2.84414032 0.8001
2.85449404 0.8087
2.86417959 0.8176
2.87200350 0.8262
2.87953397 0.8347
2.88509373 0.8427
2.88803664 0.8505
2.88835193 0.8584
2.88725099 0.8672
2.88644971 0.8752
2.88758464 0.8805
2.89222834 0.8826
2.89974806 0.8815
2.90956351 0.8769
2.91753469 0.8696
2.91994745 0.8617
2.91401093 0.8551
2.90015534 0.8519
2.88103432 0.8519
2.86078692 0.8537
2.84280972 0.8561
2.82858164 0.8579
2.81979866 0.8589
2.81588387 0.8583
2.81763913 0.8561
2.82433529 0.8524
2.83485976 0.8482
2.84777652 0.8458
2.86055263 0.8468
2.87060776 0.8514
2.87979582 0.8578
2.88879789 0.8627
2.90123169 0.8642
2.91679681 0.8614
2.93443273 0.8546
2.94944730 0.8442
2.95679459 0.8313
2.95359455 0.8172
2.93795965 0.8057
2.91310117 0.7992
2.88461304 0.7975
2.85583119 0.7982
2.83035881 0.7986
2.81092890 0.7967
2.79812829 0.7925
2.79145334 0.7867
2.79065050 0.7803
2.79480014 0.7750
2.80334163 0.7729
2.81523704 0.7766
2.82892612 0.7878
2.84363616 0.8066
2.85876764 0.8292
2.87430261 0.8496
2.89308374 0.8644
2.91435360 0.8721
2.93600570 0.8707
2.95297119 0.8596
2.96086621 0.8391
2.95722036 0.8121
2.94206189 0.7858
2.91889953 0.7661
2.89467132 0.7548
2.87279416 0.7505
2.85725278 0.7506
2.84939530 0.7545
2.84791708 0.7621
2.85080509 0.7752
2.85671222 0.7966
2.86284770 0.8276
2.86782050 0.8647
2.87212891 0.9000
2.87865635 0.9288
2.89042148 0.9503
2.90959899 0.9655
2.93487295 0.9748
2.96582125 0.9777
2.99746233 0.9736
3.02823128 0.9619
3.05140351 0.9419
3.06363121 0.9156
3.06363850 0.8872
3.05258341 0.8634
3.03388640 0.8486
3.01314638 0.8423
2.99292226 0.8427
2.97479498 0.8461
2.95903370 0.8515
2.94486846 0.8580
2.93242415 0.8652
2.92252871 0.8723
2.91672700 0.8792
2.91633828 0.8851
2.92092744 0.8892
2.93097911 0.8914
2.94721983 0.8906
2.96834882 0.8874
2.99170057 0.8801
3.01625020 0.8695
3.03809294 0.8553
3.05401909 0.8411
3.06181140 0.8285
3.06264347 0.8195
3.05623831 0.8147
3.04626230 0.8140
3.03523135 0.8167
3.02476199 0.8216
3.01481552 0.8278
3.00481000 0.8351
2.99408451 0.8431
2.98287096 0.8499
2.97271246 0.8564
2.96618968 0.8622
2.96404145 0.8668
2.96674149 0.8699
2.97249527 0.8715
2.98165589 0.8706
2.99220042 0.8667
3.00200766 0.8599
3.00884330 0.8488
3.01303575 0.8338
3.01226913 0.8164
3.00743259 0.7999
2.99850698 0.7852
2.98710943 0.7744
2.97577171 0.7690
2.96494018 0.7698
2.95513055 0.7762
2.94537417 0.7866
2.93625884 0.8011
2.92710489 0.8177
2.91872477 0.8334
2.91168790 0.8471
2.90763199 0.8573
2.90757756 0.8643
2.91062460 0.8677
2.91474840 0.8685
2.91886121 0.8671
2.92198271 0.8638
2.92317351 0.8596
2.92454678 0.8560
2.92592015 0.8546
2.92798804 0.8553
2.92957678 0.8578
2.93036220 0.8621
2.92898294 0.8667
2.92414194 0.8700
2.91480905 0.8716
2.90214651 0.8713
2.88793992 0.8697
2.87411908 0.8661
2.86186718 0.8601
2.85175220 0.8514
2.84549580 0.8404
2.84166167 0.8281
2.83824712 0.8172
2.83273316 0.8083
2.82500636 0.8028
2.81483314 0.7996
2.80345116 0.7982
2.79217318 0.7985
2.78308921 0.7998
2.77756597 0.8022
2.77735027 0.8052
2.78241703 0.8089
2.79292362 0.8129
2.80795454 0.8166
2.82669536 0.8209
2.84861016 0.8258
2.87214430 0.8322
2.89520687 0.8426
2.91514948 0.8576
2.92965100 0.8744
2.93977007 0.8891
2.94746150 0.8980
2.95340003 0.8994
2.95763812 0.8931
2.95887922 0.8817
2.95515798 0.8685
2.94534476 0.8575
2.92822653 0.8499
2.90659086 0.8464
2.88295566 0.8465
2.86117114 0.8482
2.84259871 0.8493
2.82803782 0.8490
2.81816656 0.8472
2.81365472 0.8442
2.81401907 0.8407
2.81984295 0.8377
2.83012105 0.8362
2.84327492 0.8374
2.85883272 0.8423
2.87412525 0.8495
2.88763545 0.8581
2.89886308 0.8650
2.90701696 0.8682
2.91263311 0.8669
2.91658608 0.8618
2.91848103 0.8528
2.91873467 0.8400
2.91662322 0.8249
2.91160633 0.8096
2.90551541 0.7986
2.90048866 0.7946
2.89708685 0.7977
2.89589390 0.8073
2.89727542 0.8201
2.90019445 0.8330
2.90417703 0.8437
2.90854789 0.8526
2.91269256 0.8594
2.91811258 0.8660
2.92541158 0.8724
2.93467734 0.8779
2.94592359 0.8823
2.95659165 0.8827
2.96645999 0.8792
2.97510925 0.8733
2.98084134 0.8650
2.98175121 0.8562
2.97601538 0.8486
2.96526965 0.8442
2.94967724 0.8419
2.93367586 0.8441
2.91789905 0.8495
2.90300173 0.8571
2.88780225 0.8641
2.87374635 0.8689
2.86060709 0.8700
2.84816374 0.8688
2.83660773 0.8670
2.82724587 0.8672
2.82136096 0.8701
2.82035649 0.8763
2.82254085 0.8817
2.82883094 0.8863
2.83923228 0.8885
2.85265214 0.8877
2.86719565 0.8845
2.88132570 0.8793
2.89337919 0.8736
2.90191377 0.8691
2.90817092 0.8670
2.91336979 0.8680
2.91817886 0.8724
2.92408687 0.8791
2.92985993 0.8880
2.93372380 0.8968
2.93438701 0.9030
2.93227873 0.9051
2.92688647 0.9024
2.91909181 0.8968
2.91012316 0.8922
2.90060424 0.8898
2.89117418 0.8906
2.88162801 0.8930
2.87336684 0.8962
2.86596617 0.8977
2.85995681 0.8965
2.85498213 0.8928
2.85122167 0.8868
2.84746873 0.8795
2.84280610 0.8717
2.83849927 0.8660
2.83498525 0.8621
2.83434748 0.8615
2.83650901 0.8630
2.84122884 0.8672
2.84647929 0.8720
2.84992113 0.8738
2.85134319 0.8716
2.84976734 0.8644
2.84583084 0.8542
2.84065024 0.8454
2.83568452 0.8409
2.83129983 0.8424
2.82810444 0.8500
2.82590910 0.8607
2.82402847 0.8716
2.82247276 0.8802
2.82110496 0.8865
2.81907003 0.8885
2.81745824 0.8887
2.81690452 0.8887
2.81768476 0.8902
2.82100658 0.8943
2.82680495 0.9014
2.83410997 0.9091
2.84387783 0.9165
2.85473944 0.9215
2.86555997 0.9210
2.87434100 0.9153
2.87964860 0.9062
2.87880992 0.8938
2.87298484 0.8844
2.86222664 0.8801
2.84915969 0.8822
2.83670309 0.8908
2.82648033 0.9032
2.82014589 0.9158
2.81786566 0.9256
2.81910573 0.9314
2.82261237 0.9324
2.82765612 0.9298
2.83325858 0.9248
2.83882607 0.9191
2.84430742 0.9138
2.84914776 0.9095
2.85229908 0.9063
2.85288950 0.9035
2.84915377 0.9001
2.84134787 0.8940
2.83042598 0.8846
2.81609944 0.8707
2.80034847 0.8555
2.78382472 0.8414
2.76758160 0.8315
2.75283112 0.8279
2.74048560 0.8309
2.73195482 0.8389
2.72905760 0.8491
2.73267243 0.8594
2.74017748 0.8656
2.75107389 0.8682
2.76244043 0.8662
2.77338814 0.8614
2.78307465 0.8551
2.79260849 0.8506
2.80210574 0.8493
2.81179615 0.8518
2.82187339 0.8580
2.83207647 0.8653
2.84237772 0.8719
2.85195260 0.8758
2.86123351 0.8762
2.86976387 0.8732
2.87527758 0.8666
2.87613340 0.8577
2.87139948 0.8484
2.86104934 0.8397
2.84637170 0.8331
2.82965292 0.8286
2.81268866 0.8257
2.79896758 0.8239
2.78949834 0.8235
2.78571929 0.8251
2.78791968 0.8290
2.79522814 0.8347
2.80490556 0.8417
2.81571763 0.8494
2.82527037 0.8577
2.83274107 0.8649
2.83730023 0.8704
2.83882472 0.8731
2.83736276 0.8724
2.83420333 0.8693
2.83092863 0.8653
2.82780613 0.8612
2.82492931 0.8575
2.82215670 0.8552
2.81901854 0.8548
2.81542167 0.8561
2.81179159 0.8586
2.80866145 0.8607
2.80749979 0.8615
2.80880391 0.8607
2.81296513 0.8597
2.81924270 0.8592
2.82707171 0.8607
2.83443922 0.8631
2.83984088 0.8655
2.84304215 0.8681
2.84312814 0.8698
2.84110928 0.8717
2.83743268 0.8745
2.83356534 0.8795
2.83102143 0.8873
2.82960752 0.8974
2.82972747 0.9082
2.83225410 0.9186
2.83679350 0.9270
2.84437551 0.9317
2.85306823 0.9309
2.86140288 0.9243
2.86797370 0.9131
2.87326916 0.9009
2.87639198 0.8912
2.87632889 0.8876
2.87231374 0.8895
2.86454251 0.8947
2.85416199 0.8987
2.84193191 0.8977
2.82839392 0.8903
2.81626847 0.8803
2.80700078 0.8718
2.80000594 0.8689
2.79607794 0.8750
2.79492640 0.8891
2.79708509 0.9086
2.80181360 0.9288
2.80834804 0.9464
2.81601870 0.9584
2.82525071 0.9641
2.83544192 0.9629
2.84616982 0.9549
2.85652225 0.9410
2.86647254 0.9240
2.87672321 0.9060
2.88788228 0.8904
2.89982952 0.8802
2.91259937 0.8780
2.92394514 0.8834
2.93116619 0.8925
2.93460943 0.9005
2.93691304 0.9062
2.93739946 0.9075
2.93768145 0.9085
2.93581660 0.9096
2.93204833 0.9142
2.92546620 0.9225
2.91680549 0.9344
2.90701950 0.9481
2.89812531 0.9607
2.89152821 0.9690
2.88808986 0.9723
2.88624338 0.9699
2.88601306 0.9630
2.88598823 0.9526
2.88585678 0.9412
2.88462340 0.9299
2.88051352 0.9190
2.87291760 0.9077
2.86108775 0.8947
2.84526101 0.8803
2.82624564 0.8641
2.80578276 0.8470
2.78596023 0.8305
2.77104549 0.8196
2.76239313 0.8169
2.75920186 0.8237
2.75985737 0.8371
2.76246858 0.8547
2.76545136 0.8728
2.76827776 0.8882
2.77194240 0.8990
2.77512245 0.9050
2.77884604 0.9064
2.78276786 0.9057
2.78645957 0.9049
2.78776130 0.9039
2.78654253 0.9048
2.78176945 0.9057
2.77277061 0.9052
2.76058923 0.9032
2.74662803 0.8996
2.73182540 0.8937
2.71890356 0.8880
2.70836516 0.8826
2.70208438 0.8795
2.69968051 0.8775
2.70116293 0.8772
2.70626590 0.8790
2.71395753 0.8822
2.72136167 0.8857
2.72852497 0.8889
2.73363309 0.8899
2.73621626 0.8874
2.73689462 0.8819
2.73681268 0.8749
2.73645053 0.8684
2.73726720 0.8660
2.73859414 0.8684
2.73958548 0.8759
2.73946584 0.8876
2.73823709 0.9017
2.73518868 0.9160
2.73134987 0.9287
2.72710162 0.9377
2.72274264 0.9426
2.72018180 0.9434
2.71867464 0.9405
2.71896102 0.9346
2.72101794 0.9268
2.72452377 0.9182
2.72966789 0.9099
2.73588295 0.9024
2.74173670 0.8944
2.74591487 0.8861
2.74875265 0.8771
2.75167078 0.8690
2.75450708 0.8624
2.75770458 0.8588
2.76042887 0.8589
2.76130655 0.8630
2.75803442 0.8698
2.75145051 0.8787
2.74272772 0.8889
2.73515466 0.9017
2.73062808 0.9149
2.73269695 0.9283
2.74231284 0.9405
2.75923865 0.9504
2.78033038 0.9574
2.80324912 0.9630
2.82493552 0.9676
2.84317554 0.9727
2.85562148 0.9787
2.85959100 0.9834
2.85725656 0.9846
2.84984596 0.9806
2.83991159 0.9710
2.83033182 0.9577
2.82308141 0.9442
2.81776785 0.9328
2.81107880 0.9235
2.80211534 0.9187
2.78756952 0.9176
2.76912198 0.9214
2.74932848 0.9285
2.73299723 0.9388
2.72361954 0.9507
2.72352916 0.9625
2.73293087 0.9723
2.75124018 0.9791
2.77657571 0.9824
2.80583907 0.9829
2.83553937 0.9814
2.86158267 0.9787
2.88184630 0.9761
2.89534697 0.9740
2.90396176 0.9730
2.91033285 0.9735
2.91575359 0.9750
2.92070923 0.9767
2.92325148 0.9772
2.92151019 0.9761
2.91388118 0.9730
2.89985645 0.9693
2.87949365 0.9668
2.85590388 0.9672
2.83301748 0.9704
2.81485276 0.9746
2.80432371 0.9792
2.80128361 0.9823
2.80595147 0.9840
2.81704461 0.9847
2.83309305 0.9860
2.85178953 0.9863
2.86991222 0.9839
2.88446311 0.9778
2.89423566 0.9689
2.89945802 0.9599
2.90050659 0.9539
2.89757078 0.9519
2.89197778 0.9532
2.88357103 0.9544
2.87128477 0.9528
2.85238615 0.9469
2.82798724 0.9378
2.79994186 0.9280
2.76976138 0.9193
2.74205359 0.9137
2.72154656 0.9108
2.71040434 0.9088
2.70989503 0.9063
2.71859618 0.9041
2.73438773 0.9036
2.75298850 0.9041
2.77085104 0.9062
2.78512634 0.9085
2.79565249 0.9097
2.80403907 0.9102
2.81280739 0.9124
2.82319650 0.9180
2.83688639 0.9277
2.85346773 0.9403
2.87073609 0.9532
2.88573501 0.9638
2.89694379 0.9714
2.90168816 0.9768
2.89852747 0.9817
2.88859063 0.9876
2.87182169 0.9936
2.85174033 0.9985
2.83148030 1.0011
2.81402485 1.0011
2.80068223 0.9987
2.79203307 0.9947
2.78853233 0.9909
2.78810836 0.9876
2.79116912 0.9856
2.79602479 0.9840
2.79998214 0.9821
2.80297900 0.9811
2.80376961 0.9806
2.80185202 0.9806
2.79919584 0.9819
2.79771238 0.9839
2.79774768 0.9855
2.80071396 0.9861
2.80537263 0.9853
2.81078130 0.9832
2.81567133 0.9802
2.81927471 0.9765
2.82071072 0.9722
2.82144565 0.9672
2.82189962 0.9617
2.82134352 0.9552
2.82185323 0.9495
2.82264399 0.9454
2.82318226 0.9434
2.82270855 0.9440
2.81883015 0.9463
2.81076423 0.9497
2.79861485 0.9537
2.78258467 0.9576
2.76458168 0.9611
2.74666000 0.9637
2.73012596 0.9650
2.71667482 0.9647
2.70752353 0.9631
2.70351444 0.9610
2.70490616 0.9585
2.71140992 0.9557
2.72165916 0.9531
2.73557377 0.9507
2.75216420 0.9487
2.76969591 0.9459
2.78697172 0.9436
2.80456048 0.9428
2.81913093 0.9422
2.83025691 0.9423
2.83694147 0.9444
2.83822435 0.9475
2.83388703 0.9527
2.82470233 0.9584
2.81301050 0.9653
2.79954104 0.9716
2.78521583 0.9765
2.77208439 0.9803
2.76158007 0.9837
2.75520212 0.9865
2.75536806 0.9890
2.76183798 0.9908
2.77297452 0.9913
2.78678620 0.9892
2.80228934 0.9841
2.81751036 0.9755
2.83343122 0.9658
2.84919870 0.9571
2.86439622 0.9500
2.87883587 0.9454
2.88981875 0.9424
2.89643048 0.9419
2.89480608 0.9426
2.88327570 0.9442
2.86294140 0.9463
2.83727480 0.9493
2.80977255 0.9520
2.78435227 0.9547
2.76398811 0.9582
2.75136038 0.9632
2.74674550 0.9691
2.75114943 0.9761
2.76296555 0.9825
2.77922521 0.9864
2.79696838 0.9876
2.81412354 0.9858
2.82920858 0.9826
2.84190844 0.9784
2.85149855 0.9745
2.85681479 0.9704
2.85684636 0.9655
2.85140141 0.9589
2.83964453 0.9502
2.81852763 0.9378
2.78902421 0.9223
2.75209227 0.9047
2.71149096 0.8855
2.67009206 0.8653
2.63199518 0.8452
2.60041438 0.8259
2.57920029 0.8098
2.57002555 0.7987
2.57215135 0.7933
2.58091127 0.7918
2.59441493 0.7947
2.60866694 0.7997
2.62266274 0.8061
2.63804947 0.8147
2.65639869 0.8246
2.68142379 0.8384
2.71237487 0.8541
2.74575681 0.8701
2.77903190 0.8865
2.80708604 0.9017
2.82715379 0.9153
2.83889732 0.9270
2.84169139 0.9361
2.83582194 0.9415
2.82328516 0.9428
2.80867595 0.9406
2.79667257 0.9358
2.78969491 0.9301
2.78936993 0.9254
2.79472544 0.9224
2.80311023 0.9209
2.81186499 0.9206
2.81916189 0.9213
2.82660356 0.9241
2.83692157 0.9308
2.85327533 0.9425
2.87907803 0.9592
2.91423473 0.9780
2.95555926 0.9952
2.99660203 1.0070
3.03225079 1.0121
3.05757209 1.0115
3.06721280 1.0081
3.06017800 1.0034
3.04016491 0.9985
3.01038898 0.9942
2.97563232 0.9905
2.94153168 0.9875
2.91263053 0.9844
2.89042984 0.9813
2.87515230 0.9786
2.86551760 0.9757
2.85817559 0.9719
2.85114048 0.9656
2.84371097 0.9575
2.83698726 0.9492
2.83242418 0.9424
2.83331109 0.9403
2.83957893 0.9424
2.85016231 0.9473
2.86175041 0.9532
2.87111279 0.9588
2.87453381 0.9630
2.87038830 0.9650
2.85912471 0.9630
2.84429736 0.9584
2.82889339 0.9512
2.81727007 0.9437
2.81175319 0.9374
2.81391221 0.9336
2.82374407 0.9330
2.83762606 0.9352
2.85050859 0.9385
2.85904183 0.9406
2.85782763 0.9385
2.84450833 0.9318
2.82174466 0.9230
2.79412361 0.9159
2.76730229 0.9126
2.74439702 0.9133
2.72571972 0.9168
2.71069808 0.9222
2.69797437 0.9281
2.68655175 0.9329
2.67593173 0.9353
2.66477933 0.9339
2.65260748 0.9273
2.63939497 0.9151
2.62678087 0.8993
2.61744819 0.8822
2.61419476 0.8681
2.61914459 0.8605
2.63518176 0.8618
2.66105516 0.8709
2.69495802 0.8845
2.73255044 0.8981
2.76825579 0.9082
2.79989188 0.9140
2.82337172 0.9166
2.83901912 0.9178
2.84617215 0.9195
2.84641231 0.9234
2.84216541 0.9293
2.83603811 0.9362
2.82783780 0.9424
2.81789333 0.9461
2.80673877 0.9469
2.79538819 0.9450
2.78532247 0.9409
2.77813690 0.9359
2.77656267 0.9309
2.78310534 0.9284
2.79648232 0.9287
2.81709909 0.9313
2.84410574 0.9364
2.87522729 0.9426
2.90840556 0.9475
2.93985233 0.9492
2.96357562 0.9463
2.97882354 0.9406
2.98347322 0.9342
2.97797118 0.9299
2.96277926 0.9282
2.93939887 0.9292
2.90952547 0.9317
2.87605611 0.9333
2.83982084 0.9312
2.80155027 0.9243
2.76362493 0.9135
2.72888531 0.9004
2.70044760 0.8872
2.68009501 0.8764
2.66835984 0.8706
2.66560341 0.8714
2.67173992 0.8793
2.68529422 0.8921
2.70521319 0.9060
2.72703779 0.9169
2.74632633 0.9213
2.76190229 0.9187
2.77324997 0.9106
2.78202383 0.9007
2.78937526 0.8919
2.79689737 0.8871
2.80228942 0.8837
2.80575334 0.8806
2.80653402 0.8752
2.80530390 0.8671
2.80218443 0.8562
2.79861928 0.8445
2.79610908 0.8345
2.79663040 0.8289
2.80192974 0.8293
2.81288516 0.8366
2.82945136 0.8498
2.85076219 0.8679
2.87494333 0.8873
2.89985225 0.9050
2.92432644 0.9187
2.94565504 0.9263
2.96178436 0.9274
2.97150300 0.9236
2.97550888 0.9172
2.97266968 0.9109
2.96238420 0.9056
2.94474991 0.9010
2.92044844 0.8952
2.89242920 0.8866
2.86354491 0.8745
2.83472288 0.8579
2.80786159 0.8386
2.78497165 0.8187
2.76853446 0.8030
2.75842191 0.7936
2.75493149 0.7932
2.75662514 0.8033
2.76119301 0.8214
2.76720358 0.8440
2.77593079 0.8678
2.78687286 0.8871
2.80002724 0.8987
2.81483503 0.9029
2.82969148 0.9001
2.84506821 0.8939
2.85932171 0.8859
2.87024743 0.8780
2.87608366 0.8700
2.87710225 0.8610
2.87353746 0.8494
2.86757317 0.8349
2.86046995 0.8177
2.85301924 0.8001
2.84678535 0.7843
2.84260263 0.7739
2.84044538 0.7718
2.83917644 0.7784
2.83760804 0.7927
2.83435719 0.8114
2.83004383 0.8327
2.82511652 0.8519
2.82186476 0.8673
2.82112962 0.8769
2.82451816 0.8808
2.83238826 0.8797
2.84385271 0.8753
2.85818600 0.8713
2.87174570 0.8680
2.88013190 0.8663
2.87996119 0.8660
2.87105386 0.8668
2.85405410 0.8676
2.82985034 0.8663
2.79900007 0.8615
2.76555574 0.8540
2.73296176 0.8450
2.70515746 0.8376
2.68411649 0.8340
2.66951067 0.8357
2.65981502 0.8427
2.65337119 0.8524
2.64947006 0.8620
2.64853919 0.8695
2.65082508 0.8735
2.65746664 0.8740
2.66920700 0.8717
2.68689415 0.8688
2.70924735 0.8663
2.73435165 0.8652
2.76030348 0.8656
2.78348630 0.8666
2.80292934 0.8676
2.81844470 0.8678
2.83021184 0.8665
2.83732390 0.8637
2.84167674 0.8609
2.84495071 0.8585
2.84791061 0.8570
2.85208289 0.8569
2.85504646 0.8585
2.85465184 0.8616
2.85134479 0.8652
2.84702694 0.8687
2.84279555 0.8709
2.83768429 0.8698
2.83454756 0.8654
2.83328779 0.8592
2.83273648 0.8524
2.83128929 0.8452
2.82806588 0.8384
2.82335970 0.8336
2.81780888 0.8303
2.81172900 0.8281
2.80624476 0.8265
2.80053850 0.8252
2.79420727 0.8247
2.78618114 0.8246
2.77578526 0.8251
2.76285349 0.8258
2.74883963 0.8267
2.73451287 0.8274
2.72129203 0.8262
2.71183949 0.8235
2.70881577 0.8207
2.71418951 0.8197
2.72734543 0.8203
2.74728080 0.8229
2.77220983 0.8273
2.79868959 0.8321
2.82335676 0.8362
2.84457601 0.8392
2.86182776 0.8420
2.87584159 0.8460
2.88745586 0.8508
2.89684054 0.8564
2.90390380 0.8622
2.90785067 0.8672
2.90843633 0.8712
2.90625684 0.8730
2.90174862 0.8733
2.89449965 0.8712
2.88656899 0.8663
2.87964735 0.8585
2.87632910 0.8478
2.87826963 0.8348
2.88581953 0.8200
2.89811393 0.8047
2.91327131 0.7909
2.92933547 0.7799
2.94503335 0.7729
2.95758277 0.7688
2.96632212 0.7676
2.97035853 0.7688
2.96908945 0.7721
2.96480636 0.7768
2.95869927 0.7827
2.95161950 0.7891
2.94384304 0.7957
2.93431031 0.8035
2.92171176 0.8120
2.90477789 0.8199
2.88290233 0.8257
2.85646985 0.8278
2.82833446 0.8254
2.80174834 0.8172
2.78121494 0.8044
2.76719866 0.7892
2.75840615 0.7748
2.75485119 0.7646
2.75581300 0.7613
2.76083386 0.7651
2.76819549 0.7734
2.77960107 0.7857
2.79436361 0.7999
2.81153373 0.8136
2.82887890 0.8245
2.84472066 0.8326
2.85762457 0.8384
2.86638868 0.8427
2.87152090 0.8470
2.87285966 0.8522
2.87033040 0.8578
2.86477726 0.8628
2.85744451 0.8659
2.85084671 0.8661
2.84697336 0.8628
2.84766952 0.8569
2.85243670 0.8496
2.86141866 0.8429
2.87301039 0.8386
2.88619977 0.8379
2.89973509 0.8411
2.91444927 0.8476
2.92936347 0.8564
2.94565421 0.8659
2.96406415 0.8756
2.98238594 0.8825
2.99901245 0.8857
3.01094513 0.8852
3.01570559 0.8820
3.01285541 0.8786
3.00310503 0.8772
2.98961442 0.8782
2.97408325 0.8812
2.95766386 0.8845
2.94300608 0.8876
2.93292625 0.8903
2.92641570 0.8928
2.92358472 0.8956
2.92294277 0.9001
2.92284241 0.9056
2.92239996 0.9121
2.92082460 0.9185
2.91702670 0.9231
2.91050239 0.9240
2.90448900 0.9209
2.90151881 0.9139
2.90159689 0.9027
2.90265410 0.8875
2.90268921 0.8705
2.90130431 0.8534
2.89783399 0.8388
2.89178239 0.8289
2.88265411 0.8238
2.87095385 0.8210
2.85884014 0.8183
2.84831284 0.8148
2.84249366 0.8109
2.84164914 0.8086
2.84645011 0.8091
2.85496056 0.8132
2.86672676 0.8210
2.88026574 0.8313
2.89384615 0.8425
2.90618910 0.8529
2.91532585 0.8617
2.92112854 0.8690
2.92504699 0.8753
2.92723375 0.8811
2.92708974 0.8870
2.92204966 0.8937
2.91272458 0.9018
2.89801358 0.9099
2.87933370 0.9165
2.85758915 0.9187
2.83330320 0.9148
2.80633885 0.9041
2.78011917 0.8884
2.75808229 0.8711
2.74010964 0.8549
2.72819667 0.8448
2.72354904 0.8434
2.72615833 0.8508
2.73628939 0.8655
2.75384045 0.8843
2.77838568 0.9044
2.81012735 0.9222
2.84710510 0.9349
2.88845229 0.9415
2.92897249 0.9417
2.96559723 0.9375
2.99597897 0.9316
3.01696873 0.9254
3.02722331 0.9214
3.02565006 0.9199
3.01602608 0.9201
3.00048285 0.9204
2.98098678 0.9183
2.96071964 0.9134
2.94027645 0.9056
2.91981604 0.8959
2.89777946 0.8851
2.87657879 0.8761
2.85737143 0.8706
2.84239346 0.8695
2.83452611 0.8741
2.83685528 0.8823
2.84980335 0.8910
2.87161290 0.8960
2.89965857 0.8948
2.92953408 0.8884
2.95600501 0.8784
2.97705914 0.8684
2.98705503 0.8614
2.98445833 0.8594
2.97104547 0.8625
2.94851202 0.8701
2.92170171 0.8795
2.89511386 0.8876
2.87297268 0.8946
2.85684345 0.8995
2.84688497 0.9025
2.84175135 0.9043
2.83848614 0.9059
2.83452142 0.9082
2.82978196 0.9111
2.82383411 0.9136
2.81881708 0.9142
2.81708133 0.9123
2.81924607 0.9068
2.82756559 0.8987
2.84211885 0.8907
2.86031199 0.8845
2.87936105 0.8821
2.89625112 0.8832
2.90696136 0.8871
2.90868491 0.8911
2.90172880 0.8936
2.88749371 0.8947
2.87018034 0.8948
2.85394088 0.8935
2.84054507 0.8909
2.83259848 0.8876
2.83199025 0.8861
2.83637717 0.8861
2.84349441 0.8879
2.85186883 0.8926
