2.96513214 0.8281
2.98248781 0.8318
2.99053104 0.8383
2.98655418 0.8466
2.96626146 0.8604
2.93622343 0.8677
2.90181750 0.8733
2.86502775 0.8728
2.84003467 0.8000
2.84680810 0.7409
2.87209510 0.7035
2.89804374 0.6843
2.91880384 0.6891
2.93386680 0.7240
2.93965414 0.7590
2.94633620 0.7740
2.96152625 0.7804
2.96523946 0.7926
2.95060385 0.8085
2.92574906 0.8221
2.91097050 0.8311
2.91189664 0.8536
2.92114272 0.8925
2.93188153 0.8960
2.93778089 0.8743
2.94470870 0.8605
2.94679331 0.8602
2.94047045 0.8570
2.92062077 0.8519
2.89076620 0.8453
2.87686165 0.8312
2.88627020 0.8065
2.91043682 0.7840
2.93350927 0.7650
2.95122793 0.7619
2.96803185 0.7765
2.98723807 0.7907
2.99655231 0.7813
2.98552421 0.7581
2.96376026 0.7330
2.94570636 0.7163
2.94280473 0.7140
2.96338867 0.7267
2.99072158 0.7596
3.01075410 0.7894
3.01310090 0.8066
3.01124506 0.8169
3.00620331 0.8395
2.98935870 0.8590
2.97765914 0.8743
2.98807803 0.8674
3.00264922 0.8565
3.00739925 0.8360
3.01033461 0.8135
3.03008186 0.8231
3.05313381 0.8242
3.07474432 0.8163
3.08388552 0.8146
3.06638757 0.8099
3.03095280 0.8034
2.99868060 0.8289
2.99142542 0.8833
2.98748420 0.8814
2.97351385 0.8489
2.96840026 0.7248
2.98676527 0.7173
3.00937554 0.7099
3.01635565 0.7049
2.99924802 0.7111
2.96758818 0.7346
2.94045859 0.7701
2.92780555 0.7479
2.93110074 0.6374
2.94213083 0.6357
2.95343002 0.6579
2.96176359 0.6865
2.96467727 0.7051
2.96873548 0.7150
2.97187635 0.7313
2.97224930 0.7528
2.97057133 0.7848
2.96829003 0.8232
2.95842661 0.8598
2.94033464 0.8802
2.92871063 0.8160
2.94378017 0.8238
2.95270333 0.8192
2.95882213 0.8000
2.94935770 0.7735
2.93366154 0.7459
2.92848567 0.7268
2.93802080 0.7334
2.94452007 0.7673
2.93817375 0.8225
2.93957574 0.8894
2.95084481 0.8951
2.95908843 0.8933
2.96444001 0.8987
2.96992449 0.9220
2.97085114 0.9238
2.96521237 0.9052
2.95637421 0.8870
2.94465661 0.8660
2.92568769 0.8345
2.91259003 0.7988
2.90706602 0.7973
2.90825129 0.8066
2.91328113 0.8159
2.92465692 0.8199
2.93241278 0.8221
2.93335009 0.8179
2.94474018 0.8041
2.96620535 0.7889
2.99210291 0.7789
3.00339501 0.7801
2.99324360 0.7931
2.98069040 0.8135
2.99384472 0.8528
3.02919187 0.8706
3.05861808 0.8664
3.06661276 0.8717
3.05749857 0.8910
3.03380295 0.9075
3.00104812 0.9117
2.99889515 0.8367
3.03468891 0.8425
3.04168842 0.8540
3.03541437 0.8622
3.02558602 0.8538
3.02921487 0.8164
3.04184076 0.8097
3.05425683 0.8259
3.06369774 0.8454
3.07055090 0.8561
3.07295682 0.8570
3.05919407 0.8544
3.02977550 0.8552
2.99743534 0.8644
2.99805026 0.8758
3.01370408 0.8408
3.02395954 0.8054
3.03591547 0.7961
3.04391288 0.8007
3.05025750 0.8023
3.06908015 0.8028
3.08746765 0.8068
3.08533473 0.8056
3.05131477 0.8035
3.00446329 0.8106
2.97882142 0.8577
2.97972257 0.8823
2.98188709 0.8960
2.98394816 0.9179
2.98211125 0.9318
2.97402511 0.9320
2.97060885 0.8546
2.99964093 0.7600
3.02590768 0.7502
3.03360867 0.7589
3.03205439 0.7831
3.03019186 0.8023
3.03150839 0.8203
3.03947068 0.8389
3.04880681 0.8540
3.05579155 0.8655
3.06035704 0.8651
3.06528411 0.8507
3.05838360 0.8265
3.04232884 0.7956
3.02256788 0.7806
3.00385732 0.7966
2.98305842 0.8230
2.97221917 0.8367
2.97925406 0.8436
2.99717227 0.8454
3.01405377 0.8363
3.02766678 0.8129
3.03078423 0.7831
3.02270600 0.7499
2.99456543 0.7246
2.95960612 0.7029
2.94049587 0.6919
2.94238822 0.7119
2.94867876 0.6991
2.94783763 0.6915
2.93907471 0.6959
2.92499322 0.7159
2.91267900 0.7636
2.91240162 0.9584
2.93087584 0.9735
2.94116393 0.9625
2.94653545 0.7038
2.98905645 0.6608
3.04619215 0.6463
3.10338265 0.6393
3.13780958 0.6489
3.13779118 0.6686
3.11191149 0.6858
3.07875072 0.6973
3.05430861 0.7244
3.03143875 0.7734
3.00608808 0.7559
3.01396029 0.7344
3.03765642 0.7332
3.05553706 0.7286
3.05128878 0.7437
3.02843020 0.7607
2.98585509 0.7734
2.94924184 0.7620
2.94425863 0.8146
2.94095064 0.8685
2.92941385 0.8664
2.94711193 0.7445
2.99213181 0.6955
3.04739201 0.6684
3.09844914 0.6562
3.13283289 0.6575
3.13646921 0.6653
3.10747013 0.6689
3.06102112 0.6603
3.01356617 0.6423
2.97655716 0.6071
2.96988141 0.5724
2.99329275 0.5435
3.02459819 0.5130
3.04569079 0.5011
3.05159670 0.5161
3.03759893 0.5560
3.00006285 0.6059
2.95201584 0.6277
2.92979651 0.8885
2.91991314 1.0013
2.89885627 1.0342
2.89049247 0.9995
2.89649079 0.9344
2.91178170 0.9053
2.92640000 0.9361
2.93067771 0.9852
2.92571332 1.0305
2.93296153 0.9221
2.94501410 0.8761
2.94496986 0.8755
2.92675271 0.8488
2.92716313 0.7781
2.94010848 0.7581
2.94005788 0.7191
2.93613155 0.6835
2.92705691 0.6636
2.91761290 0.6656
2.90070731 0.6865
2.88865120 0.7211
2.88468805 0.7367
2.88920374 0.7151
2.90826343 0.6926
2.92946085 0.6805
2.93481168 0.6680
2.92428248 0.6579
2.91153297 0.6554
2.90997536 0.6708
2.91611809 0.8366
2.93750814 0.7987
2.94086449 0.6755
2.94913057 0.5670
2.97276817 0.5168
2.99613133 0.4943
3.00464583 0.4863
2.98413323 0.4939
2.94679098 0.5236
2.91167560 0.6189
2.90529638 0.8163
2.91331012 0.8942
2.91887602 0.7929
2.94238896 0.6343
2.98469635 0.6222
3.03138309 0.6197
3.05886847 0.6234
3.05125362 0.6360
3.02438701 0.6608
2.99837135 0.7038
2.99380958 0.8408
3.02260733 0.9328
3.02966794 0.9205
3.01637224 0.8040
3.03723244 0.7438
3.07654501 0.7146
3.11628511 0.6899
3.13490344 0.6782
3.11672775 0.6809
3.06556031 0.6902
3.00855475 0.7056
2.97380741 0.7024
2.97630171 0.7105
2.99888990 0.7117
3.02450002 0.6951
3.03440772 0.6668
3.02683303 0.6220
3.01022678 0.5928
2.99470868 0.6109
2.96958673 0.6402
2.94042055 0.6555
2.92954573 0.6515
2.95300227 0.6338
3.00673842 0.6133
3.07579449 0.5843
3.13122270 0.5623
3.15771243 0.5606
3.15048795 0.5860
3.12178758 0.6326
3.08672817 0.6856
3.04520786 0.7279
3.01737842 0.7399
3.01697348 0.7516
3.02031209 0.7410
3.01985384 0.6828
3.03373992 0.6229
3.05193727 0.5904
3.06108450 0.5910
3.05463882 0.6238
3.03521436 0.6851
3.01082163 0.7577
2.98594464 0.8204
2.96496320 0.8495
2.94152178 0.8549
2.91801385 0.8607
2.90777499 0.8693
2.90346656 0.8798
2.89747761 0.8909
2.88476652 0.9280
2.87822700 0.9681
2.87690287 0.9561
2.87500092 0.9045
2.88588188 0.7655
2.90584847 0.7239
2.91819595 0.6890
2.91725633 0.6558
2.91175999 0.6454
2.90730625 0.6725
2.90544797 0.7214
2.90701981 0.7933
2.91947242 0.8833
2.93594132 0.9478
2.95100706 0.8293
2.98339999 0.7151
3.00496590 0.7193
3.00864100 0.7105
2.99634573 0.7062
2.97888886 0.7159
2.96529692 0.7364
2.95781929 0.7549
2.95418208 0.7537
2.95019504 0.7272
2.94570652 0.6814
2.95535979 0.6622
2.98489943 0.6711
3.01229707 0.6725
3.02307968 0.6777
3.02315511 0.6953
3.01773038 0.7229
3.00619471 0.7605
2.99879667 0.7856
2.99877631 0.8306
3.03418777 0.9104
3.06124476 0.9179
3.08209072 0.8949
3.10255740 0.8460
3.11268591 0.8012
3.10898579 0.7827
3.09810391 0.7880
3.08441263 0.8009
3.07154763 0.8004
3.06604341 0.7847
3.07594148 0.7580
3.08812764 0.7294
3.09193732 0.6920
3.08500943 0.6389
3.05845060 0.5905
3.02130929 0.5837
2.99515529 0.6627
2.98271550 0.7579
2.98015274 0.8352
2.97984175 0.8932
2.98339946 0.9264
2.99385447 0.7936
3.04595383 0.5940
3.08745924 0.5780
3.10290370 0.5660
3.09812021 0.5645
3.09022271 0.5858
3.07376483 0.6350
3.05721474 0.6988
3.03514702 0.7633
3.01573361 0.8109
3.01100491 0.8307
3.01192345 0.8277
3.01880950 0.7998
3.02305115 0.7547
3.02218189 0.7030
3.02251979 0.6698
3.02115922 0.6471
3.01675795 0.6289
3.00617446 0.6186
2.99522160 0.6328
2.99763905 0.6739
3.00985942 0.7312
3.02124120 0.7835
3.01582086 0.8109
3.00194935 0.8002
2.99067077 0.7790
2.98487695 0.7625
2.98260894 0.7341
2.98719474 0.6845
2.99489816 0.6348
3.00309989 0.6021
3.00607935 0.5967
2.99484786 0.6202
2.96043874 0.6588
2.92274542 0.6887
2.90125940 0.6995
2.88640732 0.6872
2.87165740 0.6668
2.88260452 0.6829
2.93323124 0.6900
3.00350741 0.6618
3.07900625 0.6417
3.13560418 0.6483
3.14678921 0.6805
3.10327854 0.7297
3.03238432 0.7932
2.97124375 0.8400
2.93725550 0.8465
2.93036333 0.8112
2.95329560 0.7413
3.00262241 0.6520
3.07183731 0.5755
3.14124028 0.5322
3.19010279 0.5201
3.20830883 0.5272
3.19213440 0.5516
3.14824171 0.5973
3.10168703 0.6663
3.06831132 0.7407
3.05672048 0.7933
3.06270892 0.7945
3.08103905 0.7362
3.11148277 0.6538
3.14534904 0.5908
3.15999137 0.5588
3.13922531 0.5474
3.08003813 0.5545
3.00952331 0.5716
2.95505460 0.5890
2.92915726 0.5915
2.93843647 0.5753
2.98009943 0.5455
3.03185006 0.5160
3.08321658 0.4929
3.12118806 0.4836
3.13422745 0.4922
3.11042542 0.5198
3.06069421 0.5676
3.00623692 0.6138
2.96700776 0.6308
2.94794920 0.6193
2.94937065 0.5936
2.96628608 0.5695
2.98755436 0.5489
3.00897491 0.5258
3.02152716 0.5019
3.01751291 0.4901
2.99877102 0.5030
2.97977036 0.5442
2.97178513 0.5997
2.98604297 0.6452
3.00878320 0.6759
3.03571851 0.6848
3.05781266 0.6832
3.07249041 0.6665
3.08033636 0.6356
3.08034624 0.5948
3.07303522 0.5596
3.06183203 0.5412
3.06348172 0.5389
3.07336461 0.5341
3.07796289 0.5215
3.05669897 0.5087
3.00571515 0.5078
2.94099173 0.5185
2.88524041 0.5459
2.85216720 0.5918
2.83507095 0.6122
2.82068918 0.5894
2.81676064 0.5535
2.84826679 0.5301
2.90834470 0.5153
2.96384363 0.5020
2.99046529 0.4994
2.97102043 0.5188
2.92849198 0.5464
2.87950568 0.5674
2.85624299 0.5672
2.85987308 0.5651
2.88047639 0.5714
2.91841424 0.5890
2.97671160 0.6019
3.04377004 0.6089
3.09546131 0.6215
3.11713402 0.6411
3.10667703 0.6737
3.08009615 0.7005
3.04972268 0.7221
3.02589754 0.7411
3.01584859 0.7575
3.02750480 0.7740
3.05545592 0.7783
3.09159034 0.7621
3.12076742 0.7295
3.13211021 0.6988
3.12224091 0.6847
3.09723973 0.6864
3.07073587 0.6912
3.04399952 0.7021
3.01958768 0.7250
2.99884434 0.7459
2.98724062 0.7181
2.99014474 0.6697
3.00118796 0.6385
2.99988738 0.6286
2.98892074 0.6304
2.97264226 0.6375
2.96257313 0.6530
2.96711483 0.6763
2.98740204 0.6918
3.02557954 0.6871
3.05796522 0.6728
3.08512542 0.6524
3.10073493 0.6396
3.10169159 0.6403
3.08330175 0.6570
3.05366207 0.6814
3.02864228 0.7015
3.01297166 0.7188
3.00431060 0.7410
2.99342794 0.7595
2.97770556 0.7667
2.96274090 0.7458
2.95389955 0.7107
2.94582532 0.6706
2.93889294 0.6378
2.93213566 0.6104
2.92864809 0.6011
2.92678411 0.5855
2.93429644 0.5538
2.93946392 0.5411
2.94362849 0.5386
2.92209991 0.5525
2.88530197 0.5688
2.88191437 0.9124
2.92462192 0.9171
2.96332320 0.9126
2.97836139 0.9068
2.96648970 0.8838
2.95294574 0.7948
2.97107217 0.6170
2.99221729 0.5298
2.98177360 0.5109
2.93350035 0.5382
2.87413525 0.6187
2.86677818 0.8999
2.91983012 0.8759
2.97375934 0.8626
3.01077862 0.8594
3.02883177 0.8682
3.03786930 0.8873
3.05200136 0.8753
3.06834185 0.8435
3.06991103 0.8373
3.06755170 0.8722
3.07829783 0.8936
3.10085373 0.8820
3.11720282 0.8459
3.11422624 0.7890
3.09142560 0.7287
3.05479832 0.6834
3.02360135 0.6710
3.01324892 0.7142
3.02010890 0.7160
3.01325009 0.6861
2.98964356 0.6611
2.95686567 0.6499
2.93763135 0.6604
2.93650971 0.6767
2.94652376 0.6776
2.96674353 0.6753
2.99187674 0.6725
3.01607932 0.6760
3.03692225 0.6766
3.05318235 0.6694
3.05716732 0.6453
3.04433637 0.6154
3.02777547 0.6004
3.02464725 0.6078
3.03529894 0.6379
3.04988432 0.6709
3.05519990 0.6980
3.04306993 0.7177
3.02179385 0.7321
2.99603984 0.7475
2.98007842 0.7634
2.97125857 0.8061
2.96967135 0.8565
2.96512530 0.8961
2.96298735 0.9135
2.96965420 0.9107
2.98170184 0.9002
2.99745111 0.8918
3.01213947 0.8740
3.02723150 0.8549
3.04551296 0.8547
3.06149063 0.8692
3.06770767 0.8932
3.06314083 0.9223
3.05526106 0.9551
3.05013011 0.9750
3.04783580 0.9714
3.04270384 0.9513
3.03512283 0.9133
3.02379812 0.8472
3.01194234 0.7875
3.00536187 0.7568
3.00005971 0.7451
2.98905669 0.7453
2.97312998 0.7501
2.96130169 0.7490
2.95764358 0.7422
2.95639104 0.7416
2.95470941 0.7508
2.94417613 0.7682
2.93908040 0.7761
2.93891732 0.7557
2.94994434 0.7154
2.96136004 0.7159
2.97610280 0.8302
2.99226723 0.8609
3.00251480 0.8368
3.01204432 0.7989
3.01697275 0.7762
3.00370147 0.7807
2.96989086 0.8071
2.95922916 0.8715
2.98406478 0.8465
3.01479689 0.8150
3.04314159 0.8019
3.05348416 0.8148
3.04197570 0.8532
3.03456435 0.9164
3.05877504 0.8682
3.07876389 0.8431
3.08098653 0.8317
3.06855443 0.8454
3.05202828 0.8617
3.03229459 0.8530
3.01082699 0.8290
2.98506856 0.8081
2.96412381 0.7957
2.95196756 0.8000
2.95134036 0.8003
2.95790962 0.7893
2.96049818 0.7758
2.95690142 0.7837
2.94608111 0.8188
2.93506020 0.8437
2.93185150 0.8349
2.93892298 0.8333
2.94997438 0.8382
2.96696617 0.8399
2.99847156 0.8404
3.04297889 0.8301
3.08620547 0.8112
3.12349227 0.7862
3.14699677 0.7717
3.14040573 0.7799
3.10923084 0.8084
3.06994597 0.8400
3.04190874 0.8581
3.03064715 0.8580
3.02172041 0.8597
3.01055024 0.8658
2.99842210 0.8663
2.99160372 0.8519
2.99290074 0.8574
2.98963208 0.8471
2.98110378 0.8401
2.97202341 0.8421
2.98519057 0.8273
3.00662288 0.8028
3.01366659 0.7973
3.00529762 0.8294
2.99489772 0.9037
2.99284722 0.9558
2.99870016 0.9622
2.99855031 0.9632
2.99466208 0.9318
3.01278430 0.7960
3.06358667 0.7430
3.10986222 0.7446
3.13754087 0.7602
3.15376362 0.7814
3.16472804 0.8025
3.16739904 0.8084
3.15619413 0.7911
3.13666835 0.7624
3.12245403 0.7372
3.11105450 0.7328
3.09015586 0.7436
3.05546707 0.7739
3.01054302 0.8231
2.98572952 0.8724
3.01458728 0.8181
3.05463740 0.7551
3.07691569 0.7148
3.07589878 0.7160
3.05154088 0.7497
3.01258352 0.8113
3.04083618 0.8444
3.10677354 0.7965
3.14766713 0.7619
3.13574821 0.7656
3.09589971 0.8124
3.05475101 0.8878
3.03278461 0.9168
3.02787500 0.8982
3.02132989 0.8876
3.00731398 0.8772
3.00206990 0.8031
3.02825866 0.7007
3.06060365 0.6358
3.05958418 0.6112
3.03144773 0.6241
3.00034605 0.6512
2.97207661 0.6744
2.95349588 0.6884
2.93672901 0.7206
2.91717078 0.7449
2.90097294 0.7618
2.88648100 0.7722
2.87733009 0.7763
2.87524618 0.8354
2.87956967 0.9456
2.88299302 0.9990
2.88213655 1.0148
2.88584142 0.8138
2.91786531 0.5853
2.95271527 0.5341
2.96614161 0.5149
2.95659660 0.5121
2.92565027 0.5185
2.88289810 0.5982
2.88760861 0.8929
2.92150351 0.9546
2.93475991 0.9819
2.92442492 1.0023
2.91067225 0.9729
2.93063084 0.7160
2.98496054 0.5395
3.02034794 0.5016
3.02079331 0.5167
2.98650772 0.5765
2.93698720 0.7252
2.91682630 0.9564
2.92031998 0.9916
2.91384451 0.9924
2.89571332 0.9846
2.88410077 0.8713
2.91668768 0.5746
2.97311647 0.5292
3.02826976 0.5046
3.06527626 0.5012
3.06474260 0.5235
3.04958456 0.5670
3.03988287 0.6186
3.05451420 0.6645
3.09105405 0.6975
3.13362417 0.7035
3.16499728 0.6880
3.18436058 0.6633
3.17863039 0.6435
3.14537930 0.6361
3.09299518 0.6536
3.05693959 0.7770
3.05886143 0.8402
3.06062018 0.7941
3.05221620 0.6793
3.07193755 0.5960
3.11221347 0.5698
3.15950699 0.5458
3.19300357 0.5238
3.19592818 0.5086
3.15034195 0.5090
3.07093157 0.5295
3.00176170 0.5842
2.98788815 0.6720
3.01514782 0.6799
3.04187389 0.6718
3.04616614 0.6960
3.02501107 0.7301
3.00113833 0.7560
2.98206518 0.7673
2.96587106 0.7482
2.96183491 0.7276
2.97367248 0.7611
2.96021210 0.8122
2.92440138 0.8636
2.89620786 0.8801
2.90318619 0.7012
2.92945310 0.7203
2.93418635 0.7342
2.92806699 0.7464
2.91112633 0.7377
2.90041828 0.7168
2.90303052 0.7127
2.90734869 0.6705
2.92412364 0.5951
2.96041434 0.5524
2.99377746 0.5416
2.99527742 0.5592
2.96172780 0.6084
2.91862531 0.6683
2.88423584 0.7090
2.87897698 0.8499
2.88482587 0.9018
2.88598746 0.9545
2.90247442 0.9013
2.94510722 0.7994
2.99153085 0.7302
3.01877208 0.6936
3.01307213 0.6919
2.98964825 0.7261
2.95861171 0.7739
2.93158188 0.8047
2.96845029 0.8991
2.99872083 0.8664
3.00518059 0.8363
2.99821637 0.7981
3.00375200 0.7569
3.00826093 0.7148
3.00872892 0.6890
3.00446415 0.6986
3.00615044 0.7616
3.01480421 0.8682
3.02881270 0.9381
3.03558436 0.9523
3.02463115 0.9336
3.00822043 0.8621
3.01933136 0.7868
3.04039618 0.7673
3.04882043 0.7562
3.04538295 0.7463
3.02845658 0.7344
3.01385954 0.7673
3.01603382 0.8298
3.01925356 0.8442
3.02823640 0.7995
3.07075054 0.7524
3.12736292 0.7593
3.15470188 0.7746
3.15285045 0.7949
3.13660002 0.8180
3.12303189 0.8265
3.10690583 0.8155
3.08010293 0.7878
3.04673184 0.7513
3.02971431 0.6786
3.03571695 0.6406
3.04197911 0.6309
3.02819574 0.6407
2.99175706 0.6684
2.95558396 0.8232
2.95532573 0.9595
2.95899783 0.9783
2.95792103 0.9864
2.94688220 0.9903
2.91839519 0.9922
2.92671435 0.7106
2.97205481 0.6735
3.00623739 0.6620
3.01236529 0.6729
3.00181610 0.6990
2.98997155 0.7345
2.98749106 0.7667
2.99212323 0.7940
3.00194132 0.8098
3.01918673 0.8014
3.03881697 0.7742
3.04915085 0.7456
3.04338854 0.7236
3.00596693 0.7248
2.94810076 0.7333
2.95260202 0.9420
2.95966640 0.9121
2.95072015 0.8937
2.92871798 0.9022
2.90629285 0.9268
2.94148010 0.7751
2.98926373 0.7309
3.01839986 0.7025
3.02018560 0.7139
2.99693933 0.7869
2.96571506 0.8876
2.94014835 0.9753
2.93142445 1.0022
2.92275104 1.0003
2.91037314 1.0006
2.93978449 0.7421
2.99651452 0.7135
3.03947192 0.7093
3.05740090 0.7283
3.04633186 0.7581
3.01884139 0.7897
2.97880692 0.8126
2.94606021 0.9290
2.93771306 0.9146
2.92260806 0.8947
2.91834700 0.7734
2.94146239 0.7431
2.96314644 0.7286
2.97900826 0.7344
2.98878732 0.7614
2.99431845 0.7927
2.99389941 0.8196
2.99087849 0.8292
2.99394583 0.8238
3.00884969 0.8128
3.02288184 0.7881
3.02987561 0.7560
3.02362636 0.7302
3.00478593 0.7152
2.98039507 0.7086
2.96475708 0.7042
2.97032265 0.7149
2.98077548 0.7121
2.98409063 0.7142
2.98630603 0.7194
2.99014096 0.7239
3.00675801 0.7136
3.02797652 0.7199
3.03921161 0.7590
3.03861924 0.8123
3.05217185 0.8956
3.05915780 0.8680
3.06769578 0.8578
3.07894335 0.8362
3.09075813 0.8046
3.10217095 0.7732
3.11586779 0.7445
3.11395786 0.7329
3.09033292 0.7428
3.04681922 0.7737
3.00033945 0.7972
2.98210427 0.7838
2.98812343 0.7729
2.99036917 0.7754
2.98748779 0.7901
2.99007552 0.8097
2.99823362 0.8214
3.01072915 0.8233
3.01208259 0.8410
3.01159193 0.8672
3.02511914 0.8691
3.04780140 0.8658
3.07013997 0.8636
3.06735041 0.8672
3.04204431 0.8791
3.00110146 0.8945
2.99316404 0.8072
3.00819274 0.7778
3.00919640 0.7701
2.98482273 0.7944
2.94917980 0.8431
2.93229966 0.8900
2.93725699 0.8657
2.93771602 0.8377
2.94186092 0.8160
2.95050032 0.7995
2.95805372 0.7926
2.96123814 0.7860
2.96023572 0.7747
2.95152585 0.7708
2.92625251 0.7777
2.89159282 0.8089
2.88933567 0.8863
2.89091459 0.8755
2.88756188 0.8473
2.88551656 0.8052
2.89429381 0.7531
2.91969098 0.7143
2.94217773 0.6967
2.94986068 0.6870
2.94278545 0.6787
2.93021912 0.6782
2.92936573 0.6868
2.93664079 0.7049
2.94623407 0.7276
2.95657020 0.7600
2.97113223 0.7920
2.98942284 0.8010
3.00686162 0.7961
3.01752687 0.7986
3.01575257 0.8091
3.00702863 0.8179
3.00157638 0.8172
3.00447385 0.8177
3.01647295 0.8282
3.02876857 0.8281
3.03040224 0.8237
3.02321189 0.8158
3.01519330 0.8139
3.01825844 0.8291
3.01478639 0.8341
3.00681608 0.8249
3.00332628 0.8031
3.01583012 0.7782
3.04196097 0.7449
3.05728166 0.7160
3.05215874 0.6942
3.02913066 0.6930
3.01144742 0.7638
2.99871139 0.8629
2.99943957 0.9134
3.02840690 0.8820
3.06179830 0.8507
3.06543530 0.8442
3.04389288 0.8603
3.01613557 0.8808
3.01335723 0.7623
3.01667985 0.7164
3.01155876 0.7074
3.00088493 0.7209
2.97527616 0.7629
2.94507502 0.8658
2.95854876 0.8391
2.97713425 0.7918
2.98073712 0.7608
2.98129542 0.7500
2.98787926 0.7656
2.99169886 0.7783
2.98616561 0.7846
2.97203450 0.7861
2.95829996 0.8110
2.95891277 0.9393
2.98202379 0.9090
3.01145580 0.8452
3.03205903 0.7820
3.04257484 0.7364
3.04508837 0.7197
3.02999931 0.7313
2.99208864 0.7604
2.93910064 0.7912
2.89470706 0.8096
2.91036207 0.8248
2.93201338 0.7878
2.94218710 0.7558
2.94591955 0.7334
2.93294748 0.7439
2.90536127 0.7900
2.89790741 0.8240
2.91111413 0.8262
2.92083030 0.8315
2.92210406 0.8391
2.92309288 0.8407
2.93604009 0.8744
2.94207473 0.9239
2.94343155 0.9530
2.95475584 0.8847
2.98138921 0.8225
2.99754244 0.8167
2.99869755 0.8296
2.98315408 0.8338
2.95720186 0.8359
2.95890978 0.8952
2.99095897 0.8884
3.01517458 0.8862
3.01977594 0.8831
3.01666741 0.8614
3.01982511 0.8459
3.02954455 0.8466
3.03738743 0.8430
3.04556497 0.8204
3.04581001 0.7876
3.03074242 0.7699
3.00525040 0.7759
2.97317227 0.7917
2.94548572 0.7976
2.93258216 0.7993
2.92920873 0.8126
2.92670395 0.8343
2.91939415 0.8626
2.91245204 0.8841
2.91143760 0.8451
2.92202986 0.7683
2.93433941 0.7185
2.94046262 0.6962
2.94075413 0.6919
2.95209609 0.7031
2.97299094 0.7244
2.99013349 0.7486
2.99537970 0.7827
2.98887422 0.8191
2.97582440 0.8496
2.96273161 0.8581
2.95786761 0.8496
2.95721166 0.8422
2.96332685 0.8389
2.97789801 0.8387
2.99876757 0.8269
3.01313807 0.8181
3.01378548 0.8120
3.00054093 0.8133
2.97331550 0.8169
2.95668375 0.8319
2.95694129 0.8341
2.96316339 0.8387
2.95822910 0.8506
2.94851915 0.8756
2.94453568 0.9629
2.96882117 0.9323
2.99674322 0.9200
3.01650104 0.9093
3.02176714 0.8931
3.01444661 0.8681
3.01009761 0.8221
3.01993050 0.8024
3.02266122 0.7989
3.01236462 0.7858
2.99526264 0.7736
2.98567282 0.7840
2.99744778 0.8263
3.03388101 0.8396
3.07550244 0.8331
3.10671898 0.8163
3.11571928 0.8089
3.10618501 0.8163
3.08105023 0.8340
3.05052927 0.8292
3.02510925 0.7863
3.00659252 0.7345
2.99796551 0.7375
3.00178360 0.7847
3.02172270 0.8104
3.04495793 0.8057
3.05900277 0.8031
3.05557186 0.8290
3.03366906 0.8821
2.99821542 0.9462
2.97415500 1.0095
2.98473922 0.7222
3.00838899 0.6433
3.03111068 0.6212
3.05337021 0.6342
3.07197363 0.6465
3.08458841 0.6506
3.07916996 0.6736
3.05987157 0.7165
3.03232743 0.7512
3.00368040 0.7598
2.98683657 0.7349
2.98193370 0.7288
2.98403300 0.7472
2.99055877 0.7621
2.99146428 0.7323
2.98362865 0.6702
2.97450056 0.6001
2.96210874 0.5728
2.93716281 0.5755
2.91080036 0.5923
2.89485554 0.6127
2.89693430 0.6640
2.91991709 0.7837
2.95911953 0.8349
2.98191489 0.8166
2.98757319 0.7264
3.00533494 0.6039
3.04003264 0.5607
3.06352725 0.5449
3.06020722 0.5393
3.03865453 0.5471
3.00645405 0.5774
2.98872046 0.7216
3.01195651 0.8596
3.04605803 0.8604
3.07275098 0.8236
3.08006642 0.7802
3.06397183 0.7427
3.03877162 0.7217
3.00775392 0.7063
2.97002585 0.6912
2.94195915 0.6786
2.92573900 0.6861
2.91772493 0.7472
2.92715781 0.7961
2.94361482 0.7955
2.96621882 0.7699
2.98288186 0.7447
2.99184328 0.7271
2.99039497 0.7315
2.97830680 0.7557
2.96208772 0.7883
2.95170094 0.8311
2.95134491 0.9343
2.96503978 1.0092
2.97405822 1.0053
2.97298889 0.9412
2.99119983 0.7959
3.01364239 0.7872
3.02577627 0.7862
3.02888090 0.7765
3.02285810 0.7621
3.01414947 0.7479
3.00225510 0.7709
2.99638540 0.9519
3.00829206 1.0063
3.00262920 0.9715
2.98415525 0.8784
2.97305962 0.7670
2.96568266 0.7395
2.96255441 0.7235
2.96182179 0.7090
2.96608817 0.7099
2.97424332 0.7158
2.98492410 0.7349
2.99957989 0.7557
3.01563562 0.7679
3.02743869 0.7733
3.02355551 0.7758
3.00346956 0.7829
2.97605929 0.7953
2.94920004 0.7960
2.93557134 0.7781
2.95708686 0.8204
2.97247831 0.8622
2.98341910 0.9015
2.99115478 0.8485
3.01451079 0.7484
3.02896615 0.7372
3.01170560 0.7568
2.97769101 0.8252
2.97429635 0.9628
2.98363349 0.9207
2.98995366 0.8839
2.99687543 0.8450
2.99735851 0.8121
2.98620082 0.7800
2.97708202 0.7284
2.98267481 0.6888
2.98806120 0.6774
2.97125063 0.6800
2.95853838 0.7055
2.97949445 0.7503
3.01422029 0.7558
3.03729181 0.7387
3.04689372 0.7243
3.03810250 0.7285
3.00265175 0.7535
2.98708981 0.8152
3.01984164 0.8355
3.04925254 0.8104
3.06162440 0.7791
3.06130330 0.7480
3.04847786 0.7343
3.03665623 0.7274
3.03958472 0.7197
3.06073790 0.7087
3.07872236 0.7058
3.07436427 0.7072
3.05352165 0.7100
3.02407809 0.7177
2.99743886 0.7343
2.97852334 0.7626
2.97222539 0.8253
2.97686357 0.8539
2.98653064 0.8470
3.00191775 0.8284
3.01873978 0.8184
3.03875337 0.8071
3.04869755 0.7859
3.06413891 0.7591
3.07801756 0.7409
3.08985413 0.7304
3.08481343 0.7347
3.06078181 0.7419
3.02966166 0.7547
3.01638643 0.7729
3.01878087 0.7828
3.02872440 0.7825
3.04705947 0.7741
3.06795584 0.7548
3.08826711 0.7296
3.10366694 0.7147
3.10281110 0.7188
3.07607296 0.7327
3.01910147 0.7544
2.95570133 0.7857
2.90879688 0.8470
2.91674993 0.8819
2.94655264 0.8420
2.98338317 0.8011
3.02602137 0.7599
3.05702662 0.7281
3.06170966 0.7125
3.04055666 0.7198
3.00610389 0.7427
2.96212168 0.7698
2.92517927 0.8039
2.90738099 0.8385
2.91693037 0.8428
2.94331840 0.8284
2.98569848 0.8043
3.02409654 0.7759
3.04684614 0.7535
3.05473082 0.7412
3.04630092 0.7392
3.03487338 0.7505
3.01988203 0.7793
3.00090810 0.8245
2.98156157 0.8717
2.96971160 0.8988
2.97093125 0.8531
2.99316223 0.7771
3.02180354 0.7460
3.03871568 0.7301
3.03799196 0.7073
3.02463047 0.6730
3.00684588 0.6445
2.99337445 0.6488
2.99036323 0.6739
2.98429091 0.7019
2.96968463 0.7264
2.96295658 0.7071
2.99239619 0.7111
3.03288893 0.7364
3.06263329 0.7598
3.07168652 0.7801
3.05847528 0.7950
3.03050551 0.7856
3.01147484 0.7011
3.04185046 0.6624
3.08343248 0.6764
3.09699463 0.6954
3.08050575 0.7109
3.05638476 0.7237
3.04526352 0.7549
3.04220738 0.7996
3.03576450 0.8274
3.02577252 0.8200
3.02289396 0.7370
3.04992254 0.7001
3.08270324 0.7098
3.09080163 0.7334
3.07532413 0.7717
3.05514010 0.8139
3.03563410 0.8541
3.01834892 0.8925
3.01572796 0.9305
3.00718345 0.9585
2.98841366 0.9479
2.98517777 0.7307
3.00103221 0.7135
3.00982460 0.7305
3.00167543 0.7479
2.98543020 0.7604
2.96309517 0.7710
2.93829398 0.7824
2.94412097 0.8902
2.96323721 0.8630
2.96940113 0.8229
2.96084365 0.7619
2.94987579 0.6716
2.95194780 0.6830
2.96088014 0.7645
2.97700850 0.8034
2.99001005 0.8056
2.99486795 0.7808
2.98192718 0.7514
2.95169093 0.7397
2.92056766 0.7428
2.89413203 0.7508
2.87788854 0.7455
2.88558089 0.7268
2.91121114 0.7150
2.93545186 0.7141
2.95028280 0.7259
2.95890114 0.7324
2.96155906 0.7222
2.96059188 0.7028
2.95985202 0.6929
2.96556661 0.6948
2.97556136 0.7080
2.98304816 0.7333
2.98500478 0.7701
2.97233005 0.8181
2.94829740 0.8749
2.92710948 0.9172
2.91129923 0.9324
2.91528719 0.8548
2.95704709 0.8223
2.98949505 0.8293
3.00970050 0.8310
3.02802335 0.8056
3.06284021 0.7542
3.08976142 0.7439
3.08144749 0.7781
3.04275573 0.8308
2.99307011 0.8787
2.96862970 0.8587
3.00286528 0.7498
3.04691177 0.6874
3.06408613 0.6578
3.04471409 0.6686
3.01320074 0.7324
3.02568894 0.8260
3.06113900 0.8559
3.07946707 0.8703
3.06815935 0.8854
3.03632723 0.9050
3.00771260 0.9149
3.03601528 0.7419
3.11704095 0.6656
3.18664760 0.6186
3.20964430 0.6044
3.16648078 0.6313
3.08073931 0.6882
3.00679758 0.8463
3.01200297 0.9345
3.01980874 0.9081
3.01287924 0.9076
3.00305890 0.8160
3.04636536 0.7836
3.10043845 0.7424
3.14918885 0.6936
3.16820072 0.6699
3.13866105 0.6814
3.07704290 0.7308
3.02039969 0.7931
2.99400308 0.8671
3.00129306 0.9041
3.02096822 0.8870
3.03038746 0.8838
3.02798938 0.8886
3.02178158 0.9025
3.01110617 0.9253
2.99832713 0.9496
2.98478048 0.9524
2.97464538 0.9310
2.97234357 0.8922
2.97739773 0.8590
2.98624597 0.8460
2.99335206 0.8428
2.99539607 0.8378
2.99547807 0.8304
2.99079796 0.8279
2.97931720 0.8626
2.97252042 0.9954
2.97204052 1.0006
2.97449804 0.9116
2.97983979 0.8573
2.97725085 0.8336
2.96842730 0.8254
2.96108663 0.8283
2.95652720 0.8396
2.95846380 0.8475
2.96287038 0.8480
2.96408889 0.8366
2.95923623 0.8407
2.95970436 0.8391
2.96363975 0.8331
2.96743703 0.8316
2.97033787 0.8268
2.97063224 0.8254
2.96737857 0.8131
2.96413424 0.7757
2.96850469 0.7442
2.97434983 0.7409
2.97054462 0.7399
2.96113026 0.6931
2.96405141 0.6647
2.96844617 0.6675
2.95157909 0.6910
2.92489117 0.7389
2.92017178 0.8792
2.94668671 0.8725
2.98558657 0.8363
3.02111208 0.8136
3.03421232 0.8061
3.02086939 0.7929
2.99243656 0.7585
2.99536481 0.7146
3.02414111 0.7172
3.03856382 0.7383
3.03337634 0.7805
3.02063824 0.8348
3.02768541 0.9218
3.08563246 0.8687
3.13360400 0.8422
3.14284473 0.8407
3.11114416 0.8666
3.06377827 0.9068
3.02719101 0.9041
3.03780870 0.7657
3.06089701 0.7290
3.07408148 0.7139
3.05603088 0.7127
3.01063792 0.7779
3.01657612 0.9547
3.02092518 0.9144
3.01221561 0.8774
2.98533207 0.8560
2.94890924 0.8414
2.93329277 0.7815
2.95528052 0.7553
3.00250788 0.7218
3.04782484 0.6857
3.07673659 0.6529
3.07248965 0.6517
3.04989607 0.6900
3.02648941 0.7575
3.01029768 0.8516
3.00695207 0.9163
3.00709519 0.9120
2.99476132 0.8844
2.98146116 0.8550
2.97777645 0.8291
2.98581452 0.8341
2.99955243 0.8282
3.01275400 0.8115
3.02671737 0.8020
3.03639719 0.8028
3.03499495 0.8126
3.01800737 0.8234
2.99787884 0.8282
2.98294716 0.8241
2.98419258 0.8126
3.00450933 0.8125
3.02207499 0.8309
3.02253495 0.8579
3.00194454 0.8860
3.00095286 0.8555
3.02192137 0.8180
3.02565331 0.7866
3.01622687 0.7716
2.99874865 0.7742
2.97143016 0.7916
2.93976640 0.8082
2.91636996 0.8079
2.93622326 0.8727
2.95155115 0.8967
2.94954201 0.9288
2.94246596 0.9561
2.94047362 0.9552
2.94368879 0.9172
2.94392172 0.8772
2.93660179 0.8415
2.92568375 0.8211
2.91178002 0.8074
2.90806590 0.7402
2.93274547 0.7350
2.96325014 0.7383
2.98637133 0.7476
2.99327049 0.7622
2.98654952 0.7781
2.99266725 0.7779
3.01533481 0.7616
3.04241444 0.7359
3.04594392 0.7180
3.02333255 0.7186
2.99520223 0.7363
2.99268844 0.7905
3.01974784 0.8106
3.04054555 0.8111
3.04589573 0.8148
3.03731279 0.8154
3.03243842 0.8017
3.03964213 0.7822
3.05536762 0.7669
3.06786157 0.7567
3.06850354 0.7553
3.06390137 0.7716
3.06492235 0.8165
3.08905753 0.8300
3.12373447 0.8034
3.15852348 0.7648
3.17601649 0.7267
3.15881028 0.6958
3.10937113 0.6894
3.04928966 0.7149
3.01469502 0.7971
3.01783835 0.8192
3.03423532 0.8109
3.04925394 0.8237
3.05569141 0.8400
3.06290818 0.8567
3.09800342 0.8401
3.14264639 0.7929
3.16896365 0.7451
3.16713638 0.7191
3.14495052 0.7261
3.11306732 0.7618
3.07950365 0.7950
3.05629448 0.8021
3.05322973 0.7878
3.05871475 0.7879
3.06243419 0.8145
3.06661262 0.8481
3.06837697 0.8440
3.05985687 0.8240
3.05113512 0.8159
3.04838146 0.8239
3.04303764 0.8316
3.02848237 0.8328
3.01168769 0.8327
2.99922914 0.8426
2.98519387 0.8724
2.97445684 0.8956
2.96735588 0.8878
2.96037110 0.8674
2.95514386 0.8554
2.95180422 0.8522
2.94302648 0.8411
2.92736408 0.8175
2.90997426 0.7902
2.89933077 0.7813
2.89699863 0.8700
2.90137368 0.8716
2.90750919 0.8684
2.91835560 0.8697
2.92920742 0.8616
2.94783014 0.8225
2.97539530 0.8313
3.00097815 0.8620
3.01219835 0.8825
3.00627170 0.8914
2.99323320 0.8880
2.98178213 0.8715
2.97188511 0.8634
2.96192220 0.8693
2.94873164 0.8778
2.93257492 0.8622
2.95933495 0.7917
2.98856260 0.7902
3.00295566 0.7977
2.99700021 0.8076
2.98225111 0.8226
2.98370909 0.8352
2.99709233 0.8268
3.01679482 0.8257
3.02568592 0.8310
3.02028864 0.8253
3.00182364 0.8093
2.99688617 0.8101
3.01432908 0.8422
3.02783088 0.8560
3.02437072 0.8596
3.01369676 0.8442
3.01910580 0.8180
3.03245106 0.8244
3.03765415 0.8412
3.03456155 0.8444
3.02644838 0.8337
3.03050729 0.8018
3.05249497 0.7713
3.07409961 0.7515
3.07375165 0.7427
3.05499771 0.7481
3.03503100 0.7777
3.02573906 0.8207
3.02174393 0.8371
3.02010239 0.8345
3.02457412 0.8156
3.03953157 0.7976
3.07083642 0.7879
3.10432793 0.7691
3.12119470 0.7508
3.12117491 0.7375
3.10162363 0.7383
3.07093986 0.7500
3.04927664 0.7673
3.03963851 0.7815
3.03766962 0.7867
3.03685969 0.7882
3.04318775 0.7947
3.06270229 0.7997
3.08321981 0.7985
3.09808662 0.7934
3.09859287 0.7935
3.08382158 0.7997
3.04901662 0.8167
3.01676165 0.8368
2.99549143 0.8498
2.98849204 0.8482
2.98656877 0.8380
2.98156587 0.8290
2.97526967 0.8213
2.97373399 0.8164
2.98727723 0.8085
3.01627768 0.7997
3.03723564 0.7908
3.03818237 0.7844
3.02834681 0.7832
3.01935056 0.7825
3.00981552 0.7840
2.99305012 0.7882
2.97012868 0.8046
2.94459811 0.8247
2.92871423 0.8183
2.93056322 0.7919
2.93389783 0.8036
2.93038063 0.8406
2.92310739 0.8722
2.92733644 0.8629
2.94594405 0.8421
2.96380428 0.8265
2.96970326 0.8334
2.97006933 0.8561
2.98028370 0.8778
2.99382286 0.8635
3.00468069 0.8367
3.01754332 0.8182
3.02882415 0.8128
3.03511483 0.8088
3.03178710 0.8003
3.01282435 0.7934
2.97907150 0.8022
2.93997574 0.8415
2.91389478 0.9249
2.92940402 0.8921
2.96648783 0.8710
3.00308212 0.8503
3.01859332 0.8176
3.01022355 0.7741
2.98015088 0.7427
2.95623468 0.7682
2.96164492 0.8518
2.98208113 0.8808
3.00454302 0.8807
3.03134255 0.8641
3.05423189 0.8529
3.06347870 0.8593
3.05746313 0.8624
3.03512254 0.8363
3.00130075 0.7977
2.96248398 0.7581
2.94761686 0.7975
2.96369533 0.8438
2.98146695 0.8547
2.99058455 0.8593
2.99380314 0.8542
2.99250753 0.8460
2.98988765 0.8666
2.98573694 0.8668
2.98098132 0.8512
2.97267394 0.8242
2.95823796 0.7977
2.94954782 0.8330
2.94812900 0.8736
2.96616920 0.8346
3.00456183 0.7624
3.03635092 0.7139
3.03249720 0.7067
3.00406363 0.7259
2.98514158 0.8678
3.00402045 0.8547
3.01907769 0.8168
3.02800145 0.7913
3.02988706 0.7853
3.02081438 0.7971
3.00045865 0.8181
2.97724859 0.8383
2.96143345 0.8507
2.94724770 0.8272
2.95010356 0.7964
2.96837421 0.7643
2.99764789 0.7302
3.02209155 0.7017
3.02789781 0.6884
3.02267447 0.6906
3.01242175 0.7229
2.99454873 0.7857
2.97677581 0.8413
2.97058824 0.8444
2.96812211 0.8138
2.95669564 0.7757
2.94599743 0.7499
2.94111841 0.7333
2.94221741 0.7287
2.95436887 0.7439
2.98654341 0.7684
3.01722055 0.7690
3.01691121 0.7749
2.98714598 0.7802
2.95718153 0.7418
2.96132986 0.7849
2.97301822 0.7909
2.99442860 0.7959
3.02175322 0.8066
3.05200661 0.8005
3.07736204 0.7690
3.09472232 0.7324
3.09987670 0.7106
3.09061372 0.7031
3.05916641 0.7051
3.01818372 0.7172
2.98136671 0.7378
2.96487343 0.7621
2.96146800 0.7846
2.96349948 0.8101
2.96588774 0.8385
2.96309133 0.8531
2.96252909 0.8266
2.98401328 0.7860
3.02199549 0.7500
3.05745756 0.7160
3.08647696 0.6982
3.10585128 0.7081
3.10612628 0.7394
3.08786846 0.7812
3.05838275 0.8240
3.04176352 0.8624
3.05220278 0.8856
3.07341620 0.8842
3.08527138 0.8674
3.08187206 0.8465
3.07307589 0.8155
3.06620190 0.7420
3.08169183 0.7647
3.09292710 0.7926
3.08549186 0.8163
3.06893741 0.8376
3.05765139 0.8441
3.05587706 0.8396
3.06087426 0.8232
3.06312884 0.7840
3.05557521 0.7341
3.05132787 0.6898
3.05232426 0.6674
3.04761283 0.6677
3.03210282 0.6784
2.99740314 0.6976
2.96782201 0.7315
2.96531769 0.8084
2.97603866 0.8409
2.98668047 0.8437
2.99193557 0.8258
2.99261955 0.7822
2.99392687 0.7232
2.99365388 0.7048
2.98046653 0.7370
2.96584686 0.8077
2.96461741 0.8986
2.97134076 0.9149
2.97986690 0.8767
2.98451480 0.8521
2.97824777 0.8206
2.96464673 0.7880
2.95035292 0.7601
2.93901879 0.7420
2.93630293 0.7383
2.93891613 0.7475
2.95325123 0.7882
2.97207136 0.8074
2.98181053 0.7957
2.98566928 0.7813
2.98702705 0.7870
2.98550677 0.7938
2.98184494 0.7863
2.97708216 0.7625
2.97120116 0.7405
2.96205054 0.7219
2.95663763 0.7152
2.97664912 0.7601
3.01088673 0.7805
3.03613422 0.7782
3.04627452 0.7755
3.03837038 0.7889
3.01175928 0.8193
2.97556405 0.8432
2.94594806 0.8514
2.93603146 0.8413
2.94262358 0.8107
2.96289262 0.7718
2.99074221 0.7276
3.02297434 0.6999
3.05205853 0.7050
3.07143707 0.7433
3.06692359 0.8003
3.04345455 0.8559
3.01169610 0.9003
2.99024380 0.9013
2.99724409 0.7603
3.02706789 0.7592
3.04812310 0.7517
3.05847650 0.7274
3.06649988 0.6997
3.07204566 0.6843
3.08073138 0.6880
3.08535606 0.7093
3.07988310 0.7313
3.07751873 0.7496
3.09172825 0.7532
3.11905566 0.7490
3.14397237 0.7378
3.15258745 0.7113
3.14450381 0.6746
3.12518949 0.6437
3.09621374 0.6316
3.05515774 0.6452
3.01280281 0.7106
3.00417782 0.8203
3.02944106 0.8197
3.06829087 0.7791
3.10871105 0.7431
3.13167486 0.7174
3.11931298 0.7016
3.08048364 0.7006
3.03230211 0.7171
2.99023056 0.7396
2.95863683 0.7594
2.94125673 0.7740
2.94970865 0.7619
2.99214033 0.7604
3.04923929 0.7421
3.10129048 0.7166
3.12769528 0.6929
3.12126319 0.6805
3.09294228 0.6835
3.04684336 0.6974
2.99247425 0.7142
2.94413087 0.7914
2.94796976 1.0120
2.95098181 0.9886
2.94728182 0.8652
2.96406510 0.7554
2.97550510 0.7378
2.97540697 0.7152
2.96386009 0.6978
2.94154131 0.6910
2.91442134 0.6996
2.90226861 0.7590
2.91639776 0.8100
2.94589126 0.8182
2.97206478 0.8115
2.98181696 0.8006
2.98006131 0.7746
2.97213008 0.7415
2.95819282 0.7147
2.94419469 0.6981
2.92704317 0.6865
2.91355030 0.6750
2.91922938 0.6803
2.95691708 0.6715
3.01086005 0.6480
3.05695465 0.6444
3.08147552 0.6528
3.07476973 0.6661
3.04668222 0.6867
3.00751067 0.7182
2.96740472 0.7603
2.93266943 0.8017
2.92045590 0.8791
2.93037894 0.9250
2.95081571 0.9094
2.97466326 0.8609
3.00362867 0.7883
3.02815665 0.7329
3.03202794 0.7155
3.01715359 0.7292
2.99201890 0.7917
2.98073596 0.9728
2.97646798 0.9510
2.96848876 0.9253
2.97870235 0.8241
3.01318796 0.8128
3.05941410 0.7887
3.10958069 0.7522
3.14513379 0.7139
3.14134446 0.6979
3.09511172 0.7060
3.03864678 0.7189
3.02005633 0.7057
3.05600146 0.6813
3.11102945 0.6591
3.14037595 0.6657
3.13522092 0.6954
3.10011128 0.7190
3.06100222 0.7168
3.06558435 0.7925
3.07406958 0.8182
3.05881120 0.8246
3.03564067 0.8270
3.01517895 0.8161
3.00904304 0.7673
3.02340406 0.7025
3.04370132 0.6789
3.05429159 0.6808
3.05083657 0.6811
3.04515356 0.6656
3.03028047 0.6447
3.01840617 0.6412
3.01960251 0.6564
3.03535100 0.6732
3.05895377 0.6834
3.07783020 0.6978
3.08717414 0.7197
3.08981772 0.7411
3.08829469 0.7517
3.08616170 0.7436
3.08856282 0.7231
3.09163534 0.6886
3.09551360 0.6425
3.09774433 0.6251
3.08966353 0.6271
3.06971063 0.6357
3.03375729 0.6435
2.98271481 0.6522
2.92739781 0.6695
2.88054971 0.6974
2.85951448 0.7135
2.85936957 0.6969
2.88286566 0.6637
2.92539886 0.6349
2.97763015 0.6166
3.03260564 0.6114
3.07075889 0.6299
3.07286232 0.6620
3.04580537 0.6924
3.00757549 0.7209
2.98577072 0.7696
2.99017500 0.8021
2.99445271 0.7748
2.99749270 0.7035
3.01392104 0.6383
3.04394296 0.6140
3.06781889 0.6164
3.07493679 0.6427
3.05042025 0.6847
3.00823323 0.7245
2.96383238 0.7747
2.94631259 0.9402
2.94447227 0.9474
2.93210583 0.8820
2.94001748 0.7287
2.96755004 0.6433
2.99553938 0.6022
3.01244599 0.5810
3.00999005 0.5729
2.98316952 0.5637
2.94346167 0.5434
2.91157871 0.5280
2.90400443 0.5303
2.92511137 0.5446
2.96770064 0.5598
3.00431821 0.5686
3.02772279 0.5689
3.03319902 0.5645
3.02493743 0.5581
3.01474065 0.5594
3.01173625 0.5791
3.00966849 0.6065
3.00135648 0.6276
3.00154121 0.6436
3.01114229 0.6497
3.02902311 0.6451
3.03912773 0.6460
3.04422102 0.6527
3.04625072 0.6699
3.05501937 0.6947
3.05876381 0.7174
3.05302656 0.7294
3.04692186 0.7424
3.04809246 0.7505
3.05923953 0.7426
3.07433258 0.7201
3.08085882 0.7048
3.07795192 0.7121
3.07360480 0.7272
3.07656108 0.7262
3.08045351 0.7001
3.08924514 0.6591
3.10629273 0.6244
3.12599203 0.6001
3.14939079 0.5862
3.16405985 0.5851
3.15890631 0.5932
3.12514310 0.6091
3.07166966 0.6254
3.02483484 0.6315
3.00201547 0.6209
3.00204738 0.5970
3.02102821 0.5730
3.04845721 0.5581
3.07105178 0.5549
3.07326305 0.5552
3.06521902 0.5474
3.06229129 0.5523
3.04825008 0.5725
3.00154027 0.5945
2.94128589 0.6233
2.90144205 0.6583
2.89314048 0.7860
2.93701672 0.8202
2.99065344 0.8096
3.04164250 0.7955
3.07840987 0.7772
3.09620812 0.7494
3.08954941 0.7203
3.06572938 0.6925
3.03134811 0.6585
3.00710058 0.6307
2.99430884 0.6344
2.99339294 0.6905
2.99929491 0.7430
3.01536831 0.7443
3.03455199 0.7318
3.05241228 0.7219
3.05708132 0.7218
3.04591218 0.7278
3.02523602 0.7280
3.01646841 0.7148
3.02204765 0.6968
3.02792112 0.6878
3.02073233 0.6873
3.00113269 0.6880
2.97108284 0.6929
2.94102315 0.7001
2.90872244 0.7150
2.87566758 0.7330
2.84876345 0.7516
2.83787396 0.7549
2.85041162 0.7006
2.89137755 0.6507
2.95021835 0.6138
3.01114285 0.5889
3.05322910 0.5831
3.07522840 0.5959
3.06602792 0.6270
3.03803270 0.6692
3.00671932 0.7131
2.99380398 0.7530
3.00255679 0.7750
3.03652955 0.7793
3.09173136 0.7556
3.14723016 0.7209
3.17860382 0.6883
3.16875044 0.6734
3.12901220 0.6782
3.07132787 0.7030
3.00649263 0.7248
2.97096823 0.8877
2.98088568 0.9671
2.97031204 1.0185
2.95761993 1.0283
2.97809915 0.8358
3.01398736 0.7529
3.03291818 0.7242
3.02378629 0.7500
3.00511038 0.8503
2.99631534 0.9673
2.99751028 1.0132
3.00061598 1.0180
2.99908571 1.0187
2.98995749 0.9945
2.99044166 0.8795
3.01114504 0.7595
3.04134552 0.7217
3.05638944 0.7299
3.04230559 0.7460
3.00892500 0.7710
2.98131818 0.8287
2.97245030 0.8825
2.96457467 0.9175
2.95680799 0.9636
2.95778213 0.9971
2.96635978 0.9305
2.97675636 0.7876
2.97734573 0.7560
2.96241749 0.8247
2.95365486 0.9384
2.95189045 0.9592
2.93991623 0.9574
2.92519451 0.9607
2.91420949 0.9684
2.92559932 0.7837
2.96062944 0.7373
3.01870498 0.7045
3.07817095 0.6985
3.10261451 0.7175
3.07601430 0.7505
3.01744216 0.7836
2.95539199 0.8029
2.90119543 0.8072
2.89492470 0.8085
2.91850069 0.7877
2.94403565 0.7604
2.96168647 0.7189
2.96933913 0.6656
2.96271470 0.6633
2.94652538 0.7363
2.92925668 0.8100
2.91941410 0.8495
2.92771375 0.8715
2.95826177 0.8644
2.99446562 0.8299
3.02313639 0.7711
3.03434204 0.7029
3.02297659 0.6531
2.98721965 0.6346
2.92705717 0.6756
2.87278879 0.8379
2.86932176 0.9410
2.88426919 0.9474
2.89487389 0.9335
2.90006964 0.9074
2.91658155 0.7819
2.95615494 0.7301
2.98981562 0.7128
3.00815385 0.7133
3.01141076 0.7459
3.00088460 0.7995
2.98818501 0.8493
2.97467208 0.8722
2.96297468 0.8495
2.97926029 0.8386
3.00619555 0.8079
3.01699229 0.7765
3.02095035 0.7523
3.00886559 0.7369
2.98467998 0.7265
2.95521966 0.7175
2.92679730 0.7099
2.91910755 0.7087
2.93791015 0.7155
2.96597516 0.7111
2.98734304 0.7083
2.99832921 0.7162
2.99159329 0.7374
2.97684324 0.7636
2.96409771 0.7775
2.95523017 0.7801
2.94998744 0.7759
2.95036949 0.8018
2.97042743 0.8190
3.00032160 0.7758
3.02079533 0.7089
3.02267435 0.6610
3.00935465 0.6570
2.98873430 0.6851
2.96189944 0.7238
2.94235913 0.7521
2.93781807 0.7684
2.93866572 0.8211
2.95369778 0.9088
2.97865446 0.8981
3.00706825 0.8554
3.03595201 0.8067
3.06073458 0.7685
3.06992694 0.7496
3.04266983 0.7470
3.00628380 0.7457
2.98948068 0.7514
3.00438848 0.7610
3.02108889 0.7437
3.02443364 0.7185
3.01871578 0.7056
3.00783995 0.7030
3.00022811 0.6939
3.02062548 0.6746
3.04137145 0.6438
3.04700761 0.6210
3.04390621 0.6257
3.03538359 0.6550
3.01992405 0.6902
3.00244728 0.7065
2.98179430 0.6968
2.97390284 0.6766
2.97681209 0.6679
2.97742080 0.6729
2.97557631 0.6753
2.97179367 0.6779
2.97530279 0.6869
2.98415003 0.7089
2.99487255 0.7289
3.00745083 0.7279
3.02373271 0.7003
3.04333027 0.6842
3.05784571 0.7009
3.06288415 0.7240
3.04608697 0.7265
3.02294044 0.7066
3.01640881 0.6855
3.02522440 0.6900
3.03539670 0.7073
3.03212921 0.7367
3.01486023 0.7610
2.99550740 0.7838
2.98575193 0.8052
2.98857752 0.8140
2.99950634 0.8110
3.00648945 0.7864
3.01941462 0.7400
3.03982310 0.6966
3.05999822 0.6830
3.07009515 0.7044
3.06690139 0.7405
3.05129643 0.7611
3.03084251 0.7680
3.02035673 0.7663
3.01924550 0.7577
3.02061563 0.7258
3.02091528 0.6664
3.01862082 0.6073
3.01577167 0.5797
3.01602067 0.5923
3.02442932 0.6281
3.02363412 0.6639
3.01186220 0.6906
2.99298482 0.7135
2.96804134 0.7319
2.94686042 0.7346
2.94017518 0.7253
2.95244187 0.7144
2.97260484 0.7005
2.98961015 0.7026
3.00541353 0.7184
3.01007140 0.7420
3.00719168 0.7654
2.99190167 0.7825
2.97181704 0.7911
2.94789926 0.7757
2.93115825 0.7486
2.93965863 0.7714
2.94667537 0.7950
2.94141298 0.8279
2.92864485 0.8695
2.91195334 0.9259
2.93016207 0.7721
2.97333434 0.7261
3.01137576 0.7027
3.03036849 0.7033
3.02304492 0.7182
2.99206889 0.7377
2.95811852 0.7498
2.94090186 0.7667
2.94697442 0.7893
2.95562739 0.8103
2.95986377 0.8129
2.96356960 0.7995
2.97950559 0.7689
2.99764725 0.7288
2.99790388 0.6888
2.96758749 0.6529
2.95516432 0.8287
2.97572331 0.8415
2.98060423 0.8122
2.97294171 0.7874
2.96106770 0.7585
2.94941995 0.7333
2.96214174 0.7320
3.01218028 0.7284
3.05818879 0.6782
3.07821828 0.6215
3.06327050 0.5789
3.02245665 0.5659
2.98407278 0.5983
2.95442275 0.6577
2.93103841 0.7109
2.91509845 0.7422
2.90909315 0.7493
2.91192136 0.7342
2.92607936 0.7010
2.95750206 0.6670
3.00003433 0.6324
3.03627065 0.6078
3.05838243 0.6054
3.06467823 0.6218
3.07624683 0.6465
3.08539111 0.6723
3.08715106 0.6840
3.08662664 0.6792
3.08182724 0.6722
3.07921458 0.6631
3.06663251 0.6518
3.05195394 0.6305
3.03823926 0.6109
3.02588245 0.6098
3.01939334 0.6229
3.02554658 0.6421
3.04950544 0.6634
3.07338909 0.6803
3.07684989 0.6931
3.06735068 0.7076
3.06160604 0.7215
3.06160694 0.7349
3.06367214 0.7419
3.06640213 0.7472
3.07702150 0.7429
3.09354454 0.7301
3.11326077 0.7088
3.13103916 0.6867
3.13228449 0.6674
3.11574532 0.6536
3.09665051 0.6484
3.08372102 0.6506
3.07688116 0.6558
3.06982117 0.6679
3.06601997 0.6897
3.07235378 0.7161
3.08550527 0.7330
3.09264625 0.7261
3.08020938 0.7036
3.05180512 0.6688
3.02588970 0.6267
3.01493551 0.5954
3.02763974 0.5711
3.05708201 0.5473
3.09174484 0.5392
3.12867280 0.5433
3.15443471 0.5502
3.14740881 0.5565
3.11907837 0.5550
3.08527351 0.5584
3.06882443 0.5798
3.05810206 0.6161
3.04293894 0.6340
3.02469444 0.6178
3.00395709 0.5935
2.99970537 0.5615
3.02459690 0.5672
3.06115770 0.6151
3.07715283 0.6653
3.05370085 0.7143
3.00591548 0.7436
2.97530306 0.7310
3.00844280 0.8386
3.03567961 0.8594
3.04213944 0.8807
3.04253480 0.8972
3.04096240 0.9009
3.04290815 0.8916
3.05034858 0.8824
3.04395867 0.8959
3.01217663 0.9194
2.96335949 0.9343
2.95264251 0.8399
2.97134147 0.8008
2.98597244 0.7667
2.99778815 0.7461
3.01297381 0.7478
3.03447438 0.7751
3.05686778 0.8193
3.06284464 0.8571
3.04023233 0.8945
3.00555233 0.9260
2.98906061 0.9138
3.00972836 0.8573
3.03024783 0.8327
3.03501114 0.8322
3.03460452 0.8992
3.03963585 0.9895
3.04319574 0.9472
3.02655402 0.9385
2.99332450 0.9360
2.95870730 0.9008
2.94397888 0.7905
2.96938418 0.7747
3.01674427 0.7642
3.05772928 0.7401
3.08422222 0.7194
3.09670069 0.7133
3.09762499 0.7194
3.07919749 0.7362
3.03725691 0.7664
2.98644771 0.8066
2.94806768 0.8496
2.93437082 0.8743
2.94456162 0.8588
2.96556162 0.8410
2.98449028 0.8199
2.99945953 0.8013
3.01130382 0.8008
3.01956471 0.8153
3.01539890 0.8460
3.00438940 0.8713
2.99131401 0.8702
2.98312291 0.8456
2.98599856 0.8258
2.99040469 0.8080
2.99504537 0.8067
2.99860714 0.8174
3.00091117 0.8118
3.00729210 0.7782
3.01575155 0.7759
3.00792547 0.7982
2.97495209 0.8484
2.94611508 0.9078
2.95309034 0.9042
2.98800251 0.8527
3.02389895 0.8212
3.04007881 0.8290
3.02922823 0.8742
3.00088649 0.9411
2.99555995 0.8652
3.04129034 0.7624
3.07113377 0.7167
3.06644979 0.7054
3.03970890 0.7303
3.00233507 0.7894
2.98888202 0.8399
2.99916733 0.8347
3.02073832 0.8152
3.03527518 0.8102
3.04182199 0.8050
3.06630124 0.7573
3.10105986 0.7052
3.11222406 0.6720
3.08856643 0.6744
3.05154350 0.7050
3.02364943 0.7614
3.02724784 0.7930
3.03701148 0.7987
3.02510232 0.8098
2.99206526 0.8251
2.95271188 0.8363
2.92663327 0.8141
2.93129504 0.7506
2.96406172 0.6939
3.01125150 0.6575
3.05171155 0.6342
3.07805434 0.6225
3.08949625 0.6205
3.07283636 0.6297
3.03446853 0.6555
3.00807405 0.7249
2.99566778 0.7828
2.99121484 0.8062
2.98833511 0.8113
2.98582634 0.8012
2.98732747 0.7949
3.00644005 0.8170
3.03591730 0.8392
3.05353807 0.8424
3.04189669 0.8166
3.02548901 0.7741
3.02175749 0.7634
3.00733867 0.7549
2.98721439 0.7472
2.97879073 0.7513
2.98133868 0.7623
2.98474464 0.7805
2.98521531 0.8004
2.98165832 0.8316
2.97156833 0.8528
2.95725082 0.8405
2.94674645 0.8238
2.93856145 0.8757
2.93128126 0.9218
2.92062764 0.8837
2.90917589 0.7657
2.90841175 0.7668
2.91613960 0.7625
2.92829319 0.7399
2.93758538 0.7533
2.94084658 0.8417
2.95384490 0.8970
2.95556263 0.9029
2.94526596 0.8911
2.93019054 0.8248
2.91678791 0.7474
2.90688491 0.7339
2.90084030 0.7331
2.89687774 0.7588
2.89185161 0.7961
2.89355725 0.8290
2.89494876 0.8191
2.88142447 0.8020
2.86691181 0.8131
2.88139554 0.8465
2.90871553 0.8261
2.93722512 0.7892
2.97271903 0.7554
3.00454324 0.7447
3.01761045 0.7520
3.00646838 0.7644
2.98476666 0.7627
2.97350523 0.7543
2.97905141 0.7377
2.99197103 0.7197
3.01018856 0.6982
3.02697724 0.6668
3.04324471 0.6409
3.06020295 0.6335
3.07109031 0.6424
3.06095727 0.6519
3.03733380 0.6560
3.01962742 0.6775
3.01930262 0.7173
3.02368334 0.7509
3.02581327 0.7714
3.02805954 0.7832
3.02396731 0.7996
3.01959967 0.8213
3.01011137 0.8409
3.00488379 0.8497
3.01493216 0.8550
3.01879010 0.8407
3.00810439 0.8357
2.98327075 0.8337
2.95096041 0.8283
2.93886283 0.8502
2.94964561 0.8592
2.96291049 0.8612
2.97422456 0.8708
2.98239551 0.8743
2.99029172 0.8424
3.01411808 0.8209
3.04034378 0.8387
3.05195608 0.8565
3.04357742 0.8646
3.01602401 0.8485
2.98553543 0.7914
2.97125349 0.7774
2.96066028 0.7822
2.95811987 0.8041
2.97190878 0.8463
2.99458936 0.8550
3.00071321 0.8505
2.99339694 0.8540
2.97589545 0.8461
2.95788208 0.7981
2.95968256 0.7992
2.96057187 0.8018
2.95384392 0.8069
2.95657232 0.8225
2.96878110 0.8338
2.97850559 0.8225
2.97946748 0.7950
2.98083229 0.7675
2.98343442 0.7567
2.98610855 0.7677
2.98507031 0.7924
2.98018788 0.8092
2.96918694 0.8148
2.96026537 0.8225
2.95831360 0.8320
2.97020946 0.8443
2.98053612 0.8542
2.97836368 0.8639
2.96420532 0.8378
2.94527973 0.8080
2.92290467 0.8407
2.90246528 0.8705
2.88961545 0.8731
2.89146091 0.8587
2.90853365 0.8500
2.93364777 0.8506
2.95606372 0.8520
2.96539433 0.8434
2.96563800 0.8314
2.95615228 0.8373
2.94653485 0.8575
2.94197038 0.8743
2.95075230 0.8735
2.96215862 0.8800
2.96954782 0.8953
2.97522488 0.9104
2.97757256 0.8941
2.99169228 0.8722
3.00091609 0.8515
2.99579849 0.8375
2.97435988 0.8246
2.95017200 0.8096
2.94466916 0.7935
2.95869474 0.7840
2.96949083 0.7894
2.97293419 0.7920
2.98544623 0.7556
3.03331695 0.7228
3.09795322 0.6735
3.15024659 0.6329
3.16432646 0.6146
3.14908536 0.6232
3.11219371 0.6450
3.06095587 0.6631
3.00442307 0.6891
2.95156162 0.7356
2.95976988 0.8452
2.98643339 0.8278
2.99794650 0.8146
3.00936316 0.8250
3.01452584 0.8404
3.00632679 0.8514
3.00446097 0.8617
3.01529760 0.8698
3.03122826 0.8746
3.03696443 0.8760
3.04648900 0.7985
3.07818193 0.7698
3.08643089 0.7684
3.07438931 0.7714
3.04719329 0.7836
3.01307067 0.8023
2.96805032 0.8462
2.92789243 0.9056
2.91571980 0.8092
2.91780484 0.8140
2.93757762 0.8340
2.96505732 0.8023
2.97992289 0.7646
2.96552950 0.7373
2.93751909 0.7022
2.92370692 0.6911
2.92692876 0.7298
2.93802841 0.7195
2.95450722 0.6926
2.96262851 0.6792
2.95285702 0.6906
2.93666816 0.7344
2.93674196 0.8621
2.94554943 0.8797
2.94378831 0.8198
2.93193433 0.7536
2.91554804 0.7130
2.90283735 0.6916
2.91208179 0.6711
2.94258631 0.6438
2.97990794 0.6292
3.00904650 0.6322
3.02725589 0.6590
3.02871402 0.7038
3.02757758 0.7424
3.02719168 0.7631
3.02172923 0.7743
3.00316105 0.7779
2.98007540 0.7688
2.95619709 0.7379
2.93762213 0.6888
2.92559358 0.6589
2.92459239 0.6746
2.93785797 0.7442
2.95522693 0.7838
2.97017274 0.7718
2.97648837 0.7605
2.97772661 0.7673
2.97655788 0.7944
2.98024936 0.8083
2.98773485 0.8096
2.99340232 0.8034
2.99627001 0.8052
3.02390517 0.8715
3.05281938 0.8883
3.04950013 0.9066
3.02396462 0.9354
2.99229577 0.9072
3.01335007 0.7336
3.05072979 0.6712
3.09158406 0.6244
3.11951875 0.5939
3.11218183 0.5813
3.06610409 0.5821
3.00012727 0.6042
2.95124400 0.7113
2.93930555 0.8871
2.95702575 0.7016
2.99995131 0.7136
3.04191456 0.7122
3.07316010 0.7072
3.09082653 0.7060
3.09322276 0.7032
3.08921938 0.6988
3.06873438 0.7042
3.03497511 0.7297
3.00129550 0.8703
3.00798730 0.9917
3.01481542 0.9872
3.01673365 0.9674
3.00893119 0.9298
2.99483518 0.8829
2.97746012 0.8447
2.97498110 0.8077
2.98873950 0.7788
2.99938383 0.7518
2.99981777 0.7316
2.99402586 0.7103
2.98437241 0.6937
2.96650745 0.6883
2.94707867 0.6900
2.92522809 0.6989
2.90565353 0.7091
2.89815477 0.7250
2.89465355 0.7449
2.88958490 0.7521
2.88553697 0.7694
2.89828176 0.7854
2.91937521 0.7850
2.94088619 0.7886
2.94420412 0.7859
2.93627325 0.7332
2.93529678 0.6606
2.94997464 0.6498
2.96289712 0.6635
2.96849414 0.6817
2.96614249 0.7119
2.96149358 0.7399
2.96114296 0.7637
2.95587606 0.7713
2.93575564 0.7611
2.91507436 0.8416
2.93436390 0.9207
2.95270610 0.9463
2.96664142 0.9924
2.96816948 1.0316
2.95302265 1.0367
2.92429695 1.0011
2.91155604 0.7269
2.92676593 0.7083
2.92810282 0.7226
2.91992549 0.7691
2.91266509 0.8348
2.90839615 0.8899
2.90344478 0.9281
2.90236720 0.9548
2.91159227 0.9462
2.92545095 0.8015
2.96346358 0.6079
2.99938326 0.5626
3.00605211 0.5496
2.98042780 0.5446
2.93282742 0.5568
2.88035463 0.6301
2.84662371 0.8858
2.84657959 1.0429
2.86525428 1.0806
2.88392410 1.0825
2.88888137 1.0658
2.89017370 0.9099
2.92543338 0.5603
2.95753022 0.5153
2.96870347 0.5252
2.97019338 0.5488
2.96000684 0.5931
2.94597090 0.6919
2.94033678 0.8520
2.95346812 0.9515
2.96620703 0.9633
2.96860334 0.8784
2.97895784 0.6638
3.00341322 0.5520
3.01432154 0.5383
3.01613474 0.5439
3.02617284 0.5517
3.03665652 0.5652
3.04466469 0.5727
3.05446724 0.5784
3.06744458 0.5863
3.07970769 0.5838
3.09805509 0.5955
3.10407022 0.6266
3.08484841 0.6565
3.05240633 0.7011
3.02643320 0.7416
3.00521711 0.7416
2.97937317 0.7355
2.95380075 0.7447
2.94187029 0.7888
2.94262958 0.8129
2.93566728 0.8245
2.92816958 0.8112
2.93186325 0.6896
2.95002889 0.5680
2.98363451 0.5329
3.02134426 0.5378
3.03951065 0.5607
3.03640459 0.5917
3.01793191 0.6342
3.00579270 0.7085
2.99985190 0.7927
2.99090374 0.8756
2.98243084 0.9627
2.97211924 1.0022
2.95434743 1.0000
2.93509337 0.8766
2.93096208 0.6545
2.92695531 0.6237
2.92360910 0.6795
2.94616270 0.8025
2.97830102 0.8006
2.98788977 0.8039
2.99076644 0.8536
2.99504911 0.8790
2.98448131 0.8773
2.96857756 0.8500
2.96274066 0.7962
2.96351959 0.7424
2.95408278 0.7131
2.93569854 0.7063
2.91221348 0.7211
2.89725738 0.9248
2.93556782 0.8883
2.96529224 0.8593
2.98430725 0.8637
2.98063023 0.9073
2.96140834 0.9719
2.94233651 1.0185
2.93499639 1.0120
2.97219883 0.5915
3.06942857 0.5820
3.13315111 0.6058
3.14068927 0.6419
3.10525510 0.6774
3.05514397 0.7049
3.00636165 0.7072
2.95659572 0.7183
2.92648966 0.9469
2.91636999 1.0401
2.91732302 1.0613
2.93320008 0.7935
2.99105041 0.6061
3.02081737 0.6345
3.01624948 0.6687
2.99536900 0.7009
2.96917052 0.7275
2.94520358 0.7496
2.92637099 0.7805
2.91275032 0.7963
2.90763564 0.7784
2.91497321 0.7359
2.93408510 0.7488
2.94290609 0.7547
2.94473819 0.8893
2.95089583 0.9317
2.94953465 0.9326
2.94463068 0.9404
2.94003095 0.9448
2.93923943 0.9346
2.93935552 0.9028
2.94220771 0.8511
2.95700854 0.8011
2.98001957 0.7812
2.99946108 0.7756
3.02010447 0.7652
3.02921034 0.7586
3.02738162 0.7491
3.01424265 0.7327
2.99937333 0.7093
2.97941196 0.6901
2.94565854 0.6878
2.91592275 0.9007
2.94736811 0.9503
2.98844301 0.9379
3.02476623 0.9243
3.04482719 0.9203
3.03693417 0.9286
3.00415185 0.9400
2.95878773 0.9427
2.93055928 0.6869
2.95450555 0.7185
2.95696640 0.7382
2.94846410 0.7631
2.93959724 0.7746
2.94973826 0.7738
2.98043133 0.7830
3.01325571 0.7727
3.03311635 0.7547
3.05059848 0.7325
3.06346718 0.7247
3.05931895 0.7311
3.03191509 0.7476
3.01893783 0.7719
3.05223245 0.7704
3.09547079 0.7533
3.12645683 0.7560
3.13421384 0.7849
3.11669821 0.8228
3.06733114 0.8617
3.00050555 0.8601
2.99394055 0.7461
3.03439722 0.7253
3.03219161 0.7313
3.00621206 0.7540
3.01373558 0.7498
3.04651503 0.7216
3.07057191 0.7137
3.06763750 0.7487
3.04270757 0.7958
3.00409453 0.8346
2.95427587 0.8722
2.92342161 0.9074
2.95380114 0.8516
2.99538876 0.8432
3.03004461 0.8324
3.05229052 0.8090
3.05138942 0.7897
3.03107872 0.7933
2.99822908 0.8223
2.96861123 0.8577
2.94400756 0.8534
2.93914236 0.8310
2.93943959 0.8255
2.92894102 0.8201
2.91528206 0.8153
2.91323286 0.8055
2.92939317 0.7835
2.95132554 0.7793
2.97683593 0.7919
2.98807865 0.8190
2.98440944 0.8412
2.97549769 0.8517
2.97697600 0.8145
2.99841863 0.7950
3.01350401 0.8097
3.01603722 0.8162
3.01403497 0.7999
3.01181828 0.7933
2.99724662 0.8005
2.97121288 0.8504
2.95056504 0.9138
2.93801789 0.9323
2.93822513 0.9341
2.94766591 0.9284
2.95936288 0.9199
2.95835817 0.9197
2.94204862 0.9199
2.92438988 0.7981
2.95343214 0.6834
2.97372446 0.6512
2.97937912 0.6123
2.97665276 0.5814
2.96922762 0.5663
2.95779301 0.5773
2.95006431 0.6163
2.94326880 0.6749
2.93213881 0.7200
2.92627316 0.6644
2.95537833 0.8133
2.96990657 0.8461
2.96473150 0.9079
2.95326287 0.9546
2.94382541 0.9651
2.94855584 0.9365
2.97749593 0.8904
3.01814190 0.8594
3.04877485 0.8430
3.05036450 0.8259
3.04812697 0.7890
3.05975795 0.7810
3.07495219 0.7903
3.08751975 0.7902
3.08955337 0.7881
3.08070068 0.7813
3.06363711 0.7765
3.05254066 0.7693
3.04288471 0.7584
3.01732579 0.7346
2.98804446 0.7053
2.98249297 0.7123
2.98771379 0.7105
2.99938912 0.7102
3.01565758 0.7363
3.01665069 0.7687
3.00486368 0.7943
2.99380702 0.8054
2.99119151 0.8009
2.98047354 0.7668
2.96707696 0.6621
2.97726845 0.5999
2.99569018 0.6060
3.00760401 0.6031
3.00432863 0.6147
2.99121134 0.6795
2.97337174 0.7843
2.96110858 0.8926
2.96462035 0.9696
2.97381044 1.0015
2.97433652 1.0124
2.96842804 0.9789
2.95801806 0.9406
2.95115894 0.9185
2.94780197 0.9083
2.93887676 0.9113
2.91829623 0.9197
2.89174648 0.9271
2.87430063 0.8717
2.91192417 0.7238
2.94532366 0.7147
2.95705644 0.7230
2.94943356 0.7553
2.93448484 0.7967
2.91937812 0.8548
2.91999266 0.8998
2.92618277 0.9057
2.92100907 0.9270
2.91695895 0.8662
2.94827559 0.7545
2.99350306 0.7175
3.02521218 0.6911
3.03611351 0.6753
3.03401980 0.6618
3.01565457 0.6456
2.98734351 0.6484
2.95653028 0.6873
2.92859694 0.7251
2.91381121 0.7241
2.92535602 0.6871
2.96906125 0.6614
3.01209898 0.6607
3.02658850 0.6725
3.01590421 0.6911
2.98988793 0.7023
2.95888669 0.9101
2.95313318 0.9664
2.92848010 0.9797
2.89343377 0.9969
2.89721655 0.6993
2.93121076 0.6747
2.96410967 0.6713
2.97983867 0.6823
2.97920954 0.7195
2.98056113 0.7917
2.98189316 0.8432
2.97344695 0.8527
2.95657452 0.8260
2.94760985 0.7751
2.95415044 0.7529
2.96752473 0.7540
2.97816060 0.7553
2.97834307 0.7550
2.96740779 0.7746
2.95980519 0.8493
2.95985275 0.8646
2.96677114 0.8409
2.98156046 0.8181
3.00277189 0.8118
3.01551286 0.8083
3.02005256 0.7973
3.01383330 0.7884
2.99564889 0.7794
2.97015409 0.7706
2.94961440 0.7642
2.95069290 0.7713
2.96199162 0.7789
2.97024578 0.7791
2.98065125 0.7667
3.00088267 0.7510
3.02028966 0.7403
3.02170216 0.7373
3.01083805 0.7391
2.99416075 0.7596
2.98950388 0.7893
2.98227560 0.7970
2.96723019 0.8061
2.94680116 0.8117
2.92702863 0.7923
2.92959506 0.7550
2.95030471 0.7324
2.97242229 0.7413
2.97935211 0.7751
2.96022746 0.8214
2.92660830 0.8467
2.90095567 0.8077
2.89846180 0.7572
2.90574623 0.7431
2.91553195 0.7537
2.92411930 0.7765
2.93079727 0.8021
2.93733092 0.8195
2.93857550 0.8316
2.93449951 0.8421
2.93312255 0.8614
2.94922292 0.9017
2.96558740 0.9371
2.97359083 0.9611
2.96798813 0.9685
2.96227771 0.9523
2.96661404 0.9194
2.97919652 0.8874
2.98537813 0.8596
2.97286485 0.8290
2.94641274 0.7967
2.94036112 0.8516
2.94493405 0.8593
2.94613944 0.8526
2.94851428 0.8297
2.95031535 0.8079
2.95369640 0.7801
2.96822138 0.7448
3.00168004 0.7504
3.03069417 0.7771
3.03970450 0.7934
3.03531618 0.7944
3.02412116 0.7827
3.00615241 0.7658
2.98954063 0.7560
2.97737438 0.7467
2.97214160 0.7412
2.97695558 0.7655
2.98576492 0.7951
2.99756615 0.8136
3.00841515 0.8140
3.02011786 0.8080
3.03691455 0.7988
3.03973232 0.7922
3.02503212 0.7866
2.99655264 0.7951
2.97995059 0.8319
2.96478827 0.8088
2.97334929 0.7327
3.01425251 0.7322
3.05631039 0.7316
3.08169005 0.7292
3.08239150 0.7211
3.05692788 0.7116
3.01641264 0.8312
2.99723530 0.9550
2.97218906 0.9770
2.93792649 0.9620
2.91046632 0.9026
2.91118808 0.7800
2.94230447 0.6570
2.98251016 0.6326
2.99937080 0.6561
2.99823519 0.6848
2.98769642 0.7109
2.97308488 0.7190
2.96165964 0.7287
2.95383467 0.7595
2.94599665 0.7607
2.93915421 0.7514
2.95360991 0.8040
2.99280777 0.8092
3.03647732 0.7695
3.05851709 0.7357
3.05579235 0.7270
3.03509144 0.7525
3.01082522 0.8006
2.97658453 0.8518
2.93530433 0.8781
2.90054607 0.8755
2.88743327 0.8997
2.89741439 0.8594
2.91817769 0.7712
2.93918486 0.7392
2.94562661 0.7425
2.94263857 0.7822
2.93881974 0.8532
2.93443077 0.8651
2.92011646 0.8281
2.89718644 0.7892
2.88438399 0.8448
2.89898883 0.9800
2.93425184 1.0196
2.96343770 1.0179
2.97525578 1.0060
2.97168192 0.9947
2.95253997 0.9853
2.91974760 0.9789
2.92496834 0.7723
2.94765851 0.7323
2.96384638 0.6861
2.96602632 0.6411
2.96417706 0.5993
2.97046069 0.5755
2.98434506 0.6104
2.99725224 0.6780
3.00205032 0.7295
2.98767322 0.7465
2.97218948 0.7173
2.96800492 0.6867
2.96473789 0.6669
2.94817459 0.6684
2.96004035 0.8867
3.00727050 0.9282
3.05164812 0.9093
3.07322630 0.8960
3.06637390 0.9023
3.03852335 0.9210
3.00419529 0.9312
3.02050997 0.8646
3.06696191 0.8395
3.10134773 0.8272
3.11994894 0.8231
3.12779387 0.8279
3.12359762 0.8394
3.10363034 0.8760
3.07274595 0.9325
3.03305756 0.9547
3.00434774 0.8970
3.00437124 0.8090
3.00998630 0.7465
2.99733893 0.7113
2.97048348 0.7718
2.96394337 0.9701
2.96316888 0.9669
2.95901924 0.9711
2.98334283 0.5855
3.03369354 0.5341
3.10223854 0.4853
3.15215300 0.4449
3.15400652 0.4151
3.09686425 0.4026
3.02013566 0.4068
2.94169060 0.4414
2.89997375 0.6555
2.90114648 0.7935
2.92125493 0.7787
2.94989525 0.7328
2.98920905 0.6666
3.03711618 0.6119
3.06940131 0.5820
3.06476600 0.5613
3.03586789 0.5489
3.00883201 0.5553
2.99401604 0.5781
2.99156786 0.6230
2.99216131 0.6653
2.99353695 0.6810
2.99424028 0.6726
2.99086211 0.6694
2.98868514 0.6847
2.98120216 0.7160
2.95959660 0.7911
2.94149264 0.9210
2.93410229 0.9962
2.92732178 1.0029
2.90593584 0.9802
2.87925155 0.6685
2.86721229 0.6119
2.85313740 0.5786
2.84284577 0.5389
2.83826387 0.5132
2.84187465 0.5760
2.85805975 0.7231
2.88262280 0.7936
2.91240476 0.7311
2.95106957 0.5820
2.98248830 0.4962
2.97983668 0.4686
2.93704195 0.4590
2.87278919 0.4610
2.84419065 0.9867
2.85385427 0.9717
2.86775789 0.9712
2.87589991 0.9815
2.87563093 0.9616
2.92210400 0.5895
3.01140265 0.5633
3.08782380 0.5770
3.12115857 0.5935
3.10591255 0.6114
3.06594880 0.6286
3.03499504 0.6433
3.01648041 0.6562
3.00430060 0.6746
2.99859352 0.7018
3.00774011 0.7401
3.03358113 0.7499
3.05906610 0.7397
3.07790064 0.7351
3.07302512 0.7404
3.04620579 0.7654
3.01572651 0.8043
3.00119650 0.8252
3.00950569 0.8193
3.02609211 0.7972
3.03956846 0.7691
3.05368673 0.7400
3.06654282 0.7194
3.07637399 0.7092
3.06418528 0.7113
3.01841940 0.7215
2.95004415 0.7280
2.90334809 0.8226
2.90877877 0.8466
2.92514925 0.8634
2.94761558 0.8780
2.96734083 0.8890
2.97823895 0.8908
2.98904168 0.8631
3.00478253 0.8025
3.01348214 0.8075
3.00419729 0.8420
2.98755641 0.8691
2.96671702 0.8514
2.95840346 0.8271
2.97768576 0.8495
2.99341549 0.8570
2.98971020 0.8628
2.97839436 0.8759
2.97213592 0.8877
2.98887480 0.7903
3.01226936 0.7825
3.01918605 0.8174
3.00552888 0.8596
2.98390353 0.8866
2.97503358 0.8863
2.98782903 0.8404
3.00510565 0.8146
3.01472971 0.8745
3.03181683 0.8828
3.04195439 0.8575
3.03680533 0.8274
3.02051922 0.7988
2.99574478 0.7895
2.96959960 0.8038
2.96855912 0.8106
3.01053347 0.7990
3.05635516 0.7586
3.08148045 0.7247
3.09704555 0.7234
3.10068883 0.7427
3.07781271 0.7704
3.03704759 0.8087
2.98960625 0.8596
2.94414555 0.9142
2.90767527 0.9636
2.95684161 0.7395
3.03743952 0.6970
3.08573543 0.6770
3.09270991 0.6947
3.08754868 0.7448
3.06916410 0.7949
3.02113968 0.8403
2.97336341 0.8678
2.98153056 0.8590
2.99700473 0.8529
3.00753030 0.8510
3.02582392 0.8440
3.03417632 0.8368
3.01593660 0.8248
3.01589170 0.7904
3.03107147 0.8060
3.01062170 0.8208
2.96333234 0.8311
2.92802479 0.8336
2.92405623 0.8227
2.94672978 0.7959
2.97495085 0.7708
2.99752402 0.7597
3.00444318 0.7674
2.99724569 0.7876
2.99430682 0.8055
2.99793394 0.8255
3.00080432 0.8195
3.00699386 0.7952
3.01182334 0.7669
3.01627479 0.7379
3.01422433 0.7145
3.01464119 0.6962
3.01912080 0.6851
3.03085354 0.6910
3.04335836 0.7124
3.04731849 0.7423
3.03732068 0.7607
3.02705278 0.7602
3.02600906 0.7530
3.02580278 0.7430
3.02031974 0.7324
3.01344531 0.7240
3.00714686 0.7223
3.00248323 0.7271
3.00345975 0.7616
2.99963466 0.8227
2.98014851 0.8907
2.96025693 0.9406
2.96703947 0.8771
2.98218774 0.8359
2.98384962 0.8221
2.96795994 0.8412
2.97897761 0.8523
3.00509216 0.8243
3.01981402 0.8076
3.00950390 0.8099
2.97993672 0.8216
2.94685139 0.7898
2.95854648 0.7940
2.98345814 0.7623
2.99333679 0.7266
2.98297594 0.7289
2.97158982 0.8134
2.96642823 0.8926
2.96392898 0.9324
2.96059623 0.9585
2.95072797 0.9891
2.93657269 0.9367
2.97401465 0.6805
3.01138688 0.6458
3.04237189 0.6232
3.05441325 0.6174
3.05498616 0.6183
3.04308100 0.6299
3.02783864 0.6366
3.01003802 0.6331
2.99542507 0.6196
2.98417930 0.6106
2.97560153 0.5928
2.96726100 0.5624
2.96676474 0.5378
2.97243202 0.5725
2.98665590 0.6389
3.00044031 0.7003
3.01358747 0.7390
3.01833040 0.7607
3.00992548 0.7585
2.99203480 0.7371
2.97868328 0.7170
2.97096501 0.7070
2.96519431 0.6956
2.95977736 0.6911
2.96210620 0.7058
2.96206055 0.7313
2.96130302 0.7573
2.96046871 0.7704
2.95513776 0.7591
2.93996011 0.7171
2.92178322 0.7414
2.90170307 0.7912
2.87483809 0.8202
2.85699909 0.8832
2.86031646 0.9754
2.87570293 1.0359
2.88915815 1.0084
2.90022667 0.7948
2.92039319 0.6823
2.94706187 0.6505
2.96466016 0.6347
2.95302745 0.6143
2.92002099 0.5838
2.89016909 0.5555
2.87565410 0.6057
2.87493322 0.7817
2.88717964 0.9822
2.90555102 1.0511
2.91918300 1.0629
2.91566998 1.0524
2.89701070 1.0315
2.89224412 0.6105
2.90959380 0.6598
2.91801862 0.7020
2.93500473 0.7149
2.96249694 0.6971
2.98522355 0.6729
3.00096925 0.6619
3.00457481 0.6695
3.00397345 0.6773
3.00253657 0.6794
3.00413052 0.6897
2.98998498 0.7206
2.95953455 0.7548
2.92675486 0.7746
2.93113269 0.8692
2.96486485 0.8551
2.99536883 0.8221
3.01547131 0.8196
3.01748784 0.8436
3.00227820 0.7226
3.04138947 0.6929
3.07583211 0.6982
3.08330874 0.7149
3.07904633 0.7350
3.07435675 0.7595
3.07270893 0.7699
3.06511017 0.7659
3.05099137 0.7548
3.03623809 0.7582
3.02822873 0.8026
3.02248268 0.7921
3.01260676 0.7411
3.00662408 0.7340
2.99194129 0.7559
2.98043011 0.7735
2.96990631 0.7744
2.96912531 0.7745
2.99701695 0.7929
3.02853468 0.7728
3.04552291 0.7364
3.04494067 0.7068
3.04023588 0.7020
3.02643913 0.7242
3.00742960 0.7477
3.00377380 0.7718
3.02313099 0.7870
3.03963434 0.7943
3.04591575 0.7969
3.05115230 0.7859
3.06457180 0.7488
3.07509938 0.7243
3.06561804 0.7252
3.03534135 0.7447
2.98995645 0.8001
2.94904915 0.8775
2.92288857 0.9719
2.92690608 0.7385
2.96356323 0.7175
3.00817493 0.7221
3.04674075 0.7125
3.07670203 0.6949
3.08848482 0.6733
3.08245492 0.6493
3.05313968 0.6235
3.01832152 0.6039
2.99317164 0.5985
2.97915908 0.5965
2.97203723 0.6030
2.97208920 0.6179
2.97992393 0.6407
2.98692192 0.6773
2.98751610 0.7097
2.97992771 0.7262
2.96720195 0.7156
2.95126904 0.6834
2.94723506 0.6363
2.95624534 0.5943
2.97166809 0.5797
2.98512752 0.5974
3.00184781 0.6593
3.02653095 0.7277
3.03566434 0.7799
3.01822934 0.8070
2.97777128 0.8230
2.93891418 0.8599
2.92342650 0.9412
2.92642265 0.9523
2.93367452 0.9551
2.94347094 0.9382
2.95961796 0.8761
2.97774765 0.8093
2.99047835 0.7792
2.99062000 0.7517
2.97485275 0.7155
2.95356425 0.6803
2.94558419 0.6667
2.95573727 0.6687
2.97479163 0.6674
2.99129693 0.6655
2.99352066 0.6758
2.98797254 0.7808
2.98324017 0.8198
2.98073246 0.7578
2.98145484 0.6772
2.98757367 0.5817
2.99902075 0.5067
3.01760447 0.4697
3.03295948 0.4670
3.02627596 0.4827
2.99631395 0.5097
2.96045820 0.5337
2.93767320 0.5470
2.94187900 0.5434
2.95787736 0.5253
2.98248777 0.5013
3.01503141 0.4775
3.03825590 0.4634
3.06388091 0.4662
3.09074320 0.4848
3.10711044 0.5174
3.09583814 0.5518
3.06425491 0.5878
3.03055231 0.6217
3.01292634 0.6295
3.01004032 0.5978
3.02186609 0.5557
3.04521873 0.5289
3.07685528 0.5177
3.10164938 0.5208
3.12019349 0.5354
3.11924650 0.5577
3.09538252 0.5743
3.05235695 0.5763
2.99571351 0.5547
2.93969810 0.5148
2.89279066 0.4762
2.87450150 0.8282
2.86506415 0.8980
2.85087229 1.0017
2.83995111 0.9960
2.83918381 0.7794
2.85542248 0.6081
2.87011933 0.5652
2.87052008 0.6037
2.86342638 0.6958
2.85470573 0.8206
2.84916065 0.8930
2.84751584 0.9390
2.84982493 0.9715
2.85553565 0.9844
2.86653707 0.9851
2.88366898 0.9573
2.91485649 0.8441
2.95645605 0.6960
2.98715535 0.6071
3.00587293 0.5636
3.01368915 0.5429
3.01195548 0.5340
2.98544330 0.5683
2.94537431 0.6638
2.92975414 0.7822
2.93707955 0.7886
2.97441711 0.6239
3.03338928 0.5961
3.08647314 0.5593
3.12274331 0.5186
3.13681713 0.4910
3.14021930 0.4792
3.11164598 0.4809
3.04821505 0.4846
2.96724211 0.4912
2.90295816 0.5024
2.88259932 0.9450
2.90678622 0.9750
2.92458652 0.6845
2.94857141 0.5625
2.96225199 0.5368
2.97201363 0.5345
2.97956382 0.5471
2.96817002 0.5691
2.94399916 0.6123
2.94092212 0.8357
2.95749340 0.8213
2.98176244 0.7125
3.01089842 0.6291
3.02850789 0.5994
3.03158517 0.5874
3.03104510 0.6015
3.02632409 0.6365
3.01366682 0.6948
2.98895421 0.7801
2.97003076 0.8899
2.96723496 0.9700
2.97634128 0.9951
2.98932322 0.9934
3.03479147 0.6733
3.07037833 0.6635
3.07641366 0.6925
3.06296821 0.7378
3.03675809 0.7854
3.01722989 0.8060
3.00252360 0.8036
2.99161831 0.8006
2.98226291 0.8065
2.97543898 0.7735
2.98607805 0.6885
2.99877041 0.6420
3.00809189 0.6298
3.01001830 0.6414
3.01083647 0.6702
3.01087959 0.7033
3.01725341 0.7394
3.02649605 0.7720
3.04106260 0.7899
3.04951507 0.7881
3.04655370 0.7728
3.02988902 0.7522
3.00313279 0.7353
2.97865451 0.7148
2.96354089 0.6907
2.97594279 0.6679
3.00559559 0.6615
3.04054384 0.6616
3.06032346 0.6627
3.06737885 0.6622
3.05974755 0.6606
3.04185882 0.6645
3.01271203 0.6789
2.98263610 0.7532
2.97862466 0.8596
2.99405647 0.8716
3.01472814 0.8306
3.03691789 0.7696
3.05815768 0.7360
3.06692826 0.7353
3.06420657 0.7509
3.04745399 0.7761
3.02219998 0.8241
3.01337818 0.9081
3.02570037 0.9156
3.04392219 0.9035
3.06544312 0.8754
3.07615502 0.8340
3.07449999 0.7980
3.06392002 0.7878
3.04203273 0.8133
3.02606846 0.8496
3.02430319 0.8509
3.02275108 0.8544
3.00848008 0.9102
2.99976018 0.9476
3.00096775 0.9435
3.00103606 0.9167
2.99412463 0.8674
2.98361113 0.7047
2.98644076 0.7427
2.98643116 0.7716
2.98889292 0.7777
2.98437705 0.7631
2.97060997 0.7357
2.95144168 0.7135
2.95677094 0.7181
2.97795851 0.7014
3.00471874 0.6739
3.03415770 0.6676
3.05537359 0.6896
3.06301099 0.7256
3.06117136 0.7521
3.05509444 0.7553
3.03899704 0.7500
3.01294829 0.7418
2.99117413 0.7306
2.98560281 0.7136
2.98930035 0.7019
3.00302756 0.7053
3.01657038 0.7257
3.02412102 0.7505
3.01926847 0.7788
3.00811891 0.7986
2.99633142 0.8211
2.98357326 0.8585
2.97003465 0.9087
2.97027093 0.8461
2.99068675 0.8005
3.00299693 0.8115
2.99652880 0.8544
2.97552077 0.9092
2.95340374 0.9605
2.93872468 0.9799
2.93750037 0.8882
2.94450148 0.7518
2.94718866 0.7067
2.95305923 0.6908
2.95948778 0.7048
2.97079963 0.7419
2.98341602 0.7773
2.99007767 0.8002
2.98375505 0.8164
2.96874047 0.8223
2.94844493 0.7969
2.95460358 0.7742
2.98272076 0.7783
3.01013910 0.7527
3.02974665 0.7301
3.03582886 0.7262
3.02327992 0.7521
3.00069613 0.7884
2.97908141 0.8175
2.96617550 0.8328
2.95195106 0.8442
2.93912162 0.8367
2.94400542 0.7825
2.97952842 0.7763
3.01159441 0.7573
3.03068422 0.7307
3.03896375 0.7159
3.04538546 0.7230
3.04938683 0.7264
3.05075036 0.7107
3.03641875 0.6874
3.01069363 0.6676
2.98802588 0.6976
2.98100176 0.7525
2.98251097 0.7733
2.97919850 0.7798
2.96886652 0.7717
2.95845979 0.7634
2.95666037 0.7461
2.96763083 0.7269
2.98256126 0.6999
2.99528932 0.6841
3.00235332 0.6877
3.01097123 0.7220
3.02436708 0.7658
3.03082264 0.7926
3.02364338 0.7975
3.00631132 0.7997
2.99204081 0.8015
3.00551157 0.8482
3.02813652 0.8424
3.04433836 0.8239
3.05345659 0.7938
3.05521771 0.7549
3.05630007 0.7254
3.05414872 0.7181
3.04106581 0.7341
3.01445104 0.7715
2.98772873 0.8516
2.98860347 0.9591
2.99761920 0.9459
2.99781667 0.9340
2.99464931 0.9337
2.98912077 0.9262
2.98594906 0.8916
2.98529849 0.7935
2.98529975 0.7433
2.98318803 0.7335
2.97999940 0.7336
2.97986452 0.7464
2.99079928 0.7518
3.00398408 0.7246
3.01291935 0.6960
3.01246634 0.6835
2.99775702 0.6883
2.97133906 0.6906
2.94528976 0.6840
2.92406663 0.7103
2.91042936 0.8907
2.91675417 1.0252
2.94139431 0.9423
2.96881493 0.8513
2.99009997 0.7726
3.00023307 0.7101
2.99640817 0.6581
2.98022626 0.6230
2.96022848 0.6188
2.94590281 0.6403
2.94861245 0.6903
2.96801282 0.7837
2.99353854 0.8612
2.99637617 0.9335
2.97856902 1.0151
2.97044666 0.9861
2.99211837 0.8438
3.01493365 0.7499
3.02821121 0.6969
3.03331432 0.6983
3.03020373 0.7330
3.02565833 0.7711
3.03084638 0.7856
3.04115637 0.7756
3.04069150 0.7694
3.01683483 0.7748
2.98470741 0.7799
2.97862968 0.8037
2.98644949 0.7975
3.00448653 0.7833
3.01976083 0.7697
3.02001998 0.7589
2.99902016 0.7523
2.97297579 0.7470
2.95234899 0.7631
2.97442739 0.8216
3.00658432 0.8375
3.02633946 0.8381
3.02536669 0.8231
3.00648249 0.7919
2.98452354 0.7523
2.97220323 0.7183
2.97084664 0.7026
2.97959175 0.7016
2.99229641 0.7015
3.00997120 0.7037
3.03829346 0.7289
3.06098929 0.7656
3.06678692 0.7918
3.04510547 0.8075
3.01219281 0.8191
2.98123585 0.8238
2.95983440 0.8090
2.94743952 0.7849
2.92974501 0.7743
2.90411355 0.7825
2.88638773 0.7844
2.90045367 0.7929
2.92778594 0.7854
2.95447924 0.7613
2.97243945 0.7501
2.98866756 0.7735
3.00562298 0.8010
3.01243242 0.8112
3.01068814 0.8170
2.99196743 0.8332
2.96559264 0.8400
2.93860832 0.8246
2.92984618 0.7953
2.92747965 0.7551
2.92577443 0.7270
2.93666685 0.7564
2.94651585 0.7960
2.94110866 0.8208
2.92241584 0.8089
2.91188330 0.7474
2.92920030 0.7324
2.95935899 0.7462
2.98651656 0.7492
3.00039964 0.7467
3.00048448 0.7439
2.99582253 0.7473
2.98954985 0.7537
2.99379844 0.7550
3.00979378 0.7365
3.03662049 0.7167
3.05927653 0.7049
3.07376130 0.6990
3.07974353 0.6965
3.07477241 0.7105
3.04989433 0.7461
3.01979388 0.7965
3.01333999 0.8254
