    1001      38.6585
    1002      38.7959
    1003      38.8612
    1004      38.9206
    1005      38.9596
    1006      39.1103
    1007      39.2989
    1008      39.5533
    1009      39.8871
    1010      40.2315
    1011      40.5376
    1012      40.7707
    1013      40.9737
    1014      41.1318
    1015      41.1907
    1016      41.1890
    1017      41.1891
    1018      41.2048
    1019      41.0989
    1020      40.9816
    1021      40.7575
    1022      40.4466
    1023      40.1570
    1024      39.9259
    1025      39.9539
    1026      40.2784
    1027      40.6604
    1028      40.9836
    1029      41.1382
    1030      41.1684
    1031      41.0951
    1032      41.0473
    1033      40.9763
    1034      40.8540
    1035      40.7317
    1036      40.6479
    1037      40.5629
    1038      40.4054
    1039      40.0696
    1040      39.4033
    1041      38.3458
    1042      36.8836
    1043      35.1076
    1044      33.3512
    1045      31.9159
    1046      30.7896
    1047      30.1540
    1048      30.3532
    1049      31.3422
    1050      32.8807
    1051      34.6569
    1052      36.4681
    1053      38.1187
    1054      39.4062
    1055      40.4285
    1056      41.1305
    1057      41.6186
    1058      41.9875
    1059      42.1191
    1060      42.1453
    1061      41.9321
    1062      41.3927
    1063      40.4060
    1064      39.1093
    1065      37.6353
    1066      35.9167
    1067      34.0854
    1068      32.2884
    1069      30.8702
    1070      30.0468
    1071      29.7798
    1072      30.1339
    1073      30.9427
    1074      31.8652
    1075      32.6423
    1076      33.1749
    1077      33.5403
    1078      33.7640
    1079      33.8373
    1080      33.7675
    1081      33.5797
    1082      33.3833
    1083      33.1305
    1084      32.8097
    1085      32.4078
    1086      31.8266
    1087      30.9979
    1088      29.9426
    1089      28.6564
    1090      27.1617
    1091      25.4532
    1092      23.7408
    1093      22.1454
    1094      20.8931
    1095      20.0798
    1096      19.7163
    1097      19.7460
    1098      20.0824
    1099      20.6383
    1100      21.3534
    1101      22.1172
    1102      22.7650
    1103      23.5215
    1104      24.2946
    1105      25.3743
    1106      26.7428
    1107      28.4594
    1108      30.4944
    1109      32.7738
    1110      35.2123
    1111      37.5912
    1112      39.5422
    1113      40.8553
    1114      41.4409
    1115      41.2283
    1116      40.2863
    1117      38.7162
    1118      36.7270
    1119      34.5190
    1120      32.3563
    1121      30.5147
    1122      29.2204
    1123      28.3119
    1124      27.6614
    1125      27.0977
    1126      26.6763
    1127      26.4313
    1128      26.2487
    1129      26.2086
    1130      26.4390
    1131      26.8905
    1132      27.5328
    1133      28.2447
    1134      28.8892
    1135      29.1539
    1136      29.0227
    1137      28.3827
    1138      27.2763
    1139      26.0771
    1140      24.8255
    1141      23.4467
    1142      22.0256
    1143      20.6995
    1144      19.7384
    1145      19.0785
    1146      18.8221
    1147      18.9923
    1148      19.5577
    1149      20.4465
    1150      21.5129
    1151      22.6481
    1152      23.7944
    1153      25.0840
    1154      26.5524
    1155      28.1956
    1156      29.9752
    1157      31.6912
    1158      33.2843
    1159      34.6147
    1160      35.4398
    1161      35.7316
    1162      35.4704
    1163      34.6615
    1164      33.3508
    1165      31.6506
    1166      29.7463
    1167      27.6783
    1168      25.6952
    1169      23.9736
    1170      22.7676
    1171      22.0704
    1172      22.1745
    1173      22.9828
    1174      24.1995
    1175      25.5597
    1176      26.9658
    1177      28.1641
    1178      29.1539
    1179      29.9436
    1180      30.4144
    1181      30.6855
    1182      30.7747
    1183      30.5011
    1184      29.9595
    1185      29.2500
    1186      28.2509
    1187      27.0530
    1188      25.7620
    1189      24.3925
    1190      23.1156
    1191      22.1486
    1192      21.5615
    1193      21.4852
    1194      21.9369
    1195      22.8937
    1196      24.1675
    1197      25.6693
    1198      27.3650
    1199      29.1340
    1200      30.9572
    1201      32.8007
    1202      34.4595
    1203      35.9024
    1204      37.1726
    1205      38.1495
    1206      38.7819
    1207      39.1465
    1208      39.3241
    1209      39.2205
    1210      38.9052
    1211      38.4625
    1212      37.9672
    1213      37.5266
    1214      37.2342
    1215      36.9086
    1216      36.4992
    1217      36.1779
    1218      35.8430
    1219      35.4274
    1220      34.9655
    1221      34.4374
    1222      33.8726
    1223      33.3005
    1224      32.8115
    1225      32.5011
    1226      32.1570
    1227      31.7216
    1228      31.0446
    1229      30.2069
    1230      29.1484
    1231      28.0062
    1232      27.0313
    1233      26.2063
    1234      25.6155
    1235      25.4226
    1236      25.6633
    1237      26.3264
    1238      27.1990
    1239      28.1942
    1240      29.2992
    1241      30.3503
    1242      31.3127
    1243      32.1821
    1244      32.6566
    1245      32.6652
    1246      32.2210
    1247      31.2897
    1248      30.0640
    1249      28.6760
    1250      27.2604
    1251      25.9839
    1252      25.2156
    1253      25.0110
    1254      25.2810
    1255      25.9716
    1256      27.0686
    1257      28.4903
    1258      30.0027
    1259      31.3821
    1260      32.6752
    1261      33.8479
    1262      34.9715
    1263      36.0197
    1264      36.9247
    1265      37.6032
    1266      37.9917
    1267      37.9282
    1268      37.3335
    1269      36.2913
    1270      34.8348
    1271      32.9391
    1272      30.7587
    1273      28.5798
    1274      26.6568
    1275      25.0769
    1276      24.0427
    1277      23.7149
    1278      24.0364
    1279      24.8814
    1280      26.1264
    1281      27.5993
    1282      28.9468
    1283      30.0623
    1284      31.0496
    1285      31.9167
    1286      32.7532
    1287      33.4647
    1288      34.0820
    1289      34.4709
    1290      34.4312
    1291      34.0321
    1292      33.2926
    1293      32.2917
    1294      31.1489
    1295      30.0359
    1296      29.2172
    1297      28.8349
    1298      29.0968
    1299      29.9088
    1300      31.1096
    1301      32.4721
    1302      33.7190
    1303      34.5490
    1304      35.0239
    1305      35.2201
    1306      35.2659
    1307      35.1865
    1308      35.0316
    1309      34.8234
    1310      34.4309
    1311      33.8884
    1312      33.1896
    1313      32.3753
    1314      31.5738
    1315      30.6832
    1316      29.8198
    1317      28.9912
    1318      28.2521
    1319      27.7083
    1320      27.4100
    1321      27.3998
    1322      27.6703
    1323      28.3282
    1324      29.1181
    1325      29.9711
    1326      30.9539
    1327      32.1286
    1328      33.3828
    1329      34.4924
    1330      35.4042
    1331      35.9528
    1332      35.9700
    1333      35.7085
    1334      35.2600
    1335      34.6910
    1336      34.2819
    1337      34.1638
    1338      34.3314
    1339      34.6063
    1340      35.0767
    1341      35.4356
    1342      35.6473
    1343      35.9130
    1344      36.0772
    1345      36.1434
    1346      36.2637
    1347      36.3964
    1348      36.5356
    1349      36.4813
    1350      36.1450
    1351      35.4882
    1352      34.4490
    1353      33.0795
    1354      31.2762
    1355      29.1238
    1356      26.7989
    1357      24.4787
    1358      22.2866
    1359      20.5343
    1360      19.3379
    1361      18.7758
    1362      18.7335
    1363      19.0569
    1364      19.5555
    1365      20.1603
    1366      20.8607
    1367      21.6939
    1368      22.6795
    1369      23.5565
    1370      24.1657
    1371      24.5120
    1372      24.5696
    1373      24.1234
    1374      23.0945
    1375      21.5514
    1376      19.5872
    1377      17.4143
    1378      15.3580
    1379      13.6257
    1380      12.5644
    1381      12.2812
    1382      12.8154
    1383      14.0100
    1384      15.5898
    1385      17.3904
    1386      19.3102
    1387      21.2271
    1388      23.0712
    1389      24.8147
    1390      26.5724
    1391      28.2095
    1392      29.6900
    1393      30.9259
    1394      31.8000
    1395      32.4290
    1396      32.7777
    1397      32.8873
    1398      32.6967
    1399      32.2233
    1400      31.5573
    1401      30.7918
    1402      29.9903
    1403      29.2775
    1404      28.6862
    1405      28.2691
    1406      27.9637
    1407      27.8928
    1408      27.9735
    1409      28.1438
    1410      28.3979
    1411      28.6583
    1412      29.0178
    1413      29.5491
    1414      30.0701
    1415      30.4097
    1416      30.5251
    1417      30.4551
    1418      30.2817
    1419      30.0050
    1420      29.7285
    1421      29.6495
    1422      29.8893
    1423      30.4076
    1424      30.9727
    1425      31.5488
    1426      32.0020
    1427      32.2772
    1428      32.3708
    1429      32.3352
    1430      32.2771
    1431      32.3205
    1432      32.4185
    1433      32.5287
    1434      32.6282
    1435      32.6413
    1436      32.5995
    1437      32.4368
    1438      32.2070
    1439      31.9247
    1440      31.6622
    1441      31.4777
    1442      31.3989
    1443      31.5634
    1444      31.9788
    1445      32.5736
    1446      33.1130
    1447      33.3507
    1448      33.3498
    1449      32.9810
    1450      32.1969
    1451      31.1469
    1452      29.8537
    1453      28.3753
    1454      26.8784
    1455      25.4703
    1456      24.4589
    1457      23.8402
    1458      23.7465
    1459      24.2505
    1460      25.2232
    1461      26.6370
    1462      28.3796
    1463      30.2407
    1464      32.1738
    1465      33.8194
    1466      35.1088
    1467      35.9741
    1468      36.3332
    1469      36.2412
    1470      35.7883
    1471      34.9186
    1472      33.8026
    1473      32.5435
    1474      31.1813
    1475      29.7519
    1476      28.2283
    1477      26.7784
    1478      25.5597
    1479      24.5899
    1480      24.0709
    1481      24.0892
    1482      24.7096
    1483      26.1091
    1484      28.2507
    1485      31.0234
    1486      34.0015
    1487      36.8623
    1488      39.1576
    1489      40.6416
    1490      41.3417
    1491      41.2576
    1492      40.4868
    1493      39.3202
    1494      37.9052
    1495      36.4745
    1496      35.0041
    1497      33.4891
    1498      32.0350
    1499      30.5192
    1500      28.9258
    1501      27.2382
    1502      25.6271
    1503      24.0421
    1504      22.8017
    1505      22.0682
    1506      22.0908
    1507      22.9676
    1508      24.6162
    1509      26.7406
    1510      29.1269
    1511      31.7139
    1512      34.1283
    1513      36.2753
    1514      37.8801
    1515      38.9274
    1516      39.4800
    1517      39.4316
    1518      38.8282
    1519      37.6134
    1520      35.9112
    1521      33.9285
    1522      31.6988
    1523      29.3754
    1524      27.2399
    1525      25.5348
    1526      24.2886
    1527      23.6904
    1528      23.6979
    1529      24.3090
    1530      25.5679
    1531      27.5247
    1532      30.0929
    1533      33.1579
    1534      36.5272
    1535      39.9003
    1536      42.8111
    1537      44.9873
    1538      46.2183
    1539      46.3623
    1540      45.4897
    1541      43.6698
    1542      41.2129
    1543      38.2478
    1544      35.0017
    1545      31.8827
    1546      29.1917
    1547      27.2340
    1548      25.8914
    1549      25.0486
    1550      24.4957
    1551      24.0883
    1552      23.6460
    1553      23.3806
    1554      23.3528
    1555      23.6351
    1556      24.2634
    1557      25.2308
    1558      26.3650
    1559      27.3452
    1560      27.9577
    1561      28.1109
    1562      27.8030
    1563      27.0000
    1564      25.7802
    1565      24.2456
    1566      22.5714
    1567      21.0624
    1568      19.8848
    1569      19.1305
    1570      18.6782
    1571      18.5831
    1572      18.8408
    1573      19.5873
    1574      20.6920
    1575      22.1573
    1576      23.8122
    1577      25.6022
    1578      27.2362
    1579      28.6114
    1580      29.6214
    1581      30.3491
    1582      30.7298
    1583      30.9109
    1584      30.9199
    1585      30.7853
    1586      30.3166
    1587      29.4229
    1588      28.2440
    1589      26.9077
    1590      25.5313
    1591      24.1784
    1592      22.7413
    1593      21.4513
    1594      20.5804
    1595      20.2979
    1596      20.7484
    1597      21.8565
    1598      23.4733
    1599      25.1881
    1600      26.6576
    1601      27.7676
    1602      28.3986
    1603      28.5413
    1604      28.3282
    1605      27.8297
    1606      27.2138
    1607      26.6464
    1608      26.2705
    1609      26.3586
    1610      26.8508
    1611      27.6200
    1612      28.5365
    1613      29.4337
    1614      30.1392
    1615      30.6191
    1616      30.9261
    1617      31.1760
    1618      31.5148
    1619      32.0285
    1620      32.5882
    1621      33.0438
    1622      33.2186
    1623      32.9642
    1624      32.4154
    1625      31.7149
    1626      30.9870
    1627      30.2731
    1628      29.6579
    1629      29.2485
    1630      28.9873
    1631      28.7888
    1632      28.7497
    1633      28.9095
    1634      29.1769
    1635      29.5473
    1636      29.9058
    1637      30.2115
    1638      30.3305
    1639      30.3458
    1640      30.2082
    1641      29.8099
    1642      29.2344
    1643      28.5818
    1644      28.0527
    1645      27.6281
    1646      27.2565
    1647      26.7972
    1648      26.2375
    1649      25.3835
    1650      24.2676
    1651      22.9650
    1652      21.6741
    1653      20.6435
    1654      20.0188
    1655      19.8995
    1656      20.2037
    1657      20.8713
    1658      21.9125
    1659      23.3282
    1660      24.9893
    1661      26.8043
    1662      28.4924
    1663      30.0616
    1664      31.2672
    1665      32.1325
    1666      32.4372
    1667      32.3116
    1668      32.0807
    1669      31.6716
    1670      31.1098
    1671      30.3521
    1672      29.5969
    1673      28.9222
    1674      28.6194
    1675      28.6645
    1676      29.1410
    1677      30.1214
    1678      31.6397
    1679      33.6055
    1680      35.8137
    1681      38.1815
    1682      40.4114
    1683      42.3607
    1684      43.6958
    1685      44.3901
    1686      44.5105
    1687      44.2243
    1688      43.6310
    1689      42.7831
    1690      41.6961
    1691      40.3920
    1692      38.9685
    1693      37.4850
    1694      36.2033
    1695      35.2974
    1696      34.8995
    1697      35.0655
    1698      35.7424
    1699      36.8370
    1700      38.2157
    1701      39.3956
    1702      40.2513
    1703      40.8768
    1704      41.1672
    1705      41.0791
    1706      40.8396
    1707      40.6441
    1708      40.4708
    1709      40.4371
    1710      40.5630
    1711      40.8803
    1712      41.1679
    1713      41.5337
    1714      41.9092
    1715      42.1887
    1716      42.3265
    1717      42.3989
    1718      42.5091
    1719      42.9017
    1720      43.5603
    1721      44.5106
    1722      45.7420
    1723      46.8725
    1724      47.7305
    1725      48.3269
    1726      48.7224
    1727      48.9049
    1728      48.9487
    1729      48.9370
    1730      48.8982
    1731      48.8191
    1732      48.7251
    1733      48.3741
    1734      47.6594
    1735      46.6600
    1736      45.4436
    1737      44.0068
    1738      42.3698
    1739      40.5485
    1740      38.5981
    1741      36.7971
    1742      35.4807
    1743      34.9802
    1744      35.2982
    1745      36.3264
    1746      37.8373
    1747      39.6496
    1748      41.6042
    1749      43.5543
    1750      45.1690
    1751      46.4795
    1752      47.5787
    1753      48.6744
    1754      49.8610
    1755      51.2287
    1756      52.7192
    1757      54.0132
    1758      54.8678
    1759      55.2106
    1760      55.0316
    1761      54.2000
    1762      52.5747
    1763      50.3465
    1764      47.9558
    1765      45.6654
    1766      43.7162
    1767      42.4297
    1768      41.9620
    1769      42.1338
    1770      42.7185
    1771      43.5847
    1772      44.5108
    1773      45.3744
    1774      46.1690
    1775      46.8559
    1776      47.3174
    1777      47.5894
    1778      47.6518
    1779      47.5928
    1780      47.4725
    1781      47.3684
    1782      47.1873
    1783      46.9324
    1784      46.6675
    1785      46.2976
    1786      45.9122
    1787      45.4874
    1788      44.9720
    1789      44.3007
    1790      43.7122
    1791      43.3395
    1792      43.3185
    1793      43.7615
    1794      44.6555
    1795      45.8861
    1796      47.3048
    1797      48.5747
    1798      49.4615
    1799      49.7128
    1800      49.2823
    1801      48.1717
    1802      46.4903
    1803      44.4120
    1804      42.1345
    1805      39.7438
    1806      37.4638
    1807      35.4897
    1808      33.9229
    1809      32.8118
    1810      32.2766
    1811      32.4254
    1812      33.1883
    1813      34.3994
    1814      35.8994
    1815      37.7251
    1816      39.6452
    1817      41.5885
    1818      43.4687
    1819      45.1141
    1820      46.4501
    1821      47.4847
    1822      48.0975
    1823      48.3608
    1824      48.3627
    1825      48.1514
    1826      47.7794
    1827      47.1901
    1828      46.4221
    1829      45.5635
    1830      44.7309
    1831      43.8423
    1832      42.9291
    1833      42.1017
    1834      41.3224
    1835      40.6050
    1836      39.9140
    1837      39.1372
    1838      38.3445
    1839      37.5041
    1840      36.4795
    1841      35.3143
    1842      34.1300
    1843      33.1600
    1844      32.4841
    1845      32.4448
    1846      32.9741
    1847      33.9290
    1848      35.1862
    1849      36.5971
    1850      37.9514
    1851      39.1131
    1852      40.1240
    1853      40.9549
    1854      41.3835
    1855      41.4579
    1856      41.2120
    1857      40.7287
    1858      40.0914
    1859      39.5167
    1860      39.1484
    1861      38.9421
    1862      38.9282
    1863      39.1742
    1864      39.7431
    1865      40.5662
    1866      41.6788
    1867      43.0581
    1868      44.5687
    1869      46.0870
    1870      47.5518
    1871      48.8182
    1872      49.8391
    1873      50.4007
    1874      50.3470
    1875      49.6878
    1876      48.3781
    1877      46.5586
    1878      44.3312
    1879      41.9145
    1880      39.5216
    1881      37.3730
    1882      35.5452
    1883      34.0949
    1884      32.8874
    1885      31.9694
    1886      31.1144
    1887      30.3663
    1888      29.6934
    1889      29.2130
    1890      29.0952
    1891      29.4209
    1892      30.1732
    1893      31.3927
    1894      32.8482
    1895      34.3435
    1896      35.7442
    1897      36.7850
    1898      37.4987
    1899      37.7903
    1900      37.7057
    1901      37.3071
    1902      36.7919
    1903      36.2534
    1904      35.8501
    1905      35.5755
    1906      35.5718
    1907      35.8658
    1908      36.3579
    1909      37.1830
    1910      38.3834
    1911      39.9524
    1912      41.7526
    1913      43.7279
    1914      45.6536
    1915      47.3540
    1916      48.7846
    1917      49.9680
    1918      50.7132
    1919      50.9963
    1920      50.9110
    1921      50.4918
    1922      49.7873
    1923      48.7403
    1924      47.3496
    1925      45.8192
    1926      44.3684
    1927      43.1092
    1928      42.0507
    1929      41.3611
    1930      41.1263
    1931      41.3731
    1932      42.0156
    1933      43.0800
    1934      44.2562
    1935      45.3644
    1936      46.3444
    1937      47.0664
    1938      47.5963
    1939      47.8610
    1940      47.8678
    1941      47.7289
    1942      47.6874
    1943      47.8305
    1944      48.2891
    1945      48.9733
    1946      49.6753
    1947      50.3719
    1948      51.0149
    1949      51.4579
    1950      51.6439
    1951      51.6768
    1952      51.4462
    1953      51.1722
    1954      50.9315
    1955      50.6301
    1956      50.1859
    1957      49.6460
    1958      49.1717
    1959      48.8208
    1960      48.7882
    1961      49.0531
    1962      49.5681
    1963      50.2651
    1964      51.1338
    1965      52.1262
    1966      53.1711
    1967      54.3428
    1968      55.4823
    1969      56.4312
    1970      57.0100
    1971      57.1067
    1972      56.6430
    1973      55.7093
    1974      54.4742
    1975      53.0052
    1976      51.4293
    1977      49.9346
    1978      48.4751
    1979      47.1690
    1980      46.1921
    1981      45.4720
    1982      44.9975
    1983      44.5719
    1984      44.0292
    1985      43.3871
    1986      42.5167
    1987      41.4170
    1988      40.2832
    1989      39.3262
    1990      38.5297
    1991      38.0960
    1992      37.9498
    1993      38.1653
    1994      38.6380
    1995      39.3796
    1996      40.2832
    1997      41.0514
    1998      41.5961
    1999      41.9259
    2000      42.0867
    2001      42.1608
    2002      42.1191
    2003      41.9786
    2004      41.7558
    2005      41.4532
    2006      41.0004
    2007      40.5302
    2008      40.1878
    2009      39.8744
    2010      39.7563
    2011      39.8216
    2012      40.0917
    2013      40.5209
    2014      41.0726
    2015      41.7227
    2016      42.4889
    2017      43.2076
    2018      43.8182
    2019      44.2665
    2020      44.2548
    2021      43.8707
    2022      43.1925
    2023      42.3029
    2024      41.3057
    2025      40.2245
    2026      39.1136
    2027      37.9654
    2028      36.7849
    2029      35.6837
    2030      34.5786
    2031      33.5015
    2032      32.5861
    2033      31.8793
    2034      31.5141
    2035      31.4856
    2036      31.8077
    2037      32.2854
    2038      32.8573
    2039      33.3374
    2040      33.4631
    2041      33.4101
    2042      33.2230
    2043      33.0332
    2044      33.0602
    2045      33.3493
    2046      33.8400
    2047      34.4383
    2048      34.9835
    2049      35.4643
    2050      35.6525
    2051      35.6045
    2052      35.5108
    2053      35.4536
    2054      35.6335
    2055      36.1225
    2056      37.0928
    2057      38.4037
    2058      39.8423
    2059      41.2592
    2060      42.5540
    2061      43.5423
    2062      44.0994
    2063      44.2893
    2064      44.2416
    2065      44.1238
    2066      43.9894
    2067      43.8042
    2068      43.6059
    2069      43.2433
    2070      42.5655
    2071      41.4330
    2072      39.8440
    2073      37.9434
    2074      36.0032
    2075      34.2948
    2076      32.8469
    2077      31.7593
    2078      31.1370
    2079      30.7784
    2080      30.7786
    2081      31.0669
    2082      31.5173
    2083      32.0223
    2084      32.4109
    2085      32.6993
    2086      33.0382
    2087      33.3521
    2088      33.6443
    2089      34.0797
    2090      34.7878
    2091      35.8895
    2092      37.2324
    2093      38.5623
    2094      39.7617
    2095      40.7801
    2096      41.5375
    2097      41.9797
    2098      41.9892
    2099      41.4556
    2100      40.4277
    2101      39.0840
    2102      37.7781
    2103      36.7701
    2104      36.0381
    2105      35.6528
    2106      35.7809
    2107      36.2357
    2108      36.8404
    2109      37.3937
    2110      37.6011
    2111      37.5747
    2112      37.1503
    2113      36.4310
    2114      35.4887
    2115      34.4586
    2116      33.4377
    2117      32.5887
    2118      31.9455
    2119      31.4668
    2120      30.9501
    2121      30.4447
    2122      29.9110
    2123      29.4320
    2124      29.1055
    2125      29.0121
    2126      29.4622
    2127      30.4207
    2128      31.7374
    2129      33.3526
    2130      34.9617
    2131      36.3192
    2132      37.1494
    2133      37.3435
    2134      36.9224
    2135      35.9200
    2136      34.4532
    2137      32.8042
    2138      31.0874
    2139      29.3550
    2140      27.6894
    2141      26.1351
    2142      24.7577
    2143      23.5941
    2144      22.4948
    2145      21.4289
    2146      20.5522
    2147      20.0324
    2148      19.9484
    2149      20.4676
    2150      21.6591
    2151      23.4310
    2152      25.3996
    2153      27.3692
    2154      29.0302
    2155      30.3281
    2156      31.3549
    2157      32.0098
    2158      32.2788
    2159      32.3902
    2160      32.2832
    2161      32.0916
    2162      31.9479
    2163      31.5863
    2164      31.1019
    2165      30.2875
    2166      29.1232
    2167      27.6759
    2168      26.0679
    2169      24.5562
    2170      23.2889
    2171      22.5338
    2172      22.2588
    2173      22.3941
    2174      22.8859
    2175      23.4942
    2176      24.0809
    2177      24.7796
    2178      25.5559
    2179      26.5229
    2180      27.4242
    2181      28.2803
    2182      29.0914
    2183      29.6908
    2184      30.0262
    2185      30.1532
    2186      30.0218
    2187      29.7853
    2188      29.5599
    2189      29.4709
    2190      29.5726
    2191      30.0379
    2192      30.6995
    2193      31.3079
    2194      31.6624
    2195      31.6933
    2196      31.2697
    2197      30.3582
    2198      29.0436
    2199      27.6856
    2200      26.6935
    2201      26.3624
    2202      26.8845
    2203      28.1022
    2204      29.7501
    2205      31.5494
    2206      33.0507
    2207      33.9674
    2208      34.3727
    2209      34.2131
    2210      33.6140
    2211      32.8631
    2212      32.3643
    2213      32.4455
    2214      33.1100
    2215      34.1097
    2216      35.2346
    2217      36.1916
    2218      36.8182
    2219      36.9776
    2220      36.7900
    2221      36.4277
    2222      35.7540
    2223      35.0154
    2224      34.2519
    2225      33.5618
    2226      32.9246
    2227      32.4047
    2228      31.9009
    2229      31.3674
    2230      30.7077
    2231      30.0487
    2232      29.5903
    2233      29.4504
    2234      29.6208
    2235      30.2861
    2236      31.3107
    2237      32.5390
    2238      33.8405
    2239      35.0534
    2240      36.2838
    2241      37.4429
    2242      38.6298
    2243      39.7564
    2244      40.7418
    2245      41.6317
    2246      42.4862
    2247      43.0039
    2248      43.2838
    2249      43.4137
    2250      43.2069
    2251      42.8095
    2252      42.4065
    2253      42.0019
    2254      41.5292
    2255      40.9091
    2256      40.1017
    2257      39.0401
    2258      37.8798
    2259      36.6875
    2260      35.6159
    2261      34.6820
    2262      33.8664
    2263      33.2177
    2264      32.6961
    2265      32.2480
    2266      31.7383
    2267      31.0514
    2268      30.1006
    2269      28.9795
    2270      27.6157
    2271      26.3225
    2272      25.2624
    2273      24.6254
    2274      24.4827
    2275      25.0010
    2276      26.0908
    2277      27.5969
    2278      29.1775
    2279      30.6365
    2280      31.7497
    2281      32.6107
    2282      33.2133
    2283      33.6178
    2284      34.0283
    2285      34.2915
    2286      34.6846
    2287      35.0211
    2288      35.1922
    2289      35.0846
    2290      34.6014
    2291      33.8009
    2292      32.5081
    2293      30.8634
    2294      29.0386
    2295      27.2873
    2296      25.7370
    2297      24.6038
    2298      24.0063
    2299      24.0648
    2300      24.6557
    2301      25.6753
    2302      27.2127
    2303      29.0577
    2304      31.2910
    2305      33.6774
    2306      35.9723
    2307      37.9951
    2308      39.6106
    2309      40.6468
    2310      41.1608
    2311      41.1230
    2312      40.5673
    2313      39.6243
    2314      38.4793
    2315      37.3257
    2316      36.2182
    2317      35.0416
    2318      33.8659
    2319      32.7631
    2320      31.8938
    2321      31.3507
    2322      31.2363
    2323      31.4897
    2324      32.1260
    2325      32.9602
    2326      33.9566
    2327      34.9394
    2328      35.8596
    2329      36.5882
    2330      37.0993
    2331      37.3083
    2332      37.2138
    2333      37.0065
    2334      36.8341
    2335      36.7871
    2336      37.0049
    2337      37.3312
    2338      37.6306
    2339      37.8590
    2340      38.0224
    2341      38.1187
    2342      38.0794
    2343      38.0297
    2344      37.8664
    2345      37.4619
    2346      36.9399
    2347      36.3367
    2348      35.5535
    2349      34.5213
    2350      33.2910
    2351      32.0429
    2352      30.7101
    2353      29.2953
    2354      28.1030
    2355      27.4459
    2356      27.5720
    2357      28.4580
    2358      29.8710
    2359      31.5635
    2360      33.1759
    2361      34.5783
    2362      35.6175
    2363      36.2873
    2364      36.6277
    2365      36.6803
    2366      36.5383
    2367      36.1190
    2368      35.4921
    2369      34.6695
    2370      33.8502
    2371      32.9774
    2372      31.9486
    2373      30.8400
    2374      29.7867
    2375      28.9287
    2376      28.3681
    2377      28.1094
    2378      28.0197
    2379      27.9115
    2380      27.5958
    2381      27.1303
    2382      26.5348
    2383      25.7447
    2384      24.9594
    2385      24.3424
    2386      23.8993
    2387      23.7425
    2388      24.0211
    2389      24.7354
    2390      25.7910
    2391      27.0410
    2392      28.2975
    2393      29.2975
    2394      30.0351
    2395      30.6151
    2396      31.1070
    2397      31.5103
    2398      31.9374
    2399      32.4064
    2400      32.8709
    2401      33.4741
    2402      34.0052
    2403      34.3048
    2404      34.2569
    2405      33.7452
    2406      32.6811
    2407      31.0823
    2408      29.1324
    2409      27.0305
    2410      25.1679
    2411      23.8286
    2412      23.0222
    2413      22.7046
    2414      22.7731
    2415      23.1697
    2416      23.9139
    2417      24.7354
    2418      25.4784
    2419      26.0384
    2420      26.4854
    2421      26.8148
    2422      27.0337
    2423      27.2590
    2424      27.5962
    2425      28.0601
    2426      28.6160
    2427      29.3491
    2428      30.1069
    2429      30.8256
    2430      31.4548
    2431      31.8381
    2432      32.0139
    2433      31.8400
    2434      31.2906
    2435      30.5076
    2436      29.5696
    2437      28.5900
    2438      27.7790
    2439      27.3268
    2440      27.4104
    2441      28.0639
    2442      29.1483
    2443      30.4286
    2444      31.7748
    2445      32.7028
    2446      33.2281
    2447      33.4306
    2448      33.3923
    2449      33.1609
    2450      32.8173
    2451      32.4989
    2452      32.5279
    2453      32.7824
    2454      33.1401
    2455      33.5507
    2456      33.8070
    2457      33.8452
    2458      33.6646
    2459      33.3933
    2460      33.0988
    2461      32.9230
    2462      32.9232
    2463      33.0820
    2464      33.5141
    2465      34.0952
    2466      34.6342
    2467      34.9734
    2468      35.1618
    2469      35.2311
    2470      35.1960
    2471      35.2116
    2472      35.2795
    2473      35.3175
    2474      35.3585
    2475      35.3241
    2476      35.0733
    2477      34.3535
    2478      33.0778
    2479      31.3464
    2480      29.2118
    2481      26.8691
    2482      24.6673
    2483      22.7301
    2484      21.3220
    2485      20.5366
    2486      20.2427
    2487      20.4671
    2488      21.2443
    2489      22.4499
    2490      23.9034
    2491      25.4926
    2492      27.2437
    2493      28.8753
    2494      30.1095
    2495      30.7749
    2496      30.6482
    2497      29.8502
    2498      28.4926
    2499      26.7676
    2500      24.9186
    2501      23.0053
    2502      21.2675
    2503      19.8732
    2504      18.7666
    2505      17.9589
    2506      17.3401
    2507      16.9506
    2508      16.8278
    2509      17.1485
    2510      17.9134
    2511      19.1657
    2512      20.9352
    2513      23.2564
    2514      25.8695
    2515      28.5645
    2516      31.0552
    2517      32.9819
    2518      34.1850
    2519      34.6309
    2520      34.4107
    2521      33.7100
    2522      32.6838
    2523      31.6341
    2524      30.7528
    2525      30.2381
    2526      30.0790
    2527      30.2069
    2528      30.5446
    2529      31.0509
    2530      31.5192
    2531      32.0157
    2532      32.4956
    2533      32.9241
    2534      33.3077
    2535      33.6462
    2536      33.8846
    2537      33.9881
    2538      34.0091
    2539      33.8970
    2540      33.5014
    2541      33.0330
    2542      32.3952
    2543      31.7511
    2544      31.2064
    2545      30.7812
    2546      30.5775
    2547      30.4786
    2548      30.5538
    2549      30.7460
    2550      31.0130
    2551      31.5155
    2552      32.1694
    2553      33.0506
    2554      34.0261
    2555      35.0014
    2556      35.8036
    2557      36.2574
    2558      36.2529
    2559      35.7352
    2560      34.9155
    2561      33.9626
    2562      32.8704
    2563      31.8798
    2564      31.1228
    2565      30.5712
    2566      30.2622
    2567      30.3090
    2568      30.4899
    2569      30.6863
    2570      30.8403
    2571      30.9272
    2572      30.7979
    2573      30.6016
    2574      30.5489
    2575      30.7229
    2576      31.1965
    2577      31.9409
    2578      33.0506
    2579      34.3173
    2580      35.5871
    2581      36.5543
    2582      37.2836
    2583      37.6337
    2584      37.5638
    2585      37.1421
    2586      36.7173
    2587      36.5484
    2588      36.6558
    2589      36.8584
    2590      37.0855
    2591      37.2943
    2592      37.3493
    2593      37.0066
    2594      36.3129
    2595      35.3443
    2596      34.4373
    2597      33.6648
    2598      33.0876
    2599      32.9308
    2600      33.1670
    2601      33.7331
    2602      34.4887
    2603      35.3794
    2604      36.2796
    2605      37.0789
    2606      37.6351
    2607      37.9271
    2608      37.8653
    2609      37.5672
    2610      37.1774
    2611      36.7627
    2612      36.4378
    2613      36.3097
    2614      36.4236
    2615      36.9061
    2616      37.7598
    2617      38.9042
    2618      40.1724
    2619      41.3795
    2620      42.3613
    2621      42.9759
    2622      43.2384
    2623      43.1044
    2624      42.6994
    2625      42.1887
    2626      41.6149
    2627      40.8382
    2628      39.8087
    2629      38.6058
    2630      37.2631
    2631      35.8325
    2632      34.2399
    2633      32.5310
    2634      30.9557
    2635      29.8380
    2636      29.4048
    2637      29.9042
    2638      31.4170
    2639      33.5994
    2640      35.9289
    2641      37.9726
    2642      39.3418
    2643      40.1185
    2644      40.2297
    2645      39.9014
    2646      39.1908
    2647      38.4493
    2648      37.7929
    2649      37.2564
    2650      36.8286
    2651      36.4939
    2652      36.1330
    2653      35.5828
    2654      34.7600
    2655      33.8214
    2656      33.2338
    2657      33.1747
    2658      33.8148
    2659      35.3597
    2660      37.5356
    2661      40.0488
    2662      42.4697
    2663      44.6003
    2664      46.3473
    2665      47.5523
    2666      48.1829
    2667      48.4084
    2668      48.2384
    2669      47.7964
    2670      47.1447
    2671      46.4122
    2672      45.5067
    2673      44.3397
    2674      43.0257
    2675      41.6535
    2676      40.3639
    2677      39.2648
    2678      38.5864
    2679      38.4827
    2680      39.0412
    2681      40.1988
    2682      41.9082
    2683      44.0372
    2684      46.2522
    2685      48.1919
    2686      49.8056
    2687      51.0695
    2688      51.9073
    2689      52.2910
    2690      52.2112
    2691      51.6353
    2692      50.6297
    2693      49.2525
    2694      47.5707
    2695      45.7627
    2696      44.1211
    2697      42.9316
    2698      42.3914
    2699      42.4520
    2700      43.1133
    2701      44.4009
    2702      46.3379
    2703      48.7927
    2704      51.6387
    2705      54.5851
    2706      57.3139
    2707      59.4436
    2708      60.7372
    2709      61.1519
    2710      60.7513
    2711      59.5789
    2712      57.8943
    2713      55.9918
    2714      53.9599
    2715      51.9772
    2716      50.1145
    2717      48.4706
    2718      47.3134
    2719      46.6232
    2720      46.3727
    2721      46.5809
    2722      47.0206
    2723      47.4715
    2724      48.0203
    2725      48.7868
    2726      49.6305
    2727      50.4312
    2728      51.1074
    2729      51.5340
    2730      51.4745
    2731      51.0061
    2732      50.2907
    2733      49.4407
    2734      48.4367
    2735      47.3436
    2736      46.3058
    2737      45.3753
    2738      44.6412
    2739      44.1066
    2740      43.6253
    2741      43.1480
    2742      42.5698
    2743      41.8437
    2744      41.0746
    2745      40.3743
    2746      39.9834
    2747      40.1439
    2748      40.8884
    2749      42.2693
    2750      44.0258
    2751      45.9544
    2752      47.8757
    2753      49.7099
    2754      51.2203
    2755      52.1970
    2756      52.5757
    2757      52.2827
    2758      51.2863
    2759      49.8846
    2760      48.2213
    2761      46.5723
    2762      45.1166
    2763      44.1334
    2764      43.5531
    2765      43.3617
    2766      43.4354
    2767      43.7058
    2768      44.1118
    2769      44.5497
    2770      44.9552
    2771      45.2185
    2772      45.2488
    2773      45.0439
    2774      44.7369
    2775      44.4550
    2776      44.2524
    2777      44.2155
    2778      44.1713
    2779      44.0198
    2780      43.6928
    2781      43.1617
    2782      42.5367
    2783      42.0298
    2784      41.7986
    2785      41.9772
    2786      42.4808
    2787      43.2771
    2788      44.2717
    2789      45.2021
    2790      45.8917
    2791      46.0807
    2792      45.5349
    2793      44.2180
    2794      42.3505
    2795      40.2607
    2796      38.2726
    2797      36.5946
    2798      35.4321
    2799      34.8864
    2800      34.9006
    2801      35.5904
    2802      36.8412
    2803      38.4263
    2804      40.1224
    2805      41.6972
    2806      42.9636
    2807      43.6868
    2808      43.8364
    2809      43.5621
    2810      43.1323
    2811      42.6161
    2812      42.0979
    2813      41.7680
    2814      41.6989
    2815      41.7498
    2816      41.7244
    2817      41.5453
    2818      41.0352
    2819      40.2100
    2820      39.0708
    2821      37.7207
    2822      36.2853
    2823      34.8674
    2824      33.5988
    2825      32.5088
    2826      31.8867
    2827      31.7392
    2828      32.0555
    2829      32.6492
    2830      33.3602
    2831      33.9823
    2832      34.4809
    2833      34.8547
    2834      35.3647
    2835      36.1244
    2836      37.2585
    2837      38.8750
    2838      40.7526
    2839      42.4047
    2840      43.4746
    2841      43.7371
    2842      43.2474
    2843      41.9948
    2844      39.9581
    2845      37.4450
    2846      34.8537
    2847      32.5500
    2848      30.9696
    2849      30.3555
    2850      30.8478
    2851      32.4352
    2852      34.8711
    2853      37.8276
    2854      40.9944
    2855      43.9598
    2856      46.3900
    2857      48.1129
    2858      49.0576
    2859      49.3173
    2860      49.0099
    2861      48.1363
    2862      46.7590
    2863      44.8350
    2864      42.3956
    2865      39.6056
    2866      36.9247
    2867      34.6822
    2868      33.1878
    2869      32.5428
    2870      32.6145
    2871      33.3570
    2872      34.5924
    2873      36.3367
    2874      38.6251
    2875      41.3205
    2876      44.1881
    2877      47.0621
    2878      49.6336
    2879      51.5987
    2880      52.8502
    2881      53.2281
    2882      52.6420
    2883      51.0234
    2884      48.5822
    2885      45.5556
    2886      42.1407
    2887      38.7963
    2888      36.0185
    2889      34.1001
    2890      33.0431
    2891      32.7602
    2892      33.1152
    2893      33.9061
    2894      35.0344
    2895      36.5121
    2896      38.3117
    2897      40.4492
    2898      43.0255
    2899      45.8876
    2900      48.8313
    2901      51.6519
    2902      53.9397
    2903      55.6457
    2904      56.5267
    2905      56.4326
    2906      55.5412
    2907      54.0772
    2908      52.0671
    2909      49.7808
    2910      47.6170
    2911      45.7263
    2912      44.3213
    2913      43.5916
    2914      43.5525
    2915      43.9737
    2916      44.6355
    2917      45.4919
    2918      46.3798
    2919      47.2006
    2920      47.8631
    2921      48.3291
    2922      48.5626
    2923      48.3371
    2924      47.6201
    2925      46.4005
    2926      44.8254
    2927      43.2043
    2928      41.6298
    2929      40.2082
    2930      39.1653
    2931      38.5111
    2932      38.1609
    2933      38.1082
    2934      38.2919
    2935      38.6508
    2936      39.2324
    2937      39.9812
    2938      40.9315
    2939      42.1039
    2940      43.3465
    2941      44.6006
    2942      45.7204
    2943      46.4588
    2944      46.7195
    2945      46.5540
    2946      45.8777
    2947      44.8283
    2948      43.3811
    2949      41.7736
    2950      40.3778
    2951      39.3606
    2952      38.7276
    2953      38.5035
    2954      38.6236
    2955      38.9295
    2956      39.2842
    2957      39.6088
    2958      39.8912
    2959      40.1144
    2960      40.2202
    2961      40.3287
    2962      40.4789
    2963      40.5917
    2964      40.5459
    2965      40.2928
    2966      39.7364
    2967      38.9484
    2968      37.7688
    2969      36.2481
    2970      34.4157
    2971      32.7818
    2972      31.5194
    2973      30.7790
    2974      30.6050
    2975      30.9198
    2976      31.6084
    2977      32.4238
    2978      33.3839
    2979      34.4491
    2980      35.5406
    2981      36.6402
    2982      37.5509
    2983      38.1154
    2984      38.5464
    2985      38.8252
    2986      38.8919
    2987      38.7539
    2988      38.3849
    2989      37.7727
    2990      37.0249
    2991      36.3171
    2992      35.9333
    2993      36.0401
    2994      36.6933
    2995      37.8891
    2996      39.3621
    2997      40.8742
    2998      42.3506
    2999      43.5516
    3000      44.2701
    3001      44.5573
    3002      44.2694
    3003      43.5505
    3004      42.5025
    3005      41.2295
    3006      39.8713
    3007      38.4563
    3008      37.0447
    3009      35.7038
    3010      34.6731
    3011      34.0328
    3012      33.6563
    3013      33.6710
    3014      33.9842
    3015      34.6495
    3016      35.4930
    3017      36.3212
    3018      37.0527
    3019      37.6577
    3020      38.0509
    3021      38.1979
    3022      38.1766
    3023      37.9529
    3024      37.6740
    3025      37.5208
    3026      37.3989
    3027      37.3988
    3028      37.3857
    3029      37.3591
    3030      37.2368
    3031      36.9319
    3032      36.5803
    3033      36.1617
    3034      35.7244
    3035      35.2165
    3036      34.5396
    3037      33.8242
    3038      33.1083
    3039      32.4427
    3040      31.8745
    3041      31.4226
    3042      31.3122
    3043      31.6659
    3044      32.3134
    3045      33.1759
    3046      34.2353
    3047      35.2851
    3048      36.2893
    3049      37.1488
    3050      37.8251
    3051      38.3348
    3052      38.4622
    3053      38.3616
    3054      38.1173
    3055      37.9426
    3056      37.7920
    3057      37.6679
    3058      37.6264
    3059      37.7308
    3060      37.9760
    3061      38.3430
    3062      38.7662
    3063      39.2141
    3064      39.8484
    3065      40.7789
    3066      41.9482
    3067      43.1781
    3068      44.4013
    3069      45.5989
    3070      46.5712
    3071      47.2172
    3072      47.4566
    3073      47.2977
    3074      46.7146
    3075      45.8434
    3076      44.7801
    3077      43.7009
    3078      42.6500
    3079      41.6743
    3080      40.8845
    3081      40.3212
    3082      39.9690
    3083      39.9527
    3084      40.3779
    3085      41.3180
    3086      42.7525
    3087      44.4994
    3088      46.4775
    3089      48.4011
    3090      50.1585
    3091      51.5350
    3092      52.3311
    3093      52.4854
    3094      52.0596
    3095      51.2308
    3096      50.0954
    3097      48.8875
    3098      47.7401
    3099      46.7372
    3100      46.0443
    3101      45.5741
    3102      45.4052
    3103      45.4467
    3104      45.5357
    3105      45.5649
    3106      45.4318
    3107      45.1953
    3108      44.9143
    3109      44.5008
    3110      43.9161
    3111      43.2353
    3112      42.4431
    3113      41.5962
    3114      40.7672
    3115      39.9753
    3116      39.4500
    3117      39.1982
    3118      39.0901
    3119      39.1342
    3120      39.3789
    3121      39.8385
    3122      40.5580
    3123      41.3592
    3124      41.9463
    3125      42.2615
    3126      42.2300
    3127      41.9060
    3128      41.1698
    3129      40.1731
    3130      39.0171
    3131      37.8168
    3132      36.6952
    3133      35.6952
    3134      34.9159
    3135      34.4148
    3136      34.1702
    3137      34.0249
    3138      34.0960
    3139      34.4475
    3140      34.9320
    3141      35.4649
    3142      35.9228
    3143      36.4505
    3144      37.0570
    3145      37.6012
    3146      37.9847
    3147      38.1793
    3148      38.1810
    3149      38.0866
    3150      37.8870
    3151      37.6245
    3152      37.3298
    3153      36.8978
    3154      36.2035
    3155      35.1911
    3156      33.9145
    3157      32.5232
    3158      31.0266
    3159      29.4678
    3160      27.9751
    3161      26.7531
    3162      25.9852
    3163      25.6845
    3164      25.6861
    3165      26.0645
    3166      26.8458
    3167      27.8227
    3168      28.8281
    3169      29.7486
    3170      30.6216
    3171      31.3330
    3172      31.9097
    3173      32.2939
    3174      32.4276
    3175      32.4119
    3176      32.2628
    3177      32.0117
    3178      31.7467
    3179      31.7394
    3180      31.9447
    3181      32.2257
    3182      32.6481
    3183      33.2182
    3184      33.9573
    3185      34.9651
    3186      36.3408
    3187      37.8882
    3188      39.5282
    3189      41.2780
    3190      42.8353
    3191      44.0290
    3192      44.5360
    3193      44.3362
    3194      43.5077
    3195      42.2924
    3196      40.6657
    3197      38.9180
    3198      37.2962
    3199      35.9568
    3200      35.1472
    3201      34.9126
    3202      35.0705
    3203      35.4224
    3204      36.0043
    3205      36.5934
    3206      37.0346
    3207      37.4084
    3208      37.9163
    3209      38.5806
    3210      39.4867
    3211      40.6203
    3212      41.7385
    3213      42.7741
    3214      43.5161
    3215      43.8837
    3216      43.7315
    3217      42.9839
    3218      41.7912
    3219      40.2732
    3220      38.5552
    3221      36.8198
    3222      35.2867
    3223      34.2303
    3224      33.7307
    3225      33.8076
    3226      34.2059
    3227      34.9433
    3228      35.9529
    3229      37.0177
    3230      38.0116
    3231      38.9522
    3232      39.8299
    3233      40.6196
    3234      41.2034
    3235      41.6598
    3236      41.8307
    3237      41.7847
    3238      41.5189
    3239      40.8198
    3240      39.7872
    3241      38.5140
    3242      37.1051
    3243      35.6916
    3244      34.4338
    3245      33.4708
    3246      33.0005
    3247      33.1445
    3248      33.9074
    3249      35.1982
    3250      36.7435
    3251      38.2410
    3252      39.4929
    3253      40.3996
    3254      40.8304
    3255      40.7401
    3256      40.1194
    3257      38.9254
    3258      37.2193
    3259      35.4114
    3260      33.8051
    3261      32.5979
    3262      31.9873
    3263      31.8899
    3264      32.1629
    3265      32.5932
    3266      33.1753
    3267      33.9438
    3268      34.7748
    3269      35.5891
    3270      36.3437
    3271      36.9645
    3272      37.3703
    3273      37.5597
    3274      37.6025
    3275      37.6732
    3276      37.6976
    3277      37.6636
    3278      37.6772
    3279      37.5215
    3280      37.1277
    3281      36.4755
    3282      35.8061
    3283      35.1618
    3284      34.5396
    3285      33.9925
    3286      33.5402
    3287      33.0415
    3288      32.4827
    3289      31.9495
    3290      31.4033
    3291      30.9581
    3292      30.7881
    3293      30.8519
    3294      31.3351
    3295      32.1217
    3296      33.2838
    3297      34.8049
    3298      36.6070
    3299      38.6594
    3300      40.6160
    3301      42.1725
    3302      43.1674
    3303      43.5192
    3304      43.3133
    3305      42.6048
    3306      41.4721
    3307      39.9416
    3308      38.3603
    3309      36.9242
    3310      35.9175
    3311      35.4102
    3312      35.4073
    3313      35.9189
    3314      36.7291
    3315      37.5252
    3316      38.2655
    3317      38.8722
    3318      39.2858
    3319      39.5771
    3320      39.8349
    3321      40.2131
    3322      40.8299
    3323      41.5958
    3324      42.4162
    3325      43.2111
    3326      43.8413
    3327      44.1963
    3328      44.2678
    3329      44.1639
    3330      44.0137
    3331      43.7855
    3332      43.6029
    3333      43.5819
    3334      43.7248
    3335      44.0549
    3336      44.6227
    3337      45.2603
    3338      45.7558
    3339      45.9955
    3340      45.8895
    3341      45.4149
    3342      44.5491
    3343      43.3209
    3344      41.9326
    3345      40.7532
    3346      39.7207
    3347      38.8456
    3348      38.1042
    3349      37.3846
    3350      36.5760
    3351      35.7027
    3352      34.6733
    3353      33.4228
    3354      32.0691
    3355      30.8004
    3356      29.8799
    3357      29.3213
    3358      29.2549
    3359      29.5989
    3360      30.1375
    3361      30.7228
    3362      31.3449
    3363      31.9567
    3364      32.4036
    3365      32.6594
    3366      32.7407
    3367      32.6154
    3368      32.4091
    3369      32.2362
    3370      32.0632
    3371      31.9247
    3372      31.7561
    3373      31.6943
    3374      31.9706
    3375      32.5043
    3376      33.1542
    3377      33.9294
    3378      34.7980
    3379      35.7300
    3380      36.5985
    3381      37.3344
    3382      37.7146
    3383      37.6123
    3384      36.8898
    3385      35.7630
    3386      34.2570
    3387      32.6020
    3388      30.9181
    3389      29.3505
    3390      28.0565
    3391      27.0808
    3392      26.6312
    3393      26.6381
    3394      27.0609
    3395      27.8579
    3396      28.8839
    3397      30.1224
    3398      31.5479
    3399      32.9947
    3400      34.2283
    3401      34.9893
    3402      35.1915
    3403      34.6367
    3404      33.4977
    3405      31.9259
    3406      30.1498
    3407      28.5656
    3408      27.5477
    3409      27.1718
    3410      27.1565
    3411      27.2289
    3412      27.3431
    3413      27.4229
    3414      27.3345
    3415      26.9028
    3416      26.1597
    3417      25.4440
    3418      25.0527
    3419      25.1577
    3420      25.8416
    3421      26.8743
    3422      28.2826
    3423      29.7178
    3424      30.9549
    3425      31.8514
    3426      32.1778
    3427      32.0559
    3428      31.6116
    3429      31.0807
    3430      30.5691
    3431      30.4387
    3432      30.8500
    3433      31.7715
    3434      33.0964
    3435      34.8007
    3436      36.6215
    3437      38.4574
    3438      40.2047
    3439      41.7353
    3440      42.8703
    3441      43.5283
    3442      43.6692
    3443      43.2828
    3444      42.3055
    3445      40.9986
    3446      39.4853
    3447      37.9149
    3448      36.4605
    3449      35.1019
    3450      34.0444
    3451      33.1300
    3452      32.2425
    3453      31.2802
    3454      30.3314
    3455      29.4582
    3456      28.6647
    3457      28.1917
    3458      28.1461
    3459      28.5174
    3460      29.0721
    3461      29.4850
    3462      29.7065
    3463      29.5555
    3464      28.9342
    3465      27.9311
    3466      26.4776
    3467      24.8018
    3468      23.1306
    3469      21.6728
    3470      20.8680
    3471      20.9372
    3472      21.9489
    3473      23.7401
    3474      25.9763
    3475      28.3653
    3476      30.6619
    3477      32.6684
    3478      34.3478
    3479      35.6613
    3480      36.5561
    3481      37.1320
    3482      37.5753
    3483      37.8990
    3484      38.2000
    3485      38.4024
    3486      38.2933
    3487      37.8500
    3488      36.9072
    3489      35.6049
    3490      33.9679
    3491      32.2167
    3492      30.6214
    3493      29.3383
    3494      28.6558
    3495      28.6820
    3496      29.2218
    3497      30.3959
    3498      31.9931
    3499      33.7997
    3500      35.4769
    3501      36.8067
    3502      37.6202
    3503      37.8319
    3504      37.4517
    3505      36.7878
    3506      36.0669
    3507      35.4832
    3508      35.2363
    3509      35.3702
    3510      35.8348
    3511      36.4742
    3512      37.0870
    3513      37.7446
    3514      38.2160
    3515      38.2506
    3516      37.9793
    3517      37.6283
    3518      37.3655
    3519      37.3473
    3520      37.7299
    3521      38.6770
    3522      40.1825
    3523      42.1481
    3524      44.1739
    3525      45.9030
    3526      47.1512
    3527      47.7729
    3528      47.7535
    3529      47.1408
    3530      46.2549
    3531      45.3684
    3532      44.6675
    3533      44.3679
    3534      44.4397
    3535      44.8677
    3536      45.4284
    3537      45.8301
    3538      45.9999
    3539      46.0137
    3540      45.8364
    3541      45.6107
    3542      45.3949
    3543      45.4161
    3544      45.7763
    3545      46.5763
    3546      47.7903
    3547      49.2705
    3548      50.9303
    3549      52.4226
    3550      53.5072
    3551      53.9884
    3552      53.9138
    3553      53.6400
    3554      53.2648
    3555      52.9742
    3556      52.9202
    3557      53.1688
    3558      53.7544
    3559      54.3756
    3560      54.8712
    3561      55.1647
    3562      55.0798
    3563      54.5325
    3564      53.4686
    3565      51.8662
    3566      49.7981
    3567      47.4353
    3568      44.9394
    3569      42.6663
    3570      40.8607
    3571      39.7858
    3572      39.4765
    3573      39.8876
    3574      40.8466
    3575      42.0988
    3576      43.4403
    3577      44.6207
    3578      45.4431
    3579      46.0266
    3580      46.6017
    3581      47.0323
    3582      47.3983
    3583      47.5851
    3584      47.5103
    3585      47.4088
    3586      47.1501
    3587      46.7150
    3588      46.1128
    3589      45.4226
    3590      44.6277
    3591      43.8545
    3592      43.2011
    3593      42.8487
    3594      42.8698
    3595      43.2979
    3596      43.9757
    3597      44.5025
    3598      44.7861
    3599      44.6466
    3600      44.0192
    3601      42.7475
    3602      40.9237
    3603      38.9358
    3604      36.9342
    3605      35.1297
    3606      33.8450
    3607      33.2494
    3608      33.2266
    3609      33.6698
    3610      34.4399
    3611      35.3014
    3612      35.9687
    3613      36.1739
    3614      35.9783
    3615      35.5703
    3616      35.1215
    3617      34.8713
    3618      34.9634
    3619      35.6506
    3620      36.8344
    3621      38.3211
    3622      39.8892
    3623      41.2901
    3624      42.3297
    3625      43.0697
    3626      43.5276
    3627      43.6283
    3628      43.3928
    3629      42.8177
    3630      42.2637
    3631      41.8199
    3632      41.5273
    3633      41.3564
    3634      41.1608
    3635      40.8196
    3636      40.3667
    3637      39.5600
    3638      38.5372
    3639      37.3030
    3640      36.0546
    3641      34.8932
    3642      34.1103
    3643      33.8440
    3644      34.1583
    3645      34.9053
    3646      35.8638
    3647      37.0836
    3648      38.1987
    3649      39.0640
    3650      39.4809
    3651      39.3574
    3652      38.7517
    3653      37.8532
    3654      36.7868
    3655      35.5721
    3656      34.3269
    3657      33.1443
    3658      32.3306
    3659      31.8604
    3660      31.8892
    3661      32.2503
    3662      32.9246
    3663      33.6664
    3664      34.2604
    3665      34.5879
    3666      34.7638
    3667      35.0214
    3668      35.2800
    3669      35.5256
    3670      35.7682
    3671      35.9518
    3672      36.1305
    3673      36.0712
    3674      35.7889
    3675      35.0755
    3676      33.9750
    3677      32.7940
    3678      31.7358
    3679      30.8118
    3680      30.1673
    3681      29.8712
    3682      29.9279
    3683      30.3682
    3684      31.1541
    3685      32.1757
    3686      33.3145
    3687      34.3041
    3688      34.9489
    3689      35.1444
    3690      34.9664
    3691      34.5294
    3692      33.8375
    3693      33.0411
    3694      32.3314
    3695      31.8413
    3696      31.5744
    3697      31.4730
    3698      31.2373
    3699      30.8465
    3700      30.3002
    3701      29.4955
    3702      28.5498
    3703      27.7156
    3704      27.1023
    3705      26.6557
    3706      26.6083
    3707      26.9035
    3708      27.5155
    3709      28.2520
    3710      28.7748
    3711      28.9159
    3712      28.5547
    3713      27.5341
    3714      25.9218
    3715      23.9355
    3716      21.9133
    3717      20.0284
    3718      18.5008
    3719      17.5023
    3720      17.2020
    3721      17.5852
    3722      18.5414
    3723      19.9045
    3724      21.4889
    3725      22.9500
    3726      24.0996
    3727      25.0956
    3728      25.8380
    3729      26.4722
    3730      26.9123
    3731      27.0582
    3732      26.9400
    3733      26.6357
    3734      26.1940
    3735      25.6621
    3736      24.9313
    3737      24.1066
    3738      23.3291
    3739      22.6876
    3740      22.4423
    3741      22.5286
    3742      23.1464
    3743      24.4006
    3744      26.3332
    3745      28.8015
    3746      31.6296
    3747      34.4498
    3748      36.6588
    3749      38.0406
    3750      38.4453
    3751      37.8562
    3752      36.4022
    3753      34.2393
    3754      31.7545
    3755      29.1554
    3756      26.7110
    3757      24.8084
    3758      23.8368
    3759      23.9852
    3760      25.0832
    3761      26.7990
    3762      28.8660
    3763      31.0220
    3764      33.1352
    3765      35.1485
    3766      37.0147
    3767      38.6920
    3768      40.3386
    3769      41.8795
    3770      43.1929
    3771      44.1121
    3772      44.4930
    3773      44.2870
    3774      43.5960
    3775      42.5512
    3776      41.1946
    3777      39.3906
    3778      37.3094
    3779      35.2228
    3780      33.4421
    3781      32.1548
    3782      31.4464
    3783      31.3880
    3784      31.8545
    3785      32.6029
    3786      33.4559
    3787      34.2799
    3788      34.9003
    3789      35.4038
    3790      35.8263
    3791      36.2101
    3792      36.5324
    3793      36.6781
    3794      36.6133
    3795      36.3009
    3796      35.7018
    3797      34.7632
    3798      33.4671
    3799      31.8417
    3800      30.0391
    3801      28.2815
    3802      26.6423
    3803      25.4755
    3804      25.0433
    3805      25.3967
    3806      26.5747
    3807      28.2954
    3808      30.4090
    3809      32.7636
    3810      35.0925
    3811      37.1325
    3812      38.4898
    3813      39.1553
    3814      39.1782
    3815      38.4652
    3816      37.2340
    3817      35.7483
    3818      34.1723
    3819      32.6885
    3820      31.3240
    3821      30.2008
    3822      29.2783
    3823      28.4991
    3824      27.7365
    3825      27.0327
    3826      26.3673
    3827      25.8211
    3828      25.3976
    3829      25.2352
    3830      25.2923
    3831      25.5095
    3832      25.6203
    3833      25.5588
    3834      25.3599
    3835      24.9874
    3836      24.5806
    3837      24.2104
    3838      23.9649
    3839      23.7954
    3840      23.7263
    3841      23.8404
    3842      24.1864
    3843      24.6854
    3844      25.3017
    3845      26.0009
    3846      26.7274
    3847      27.3040
    3848      27.6177
    3849      27.8059
    3850      27.8270
    3851      27.7213
    3852      27.5793
    3853      27.5553
    3854      27.6955
    3855      28.1760
    3856      29.1139
    3857      30.3960
    3858      31.8939
    3859      33.4391
    3860      34.8349
    3861      35.6945
    3862      35.7512
    3863      35.1629
    3864      33.9852
    3865      32.2698
    3866      30.5235
    3867      28.9655
    3868      27.8097
    3869      27.2226
    3870      27.5322
    3871      29.0025
    3872      31.5018
    3873      34.7425
    3874      38.2869
    3875      41.8195
    3876      44.9534
    3877      47.4658
    3878      49.3408
    3879      50.5361
    3880      51.1397
    3881      50.9665
    3882      49.9813
    3883      48.4563
    3884      46.6697
    3885      44.8213
    3886      43.1934
    3887      41.8985
    3888      40.9900
    3889      40.6907
    3890      41.2379
    3891      42.6799
    3892      44.9649
    3893      47.7457
    3894      50.7929
    3895      53.7794
    3896      56.4966
    3897      58.6624
    3898      59.8780
    3899      60.0290
    3900      59.1608
    3901      57.4361
    3902      54.9553
    3903      51.8985
    3904      48.5787
    3905      45.2545
    3906      42.3543
    3907      40.3842
    3908      39.6221
    3909      39.9873
    3910      41.2482
    3911      43.0747
    3912      45.0775
    3913      46.9904
    3914      48.5794
    3915      49.8786
    3916      50.8568
    3917      51.6473
    3918      52.2821
    3919      52.7063
    3920      52.8241
    3921      52.6144
    3922      51.9967
    3923      50.8903
    3924      49.2684
    3925      47.1521
    3926      44.5239
    3927      41.4847
    3928      38.1608
    3929      34.9758
    3930      32.2958
    3931      30.4233
    3932      29.7265
    3933      30.3670
    3934      32.1954
    3935      34.7815
    3936      37.8021
    3937      40.7988
    3938      43.4192
    3939      45.4601
    3940      46.9985
    3941      47.9414
    3942      48.2245
    3943      47.7019
    3944      46.4829
    3945      44.5495
    3946      41.9102
    3947      38.8160
    3948      35.4860
    3949      32.1830
    3950      29.0398
    3951      26.2506
    3952      24.1015
    3953      22.8650
    3954      22.7304
    3955      23.7695
    3956      25.9019
    3957      28.8128
    3958      32.1263
    3959      35.3595
    3960      38.0703
    3961      39.9439
    3962      40.7625
    3963      40.5793
    3964      39.3998
    3965      37.3502
    3966      34.5695
    3967      31.1927
    3968      27.7891
    3969      24.7892
    3970      22.5715
    3971      21.2350
    3972      20.7828
    3973      21.1125
    3974      22.1293
    3975      23.5497
    3976      24.8952
    3977      25.9075
    3978      26.6331
    3979      27.2369
    3980      27.7025
    3981      28.0196
    3982      28.1220
    3983      27.9960
    3984      27.7243
    3985      27.2546
    3986      26.8035
    3987      26.3220
    3988      25.9779
    3989      25.9419
    3990      26.2737
    3991      27.1576
    3992      28.5937
    3993      30.6817
    3994      33.1548
    3995      35.6875
    3996      37.8836
    3997      39.6498
    3998      40.9021
    3999      41.6389
    4000      41.8813
    4001      41.6785
    4002      40.9977
    4003      39.9507
    4004      38.7197
    4005      37.5296
    4006      36.6136
    4007      35.9951
    4008      35.3992
    4009      34.8586
    4010      34.2643
    4011      33.5206
    4012      32.9616
    4013      32.6795
    4014      32.8414
    4015      33.4299
    4016      34.3309
    4017      35.3235
    4018      36.3545
    4019      37.2965
    4020      38.1300
    4021      38.9142
    4022      39.5754
    4023      40.2353
    4024      40.8140
    4025      41.2886
    4026      41.5640
    4027      41.6503
    4028      41.4082
    4029      40.7830
    4030      39.8108
    4031      38.4558
    4032      36.8009
    4033      35.0514
    4034      33.3639
    4035      31.8736
    4036      30.6788
    4037      29.7790
    4038      29.0607
    4039      28.5282
    4040      28.2140
    4041      28.2173
    4042      28.7260
    4043      29.8942
    4044      31.6910
    4045      33.9191
    4046      36.2984
    4047      38.5344
    4048      40.3786
    4049      41.5814
    4050      42.2062
    4051      42.4996
    4052      42.4321
    4053      42.2394
    4054      42.1867
    4055      42.4008
    4056      42.7083
    4057      42.7633
    4058      42.6077
    4059      41.9405
    4060      40.8333
    4061      39.2757
    4062      37.4780
    4063      35.6522
    4064      33.9062
    4065      32.4230
    4066      31.3523
    4067      30.7460
    4068      30.4267
    4069      30.3490
    4070      30.4715
    4071      30.6721
    4072      30.8981
    4073      31.1175
    4074      31.1737
    4075      31.1621
    4076      31.1957
    4077      31.1722
    4078      31.0099
    4079      30.6377
    4080      30.0613
    4081      29.2791
    4082      28.2953
    4083      27.1859
    4084      26.1845
    4085      25.4586
    4086      25.0732
    4087      25.0564
    4088      25.4354
    4089      26.0539
    4090      26.5974
    4091      27.0633
    4092      27.3352
    4093      27.2612
    4094      26.7029
    4095      25.7098
    4096      24.1726
    4097      22.1571
    4098      19.9444
    4099      17.6300
    4100      15.5781
    4101      14.1473
    4102      13.5736
    4103      14.0175
    4104      15.5694
    4105      18.0697
    4106      21.2482
    4107      24.7192
    4108      28.0752
    4109      30.8958
    4110      32.9751
    4111      34.0404
    4112      33.9743
    4113      33.0429
    4114      31.3740
    4115      29.2598
    4116      26.9849
    4117      24.6480
    4118      22.3801
    4119      20.2288
    4120      18.2635
    4121      16.6715
    4122      15.7676
    4123      15.8634
    4124      17.0166
    4125      19.3041
    4126      22.3363
    4127      25.7754
    4128      29.1352
    4129      32.2330
    4130      34.8557
    4131      36.6754
    4132      37.4428
    4133      37.2019
    4134      35.9251
    4135      33.8120
    4136      31.3761
    4137      29.1096
    4138      27.3106
    4139      26.1346
    4140      25.5871
    4141      25.4797
    4142      25.7032
    4143      26.0568
    4144      26.6431
    4145      27.5441
    4146      28.9652
    4147      30.8248
    4148      32.8727
    4149      34.7330
    4150      36.3819
    4151      37.8141
    4152      39.1496
    4153      40.2793
    4154      41.0874
    4155      41.3503
    4156      40.8719
    4157      39.6474
    4158      37.8561
    4159      35.6516
    4160      33.0903
    4161      30.5057
    4162      28.1436
    4163      26.1970
    4164      24.8235
    4165      24.2187
    4166      24.4273
    4167      25.4394
    4168      27.1426
    4169      29.2264
    4170      31.4329
    4171      33.5767
    4172      35.4604
    4173      37.0510
    4174      38.3435
    4175      39.3252
    4176      39.9336
    4177      40.0411
    4178      39.5866
    4179      38.7356
    4180      37.6075
    4181      36.2245
    4182      34.6751
    4183      33.2155
    4184      31.9783
    4185      31.0823
    4186      30.6748
    4187      31.0005
    4188      32.0221
    4189      33.5624
    4190      35.3328
    4191      37.0352
    4192      38.4974
    4193      39.5898
    4194      40.1031
    4195      39.9837
    4196      39.2976
    4197      38.3045
    4198      37.2006
    4199      36.0584
    4200      34.9147
    4201      34.0777
    4202      33.6468
    4203      33.7877
    4204      34.3516
    4205      35.1749
    4206      36.2200
    4207      37.3103
    4208      38.2801
    4209      38.8299
    4210      38.9482
    4211      38.6034
    4212      37.8408
    4213      36.7239
    4214      35.2844
    4215      33.7706
    4216      32.4981
    4217      31.7054
    4218      31.4570
    4219      31.7015
    4220      32.2554
    4221      32.9771
    4222      33.9085
    4223      34.9211
    4224      35.9943
    4225      37.1196
    4226      38.2230
    4227      39.3746
    4228      40.4428
    4229      41.4017
    4230      42.2054
    4231      42.6994
    4232      42.8884
    4233      42.6846
    4234      42.0801
    4235      41.1767
    4236      40.1643
    4237      39.1548
    4238      38.2934
    4239      37.7188
    4240      37.4356
    4241      37.3759
    4242      37.5058
    4243      37.6096
    4244      37.5835
    4245      37.3621
    4246      36.8586
    4247      36.1574
    4248      35.4051
    4249      34.8287
    4250      34.5960
    4251      34.8276
    4252      35.6193
    4253      36.8862
    4254      38.7807
    4255      41.1271
    4256      43.4514
    4257      45.2916
    4258      46.4975
    4259      46.9013
    4260      46.3214
    4261      45.0292
    4262      43.1210
    4263      40.4970
    4264      37.3629
    4265      34.0387
    4266      30.7282
    4267      27.6877
    4268      25.1954
    4269      23.4241
    4270      22.5540
    4271      22.5878
    4272      23.2363
    4273      24.3314
    4274      25.6796
    4275      27.2865
    4276      29.0809
    4277      30.9388
    4278      32.9298
    4279      34.9063
    4280      36.7458
    4281      38.3394
    4282      39.6579
    4283      40.5256
    4284      40.8548
    4285      40.6828
    4286      39.9878
    4287      38.9587
    4288      37.8418
    4289      36.7941
    4290      36.1163
    4291      35.9621
    4292      36.2665
    4293      36.8645
    4294      37.7714
    4295      38.7373
    4296      39.6420
    4297      40.4894
    4298      41.3713
    4299      42.4568
    4300      43.7076
    4301      45.0791
    4302      46.5464
    4303      47.9734
    4304      49.1991
    4305      50.0950
    4306      50.6716
    4307      50.6295
    4308      49.9023
    4309      48.4959
    4310      46.7068
    4311      44.6485
    4312      42.6961
    4313      41.1566
    4314      40.1033
    4315      39.8784
    4316      40.3867
    4317      41.7235
    4318      43.4911
    4319      45.2781
    4320      46.8652
    4321      48.1224
    4322      48.9808
    4323      49.3441
    4324      49.2484
    4325      48.4302
    4326      47.0308
    4327      45.0235
    4328      42.6270
    4329      40.0554
    4330      37.4323
    4331      35.0494
    4332      33.2711
    4333      32.2359
    4334      31.9862
    4335      32.3809
    4336      33.3897
    4337      34.9039
    4338      36.7776
    4339      38.9025
    4340      40.8329
    4341      42.3043
    4342      42.9396
    4343      42.5883
    4344      41.1961
    4345      39.1505
    4346      36.4568
    4347      33.3392
    4348      30.0692
    4349      26.7352
    4350      23.7631
    4351      21.3473
    4352      19.6907
    4353      19.2663
    4354      20.1259
    4355      22.0436
    4356      24.6387
    4357      27.6819
    4358      30.8502
    4359      33.9872
    4360      36.9449
    4361      39.5918
    4362      41.7931
    4363      43.3655
    4364      44.2042
    4365      44.2673
    4366      43.5191
    4367      41.9132
    4368      39.6507
    4369      37.1024
    4370      34.3978
    4371      31.6089
    4372      28.9725
    4373      26.7738
    4374      25.3742
    4375      25.0179
    4376      25.6423
    4377      27.1840
    4378      29.4832
    4379      32.4534
    4380      35.6944
    4381      39.0117
    4382      42.1630
    4383      45.1309
    4384      47.5994
    4385      49.3185
    4386      50.1353
    4387      49.9941
    4388      48.9075
    4389      46.9705
    4390      44.2545
    4391      40.8568
    4392      36.9363
    4393      32.7918
    4394      28.8644
    4395      25.6196
    4396      23.5233
    4397      22.5302
    4398      22.5653
    4399      23.5522
    4400      25.2080
    4401      27.4554
    4402      30.2594
    4403      33.2745
    4404      36.2755
    4405      39.0796
    4406      41.4107
    4407      43.0871
    4408      44.0948
    4409      44.3015
    4410      43.8070
    4411      42.7421
    4412      41.2394
    4413      39.5181
    4414      37.9213
    4415      36.5272
    4416      35.6009
    4417      35.4784
    4418      36.1668
    4419      37.3839
    4420      39.0602
    4421      40.9605
    4422      42.9672
    4423      44.8773
    4424      46.6106
    4425      47.9766
    4426      48.8948
    4427      49.2768
    4428      49.2705
    4429      48.8125
    4430      48.0154
    4431      46.8832
    4432      45.7183
    4433      44.6847
    4434      43.8978
    4435      43.4008
    4436      43.2528
    4437      43.5277
    4438      44.2172
    4439      44.9688
    4440      45.5571
    4441      45.9386
    4442      45.9830
    4443      45.6687
    4444      45.2869
    4445      44.8274
    4446      44.2931
    4447      43.7644
    4448      43.2870
    4449      42.9111
    4450      42.6973
    4451      42.6869
    4452      42.9490
    4453      43.5796
    4454      44.4623
    4455      45.4168
    4456      46.5872
    4457      47.8430
    4458      48.8610
    4459      49.5211
    4460      49.8443
    4461      49.7661
    4462      49.1972
    4463      48.1126
    4464      46.8110
    4465      45.3200
    4466      43.7153
    4467      42.1020
    4468      40.6036
    4469      39.2553
    4470      38.2281
    4471      37.3506
    4472      36.7157
    4473      36.3371
    4474      36.1601
    4475      36.3141
    4476      36.8333
    4477      37.7165
    4478      38.7713
    4479      39.8751
    4480      40.8597
    4481      41.3923
    4482      41.4928
    4483      41.1020
    4484      40.2241
    4485      39.0076
    4486      37.4727
    4487      35.7419
    4488      33.8561
    4489      31.9238
    4490      29.8982
    4491      27.8599
    4492      25.9146
    4493      24.1807
    4494      22.8456
    4495      21.9707
    4496      21.6433
    4497      21.8025
    4498      22.5485
    4499      23.9837
    4500      26.2316
    4501      29.1254
    4502      32.4012
    4503      35.5510
    4504      38.2107
    4505      40.1671
    4506      41.1745
    4507      41.2936
    4508      40.6898
    4509      39.5115
    4510      37.8156
    4511      35.7391
    4512      33.4849
    4513      31.3453
    4514      29.4052
    4515      27.7793
    4516      26.5170
    4517      25.6223
    4518      25.0860
    4519      24.9417
    4520      25.2029
    4521      25.8778
    4522      26.8496
    4523      28.0380
    4524      29.2122
    4525      30.0217
    4526      30.3827
    4527      30.1711
    4528      29.4655
    4529      28.4233
    4530      27.0494
    4531      25.5949
    4532      24.4646
    4533      23.8623
    4534      23.8625
    4535      24.6484
    4536      26.1337
    4537      28.0993
    4538      30.4092
    4539      32.6552
    4540      34.5350
    4541      36.0570
    4542      37.2561
    4543      38.0469
    4544      38.5692
    4545      38.8737
    4546      38.9031
    4547      38.7345
    4548      38.4795
    4549      38.2418
    4550      37.8897
    4551      37.3151
    4552      36.5458
    4553      35.6162
    4554      34.4333
    4555      32.9672
    4556      31.3334
    4557      29.7588
    4558      28.4081
    4559      27.2899
    4560      26.5254
    4561      26.3795
    4562      26.9456
    4563      28.1544
    4564      29.7979
    4565      31.6046
    4566      33.4703
    4567      35.2005
    4568      36.6725
    4569      37.7197
    4570      38.2879
    4571      38.3900
    4572      37.9859
    4573      37.1475
    4574      35.8249
    4575      34.1913
    4576      32.2756
    4577      30.2028
    4578      27.9617
    4579      25.8203
    4580      23.9550
    4581      22.5904
    4582      21.9634
    4583      22.2823
    4584      23.5824
    4585      25.6921
    4586      28.2024
    4587      30.8500
    4588      33.2781
    4589      35.2417
    4590      36.6197
    4591      37.3700
    4592      37.5527
    4593      37.1801
    4594      36.5137
    4595      35.4697
    4596      34.1244
    4597      32.6594
    4598      31.1603
    4599      29.9180
    4600      28.8857
    4601      28.2342
    4602      27.9346
    4603      27.9032
    4604      28.0905
    4605      28.5697
    4606      29.3980
    4607      30.3767
    4608      31.4699
    4609      32.6070
    4610      33.7777
    4611      34.8108
    4612      35.5664
    4613      35.9762
    4614      36.0857
    4615      35.7320
    4616      34.8462
    4617      33.3534
    4618      31.3575
    4619      29.1167
    4620      26.7442
    4621      24.3562
    4622      22.1964
    4623      20.4398
    4624      19.1749
    4625      18.4808
    4626      18.3696
    4627      18.7488
    4628      19.5093
    4629      20.6521
    4630      22.1664
    4631      24.1111
    4632      26.3509
    4633      28.9705
    4634      31.5951
    4635      33.9403
    4636      35.6612
    4637      36.4375
    4638      36.1608
    4639      34.8188
    4640      32.5255
    4641      29.3951
    4642      25.7908
    4643      22.1543
    4644      19.1651
    4645      17.3275
    4646      16.9419
    4647      18.0295
    4648      20.2308
    4649      22.9684
    4650      25.8710
    4651      28.5950
    4652      30.8325
    4653      32.5776
    4654      33.8700
    4655      34.5624
    4656      34.6735
    4657      34.5357
    4658      33.9899
    4659      32.9897
    4660      31.6127
    4661      30.0357
    4662      28.3685
    4663      26.9166
    4664      25.8566
    4665      25.2017
    4666      24.8597
    4667      24.9566
    4668      25.4633
    4669      26.3527
    4670      27.5697
    4671      28.7600
    4672      29.9425
    4673      30.9756
    4674      31.8189
    4675      32.2153
    4676      32.1056
    4677      31.4732
    4678      30.4742
    4679      29.2075
    4680      27.8764
    4681      26.5887
    4682      25.5431
    4683      24.9233
    4684      24.7845
    4685      25.1450
    4686      26.0852
    4687      27.5409
    4688      29.4209
    4689      31.6062
    4690      33.7715
    4691      35.6830
    4692      37.3918
    4693      38.7019
    4694      39.5263
    4695      39.9346
    4696      39.8886
    4697      39.3726
    4698      38.5102
    4699      37.2973
    4700      35.7586
    4701      33.8996
    4702      31.8928
    4703      29.8924
    4704      28.1186
    4705      26.6647
    4706      25.6728
    4707      25.2458
    4708      25.4068
    4709      26.1457
    4710      27.3528
    4711      28.8553
    4712      30.5618
    4713      32.1608
    4714      33.5177
    4715      34.6512
    4716      35.4358
    4717      35.8218
    4718      35.9307
    4719      35.7579
    4720      35.2507
    4721      34.4341
    4722      33.1548
    4723      31.6249
    4724      29.8048
    4725      27.8695
    4726      25.9970
    4727      24.5334
    4728      23.6723
    4729      23.3889
    4730      23.6893
    4731      24.5085
    4732      25.8838
    4733      27.6738
    4734      29.6110
    4735      31.4089
    4736      33.0957
    4737      34.5216
    4738      35.5978
    4739      36.2579
    4740      36.3985
    4741      36.0760
    4742      35.4391
    4743      34.5102
    4744      33.4029
    4745      32.3008
    4746      31.2500
    4747      30.4169
    4748      29.8820
    4749      29.7295
    4750      29.9798
    4751      30.4221
    4752      31.0107
    4753      31.6440
    4754      32.2694
    4755      32.6701
    4756      32.9026
    4757      32.9466
    4758      32.8808
    4759      32.6310
    4760      32.2670
    4761      31.7500
    4762      31.0208
    4763      30.0859
    4764      29.0510
    4765      27.8810
    4766      26.5874
    4767      25.2392
    4768      23.8861
    4769      22.8326
    4770      22.2436
    4771      22.1209
    4772      22.5973
    4773      23.6197
    4774      25.1001
    4775      26.7558
    4776      28.4084
    4777      29.7970
    4778      30.8167
    4779      31.3726
    4780      31.5336
    4781      31.2399
    4782      30.5556
    4783      29.6156
    4784      28.3909
    4785      26.9837
    4786      25.6907
    4787      24.7286
    4788      24.0326
    4789      23.6558
    4790      23.7684
    4791      24.3233
    4792      25.2491
    4793      26.5386
    4794      27.8567
    4795      29.0488
    4796      30.0374
    4797      30.7440
    4798      31.3601
    4799      32.0479
    4800      32.7898
    4801      33.5182
    4802      34.1477
    4803      34.6516
    4804      35.0601
    4805      35.1179
    4806      34.8711
    4807      34.3700
    4808      33.5991
    4809      32.6021
    4810      31.5023
    4811      30.5341
    4812      29.7500
    4813      29.3865
    4814      29.4825
    4815      29.8796
    4816      30.4235
    4817      31.0342
    4818      31.6569
    4819      32.2549
    4820      32.7167
    4821      33.0980
    4822      33.5079
    4823      33.8671
    4824      34.1391
    4825      34.1990
    4826      33.9352
    4827      33.2947
    4828      32.3905
    4829      31.4821
    4830      30.7212
    4831      30.2535
    4832      30.0940
    4833      30.3022
    4834      30.9697
    4835      32.0092
    4836      33.3392
    4837      34.8805
    4838      36.4822
    4839      38.0470
    4840      39.3892
    4841      40.3052
    4842      40.9117
    4843      41.1355
    4844      41.1508
    4845      40.8909
    4846      40.3811
    4847      39.6396
    4848      38.6711
    4849      37.4735
    4850      36.0242
    4851      34.5328
    4852      33.0394
    4853      31.5394
    4854      30.0736
    4855      28.6637
    4856      27.2962
    4857      26.1289
    4858      25.1840
    4859      24.5185
    4860      24.2892
    4861      24.3348
    4862      24.5525
    4863      24.8794
    4864      25.2311
    4865      25.5218
    4866      25.6901
    4867      25.7037
    4868      25.7726
    4869      25.9236
    4870      26.2867
    4871      27.0469
    4872      28.2163
    4873      29.8114
    4874      31.6429
    4875      33.5420
    4876      35.4030
    4877      36.9523
    4878      38.0941
    4879      38.9401
    4880      39.5542
    4881      39.9246
    4882      40.4064
    4883      40.9979
    4884      41.6629
    4885      42.2474
    4886      42.7906
    4887      43.1318
    4888      42.8986
    4889      42.1236
    4890      40.7810
    4891      38.7432
    4892      36.2428
    4893      33.6786
    4894      31.1829
    4895      29.1004
    4896      27.8147
    4897      27.3699
    4898      27.6736
    4899      28.6675
    4900      30.1308
    4901      31.8724
    4902      33.5954
    4903      35.2812
    4904      36.6912
    4905      37.8579
    4906      38.8649
    4907      39.6782
    4908      40.4410
    4909      41.0387
    4910      41.1797
    4911      40.6712
    4912      39.3062
    4913      37.0847
    4914      34.4100
    4915      31.6382
    4916      28.9733
    4917      26.6692
    4918      24.9330
    4919      23.7849
    4920      23.0352
    4921      22.7973
    4922      22.9979
    4923      23.7300
    4924      24.7947
    4925      26.1288
    4926      27.5059
    4927      28.7780
    4928      30.0506
    4929      31.3158
    4930      32.4006
    4931      33.1311
    4932      33.6622
    4933      33.8458
    4934      33.5923
    4935      32.8843
    4936      31.8349
    4937      30.7000
    4938      29.7821
    4939      29.1106
    4940      28.7512
    4941      28.7025
    4942      29.0101
    4943      29.6348
    4944      30.5134
    4945      31.5260
    4946      32.7455
    4947      34.0133
    4948      35.2030
    4949      36.1581
    4950      36.9792
    4951      37.5687
    4952      37.7137
    4953      37.5027
    4954      36.6604
    4955      35.3539
    4956      33.4755
    4957      31.0813
    4958      28.3537
    4959      25.5650
    4960      22.7848
    4961      20.3168
    4962      18.2689
    4963      16.7618
    4964      15.9220
    4965      15.8594
    4966      16.6355
    4967      18.4162
    4968      21.0568
    4969      24.4152
    4970      28.0774
    4971      31.6991
    4972      34.8048
    4973      37.0060
    4974      38.0420
    4975      38.1117
    4976      37.2154
    4977      35.4962
    4978      33.1281
    4979      30.2170
    4980      27.0713
    4981      23.7995
    4982      20.7162
    4983      18.0343
    4984      16.1344
    4985      15.0558
    4986      14.7986
    4987      15.2974
    4988      16.3918
    4989      17.9488
    4990      19.9076
    4991      22.0354
    4992      24.1729
    4993      26.1471
    4994      27.8698
    4995      29.1110
    4996      29.7393
    4997      29.7768
    4998      29.4524
    4999      28.8141
    5000      28.1275