    1001      36.3927
    1002      37.0689
    1003      37.6329
    1004      37.8806
    1005      37.7989
    1006      37.1975
    1007      36.2622
    1008      35.0761
    1009      33.7407
    1010      32.3076
    1011      30.9155
    1012      29.6395
    1013      28.4681
    1014      27.5613
    1015      27.0910
    1016      26.9817
    1017      27.0849
    1018      27.3471
    1019      27.9657
    1020      28.8421
    1021      29.9935
    1022      31.3569
    1023      32.7910
    1024      34.2438
    1025      35.5278
    1026      36.5307
    1027      37.2083
    1028      37.5206
    1029      37.4713
    1030      36.9769
    1031      36.0000
    1032      34.4761
    1033      32.5935
    1034      30.6726
    1035      28.9372
    1036      27.4719
    1037      26.3906
    1038      25.7889
    1039      25.7214
    1040      26.1871
    1041      27.1783
    1042      28.5720
    1043      30.2680
    1044      32.0695
    1045      33.6761
    1046      34.9771
    1047      35.6809
    1048      35.4790
    1049      34.4742
    1050      32.8409
    1051      30.8664
    1052      28.6307
    1053      26.5430
    1054      24.8010
    1055      23.2920
    1056      22.0796
    1057      21.1110
    1058      20.4786
    1059      20.4644
    1060      20.9485
    1061      21.9572
    1062      23.5675
    1063      25.7958
    1064      28.2759
    1065      30.6321
    1066      32.8089
    1067      34.6973
    1068      36.2098
    1069      37.2858
    1070      37.8451
    1071      38.0700
    1072      37.9846
    1073      37.7526
    1074      37.5483
    1075      37.4362
    1076      37.3317
    1077      37.1489
    1078      36.8282
    1079      36.5373
    1080      36.2792
    1081      35.9682
    1082      35.5420
    1083      35.1138
    1084      34.6476
    1085      34.1774
    1086      33.8144
    1087      33.6520
    1088      33.7097
    1089      34.1568
    1090      35.0624
    1091      36.4757
    1092      38.0686
    1093      39.7128
    1094      41.1427
    1095      42.2204
    1096      42.8046
    1097      42.9626
    1098      42.8540
    1099      42.6358
    1100      42.4206
    1101      42.2823
    1102      42.3523
    1103      42.5126
    1104      42.7862
    1105      42.7995
    1106      42.6046
    1107      42.1262
    1108      41.3718
    1109      40.4422
    1110      39.4264
    1111      38.5471
    1112      38.1076
    1113      38.1814
    1114      38.8750
    1115      40.1546
    1116      41.8908
    1117      43.8266
    1118      45.7803
    1119      47.6561
    1120      49.2611
    1121      50.5328
    1122      51.2075
    1123      51.4729
    1124      51.4831
    1125      51.3228
    1126      50.9145
    1127      50.1510
    1128      49.0852
    1129      47.5403
    1130      45.3883
    1131      42.7793
    1132      39.9206
    1133      37.3049
    1134      35.2384
    1135      34.1894
    1136      34.2531
    1137      35.3637
    1138      37.3080
    1139      39.6184
    1140      42.1364
    1141      44.7448
    1142      47.2775
    1143      49.5497
    1144      51.1920
    1145      52.3217
    1146      52.8723
    1147      52.8577
    1148      52.2706
    1149      51.0156
    1150      49.1152
    1151      46.5360
    1152      43.4489
    1153      40.0758
    1154      36.7455
    1155      33.8115
    1156      31.5538
    1157      30.2388
    1158      29.9488
    1159      30.5042
    1160      31.8660
    1161      33.6418
    1162      35.4724
    1163      37.0312
    1164      38.2962
    1165      39.2052
    1166      39.7528
    1167      40.2026
    1168      40.5656
    1169      40.9246
    1170      41.1659
    1171      41.5341
    1172      41.8181
    1173      42.0923
    1174      42.4420
    1175      42.9133
    1176      43.2086
    1177      43.3220
    1178      43.3028
    1179      43.3190
    1180      43.5369
    1181      43.9320
    1182      44.5584
    1183      45.5506
    1184      46.8213
    1185      48.2217
    1186      49.7268
    1187      51.1515
    1188      52.4375
    1189      53.5429
    1190      54.4013
    1191      54.9590
    1192      55.2494
    1193      55.2100
    1194      54.9408
    1195      54.4234
    1196      53.6152
    1197      52.5093
    1198      51.1105
    1199      49.4200
    1200      47.4732
    1201      45.4545
    1202      43.7331
    1203      42.5004
    1204      41.8671
    1205      42.0377
    1206      42.9373
    1207      44.2529
    1208      45.8234
    1209      47.4278
    1210      48.8399
    1211      49.9116
    1212      50.3901
    1213      50.2242
    1214      49.4540
    1215      48.3918
    1216      47.2156
    1217      45.9515
    1218      44.8756
    1219      44.1466
    1220      43.8173
    1221      43.7061
    1222      43.8250
    1223      43.9758
    1224      44.1174
    1225      44.2967
    1226      44.6466
    1227      45.2206
    1228      46.1112
    1229      47.0783
    1230      48.0880
    1231      48.9201
    1232      49.2812
    1233      49.1281
    1234      48.4987
    1235      47.3196
    1236      45.6716
    1237      43.6874
    1238      41.6705
    1239      39.8362
    1240      38.3844
    1241      37.4106
    1242      36.9499
    1243      36.8031
    1244      36.9762
    1245      37.3464
    1246      37.7452
    1247      38.0410
    1248      38.1492
    1249      38.1954
    1250      38.2548
    1251      38.4693
    1252      38.6606
    1253      38.9935
    1254      39.3969
    1255      39.7948
    1256      40.0577
    1257      40.0007
    1258      39.5239
    1259      38.5454
    1260      37.0032
    1261      34.9997
    1262      32.8482
    1263      30.7530
    1264      28.8507
    1265      27.2838
    1266      26.1503
    1267      25.7094
    1268      26.0253
    1269      27.0348
    1270      28.6678
    1271      30.9283
    1272      33.7176
    1273      36.6000
    1274      39.2345
    1275      41.5314
    1276      43.3743
    1277      44.4801
    1278      44.7897
    1279      44.3082
    1280      43.0991
    1281      41.3456
    1282      39.2198
    1283      36.7669
    1284      34.2975
    1285      32.1700
    1286      30.5365
    1287      29.6383
    1288      29.4810
    1289      30.1445
    1290      31.6066
    1291      33.6472
    1292      36.1511
    1293      38.8511
    1294      41.4860
    1295      43.8070
    1296      45.5534
    1297      46.6791
    1298      47.0111
    1299      46.5720
    1300      45.4838
    1301      43.9974
    1302      42.3261
    1303      40.7544
    1304      39.3712
    1305      38.1130
    1306      37.0382
    1307      36.2217
    1308      35.8023
    1309      35.7278
    1310      36.0853
    1311      36.8891
    1312      38.0747
    1313      39.5809
    1314      41.1240
    1315      42.6875
    1316      44.1079
    1317      45.3151
    1318      46.2462
    1319      46.7909
    1320      46.8980
    1321      46.7271
    1322      46.4330
    1323      45.9915
    1324      45.6511
    1325      45.3903
    1326      45.1116
    1327      44.7769
    1328      44.2478
    1329      43.7266
    1330      43.3712
    1331      43.3596
    1332      43.8764
    1333      44.8366
    1334      46.1177
    1335      47.6427
    1336      49.1378
    1337      50.3072
    1338      50.9612
    1339      51.0948
    1340      50.5428
    1341      49.4218
    1342      47.9401
    1343      46.0290
    1344      43.7979
    1345      41.5617
    1346      39.3994
    1347      37.3622
    1348      35.6548
    1349      34.6826
    1350      34.3857
    1351      34.7724
    1352      35.8216
    1353      37.4330
    1354      39.5373
    1355      41.9910
    1356      44.6055
    1357      47.2964
    1358      49.8163
    1359      51.8175
    1360      53.1785
    1361      53.7417
    1362      53.5958
    1363      52.8286
    1364      51.3736
    1365      49.4155
    1366      47.1646
    1367      44.7477
    1368      42.3452
    1369      40.3519
    1370      39.0628
    1371      38.4540
    1372      38.4784
    1373      39.2296
    1374      40.5772
    1375      42.3148
    1376      44.1688
    1377      45.8335
    1378      47.1566
    1379      47.9348
    1380      48.0618
    1381      47.6159
    1382      46.6338
    1383      45.2115
    1384      43.4723
    1385      41.6471
    1386      39.7959
    1387      37.9309
    1388      36.2154
    1389      34.6940
    1390      33.3874
    1391      32.3776
    1392      31.7648
    1393      31.6471
    1394      32.0695
    1395      32.9331
    1396      34.1530
    1397      35.6018
    1398      37.2203
    1399      38.9136
    1400      40.4911
    1401      41.8143
    1402      42.8246
    1403      43.5298
    1404      43.8673
    1405      43.7449
    1406      43.1675
    1407      42.0657
    1408      40.6309
    1409      38.9477
    1410      37.0952
    1411      35.2557
    1412      33.4763
    1413      31.6992
    1414      30.1298
    1415      29.1397
    1416      28.8514
    1417      29.3825
    1418      30.7303
    1419      32.7534
    1420      35.0798
    1421      37.4077
    1422      39.5056
    1423      41.2974
    1424      42.8143
    1425      43.9499
    1426      44.7436
    1427      45.3759
    1428      45.8032
    1429      45.8286
    1430      45.4243
    1431      44.4942
    1432      43.3368
    1433      42.1131
    1434      40.9282
    1435      39.9371
    1436      39.1051
    1437      38.5489
    1438      38.2597
    1439      38.2819
    1440      38.4784
    1441      38.7236
    1442      38.8815
    1443      38.8330
    1444      38.3650
    1445      37.4074
    1446      36.1276
    1447      34.6472
    1448      33.0201
    1449      31.5055
    1450      30.3810
    1451      29.6916
    1452      29.5364
    1453      29.8757
    1454      30.5569
    1455      31.4030
    1456      32.0937
    1457      32.5455
    1458      32.6473
    1459      32.3088
    1460      31.5928
    1461      30.4136
    1462      28.9541
    1463      27.4743
    1464      26.0060
    1465      24.9658
    1466      24.3807
    1467      24.2905
    1468      24.7516
    1469      25.5993
    1470      26.7364
    1471      28.1462
    1472      29.6693
    1473      31.1130
    1474      32.5377
    1475      33.9076
    1476      35.1715
    1477      36.3100
    1478      37.2625
    1479      38.0094
    1480      38.4628
    1481      38.4745
    1482      38.0231
    1483      37.0068
    1484      35.4175
    1485      33.3653
    1486      31.1590
    1487      29.0890
    1488      27.4645
    1489      26.6746
    1490      26.6953
    1491      27.3764
    1492      28.6008
    1493      29.9513
    1494      31.1414
    1495      31.9894
    1496      32.5060
    1497      32.7020
    1498      32.7260
    1499      32.9341
    1500      33.5109
    1501      34.5086
    1502      35.8257
    1503      37.5290
    1504      39.3425
    1505      41.0921
    1506      42.4857
    1507      43.3648
    1508      43.5390
    1509      43.0111
    1510      41.8705
    1511      40.2522
    1512      38.4451
    1513      36.5382
    1514      34.7926
    1515      33.1837
    1516      31.7669
    1517      30.7034
    1518      30.0364
    1519      29.8874
    1520      30.3154
    1521      31.2551
    1522      32.7001
    1523      34.4591
    1524      36.2633
    1525      37.8392
    1526      38.9737
    1527      39.4128
    1528      39.1753
    1529      38.3318
    1530      36.8791
    1531      34.9015
    1532      32.5250
    1533      29.9975
    1534      27.4929
    1535      25.0768
    1536      23.1184
    1537      21.7485
    1538      21.1343
    1539      21.2286
    1540      21.8710
    1541      23.0641
    1542      24.7212
    1543      26.6855
    1544      28.8071
    1545      30.7725
    1546      32.3419
    1547      33.4358
    1548      34.2360
    1549      34.8505
    1550      35.3951
    1551      36.0420
    1552      37.0628
    1553      38.1874
    1554      39.1780
    1555      39.8859
    1556      40.1875
    1557      39.9481
    1558      39.0155
    1559      37.5868
    1560      35.9157
    1561      34.1707
    1562      32.5522
    1563      31.4127
    1564      30.7898
    1565      30.7695
    1566      31.3063
    1567      32.1775
    1568      33.1745
    1569      34.0720
    1570      34.8156
    1571      35.4184
    1572      35.8561
    1573      36.0428
    1574      36.0682
    1575      35.8681
    1576      35.5765
    1577      35.1182
    1578      34.5340
    1579      33.8806
    1580      33.1737
    1581      32.3679
    1582      31.6000
    1583      30.8502
    1584      30.2340
    1585      29.6866
    1586      29.3819
    1587      29.3480
    1588      29.4710
    1589      29.6460
    1590      29.8587
    1591      30.0799
    1592      30.4301
    1593      30.8119
    1594      30.9687
    1595      30.8449
    1596      30.3216
    1597      29.5222
    1598      28.5227
    1599      27.5876
    1600      26.8727
    1601      26.4844
    1602      26.4828
    1603      27.0012
    1604      27.8584
    1605      28.8344
    1606      29.7339
    1607      30.4268
    1608      30.7912
    1609      30.5436
    1610      29.8228
    1611      28.7746
    1612      27.6864
    1613      26.9944
    1614      26.8579
    1615      27.4868
    1616      28.8371
    1617      30.6178
    1618      32.5455
    1619      34.2663
    1620      35.5851
    1621      36.4038
    1622      36.7937
    1623      36.8576
    1624      36.6621
    1625      36.3262
    1626      35.9351
    1627      35.4038
    1628      34.7266
    1629      33.8173
    1630      32.8178
    1631      31.7018
    1632      30.4682
    1633      29.2390
    1634      28.1382
    1635      27.3455
    1636      26.8473
    1637      26.6759
    1638      26.9160
    1639      27.4109
    1640      27.9265
    1641      28.5239
    1642      29.0964
    1643      29.4256
    1644      29.5577
    1645      29.6171
    1646      29.6989
    1647      29.8553
    1648      30.2494
    1649      31.0176
    1650      32.0172
    1651      33.1470
    1652      34.1136
    1653      34.7461
    1654      35.0449
    1655      34.8963
    1656      34.4297
    1657      33.7504
    1658      32.8581
    1659      31.6416
    1660      30.1974
    1661      28.6318
    1662      27.2671
    1663      26.0637
    1664      25.1636
    1665      24.5973
    1666      24.4971
    1667      24.7594
    1668      25.0406
    1669      25.3741
    1670      25.6681
    1671      25.9549
    1672      26.1007
    1673      26.0504
    1674      25.6497
    1675      25.0084
    1676      24.1440
    1677      23.0092
    1678      21.6769
    1679      20.2158
    1680      18.8063
    1681      17.5172
    1682      16.4781
    1683      15.7379
    1684      15.6667
    1685      16.2227
    1686      17.4055
    1687      19.0447
    1688      20.9989
    1689      23.0341
    1690      24.9916
    1691      26.7366
    1692      28.0376
    1693      28.9030
    1694      29.3493
    1695      29.3964
    1696      29.0700
    1697      28.4070
    1698      27.6310
    1699      26.9180
    1700      26.4042
    1701      26.3260
    1702      26.6309
    1703      27.0654
    1704      27.5975
    1705      28.2475
    1706      28.9599
    1707      29.5666
    1708      30.1441
    1709      30.6935
    1710      31.0725
    1711      31.1334
    1712      30.9614
    1713      30.4152
    1714      29.7014
    1715      29.0907
    1716      28.8044
    1717      28.8631
    1718      29.2771
    1719      29.8558
    1720      30.5200
    1721      31.0308
    1722      31.2041
    1723      31.1072
    1724      30.8130
    1725      30.1757
    1726      29.2589
    1727      28.3098
    1728      27.5977
    1729      27.2418
    1730      27.2245
    1731      27.5316
    1732      27.9214
    1733      28.4599
    1734      29.0281
    1735      29.5334
    1736      29.9574
    1737      30.5545
    1738      31.5191
    1739      33.0449
    1740      34.9099
    1741      36.8220
    1742      38.4652
    1743      39.4457
    1744      39.5133
    1745      38.6090
    1746      36.8772
    1747      34.4479
    1748      31.7093
    1749      29.1431
    1750      27.1866
    1751      26.0068
    1752      25.5856
    1753      25.6325
    1754      25.9626
    1755      26.1888
    1756      26.1358
    1757      25.8265
    1758      25.4116
    1759      25.1882
    1760      25.2155
    1761      25.6802
    1762      26.7540
    1763      28.3768
    1764      30.1210
    1765      31.7173
    1766      33.0084
    1767      33.7272
    1768      33.6222
    1769      32.9560
    1770      31.9747
    1771      30.8190
    1772      29.8076
    1773      29.0921
    1774      28.7140
    1775      28.7501
    1776      29.1652
    1777      29.6554
    1778      30.1779
    1779      30.5531
    1780      30.6963
    1781      30.5457
    1782      30.3455
    1783      30.1329
    1784      29.9179
    1785      29.8251
    1786      29.7350
    1787      29.7219
    1788      29.9273
    1789      30.3554
    1790      30.8304
    1791      31.2658
    1792      31.4204
    1793      31.2924
    1794      30.8767
    1795      30.3081
    1796      29.6683
    1797      29.1054
    1798      28.7134
    1799      28.7061
    1800      29.1549
    1801      30.0061
    1802      31.0047
    1803      32.0628
    1804      33.0876
    1805      33.9314
    1806      34.4287
    1807      34.4138
    1808      34.0158
    1809      33.4765
    1810      32.8585
    1811      32.1192
    1812      31.3153
    1813      30.5454
    1814      29.9063
    1815      29.3131
    1816      28.8454
    1817      28.5307
    1818      28.3359
    1819      28.3832
    1820      28.5828
    1821      28.7748
    1822      28.9432
    1823      29.0514
    1824      29.0488
    1825      29.0144
    1826      28.9339
    1827      28.9048
    1828      28.9852
    1829      29.1820
    1830      29.4719
    1831      29.9062
    1832      30.5102
    1833      31.0617
    1834      31.5338
    1835      31.9124
    1836      32.2268
    1837      32.6930
    1838      33.0997
    1839      33.3902
    1840      33.7643
    1841      34.2170
    1842      34.6878
    1843      35.0462
    1844      35.2529
    1845      35.1227
    1846      34.6959
    1847      34.1121
    1848      33.4724
    1849      32.9652
    1850      32.7840
    1851      32.9537
    1852      33.4158
    1853      34.2260
    1854      35.4850
    1855      36.9773
    1856      38.4918
    1857      39.7875
    1858      40.6329
    1859      40.9181
    1860      40.6699
    1861      40.2424
    1862      39.6444
    1863      38.8753
    1864      37.8077
    1865      36.6006
    1866      35.1979
    1867      33.5594
    1868      31.6919
    1869      29.7207
    1870      27.6345
    1871      25.6462
    1872      23.9382
    1873      22.8354
    1874      22.5362
    1875      23.0455
    1876      24.3559
    1877      26.2585
    1878      28.5384
    1879      30.9493
    1880      33.3228
    1881      35.6056
    1882      37.7700
    1883      39.7218
    1884      41.4882
    1885      42.9843
    1886      44.2164
    1887      45.0258
    1888      45.4163
    1889      45.4185
    1890      44.9946
    1891      44.1949
    1892      43.1394
    1893      41.8930
    1894      40.5587
    1895      39.3001
    1896      38.2211
    1897      37.5647
    1898      37.3550
    1899      37.5422
    1900      37.9449
    1901      38.4770
    1902      38.9742
    1903      39.3708
    1904      39.5088
    1905      39.3929
    1906      38.9767
    1907      38.3223
    1908      37.6260
    1909      36.8127
    1910      35.8991
    1911      35.0023
    1912      34.2210
    1913      33.5778
    1914      33.2082
    1915      33.1820
    1916      33.3694
    1917      33.6075
    1918      33.9147
    1919      34.2860
    1920      34.6149
    1921      34.8790
    1922      35.0458
    1923      35.1666
    1924      35.3237
    1925      35.3819
    1926      35.4253
    1927      35.5851
    1928      35.8929
    1929      36.2692
    1930      36.6481
    1931      37.0394
    1932      37.3955
    1933      37.5218
    1934      37.6042
    1935      37.7661
    1936      37.9381
    1937      38.1045
    1938      38.2869
    1939      38.4611
    1940      38.6398
    1941      38.6115
    1942      38.2992
    1943      37.8035
    1944      37.0895
    1945      36.2045
    1946      35.2276
    1947      34.3510
    1948      33.6668
    1949      33.3313
    1950      33.5533
    1951      34.2168
    1952      35.4481
    1953      36.9474
    1954      38.3958
    1955      39.5115
    1956      40.1244
    1957      40.1759
    1958      39.6497
    1959      38.8136
    1960      37.7901
    1961      36.6994
    1962      35.5940
    1963      34.7675
    1964      34.2808
    1965      34.1115
    1966      34.1479
    1967      34.1647
    1968      34.1214
    1969      34.0259
    1970      33.9455
    1971      34.0116
    1972      34.3119
    1973      34.7518
    1974      35.3595
    1975      36.0110
    1976      36.6315
    1977      36.9762
    1978      37.0893
    1979      36.9569
    1980      36.5366
    1981      35.9532
    1982      35.4232
    1983      35.1157
    1984      35.2746
    1985      35.9552
    1986      37.2019
    1987      38.7377
    1988      40.2623
    1989      41.4977
    1990      42.3116
    1991      42.4492
    1992      41.9088
    1993      40.7355
    1994      39.1011
    1995      37.1877
    1996      35.2210
    1997      33.3890
    1998      31.9028
    1999      30.7998
    2000      30.0511
    2001      29.5661
    2002      29.2230
    2003      29.0218
    2004      28.8460
    2005      28.8526
    2006      29.1469
    2007      29.7457
    2008      30.5361
    2009      31.4576
    2010      32.2910
    2011      32.9366
    2012      33.3700
    2013      33.4628
    2014      33.2840
    2015      32.8879
    2016      32.2640
    2017      31.4664
    2018      30.4735
    2019      29.5418
    2020      28.9402
    2021      28.6664
    2022      28.6664
    2023      28.9558
    2024      29.5431
    2025      30.3772
    2026      31.3594
    2027      32.5378
    2028      33.8591
    2029      35.1675
    2030      36.4599
    2031      37.6229
    2032      38.5061
    2033      39.0810
    2034      39.3531
    2035      39.3040
    2036      39.0279
    2037      38.6798
    2038      38.2252
    2039      37.6799
    2040      37.2642
    2041      36.9051
    2042      36.5347
    2043      36.1727
    2044      35.7921
    2045      35.3787
    2046      34.9931
    2047      34.7719
    2048      34.9085
    2049      35.4178
    2050      36.4616
    2051      37.9214
    2052      39.5381
    2053      40.9352
    2054      41.7559
    2055      41.8045
    2056      40.9400
    2057      39.4260
    2058      37.4770
    2059      35.4638
    2060      33.6276
    2061      32.1622
    2062      31.2273
    2063      30.7213
    2064      30.5588
    2065      30.5367
    2066      30.6558
    2067      30.8971
    2068      31.2789
    2069      32.0006
    2070      33.2686
    2071      35.1803
    2072      37.6434
    2073      40.2905
    2074      42.7017
    2075      44.4694
    2076      45.5980
    2077      46.0630
    2078      45.7860
    2079      44.8930
    2080      43.5550
    2081      42.0174
    2082      40.6490
    2083      39.6477
    2084      39.1228
    2085      38.9498
    2086      38.9874
    2087      39.1379
    2088      39.3209
    2089      39.4244
    2090      39.2606
    2091      38.8865
    2092      38.4462
    2093      38.0577
    2094      37.7067
    2095      37.3131
    2096      36.9405
    2097      36.4816
    2098      35.9918
    2099      35.4905
    2100      35.0881
    2101      34.7473
    2102      34.2871
    2103      33.6881
    2104      32.9990
    2105      32.3066
    2106      31.4707
    2107      30.6578
    2108      30.0421
    2109      29.7333
    2110      29.8795
    2111      30.4268
    2112      31.4293
    2113      32.6936
    2114      34.0660
    2115      35.3746
    2116      36.4498
    2117      37.1277
    2118      37.4681
    2119      37.5486
    2120      37.6488
    2121      37.8031
    2122      38.1000
    2123      38.4252
    2124      38.7815
    2125      39.0690
    2126      39.0363
    2127      38.6635
    2128      38.0857
    2129      37.3050
    2130      36.6247
    2131      36.2857
    2132      36.4715
    2133      37.2694
    2134      38.4701
    2135      39.9128
    2136      41.4302
    2137      42.6518
    2138      43.5164
    2139      43.9173
    2140      44.0069
    2141      43.8673
    2142      43.6220
    2143      43.3580
    2144      43.2915
    2145      43.3661
    2146      43.4477
    2147      43.3697
    2148      43.0046
    2149      42.1337
    2150      40.7044
    2151      38.8374
    2152      36.6708
    2153      34.4845
    2154      32.5514
    2155      30.9506
    2156      29.7560
    2157      29.0744
    2158      28.8102
    2159      28.7775
    2160      28.9609
    2161      29.2784
    2162      29.6316
    2163      30.2526
    2164      31.0418
    2165      32.1338
    2166      33.4491
    2167      34.8965
    2168      36.1688
    2169      37.1314
    2170      37.7760
    2171      37.9985
    2172      37.9224
    2173      37.6076
    2174      37.1178
    2175      36.5669
    2176      36.1402
    2177      35.8347
    2178      35.5464
    2179      35.1710
    2180      34.8708
    2181      34.5331
    2182      34.2249
    2183      34.0816
    2184      33.9408
    2185      33.6572
    2186      33.2718
    2187      32.7311
    2188      31.9308
    2189      30.9219
    2190      29.7473
    2191      28.3700
    2192      27.0498
    2193      26.0106
    2194      25.4497
    2195      25.4720
    2196      26.0476
    2197      27.1630
    2198      28.7131
    2199      30.2287
    2200      31.4187
    2201      32.2038
    2202      32.3263
    2203      31.9599
    2204      31.2867
    2205      30.4569
    2206      29.7589
    2207      29.3678
    2208      29.3299
    2209      29.6266
    2210      30.2282
    2211      30.8743
    2212      31.1977
    2213      31.0543
    2214      30.6053
    2215      30.1491
    2216      29.9032
    2217      30.0986
    2218      30.8176
    2219      32.1649
    2220      34.0052
    2221      36.0500
    2222      38.2006
    2223      40.1316
    2224      41.6249
    2225      42.7576
    2226      43.6109
    2227      44.0170
    2228      44.0217
    2229      43.7947
    2230      43.3814
    2231      42.6813
    2232      41.6815
    2233      40.4140
    2234      38.8784
    2235      37.1370
    2236      35.3754
    2237      33.8076
    2238      32.5730
    2239      31.8633
    2240      31.6167
    2241      31.7682
    2242      32.1235
    2243      32.5717
    2244      32.9768
    2245      33.2599
    2246      33.2962
    2247      33.2090
    2248      33.0067
    2249      32.7345
    2250      32.4952
    2251      32.1078
    2252      31.4386
    2253      30.4251
    2254      29.1492
    2255      27.7668
    2256      26.4155
    2257      25.2377
    2258      24.2124
    2259      23.5190
    2260      22.9990
    2261      22.7443
    2262      22.9873
    2263      23.6997
    2264      24.8562
    2265      26.3764
    2266      28.1571
    2267      30.0875
    2268      32.0215
    2269      33.7870
    2270      35.3783
    2271      36.5800
    2272      37.2628
    2273      37.4640
    2274      37.2359
    2275      36.4514
    2276      35.0901
    2277      33.3848
    2278      31.6446
    2279      30.0767
    2280      28.8089
    2281      27.7823
    2282      27.1587
    2283      26.8591
    2284      26.6259
    2285      26.6353
    2286      26.6745
    2287      26.7616
    2288      26.8364
    2289      26.9425
    2290      27.1019
    2291      27.1664
    2292      27.3145
    2293      27.5295
    2294      27.8912
    2295      28.2710
    2296      28.7419
    2297      29.1893
    2298      29.5690
    2299      29.7822
    2300      29.8622
    2301      29.9257
    2302      30.0375
    2303      30.2219
    2304      30.3691
    2305      30.5767
    2306      30.9643
    2307      31.4203
    2308      31.8167
    2309      32.0608
    2310      32.0851
    2311      31.9503
    2312      31.6860
    2313      31.3840
    2314      31.0034
    2315      30.5123
    2316      30.0498
    2317      29.7702
    2318      29.7596
    2319      30.1180
    2320      30.6806
    2321      31.3384
    2322      32.0285
    2323      32.6909
    2324      33.1927
    2325      33.5931
    2326      33.8009
    2327      33.9540
    2328      33.9952
    2329      34.0752
    2330      34.2803
    2331      34.8131
    2332      35.6060
    2333      36.4805
    2334      37.3663
    2335      38.0889
    2336      38.5269
    2337      38.6287
    2338      38.4776
    2339      38.0230
    2340      37.2221
    2341      36.2207
    2342      35.2530
    2343      34.2960
    2344      33.3789
    2345      32.6108
    2346      31.8528
    2347      31.1264
    2348      30.4977
    2349      30.0329
    2350      29.9235
    2351      30.1425
    2352      30.8047
    2353      31.9782
    2354      33.4388
    2355      34.9086
    2356      36.1281
    2357      36.9457
    2358      37.2105
    2359      36.9475
    2360      36.3330
    2361      35.3150
    2362      34.1411
    2363      33.1000
    2364      32.2036
    2365      31.5637
    2366      31.1475
    2367      30.9604
    2368      30.8951
    2369      30.9333
    2370      30.9703
    2371      31.1663
    2372      31.6422
    2373      32.3265
    2374      33.1978
    2375      34.1110
    2376      34.7640
    2377      35.1038
    2378      35.0863
    2379      34.7076
    2380      33.9016
    2381      32.5912
    2382      31.0576
    2383      29.5507
    2384      28.2091
    2385      27.0395
    2386      26.1377
    2387      25.4439
    2388      24.7885
    2389      24.3811
    2390      24.3945
    2391      25.0423
    2392      26.1992
    2393      27.8812
    2394      29.8908
    2395      31.8263
    2396      33.4516
    2397      34.6922
    2398      35.3769
    2399      35.5536
    2400      35.2410
    2401      34.2693
    2402      32.9237
    2403      31.4089
    2404      29.8529
    2405      28.4577
    2406      27.5278
    2407      27.1257
    2408      27.1210
    2409      27.5699
    2410      28.3141
    2411      29.2219
    2412      30.2778
    2413      31.4529
    2414      32.8108
    2415      34.4302
    2416      36.2629
    2417      38.3559
    2418      40.4619
    2419      42.4449
    2420      43.9475
    2421      44.9175
    2422      45.5822
    2423      46.0314
    2424      46.2101
    2425      46.0916
    2426      45.7958
    2427      45.3769
    2428      44.8490
    2429      44.1182
    2430      43.2554
    2431      42.4084
    2432      41.6578
    2433      41.1912
    2434      41.1652
    2435      41.4754
    2436      42.2241
    2437      43.3465
    2438      44.5751
    2439      45.4806
    2440      45.8859
    2441      45.6984
    2442      45.0468
    2443      44.1123
    2444      43.0664
    2445      42.4050
    2446      42.2220
    2447      42.6335
    2448      43.5133
    2449      44.7751
    2450      46.2209
    2451      47.6485
    2452      48.7905
    2453      49.7500
    2454      50.5688
    2455      51.2689
    2456      52.0489
    2457      53.0510
    2458      54.2552
    2459      55.5292
    2460      56.6690
    2461      57.5373
    2462      58.0539
    2463      58.1492
    2464      57.8884
    2465      57.2589
    2466      56.3710
    2467      55.3188
    2468      54.0965
    2469      52.6743
    2470      50.9729
    2471      49.0003
    2472      46.8881
    2473      44.9192
    2474      43.2683
    2475      42.0870
    2476      41.4841
    2477      41.7291
    2478      42.8000
    2479      44.4476
    2480      46.4051
    2481      48.4042
    2482      50.1321
    2483      51.5967
    2484      52.7501
    2485      53.5935
    2486      54.2332
    2487      54.5475
    2488      54.5073
    2489      53.9703
    2490      52.7558
    2491      50.7997
    2492      48.1809
    2493      45.4126
    2494      42.9648
    2495      41.3189
    2496      40.7738
    2497      41.2293
    2498      42.5952
    2499      44.7440
    2500      47.1587
    2501      49.5557
    2502      51.5666
    2503      52.9809
    2504      53.9328
    2505      54.4168
    2506      54.4311
    2507      54.0236
    2508      53.2472
    2509      52.0525
    2510      50.4120
    2511      48.3570
    2512      45.8430
    2513      42.9207
    2514      39.7882
    2515      36.7625
    2516      34.1593
    2517      32.4167
    2518      31.6440
    2519      31.7589
    2520      32.4195
    2521      33.3618
    2522      34.3001
    2523      34.9518
    2524      35.2968
    2525      35.3671
    2526      35.3098
    2527      35.1746
    2528      35.0757
    2529      35.0430
    2530      35.2455
    2531      35.5317
    2532      35.7574
    2533      35.9174
    2534      35.9267
    2535      35.6735
    2536      35.1028
    2537      34.3367
    2538      33.3106
    2539      32.0733
    2540      30.7866
    2541      29.4674
    2542      28.3000
    2543      27.2661
    2544      26.4456
    2545      25.9192
    2546      25.7085
    2547      25.8308
    2548      26.2013
    2549      26.7359
    2550      27.3330
    2551      27.8156
    2552      28.2065
    2553      28.5121
    2554      28.7677
    2555      28.9470
    2556      29.0879
    2557      29.2948
    2558      29.5835
    2559      29.8354
    2560      29.7764
    2561      29.2533
    2562      28.5102
    2563      27.6683
    2564      26.9208
    2565      26.5674
    2566      26.6900
    2567      27.1542
    2568      28.1446
    2569      29.6524
    2570      31.4465
    2571      33.2812
    2572      35.0131
    2573      36.3140
    2574      36.9036
    2575      36.8726
    2576      36.0357
    2577      34.5881
    2578      32.6073
    2579      30.3949
    2580      28.1669
    2581      26.2253
    2582      24.5985
    2583      23.4554
    2584      22.8581
    2585      22.8418
    2586      23.0786
    2587      23.3163
    2588      23.5262
    2589      23.9491
    2590      24.6004
    2591      25.3316
    2592      26.0405
    2593      26.7832
    2594      27.5151
    2595      28.0799
    2596      28.3973
    2597      28.4625
    2598      28.4267
    2599      28.1588
    2600      27.7735
    2601      27.3870
    2602      27.1729
    2603      27.2114
    2604      27.5963
    2605      28.3166
    2606      29.2164
    2607      30.1274
    2608      30.8997
    2609      31.4863
    2610      31.9203
    2611      32.2530
    2612      32.4675
    2613      32.6009
    2614      32.6723
    2615      32.4166
    2616      31.7154
    2617      30.5007
    2618      28.8680
    2619      27.0411
    2620      25.1751
    2621      23.5697
    2622      22.3363
    2623      21.6446
    2624      21.4069
    2625      21.2428
    2626      21.0443
    2627      20.8199
    2628      20.5187
    2629      20.1538
    2630      19.8106
    2631      19.7306
    2632      20.0138
    2633      20.7063
    2634      21.7281
    2635      22.8352
    2636      23.8691
    2637      24.5992
    2638      24.9100
    2639      25.0340
    2640      25.1819
    2641      25.5577
    2642      26.3752
    2643      27.3142
    2644      28.2887
    2645      29.1798
    2646      29.9876
    2647      30.4882
    2648      30.5625
    2649      30.3176
    2650      29.9152
    2651      29.4785
    2652      29.0490
    2653      28.8023
    2654      28.8588
    2655      28.9978
    2656      28.7409
    2657      28.0265
    2658      26.8967
    2659      25.2097
    2660      23.1551
    2661      20.9375
    2662      18.8177
    2663      17.0293
    2664      15.6754
    2665      14.8241
    2666      14.3060
    2667      13.9981
    2668      13.7697
    2669      13.5326
    2670      13.4168
    2671      13.5479
    2672      14.0667
    2673      15.1235
    2674      16.6767
    2675      18.5826
    2676      20.4759
    2677      22.1737
    2678      23.3691
    2679      23.8752
    2680      23.4503
    2681      22.2721
    2682      20.4985
    2683      18.5223
    2684      16.8438
    2685      15.8018
    2686      15.3789
    2687      15.5765
    2688      16.3056
    2689      17.3290
    2690      18.3914
    2691      19.3557
    2692      20.2683
    2693      21.2706
    2694      22.4889
    2695      23.8697
    2696      25.2361
    2697      26.3774
    2698      27.0203
    2699      27.0568
    2700      26.3312
    2701      24.8049
    2702      22.4754
    2703      19.5847
    2704      16.3918
    2705      13.3133
    2706      10.8659
    2707       9.3327
    2708       8.6529
    2709       8.7079
    2710       9.3306
    2711      10.3244
    2712      11.4628
    2713      12.6224
    2714      13.9855
    2715      15.5688
    2716      17.4521
    2717      19.5322
    2718      21.5788
    2719      23.4719
    2720      25.0266
    2721      26.1071
    2722      26.7291
    2723      26.9605
    2724      26.7793
    2725      26.2236
    2726      25.3919
    2727      24.5740
    2728      23.9800
    2729      23.7248
    2730      23.9884
    2731      24.6663
    2732      25.5905
    2733      26.6061
    2734      27.6527
    2735      28.6615
    2736      29.4884
    2737      30.0646
    2738      30.3400
    2739      30.2611
    2740      29.9408
    2741      29.4123
    2742      28.8900
    2743      28.3889
    2744      27.9443
    2745      27.6804
    2746      27.4728
    2747      27.2274
    2748      26.8765
    2749      26.2602
    2750      25.4564
    2751      24.4810
    2752      23.4102
    2753      22.2617
    2754      21.3236
    2755      20.8298
    2756      20.8876
    2757      21.4644
    2758      22.5513
    2759      23.7846
    2760      24.8895
    2761      25.6835
    2762      26.1743
    2763      26.1850
    2764      25.8861
    2765      25.5374
    2766      25.3100
    2767      25.2188
    2768      25.1757
    2769      25.1754
    2770      25.1760
    2771      25.0644
    2772      24.7459
    2773      24.1173
    2774      23.0692
    2775      21.6875
    2776      20.1303
    2777      18.4643
    2778      16.9873
    2779      15.8755
    2780      15.1916
    2781      14.9667
    2782      15.0401
    2783      15.3535
    2784      15.7171
    2785      16.0463
    2786      16.3890
    2787      16.9259
    2788      17.6005
    2789      18.4653
    2790      19.4905
    2791      20.7587
    2792      22.2900
    2793      23.9606
    2794      25.6667
    2795      27.2564
    2796      28.7650
    2797      30.0895
    2798      31.2089
    2799      32.0850
    2800      32.7271
    2801      32.9340
    2802      32.6547
    2803      31.9850
    2804      30.9181
    2805      29.5941
    2806      28.0796
    2807      26.6110
    2808      25.3884
    2809      24.4544
    2810      23.7951
    2811      23.3640
    2812      23.0855
    2813      22.8971
    2814      22.8097
    2815      22.9533
    2816      23.4669
    2817      24.4352
    2818      25.9008
    2819      27.8214
    2820      30.0933
    2821      32.5573
    2822      34.9159
    2823      36.8662
    2824      38.1977
    2825      38.8884
    2826      38.9112
    2827      38.3943
    2828      37.5320
    2829      36.6594
    2830      35.9957
    2831      35.7472
    2832      35.8990
    2833      36.3444
    2834      36.8107
    2835      37.0620
    2836      36.9824
    2837      36.4930
    2838      35.7684
    2839      34.9611
    2840      34.2448
    2841      33.9808
    2842      34.2977
    2843      35.1814
    2844      36.5694
    2845      38.1998
    2846      39.7781
    2847      41.0121
    2848      41.6966
    2849      41.6342
    2850      40.8004
    2851      39.1125
    2852      36.6452
    2853      33.7250
    2854      30.7435
    2855      28.0946
    2856      26.0606
    2857      24.7557
    2858      24.2899
    2859      24.5377
    2860      25.2399
    2861      26.2740
    2862      27.4822
    2863      28.9858
    2864      30.7502
    2865      32.8135
    2866      35.0435
    2867      37.2510
    2868      39.2280
    2869      40.8204
    2870      42.0248
    2871      42.7047
    2872      42.8429
    2873      42.3290
    2874      41.1466
    2875      39.3790
    2876      37.2254
    2877      34.7447
    2878      32.3266
    2879      30.3606
    2880      29.0751
    2881      28.7132
    2882      29.3905
    2883      31.1867
    2884      33.7306
    2885      36.6870
    2886      39.8398
    2887      42.7227
    2888      45.0394
    2889      46.6943
    2890      47.7436
    2891      48.1655
    2892      47.9971
    2893      47.1486
    2894      45.5334
    2895      43.1988
    2896      40.4178
    2897      37.2915
    2898      34.0043
    2899      30.6978
    2900      27.6089
    2901      24.8898
    2902      22.8186
    2903      21.4835
    2904      21.1099
    2905      21.8041
    2906      23.2409
    2907      25.1909
    2908      27.6126
    2909      30.3440
    2910      33.2077
    2911      36.0066
    2912      38.5014
    2913      40.6451
    2914      42.2100
    2915      43.0975
    2916      43.2940
    2917      42.6476
    2918      41.3614
    2919      39.6891
    2920      37.7611
    2921      35.8670
    2922      34.1723
    2923      32.9275
    2924      32.3171
    2925      32.3540
    2926      32.7556
    2927      33.2170
    2928      33.7372
    2929      34.2203
    2930      34.4974
    2931      34.4299
    2932      34.1383
    2933      33.6150
    2934      33.0293
    2935      32.5387
    2936      32.0021
    2937      31.4005
    2938      30.6325
    2939      29.6433
    2940      28.4849
    2941      27.2129
    2942      26.0289
    2943      25.3234
    2944      25.2211
    2945      25.6906
    2946      26.7152
    2947      28.1362
    2948      29.8314
    2949      31.6297
    2950      33.1654
    2951      34.3168
    2952      35.0284
    2953      35.2779
    2954      35.1353
    2955      34.6004
    2956      33.8134
    2957      32.8959
    2958      31.8976
    2959      30.8643
    2960      29.9185
    2961      29.1076
    2962      28.5658
    2963      28.2766
    2964      28.2872
    2965      28.5929
    2966      29.2093
    2967      29.9956
    2968      31.0118
    2969      32.1915
    2970      33.4964
    2971      34.6489
    2972      35.6543
    2973      36.4610
    2974      36.9255
    2975      36.9323
    2976      36.4830
    2977      35.7001
    2978      34.5964
    2979      33.2861
    2980      32.0229
    2981      31.0772
    2982      30.6033
    2983      30.6949
    2984      31.2187
    2985      32.1025
    2986      33.3456
    2987      34.9124
    2988      36.5809
    2989      38.1551
    2990      39.4731
    2991      40.3773
    2992      40.7024
    2993      40.5256
    2994      39.9553
    2995      39.0443
    2996      38.1060
    2997      37.3187
    2998      36.6850
    2999      36.1071
    3000      35.5426
    3001      34.8669
    3002      34.2920
    3003      33.8994
    3004      33.8262
    3005      34.1844
    3006      34.9726
    3007      36.1788
    3008      37.7328
    3009      39.4211
    3010      40.8531
    3011      41.7831
    3012      42.0947
    3013      41.6368
    3014      40.5139
    3015      38.7936
    3016      36.7631
    3017      34.5893
    3018      32.3958
    3019      30.3734
    3020      28.6044
    3021      27.1894
    3022      26.1385
    3023      25.5694
    3024      25.4295
    3025      25.6135
    3026      26.0526
    3027      26.7379
    3028      27.6231
    3029      28.6431
    3030      29.7773
    3031      30.9101
    3032      31.9193
    3033      32.7465
    3034      33.3565
    3035      33.7170
    3036      33.8190
    3037      33.5606
    3038      32.9345
    3039      31.9893
    3040      30.8127
    3041      29.5148
    3042      28.0778
    3043      26.5001
    3044      25.0181
    3045      23.6965
    3046      22.5358
    3047      21.7396
    3048      21.4379
    3049      21.7203
    3050      22.4438
    3051      23.4353
    3052      24.7651
    3053      26.1202
    3054      27.4332
    3055      28.5580
    3056      29.5593
    3057      30.3132
    3058      30.7446
    3059      30.8458
    3060      30.5304
    3061      29.8094
    3062      28.8910
    3063      27.9742
    3064      27.0878
    3065      26.4096
    3066      25.9788
    3067      25.9095
    3068      26.3215
    3069      27.1104
    3070      28.3222
    3071      29.7429
    3072      31.3516
    3073      33.0195
    3074      34.5950
    3075      36.0017
    3076      37.2467
    3077      38.3237
    3078      39.2882
    3079      39.9769
    3080      40.3725
    3081      40.3425
    3082      39.7910
    3083      38.7658
    3084      37.3578
    3085      35.7674
    3086      34.1982
    3087      32.9245
    3088      31.8482
    3089      31.1994
    3090      31.0133
    3091      31.3512
    3092      32.1897
    3093      33.4311
    3094      34.9592
    3095      36.6155
    3096      38.4233
    3097      40.2105
    3098      41.9106
    3099      43.4854
    3100      44.8631
    3101      45.9357
    3102      46.5523
    3103      46.6282
    3104      46.1632
    3105      45.2309
    3106      44.1177
    3107      42.9106
    3108      41.7329
    3109      40.8254
    3110      40.2111
    3111      39.8614
    3112      39.7739
    3113      39.8321
    3114      39.9947
    3115      40.2316
    3116      40.2971
    3117      40.2240
    3118      40.1508
    3119      39.9304
    3120      39.7020
    3121      39.4976
    3122      39.1129
    3123      38.5022
    3124      37.6855
    3125      36.6037
    3126      35.2834
    3127      33.8479
    3128      32.5136
    3129      31.3886
    3130      30.8984
    3131      31.1946
    3132      32.2816
    3133      34.0837
    3134      36.3837
    3135      38.8796
    3136      41.2983
    3137      43.5496
    3138      45.3362
    3139      46.5650
    3140      47.3366
    3141      47.6714
    3142      47.6273
    3143      47.1280
    3144      46.1295
    3145      44.6906
    3146      42.9325
    3147      41.0721
    3148      39.1951
    3149      37.4006
    3150      35.8832
    3151      34.6743
    3152      33.8878
    3153      33.5363
    3154      33.7781
    3155      34.5694
    3156      35.7836
    3157      37.1972
    3158      38.6926
    3159      40.2021
    3160      41.6730
    3161      43.0105
    3162      44.1278
    3163      44.9803
    3164      45.6851
    3165      46.1988
    3166      46.2892
    3167      45.9625
    3168      45.2693
    3169      44.2923
    3170      43.0791
    3171      41.7043
    3172      40.3575
    3173      39.2346
    3174      38.4630
    3175      38.0677
    3176      38.0807
    3177      38.4977
    3178      39.2974
    3179      40.2709
    3180      41.4511
    3181      42.7480
    3182      44.0363
    3183      45.2836
    3184      46.3234
    3185      46.9156
    3186      46.7731
    3187      46.0002
    3188      44.7356
    3189      42.9370
    3190      40.8208
    3191      38.5666
    3192      36.6670
    3193      35.4541
    3194      35.1285
    3195      35.5783
    3196      36.8320
    3197      38.6068
    3198      40.4974
    3199      42.1722
    3200      43.3855
    3201      44.0287
    3202      44.0853
    3203      43.7076
    3204      42.8927
    3205      41.8599
    3206      40.8732
    3207      39.9570
    3208      39.0812
    3209      38.1750
    3210      37.1529
    3211      36.0189
    3212      34.9595
    3213      34.0416
    3214      33.4498
    3215      33.3613
    3216      33.9543
    3217      35.1586
    3218      36.6921
    3219      38.3836
    3220      40.0122
    3221      41.4734
    3222      42.6031
    3223      43.2475
    3224      43.4188
    3225      43.1170
    3226      42.5255
    3227      41.5441
    3228      40.3531
    3229      39.1389
    3230      38.0060
    3231      36.9195
    3232      35.9167
    3233      34.9605
    3234      34.0669
    3235      33.0485
    3236      31.8889
    3237      30.4917
    3238      28.8391
    3239      27.3204
    3240      26.0756
    3241      25.1756
    3242      24.7990
    3243      24.9829
    3244      25.8278
    3245      27.2565
    3246      29.1213
    3247      31.0610
    3248      32.8520
    3249      34.3008
    3250      35.3634
    3251      35.9881
    3252      36.2269
    3253      36.2009
    3254      36.0654
    3255      35.9222
    3256      35.6727
    3257      35.3645
    3258      34.9773
    3259      34.3455
    3260      33.5115
    3261      32.7184
    3262      31.9955
    3263      31.5184
    3264      31.3625
    3265      31.7478
    3266      32.5412
    3267      33.5504
    3268      34.6251
    3269      35.4437
    3270      35.8115
    3271      35.6658
    3272      35.0244
    3273      33.9525
    3274      32.6632
    3275      31.2929
    3276      30.0903
    3277      29.2307
    3278      28.7709
    3279      28.8605
    3280      29.4341
    3281      30.4866
    3282      31.6658
    3283      32.8842
    3284      33.9723
    3285      34.9855
    3286      35.9122
    3287      36.8901
    3288      37.9738
    3289      39.2319
    3290      40.5664
    3291      41.9054
    3292      43.1762
    3293      44.3083
    3294      45.2705
    3295      46.0835
    3296      46.7427
    3297      47.1882
    3298      47.3777
    3299      47.2517
    3300      46.9598
    3301      46.5914
    3302      46.0986
    3303      45.4485
    3304      44.6326
    3305      43.8616
    3306      43.2286
    3307      42.7049
    3308      42.2283
    3309      41.8672
    3310      41.4476
    3311      40.8337
    3312      40.0775
    3313      39.3319
    3314      38.7542
    3315      38.3543
    3316      38.1403
    3317      38.0282
    3318      38.0018
    3319      37.8822
    3320      37.5342
    3321      36.8961
    3322      35.9394
    3323      34.8087
    3324      33.6934
    3325      32.8200
    3326      32.3433
    3327      32.4532
    3328      33.2312
    3329      34.4781
    3330      35.9063
    3331      37.4027
    3332      38.7246
    3333      39.7513
    3334      40.4289
    3335      40.6752
    3336      40.5404
    3337      40.2268
    3338      39.7563
    3339      39.1568
    3340      38.5527
    3341      38.0495
    3342      37.6573
    3343      37.4208
    3344      37.3629
    3345      37.2443
    3346      37.1247
    3347      37.0875
    3348      37.0123
    3349      36.9331
    3350      36.7885
    3351      36.4291
    3352      35.8289
    3353      34.9660
    3354      33.7856
    3355      32.4760
    3356      31.1045
    3357      29.9295
    3358      29.0275
    3359      28.5794
    3360      28.7229
    3361      29.4463
    3362      30.6327
    3363      32.0204
    3364      33.5632
    3365      35.0641
    3366      36.4567
    3367      37.7207
    3368      38.7913
    3369      39.6014
    3370      40.0903
    3371      40.2492
    3372      40.1215
    3373      39.6261
    3374      38.7482
    3375      37.6261
    3376      36.4877
    3377      35.4295
    3378      34.5188
    3379      33.7717
    3380      33.3716
    3381      33.1909
    3382      33.2324
    3383      33.4109
    3384      33.7772
    3385      34.1644
    3386      34.7667
    3387      35.5893
    3388      36.6361
    3389      37.8815
    3390      39.1356
    3391      40.2820
    3392      41.1250
    3393      41.6480
    3394      41.8005
    3395      41.5529
    3396      41.1097
    3397      40.4533
    3398      39.5347
    3399      38.5272
    3400      37.6666
    3401      37.1745
    3402      37.0631
    3403      37.5004
    3404      38.5021
    3405      39.9137
    3406      41.6562
    3407      43.4572
    3408      44.9999
    3409      46.2655
    3410      47.3827
    3411      48.3382
    3412      49.0499
    3413      49.5475
    3414      49.7767
    3415      49.8538
    3416      49.6980
    3417      49.3186
    3418      48.7563
    3419      47.9510
    3420      46.7866
    3421      45.4153
    3422      43.9552
    3423      42.6334
    3424      41.5415
    3425      40.7554
    3426      40.5113
    3427      40.7794
    3428      41.4564
    3429      42.2758
    3430      42.9661
    3431      43.2569
    3432      42.9511
    3433      42.1641
    3434      40.9133
    3435      39.1313
    3436      37.0989
    3437      35.0291
    3438      33.2175
    3439      31.8674
    3440      31.2158
    3441      31.3095
    3442      32.1365
    3443      33.4455
    3444      35.1554
    3445      36.9614
    3446      38.6045
    3447      39.9324
    3448      40.8574
    3449      41.4391
    3450      41.5232
    3451      41.3364
    3452      41.1812
    3453      41.1895
    3454      41.3841
    3455      41.6691
    3456      41.9124
    3457      42.0306
    3458      41.9112
    3459      41.4233
    3460      40.7078
    3461      39.9173
    3462      39.0649
    3463      38.2611
    3464      37.5191
    3465      36.7720
    3466      36.1396
    3467      35.6035
    3468      35.1405
    3469      34.6767
    3470      34.0584
    3471      33.0894
    3472      31.9677
    3473      30.9247
    3474      30.1954
    3475      29.9619
    3476      30.3232
    3477      31.1758
    3478      32.3281
    3479      33.6118
    3480      34.8991
    3481      35.9390
    3482      36.7227
    3483      37.1806
    3484      37.3200
    3485      37.3097
    3486      37.2487
    3487      37.1654
    3488      37.3162
    3489      37.7315
    3490      38.4296
    3491      39.3354
    3492      40.0990
    3493      40.5862
    3494      40.6198
    3495      40.0437
    3496      38.9697
    3497      37.2893
    3498      35.0802
    3499      32.6411
    3500      30.3132
    3501      28.3493
    3502      27.0907
    3503      26.6902
    3504      27.0288
    3505      27.9319
    3506      29.1808
    3507      30.5962
    3508      31.9329
    3509      33.0200
    3510      33.7762
    3511      34.3531
    3512      34.7837
    3513      34.9467
    3514      35.0639
    3515      35.3027
    3516      35.6910
    3517      36.2149
    3518      36.7095
    3519      37.1902
    3520      37.5311
    3521      37.5526
    3522      37.3316
    3523      36.9175
    3524      36.5518
    3525      36.5362
    3526      36.8852
    3527      37.5076
    3528      38.1993
    3529      38.8028
    3530      39.0314
    3531      38.5579
    3532      37.3721
    3533      35.4513
    3534      32.9481
    3535      30.0816
    3536      27.1335
    3537      24.7500
    3538      23.2051
    3539      22.4419
    3540      22.5526
    3541      23.3926
    3542      24.7721
    3543      26.3643
    3544      27.9420
    3545      29.2574
    3546      30.1123
    3547      30.5108
    3548      30.4336
    3549      30.0693
    3550      29.4713
    3551      28.8314
    3552      28.3614
    3553      28.0639
    3554      28.0113
    3555      27.9222
    3556      27.7105
    3557      27.2657
    3558      26.4888
    3559      25.4656
    3560      24.3006
    3561      22.9668
    3562      21.5915
    3563      20.3490
    3564      19.5295
    3565      19.2831
    3566      19.6820
    3567      20.5733
    3568      21.7122
    3569      22.7787
    3570      23.5911
    3571      23.9953
    3572      23.9818
    3573      23.6806
    3574      23.1201
    3575      22.5862
    3576      22.2837
    3577      22.2528
    3578      22.6853
    3579      23.2618
    3580      23.7597
    3581      24.2619
    3582      24.6072
    3583      24.9499
    3584      25.4017
    3585      25.8756
    3586      26.5352
    3587      27.5030
    3588      28.7080
    3589      29.9255
    3590      31.1133
    3591      32.1692
    3592      32.8778
    3593      33.1172
    3594      32.8600
    3595      32.1718
    3596      31.0827
    3597      29.8234
    3598      28.4770
    3599      27.4342
    3600      26.9040
    3601      26.9427
    3602      27.4643
    3603      28.3104
    3604      29.4510
    3605      30.7747
    3606      32.0373
    3607      33.0223
    3608      33.8232
    3609      34.3858
    3610      34.7331
    3611      34.8705
    3612      35.0161
    3613      35.4530
    3614      36.1739
    3615      36.9549
    3616      37.7589
    3617      38.4514
    3618      38.9368
    3619      38.9647
    3620      38.4291
    3621      37.2951
    3622      35.5653
    3623      33.4043
    3624      31.0711
    3625      28.7774
    3626      26.7539
    3627      25.2358
    3628      24.3470
    3629      24.2017
    3630      24.4516
    3631      24.9398
    3632      25.5609
    3633      26.4400
    3634      27.6121
    3635      29.0814
    3636      30.8570
    3637      33.0229
    3638      35.2690
    3639      37.5038
    3640      39.5476
    3641      41.1759
    3642      42.0383
    3643      41.8705
    3644      40.6261
    3645      38.5695
    3646      35.9095
    3647      32.9020
    3648      30.1552
    3649      27.9871
    3650      26.7587
    3651      26.6191
    3652      27.5514
    3653      29.1790
    3654      31.1555
    3655      33.2234
    3656      35.1037
    3657      36.6160
    3658      37.5436
    3659      37.9088
    3660      37.7261
    3661      37.2475
    3662      36.4766
    3663      35.5842
    3664      34.9678
    3665      34.8909
    3666      35.2163
    3667      35.7501
    3668      36.5978
    3669      37.5499
    3670      38.5062
    3671      39.4685
    3672      40.3172
    3673      41.1164
    3674      41.9300
    3675      42.9589
    3676      44.2581
    3677      45.6525
    3678      46.9233
    3679      47.9520
    3680      48.6147
    3681      48.6389
    3682      47.9209
    3683      46.3586
    3684      44.0880
    3685      41.4421
    3686      38.6743
    3687      36.3160
    3688      34.6042
    3689      33.7171
    3690      33.6656
    3691      34.1957
    3692      35.1082
    3693      36.2873
    3694      37.5009
    3695      38.6832
    3696      39.8444
    3697      40.9152
    3698      42.1856
    3699      43.7364
    3700      45.5539
    3701      47.5308
    3702      49.4402
    3703      50.9711
    3704      51.9266
    3705      52.3421
    3706      52.0388
    3707      51.0684
    3708      49.5775
    3709      47.8268
    3710      46.1309
    3711      44.7154
    3712      43.8593
    3713      43.7684
    3714      44.2971
    3715      45.3133
    3716      46.4825
    3717      47.6148
    3718      48.5967
    3719      49.3338
    3720      49.7190
    3721      49.6914
    3722      49.2662
    3723      48.5562
    3724      47.6190
    3725      46.6531
    3726      45.7531
    3727      45.0216
    3728      44.6069
    3729      44.4569
    3730      44.6941
    3731      45.3566
    3732      46.3868
    3733      47.6773
    3734      49.1549
    3735      50.8253
    3736      52.6928
    3737      54.5185
    3738      56.1164
    3739      57.4670
    3740      58.3264
    3741      58.6901
    3742      58.4788
    3743      57.7429
    3744      56.4979
    3745      54.9128
    3746      53.1926
    3747      51.7073
    3748      50.8826
    3749      50.7131
    3750      51.0644
    3751      51.7772
    3752      52.6536
    3753      53.5035
    3754      54.2514
    3755      54.9929
    3756      55.6238
    3757      56.0431
    3758      56.1268
    3759      55.8525
    3760      55.4424
    3761      54.9702
    3762      54.6258
    3763      54.4054
    3764      54.1950
    3765      53.9089
    3766      53.5788
    3767      53.2460
    3768      52.7276
    3769      52.2348
    3770      51.8596
    3771      51.6691
    3772      51.7523
    3773      51.9862
    3774      52.2790
    3775      52.5438
    3776      52.6592
    3777      52.7517
    3778      52.8528
    3779      52.8429
    3780      52.7582
    3781      52.5844
    3782      52.3106
    3783      51.8372
    3784      51.2253
    3785      50.4991
    3786      49.7150
    3787      48.8977
    3788      48.2119
    3789      47.6077
    3790      46.9990
    3791      46.3819
    3792      45.8014
    3793      45.4040
    3794      45.3557
    3795      45.6364
    3796      46.2296
    3797      47.1204
    3798      48.1933
    3799      49.4553
    3800      50.6707
    3801      51.7396
    3802      52.6606
    3803      53.2407
    3804      53.3872
    3805      53.0831
    3806      52.1761
    3807      50.7604
    3808      48.8761
    3809      46.7074
    3810      44.4250
    3811      42.1882
    3812      40.2828
    3813      38.7693
    3814      37.6273
    3815      37.0472
    3816      36.8946
    3817      36.9896
    3818      37.1507
    3819      37.2029
    3820      37.2840
    3821      37.2866
    3822      37.2570
    3823      37.1454
    3824      37.2573
    3825      37.7136
    3826      38.5219
    3827      39.6158
    3828      41.0217
    3829      42.4344
    3830      43.7956
    3831      44.8870
    3832      45.8234
    3833      46.4708
    3834      46.7614
    3835      46.7344
    3836      46.2092
    3837      45.1756
    3838      43.6276
    3839      41.8009
    3840      39.8399
    3841      37.9060
    3842      36.0006
    3843      34.2099
    3844      32.6824
    3845      31.3448
    3846      30.2885
    3847      29.7108
    3848      29.8405
    3849      30.6942
    3850      32.3421
    3851      34.5455
    3852      37.0735
    3853      39.4798
    3854      41.6292
    3855      43.3198
    3856      44.3783
    3857      44.8968
    3858      45.0061
    3859      44.6370
    3860      43.7853
    3861      42.7676
    3862      41.9685
    3863      41.4486
    3864      41.4152
    3865      41.8816
    3866      42.5360
    3867      43.2179
    3868      43.7852
    3869      44.0734
    3870      43.8181
    3871      42.9145
    3872      41.4967
    3873      39.5962
    3874      37.4879
    3875      35.5655
    3876      34.1522
    3877      33.4364
    3878      33.4933
    3879      34.3359
    3880      35.6695
    3881      37.4186
    3882      39.3969
    3883      41.3568
    3884      43.0975
    3885      44.6725
    3886      45.9911
    3887      47.1433
    3888      48.1912
    3889      48.8625
    3890      48.8833
    3891      48.2847
    3892      47.0139
    3893      45.0567
    3894      42.6024
    3895      39.9145
    3896      37.1980
    3897      34.8611
    3898      33.4644
    3899      33.2569
    3900      34.1078
    3901      35.6502
    3902      37.7349
    3903      39.9323
    3904      41.8181
    3905      43.3571
    3906      44.5855
    3907      45.3664
    3908      45.6094
    3909      45.4438
    3910      44.9124
    3911      44.2537
    3912      43.5383
    3913      42.6041
    3914      41.4201
    3915      40.0093
    3916      38.5445
    3917      37.0343
    3918      35.6748
    3919      34.7279
    3920      34.2958
    3921      34.3379
    3922      34.9680
    3923      36.1063
    3924      37.3766
    3925      38.5235
    3926      39.5607
    3927      40.6285
    3928      41.7693
    3929      42.8544
    3930      43.6223
    3931      43.8059
    3932      43.0662
    3933      41.1845
    3934      38.1941
    3935      34.4906
    3936      30.3561
    3937      26.3746
    3938      22.8919
    3939      20.2051
    3940      18.3476
    3941      17.4091
    3942      17.2983
    3943      17.9965
    3944      19.5077
    3945      21.8098
    3946      24.6336
    3947      27.5915
    3948      30.3447
    3949      32.7299
    3950      34.5716
    3951      35.6773
    3952      36.0065
    3953      35.5007
    3954      34.0583
    3955      31.9001
    3956      29.1048
    3957      26.0073
    3958      22.9044
    3959      20.0230
    3960      17.7708
    3961      16.2262
    3962      15.4966
    3963      15.4745
    3964      16.1312
    3965      17.3291
    3966      19.1222
    3967      21.4132
    3968      23.6855
    3969      25.7332
    3970      27.3294
    3971      28.4245
    3972      29.0342
    3973      29.1246
    3974      28.8026
    3975      28.3255
    3976      27.9153
    3977      27.7735
    3978      27.9014
    3979      28.2007
    3980      28.8434
    3981      29.8629
    3982      31.2045
    3983      32.7618
    3984      34.3311
    3985      35.8368
    3986      36.9749
    3987      37.7168
    3988      38.0399
    3989      38.1070
    3990      38.0346
    3991      37.8106
    3992      37.3880
    3993      36.6477
    3994      35.6836
    3995      34.4445
    3996      33.0712
    3997      31.5696
    3998      30.1706
    3999      29.0145
    4000      28.2527
    4001      28.0211
    4002      28.4427
    4003      29.5047
    4004      31.1288
    4005      33.0619
    4006      35.1533
    4007      37.3379
    4008      39.6275
    4009      41.9077
    4010      44.1522
    4011      46.3632
    4012      48.3408
    4013      49.9896
    4014      51.1840
    4015      51.8249
    4016      51.9250
    4017      51.5335
    4018      50.6426
    4019      49.3677
    4020      47.9608
    4021      46.5282
    4022      45.3019
    4023      44.3900
    4024      44.0065
    4025      44.1954
    4026      45.0202
    4027      46.3345
    4028      48.0746
    4029      50.0266
    4030      51.9342
    4031      53.4985
    4032      54.6095
    4033      55.2456
    4034      55.3994
    4035      55.0799
    4036      54.4980
    4037      53.7866
    4038      53.1429
    4039      52.6317
    4040      52.4190
    4041      52.4768
    4042      52.5520
    4043      52.4875
    4044      52.1985
    4045      51.5752
    4046      50.7307
    4047      49.5487
    4048      48.1926
    4049      46.9057
    4050      45.8713
    4051      45.0243
    4052      44.4095
    4053      43.9465
    4054      43.5732
    4055      43.0812
    4056      42.5536
    4057      42.1272
    4058      41.7444
    4059      41.5855
    4060      41.6689
    4061      42.1207
    4062      42.8503
    4063      43.7251
    4064      44.6333
    4065      45.4582
    4066      46.0509
    4067      46.3531
    4068      46.3719
    4069      46.1343
    4070      45.6501
    4071      45.1011
    4072      44.5792
    4073      44.2189
    4074      44.3182
    4075      44.7909
    4076      45.5273
    4077      46.4154
    4078      47.3017
    4079      47.9436
    4080      48.1629
    4081      47.8697
    4082      47.0981
    4083      45.9390
    4084      44.4017
    4085      42.5012
    4086      40.3689
    4087      38.1615
    4088      35.9200
    4089      33.8368
    4090      32.0848
    4091      30.7374
    4092      29.8618
    4093      29.7558
    4094      30.3815
    4095      31.5944
    4096      33.3146
    4097      35.4089
    4098      37.5936
    4099      39.7049
    4100      41.3988
    4101      42.4247
    4102      42.6473
    4103      41.9710
    4104      40.4858
    4105      38.2613
    4106      35.6215
    4107      33.1302
    4108      31.1396
    4109      29.9191
    4110      29.6716
    4111      30.5362
    4112      32.4071
    4113      34.8586
    4114      37.6540
    4115      40.5077
    4116      43.2106
    4117      45.5869
    4118      47.3476
    4119      48.3185
    4120      48.5066
    4121      48.0022
    4122      46.9321
    4123      45.3896
    4124      43.4735
    4125      41.1923
    4126      38.8272
    4127      36.5048
    4128      34.5882
    4129      33.1842
    4130      32.3221
    4131      32.1975
    4132      32.8799
    4133      34.3585
    4134      36.6487
    4135      39.7145
    4136      43.1935
    4137      46.6622
    4138      49.8825
    4139      52.5158
    4140      54.2758
    4141      55.1355
    4142      54.9694
    4143      53.9165
    4144      51.9878
    4145      49.4479
    4146      46.5340
    4147      43.4192
    4148      40.5398
    4149      38.2519
    4150      36.6629
    4151      35.7772
    4152      35.4342
    4153      35.6650
    4154      36.5526
    4155      38.2217
    4156      40.7086
    4157      43.9405
    4158      47.5411
    4159      51.2645
    4160      54.9433
    4161      58.1622
    4162      60.7249
    4163      62.4344
    4164      63.1776
    4165      62.9739
    4166      61.9126
    4167      60.1421
    4168      57.7526
    4169      55.0497
    4170      52.4075
    4171      50.0721
    4172      48.1640
    4173      46.7267
    4174      45.7046
    4175      45.0359
    4176      44.7071
    4177      44.6769
    4178      44.9897
    4179      45.4083
    4180      45.8831
    4181      46.3733
    4182      46.7840
    4183      46.9006
    4184      46.6283
    4185      46.0669
    4186      45.2009
    4187      44.0321
    4188      42.7047
    4189      41.4025
    4190      40.2622
    4191      39.4617
    4192      39.1011
    4193      39.0527
    4194      39.3609
    4195      40.0347
    4196      40.9838
    4197      42.0390
    4198      42.9673
    4199      43.8301
    4200      44.7345
    4201      45.4716
    4202      45.8831
    4203      45.8363
    4204      45.3977
    4205      44.5888
    4206      43.3245
    4207      41.7890
    4208      40.2744
    4209      39.0036
    4210      38.0728
    4211      37.5258
    4212      37.3989
    4213      37.5738
    4214      37.9009
    4215      38.1857
    4216      38.3039
    4217      38.2552
    4218      38.0856
    4219      37.8754
    4220      37.7770
    4221      37.8810
    4222      38.0542
    4223      38.3806
    4224      38.6665
    4225      38.8010
    4226      38.6163
    4227      38.0292
    4228      37.0709
    4229      35.7113
    4230      34.0744
    4231      32.3802
    4232      30.7438
    4233      29.4311
    4234      28.5445
    4235      27.9901
    4236      27.6838
    4237      27.6054
    4238      27.7493
    4239      28.0430
    4240      28.3747
    4241      28.8353
    4242      29.4062
    4243      30.2023
    4244      31.0236
    4245      31.7190
    4246      32.1763
    4247      32.2628
    4248      31.9812
    4249      31.3261
    4250      30.3872
    4251      29.3088
    4252      28.2280
    4253      27.2604
    4254      26.3050
    4255      25.3647
    4256      24.5080
    4257      23.7970
    4258      23.1034
    4259      22.5602
    4260      22.3321
    4261      22.5032
    4262      23.3236
    4263      25.0024
    4264      27.3586
    4265      29.9828
    4266      32.5696
    4267      34.8504
    4268      36.5805
    4269      37.6498
    4270      38.0992
    4271      38.0558
    4272      37.7978
    4273      37.3076
    4274      36.7623
    4275      36.0776
    4276      35.1826
    4277      34.0097
    4278      32.4033
    4279      30.3165
    4280      27.8355
    4281      25.2172
    4282      22.7367
    4283      20.8253
    4284      19.7836
    4285      19.7531
    4286      20.7743
    4287      22.6129
    4288      24.7943
    4289      26.9289
    4290      28.5902
    4291      29.6147
    4292      29.9075
    4293      29.6319
    4294      28.8310
    4295      27.8021
    4296      26.6049
    4297      25.1800
    4298      23.4618
    4299      21.3550
    4300      18.9609
    4301      16.5426
    4302      14.4461
    4303      12.9522
    4304      12.2880
    4305      12.4948
    4306      13.4051
    4307      15.1696
    4308      17.5600
    4309      20.3967
    4310      23.2773
    4311      26.0753
    4312      28.4147
    4313      30.1265
    4314      31.1316
    4315      31.2383
    4316      30.6590
    4317      29.2840
    4318      27.3438
    4319      25.1155
    4320      22.7201
    4321      20.3726
    4322      18.2637
    4323      16.7353
    4324      15.9089
    4325      15.9788
    4326      16.8855
    4327      18.2954
    4328      19.9231
    4329      21.3614
    4330      22.4334
    4331      23.1031
    4332      23.3477
    4333      23.1959
    4334      22.7566
    4335      22.1304
    4336      21.4467
    4337      20.8969
    4338      20.5499
    4339      20.2878
    4340      20.1229
    4341      20.1019
    4342      20.3541
    4343      20.8423
    4344      21.8119
    4345      23.0981
    4346      24.9303
    4347      27.2103
    4348      29.6781
    4349      32.3271
    4350      34.7583
    4351      36.7001
    4352      38.1637
    4353      38.8448
    4354      38.7415
    4355      37.9473
    4356      36.5900
    4357      34.6466
    4358      32.1975
    4359      29.2987
    4360      25.9270
    4361      22.3452
    4362      18.9395
    4363      15.9547
    4364      13.6842
    4365      12.3011
    4366      11.9570
    4367      12.7606
    4368      14.5986
    4369      17.0614
    4370      19.9636
    4371      23.0996
    4372      26.1515
    4373      28.8264
    4374      30.7459
    4375      31.7488
    4376      31.8310
    4377      30.9724
    4378      29.2576
    4379      26.8403
    4380      24.0046
    4381      20.9718
    4382      18.1272
    4383      15.6140
    4384      13.8333
    4385      13.1356
    4386      13.6330
    4387      15.3302
    4388      18.0378
    4389      21.3812
    4390      24.9386
    4391      28.3396
    4392      31.3912
    4393      33.9097
    4394      35.6476
    4395      36.5348
    4396      36.4157
    4397      35.4055
    4398      33.6438
    4399      31.4412
    4400      29.0932
    4401      26.7608
    4402      24.4433
    4403      22.2120
    4404      20.2274
    4405      18.5546
    4406      17.2849
    4407      16.7018
    4408      16.9129
    4409      18.0796
    4410      19.8577
    4411      21.9531
    4412      24.1239
    4413      26.0851
    4414      27.4176
    4415      28.2978
    4416      28.6959
    4417      28.5691
    4418      27.9087
    4419      27.0036
    4420      25.8641
    4421      24.6967
    4422      23.5783
    4423      22.5182
    4424      21.3467
    4425      20.0185
    4426      18.5536
    4427      17.0891
    4428      15.6779
    4429      14.6349
    4430      14.1871
    4431      14.4994
    4432      15.3900
    4433      16.7636
    4434      18.3101
    4435      19.8605
    4436      21.3431
    4437      22.5464
    4438      23.4526
    4439      24.1818
    4440      24.8857
    4441      25.5427
    4442      26.1185
    4443      26.6407
    4444      27.0347
    4445      27.4044
    4446      27.7083
    4447      28.0836
    4448      28.6494
    4449      29.2970
    4450      30.0059
    4451      30.9148
    4452      31.7888
    4453      32.4896
    4454      32.9591
    4455      33.1671
    4456      32.9380
    4457      32.2893
    4458      31.4211
    4459      30.5039
    4460      29.4960
    4461      28.4677
    4462      27.5077
    4463      26.8509
    4464      26.4709
    4465      26.6268
    4466      27.3188
    4467      28.5664
    4468      30.2200
    4469      32.1682
    4470      34.1829
    4471      36.2370
    4472      38.1022
    4473      39.6188
    4474      40.6044
    4475      40.9747
    4476      40.7365
    4477      39.7824
    4478      38.2526
    4479      36.4611
    4480      34.5908
    4481      32.9927
    4482      31.6518
    4483      30.7094
    4484      30.1452
    4485      29.8766
    4486      29.9807
    4487      30.3076
    4488      30.8851
    4489      31.7758
    4490      33.0189
    4491      34.5292
    4492      36.1716
    4493      37.8745
    4494      39.5225
    4495      40.9745
    4496      42.1205
    4497      42.9057
    4498      43.2568
    4499      43.0205
    4500      42.0735
    4501      40.4228
    4502      38.3272
    4503      36.0320
    4504      33.6896
    4505      31.4578
    4506      29.4776
    4507      27.8401
    4508      26.5764
    4509      25.8050
    4510      25.7074
    4511      26.3806
    4512      27.8550
    4513      29.8910
    4514      32.4367
    4515      35.2648
    4516      38.0400
    4517      40.5168
    4518      42.2889
    4519      43.1910
    4520      43.2485
    4521      42.5145
    4522      41.2235
    4523      39.4815
    4524      37.5313
    4525      35.8754
    4526      34.7273
    4527      34.3111
    4528      34.7054
    4529      35.8197
    4530      37.6422
    4531      39.8942
    4532      42.2066
    4533      44.3546
    4534      46.1626
    4535      47.4153
    4536      47.9859
    4537      47.8516
    4538      46.8448
    4539      45.0534
    4540      42.7706
    4541      40.3761
    4542      38.0298
    4543      36.1077
    4544      34.5762
    4545      33.6219
    4546      33.1452
    4547      33.0236
    4548      33.1646
    4549      33.5132
    4550      34.1026
    4551      34.9723
    4552      36.0615
    4553      37.3403
    4554      38.8495
    4555      40.3784
    4556      41.9135
    4557      43.2544
    4558      44.2843
    4559      44.9585
    4560      45.3632
    4561      45.3786
    4562      45.1209
    4563      44.6031
    4564      43.9930
    4565      43.4944
    4566      43.0798
    4567      42.7126
    4568      42.3944
    4569      41.9309
    4570      41.3198
    4571      40.5284
    4572      39.7861
    4573      39.0588
    4574      38.5057
    4575      38.0633
    4576      37.8877
    4577      37.9188
    4578      38.2856
    4579      38.9029
    4580      39.7382
    4581      40.6705
    4582      41.3579
    4583      41.5927
    4584      41.2981
    4585      40.5117
    4586      39.3130
    4587      37.6226
    4588      35.7309
    4589      33.7216
    4590      31.7888
    4591      30.0379
    4592      28.7489
    4593      28.1140
    4594      27.9714
    4595      28.5254
    4596      29.7411
    4597      31.4333
    4598      33.4716
    4599      35.5747
    4600      37.7035
    4601      39.5318
    4602      41.1012
    4603      42.3644
    4604      43.1147
    4605      43.1876
    4606      42.4061
    4607      41.0475
    4608      39.1915
    4609      37.0320
    4610      34.6785
    4611      32.6631
    4612      31.1961
    4613      30.3535
    4614      30.0626
    4615      30.4941
    4616      31.5900
    4617      33.1143
    4618      34.8728
    4619      36.7502
    4620      38.5894
    4621      40.3550
    4622      41.9593
    4623      43.3123
    4624      44.4548
    4625      45.2545
    4626      45.5807
    4627      45.5087
    4628      44.9872
    4629      44.0289
    4630      42.6343
    4631      40.7938
    4632      38.6530
    4633      36.2782
    4634      33.8481
    4635      31.4861
    4636      29.3436
    4637      27.5506
    4638      26.3543
    4639      25.8978
    4640      26.3261
    4641      27.9046
    4642      30.4493
    4643      33.4776
    4644      36.3857
    4645      38.7533
    4646      40.2874
    4647      40.9528
    4648      40.7401
    4649      39.7504
    4650      38.0497
    4651      35.9103
    4652      33.7904
    4653      31.8957
    4654      30.4033
    4655      29.5863
    4656      29.4067
    4657      29.5427
    4658      30.0445
    4659      30.7844
    4660      31.7243
    4661      32.7336
    4662      33.8046
    4663      34.7815
    4664      35.5216
    4665      35.9254
    4666      36.0531
    4667      35.7424
    4668      35.0127
    4669      33.9366
    4670      32.5787
    4671      31.1698
    4672      29.7272
    4673      28.4677
    4674      27.4710
    4675      27.2102
    4676      27.8834
    4677      29.5412
    4678      32.0206
    4679      35.0706
    4680      38.3250
    4681      41.4881
    4682      44.2005
    4683      46.1365
    4684      47.2748
    4685      47.6362
    4686      47.1351
    4687      45.8461
    4688      43.8067
    4689      41.2230
    4690      38.3326
    4691      35.5546
    4692      32.8833
    4693      30.5727
    4694      28.9793
    4695      28.1275
    4696      28.1341
    4697      28.9469
    4698      30.3529
    4699      32.1753
    4700      34.1374
    4701      36.0925
    4702      37.8002
    4703      39.2052
    4704      40.2466
    4705      41.0012
    4706      41.5266
    4707      41.8005
    4708      41.9173
    4709      41.8856
    4710      41.6922
    4711      41.4106
    4712      41.0304
    4713      40.5467
    4714      39.9757
    4715      39.3548
    4716      38.6759
    4717      38.1834
    4718      37.8397
    4719      37.6501
    4720      37.6350
    4721      37.6827
    4722      37.8710
    4723      38.0597
    4724      38.3551
    4725      38.7566
    4726      39.1905
    4727      39.3941
    4728      39.2894
    4729      38.8029
    4730      37.8737
    4731      36.4973
    4732      34.5823
    4733      32.1527
    4734      29.3046
    4735      26.3508
    4736      23.4535
    4737      20.9635
    4738      19.1204
    4739      18.1670
    4740      18.0950
    4741      18.7523
    4742      19.9532
    4743      21.6295
    4744      23.6193
    4745      25.7003
    4746      27.6710
    4747      29.3371
    4748      30.4903
    4749      31.0029
    4750      30.6621
    4751      29.7511
    4752      28.2645
    4753      26.2975
    4754      24.0440
    4755      21.8434
    4756      19.8864
    4757      18.3265
    4758      17.1646
    4759      16.5050
    4760      16.3433
    4761      16.7686
    4762      17.8549
    4763      19.4526
    4764      21.3971
    4765      23.5580
    4766      25.7725
    4767      27.9174
    4768      29.8224
    4769      31.2315
    4770      32.0622
    4771      32.4075
    4772      32.1884
    4773      31.5019
    4774      30.3589
    4775      28.9967
    4776      27.5685
    4777      26.3405
    4778      25.4877
    4779      25.0484
    4780      25.0137
    4781      25.3711
    4782      26.0274
    4783      26.7439
    4784      27.4395
    4785      28.1136
    4786      28.7519
    4787      29.4280
    4788      30.2322
    4789      31.2174
    4790      32.2270
    4791      33.3200
    4792      34.4305
    4793      35.2564
    4794      35.8718
    4795      36.1403
    4796      35.8760
    4797      35.0303
    4798      33.6995
    4799      31.9780
    4800      30.0602
    4801      28.2505
    4802      26.7760
    4803      25.6417
    4804      24.8137
    4805      24.5446
    4806      24.8664
    4807      25.5149
    4808      26.4681
    4809      27.7289
    4810      29.2260
    4811      30.6795
    4812      31.9802
    4813      32.8453
    4814      33.1386
    4815      32.8308
    4816      32.0412
    4817      30.7813
    4818      29.2131
    4819      27.6174
    4820      26.2280
    4821      25.2504
    4822      24.6263
    4823      24.3494
    4824      24.4275
    4825      24.8279
    4826      25.5092
    4827      26.2710
    4828      26.9777
    4829      27.4211
    4830      27.5096
    4831      27.2028
    4832      26.6092
    4833      25.8311
    4834      24.8794
    4835      23.8585
    4836      22.8059
    4837      21.7315
    4838      20.6751
    4839      19.5891
    4840      18.5226
    4841      17.6322
    4842      16.6897
    4843      15.8270
    4844      14.9617
    4845      14.2445
    4846      13.6657
    4847      13.2989
    4848      13.3496
    4849      13.8558
    4850      14.8914
    4851      16.3500
    4852      18.2873
    4853      20.5011
    4854      22.8497
    4855      25.3832
    4856      28.0616
    4857      30.5906
    4858      32.8539
    4859      34.7461
    4860      36.1023
    4861      36.9022
    4862      36.9562
    4863      36.3707
    4864      35.2997
    4865      33.8746
    4866      32.2368
    4867      30.6826
    4868      29.1822
    4869      27.9581
    4870      27.0156
    4871      26.2767
    4872      25.8489
    4873      25.7866
    4874      26.0813
    4875      26.5973
    4876      27.1260
    4877      27.5829
    4878      27.9891
    4879      28.2987
    4880      28.5363
    4881      28.7705
    4882      28.8364
    4883      28.8356
    4884      28.8717
    4885      29.1081
    4886      29.3845
    4887      29.7944
    4888      30.4964
    4889      31.4032
    4890      32.4753
    4891      33.9788
    4892      35.8118
    4893      37.7822
    4894      39.9531
    4895      42.0248
    4896      43.6341
    4897      44.8006
    4898      45.5074
    4899      45.6855
    4900      45.3845
    4901      44.6231
    4902      43.6262
    4903      42.4773
    4904      41.4074
    4905      40.5187
    4906      39.7355
    4907      39.1047
    4908      38.4325
    4909      37.6670
    4910      36.9858
    4911      36.3984
    4912      36.0481
    4913      36.2051
    4914      36.7677
    4915      37.7250
    4916      39.0358
    4917      40.5831
    4918      42.2765
    4919      44.0577
    4920      45.8199
    4921      47.3989
    4922      48.6339
    4923      49.2827
    4924      49.2810
    4925      48.5740
    4926      47.1472
    4927      45.1645
    4928      42.7229
    4929      40.0319
    4930      37.2839
    4931      34.6601
    4932      32.2359
    4933      30.3505
    4934      29.2059
    4935      28.8500
    4936      29.1769
    4937      30.0026
    4938      31.1610
    4939      32.5382
    4940      33.9826
    4941      35.3365
    4942      36.3313
    4943      36.8269
    4944      36.6885
    4945      36.0027
    4946      34.8421
    4947      33.3109
    4948      31.5830
    4949      29.8809
    4950      28.2090
    4951      26.7748
    4952      25.6484
    4953      24.8061
    4954      24.6098
    4955      24.9468
    4956      25.7721
    4957      27.0773
    4958      28.7392
    4959      30.4928
    4960      32.2146
    4961      33.7484
    4962      35.0240
    4963      36.0823
    4964      36.8568
    4965      37.3035
    4966      37.3797
    4967      37.0090
    4968      36.4086
    4969      35.7162
    4970      35.0055
    4971      34.2569
    4972      33.4459
    4973      32.4350
    4974      31.1793
    4975      29.4404
    4976      27.5023
    4977      25.7573
    4978      24.5511
    4979      24.1288
    4980      24.4094
    4981      25.4317
    4982      26.8548
    4983      28.5686
    4984      30.3584
    4985      32.0767
    4986      33.6311
    4987      34.9241
    4988      35.9554
    4989      36.6998
    4990      37.1149
    4991      37.2791
    4992      37.2456
    4993      36.9301
    4994      36.2316
    4995      35.2029
    4996      33.9280
    4997      32.4993
    4998      31.0329
    4999      29.8914
    5000      29.2021
