    1001      30.2241
    1002      30.1123
    1003      29.8607
    1004      29.5299
    1005      29.2706
    1006      29.2396
    1007      29.3446
    1008      29.5228
    1009      29.7249
    1010      29.8547
    1011      29.6993
    1012      29.0576
    1013      27.9976
    1014      26.5929
    1015      24.8788
    1016      23.0049
    1017      21.2143
    1018      19.7400
    1019      18.7117
    1020      18.1973
    1021      18.2099
    1022      18.6486
    1023      19.4286
    1024      20.4002
    1025      21.5636
    1026      22.8296
    1027      23.9821
    1028      25.0990
    1029      26.2843
    1030      27.4576
    1031      28.5153
    1032      29.3022
    1033      29.6928
    1034      29.6318
    1035      29.3175
    1036      28.7826
    1037      28.0680
    1038      27.2307
    1039      26.1431
    1040      24.6886
    1041      22.8884
    1042      20.8657
    1043      18.8258
    1044      16.9689
    1045      15.5525
    1046      14.5450
    1047      14.0595
    1048      14.1640
    1049      14.8220
    1050      15.8630
    1051      17.0846
    1052      18.4581
    1053      19.7631
    1054      20.7651
    1055      21.5850
    1056      22.1957
    1057      22.6737
    1058      23.1003
    1059      23.3819
    1060      23.7875
    1061      24.2186
    1062      24.7651
    1063      25.2000
    1064      25.8558
    1065      26.8361
    1066      28.0951
    1067      29.6552
    1068      31.4532
    1069      33.5048
    1070      35.7323
    1071      37.8324
    1072      39.6060
    1073      40.9870
    1074      41.9379
    1075      42.4058
    1076      42.4937
    1077      42.3008
    1078      41.7602
    1079      41.0113
    1080      40.1065
    1081      39.0130
    1082      37.8074
    1083      36.5823
    1084      35.6655
    1085      35.0602
    1086      34.7157
    1087      34.7155
    1088      34.9951
    1089      35.4583
    1090      36.1250
    1091      36.7394
    1092      37.3737
    1093      37.8988
    1094      38.3508
    1095      38.7504
    1096      39.0530
    1097      39.1163
    1098      38.9147
    1099      38.4066
    1100      37.6286
    1101      36.6042
    1102      35.5011
    1103      34.4021
    1104      33.1726
    1105      32.0588
    1106      31.0075
    1107      30.3133
    1108      29.9847
    1109      30.1515
    1110      30.9411
    1111      32.1737
    1112      33.4861
    1113      34.6779
    1114      35.4730
    1115      35.8319
    1116      35.9289
    1117      35.6877
    1118      35.1284
    1119      34.4011
    1120      33.3643
    1121      32.0656
    1122      30.6318
    1123      29.1662
    1124      27.6892
    1125      26.3141
    1126      25.1792
    1127      24.2848
    1128      23.6704
    1129      23.4627
    1130      23.8104
    1131      24.7019
    1132      26.1666
    1133      27.9579
    1134      29.9077
    1135      31.7454
    1136      33.3353
    1137      34.3109
    1138      34.4570
    1139      33.8079
    1140      32.4600
    1141      30.4546
    1142      28.1230
    1143      25.5914
    1144      23.0743
    1145      20.5794
    1146      18.2670
    1147      16.3588
    1148      15.0794
    1149      14.3224
    1150      14.2338
    1151      14.8836
    1152      16.0794
    1153      17.6701
    1154      19.4313
    1155      21.3226
    1156      23.3048
    1157      25.3051
    1158      27.3519
    1159      29.1427
    1160      30.4085
    1161      31.0286
    1162      30.9866
    1163      30.1701
    1164      28.6351
    1165      26.4732
    1166      23.9663
    1167      21.1597
    1168      18.3818
    1169      15.8346
    1170      13.6943
    1171      11.9107
    1172      10.8092
    1173      10.5181
    1174      10.9942
    1175      12.1797
    1176      14.0336
    1177      16.2537
    1178      18.6288
    1179      21.0012
    1180      23.2169
    1181      25.2830
    1182      27.0959
    1183      28.7080
    1184      30.1335
    1185      31.2434
    1186      31.9023
    1187      32.0051
    1188      31.4955
    1189      30.2981
    1190      28.4903
    1191      26.3672
    1192      23.9107
    1193      21.4034
    1194      18.9798
    1195      16.8129
    1196      15.0698
    1197      13.8265
    1198      13.2750
    1199      13.4143
    1200      14.0027
    1201      14.9270
    1202      15.9140
    1203      16.8644
    1204      17.9055
    1205      19.0631
    1206      19.9771
    1207      20.7101
    1208      21.2536
    1209      21.5767
    1210      21.7183
    1211      21.8113
    1212      21.8047
    1213      21.8684
    1214      21.8999
    1215      21.8307
    1216      21.6377
    1217      21.4576
    1218      21.1919
    1219      21.0553
    1220      21.1933
    1221      21.6539
    1222      22.5105
    1223      23.6409
    1224      24.8858
    1225      26.2156
    1226      27.3399
    1227      28.2288
    1228      28.7049
    1229      28.7253
    1230      28.2867
    1231      27.4798
    1232      26.6546
    1233      25.8145
    1234      25.0533
    1235      24.4755
    1236      24.0457
    1237      23.8585
    1238      23.8055
    1239      23.9015
    1240      24.1254
    1241      24.3153
    1242      24.5248
    1243      24.8711
    1244      25.2361
    1245      25.6556
    1246      26.1224
    1247      26.5398
    1248      26.8776
    1249      27.1017
    1250      27.2088
    1251      27.2069
    1252      27.2360
    1253      27.2844
    1254      27.3229
    1255      27.3813
    1256      27.5143
    1257      27.6047
    1258      27.4786
    1259      26.9791
    1260      26.3482
    1261      25.7297
    1262      25.1652
    1263      24.6951
    1264      24.3992
    1265      24.3130
    1266      24.3335
    1267      24.2845
    1268      24.1517
    1269      23.8882
    1270      23.6268
    1271      23.0943
    1272      22.4358
    1273      21.8428
    1274      21.4734
    1275      21.3239
    1276      21.3594
    1277      21.7078
    1278      22.4187
    1279      23.3852
    1280      24.4347
    1281      25.5331
    1282      26.4459
    1283      27.0418
    1284      27.3328
    1285      27.3454
    1286      27.1738
    1287      27.1500
    1288      27.2252
    1289      27.3006
    1290      27.2611
    1291      27.2095
    1292      27.0558
    1293      26.8052
    1294      26.4455
    1295      26.0978
    1296      25.6509
    1297      25.2017
    1298      24.7719
    1299      24.3092
    1300      23.7990
    1301      23.3336
    1302      22.9494
    1303      22.5656
    1304      22.1330
    1305      21.7985
    1306      21.6556
    1307      21.7544
    1308      22.1207
    1309      22.7748
    1310      23.5225
    1311      24.3049
    1312      25.1324
    1313      25.9445
    1314      26.7209
    1315      27.3668
    1316      27.8285
    1317      27.9186
    1318      27.5226
    1319      26.8806
    1320      26.0619
    1321      25.2226
    1322      24.5240
    1323      24.2608
    1324      24.4159
    1325      24.7181
    1326      25.2020
    1327      25.7627
    1328      26.3966
    1329      26.7790
    1330      26.8088
    1331      26.3819
    1332      25.4910
    1333      24.3016
    1334      22.9927
    1335      21.5676
    1336      20.1138
    1337      18.7555
    1338      17.7397
    1339      17.1653
    1340      17.1021
    1341      17.2980
    1342      17.6604
    1343      18.4490
    1344      19.4383
    1345      20.5531
    1346      21.7072
    1347      22.8539
    1348      23.9805
    1349      24.8371
    1350      25.3179
    1351      25.3705
    1352      24.9022
    1353      23.9722
    1354      22.5710
    1355      20.9453
    1356      19.3615
    1357      17.8875
    1358      16.8492
    1359      16.4817
    1360      16.8096
    1361      17.7285
    1362      19.1019
    1363      20.8790
    1364      23.0677
    1365      25.3023
    1366      27.2706
    1367      28.7800
    1368      29.9708
    1369      30.8484
    1370      31.2792
    1371      31.2956
    1372      30.8827
    1373      30.0249
    1374      28.6639
    1375      26.7876
    1376      24.6026
    1377      22.3793
    1378      20.3424
    1379      18.6926
    1380      17.6535
    1381      17.1409
    1382      17.1593
    1383      17.9329
    1384      19.5369
    1385      21.9638
    1386      24.9243
    1387      28.0517
    1388      31.0471
    1389      33.6592
    1390      35.7424
    1391      37.1633
    1392      37.7078
    1393      37.3130
    1394      36.0073
    1395      33.9882
    1396      31.5303
    1397      28.8674
    1398      26.2938
    1399      24.1381
    1400      22.7368
    1401      22.0925
    1402      22.0515
    1403      22.4708
    1404      23.4139
    1405      24.9655
    1406      27.0437
    1407      29.4432
    1408      31.9741
    1409      34.2329
    1410      36.1391
    1411      37.5152
    1412      38.3371
    1413      38.5522
    1414      38.2169
    1415      37.1549
    1416      35.4374
    1417      33.2367
    1418      30.8300
    1419      28.4537
    1420      26.4474
    1421      25.2434
    1422      24.9922
    1423      25.7405
    1424      27.2630
    1425      29.3857
    1426      31.6981
    1427      33.7683
    1428      35.4685
    1429      36.5777
    1430      36.9707
    1431      36.5843
    1432      35.4923
    1433      33.8786
    1434      32.0349
    1435      30.2924
    1436      28.8329
    1437      27.7305
    1438      26.9051
    1439      26.2330
    1440      25.8312
    1441      25.7330
    1442      25.8689
    1443      26.2113
    1444      26.8536
    1445      27.6918
    1446      28.6386
    1447      29.4793
    1448      30.2652
    1449      30.8092
    1450      30.9357
    1451      30.6863
    1452      29.9264
    1453      28.8624
    1454      27.5272
    1455      26.0810
    1456      24.7631
    1457      23.7472
    1458      23.1668
    1459      23.0693
    1460      23.4288
    1461      24.2272
    1462      25.4758
    1463      26.9930
    1464      28.6038
    1465      30.0560
    1466      31.3406
    1467      32.3100
    1468      32.9436
    1469      33.2664
    1470      33.2889
    1471      32.9523
    1472      32.4044
    1473      31.6880
    1474      30.7708
    1475      29.6544
    1476      28.4342
    1477      27.0255
    1478      25.6093
    1479      24.0253
    1480      22.4017
    1481      20.9447
    1482      19.9383
    1483      19.5407
    1484      20.0682
    1485      21.5104
    1486      23.8069
    1487      26.6262
    1488      29.6091
    1489      32.1335
    1490      34.0990
    1491      35.3497
    1492      36.0658
    1493      36.4212
    1494      36.4529
    1495      36.2986
    1496      36.0128
    1497      35.6187
    1498      35.1391
    1499      34.4644
    1500      33.5756
    1501      32.4063
    1502      31.0625
    1503      29.6511
    1504      28.3847
    1505      27.4315
    1506      26.9610
    1507      27.1624
    1508      28.0341
    1509      29.3482
    1510      30.7360
    1511      31.9522
    1512      32.9498
    1513      33.7673
    1514      34.2008
    1515      34.4077
    1516      34.5087
    1517      34.4034
    1518      34.1957
    1519      33.8886
    1520      33.5748
    1521      33.4172
    1522      33.2258
    1523      32.8871
    1524      32.1467
    1525      31.0017
    1526      29.4438
    1527      27.6440
    1528      25.7488
    1529      23.8535
    1530      22.1385
    1531      20.6663
    1532      19.5208
    1533      18.8288
    1534      18.6736
    1535      19.2144
    1536      20.3211
    1537      21.8226
    1538      23.2335
    1539      24.2147
    1540      24.6377
    1541      24.4390
    1542      23.7138
    1543      22.6322
    1544      21.2705
    1545      19.8176
    1546      18.3432
    1547      17.1279
    1548      16.1516
    1549      15.5416
    1550      15.1683
    1551      15.0122
    1552      14.9623
    1553      15.1441
    1554      15.6714
    1555      16.6381
    1556      18.1440
    1557      20.2326
    1558      22.9696
    1559      26.0890
    1560      29.1820
    1561      31.9228
    1562      34.0775
    1563      35.4972
    1564      36.1240
    1565      36.1150
    1566      35.4867
    1567      34.2872
    1568      32.6587
    1569      30.7253
    1570      28.6213
    1571      26.6300
    1572      24.8778
    1573      23.5478
    1574      22.6504
    1575      22.2036
    1576      22.1791
    1577      22.5149
    1578      23.1108
    1579      23.9721
    1580      25.1183
    1581      26.6343
    1582      28.2830
    1583      29.9296
    1584      31.5087
    1585      33.0201
    1586      34.2347
    1587      34.8557
    1588      34.9775
    1589      34.6386
    1590      33.7821
    1591      32.3942
    1592      30.4923
    1593      28.1520
    1594      25.5825
    1595      23.0441
    1596      20.8752
    1597      19.4923
    1598      19.2550
    1599      20.0042
    1600      21.4309
    1601      23.2865
    1602      25.2419
    1603      26.9349
    1604      28.4273
    1605      29.7197
    1606      30.6008
    1607      31.1031
    1608      31.4554
    1609      31.8305
    1610      32.2176
    1611      32.4734
    1612      32.5150
    1613      32.2571
    1614      31.6368
    1615      30.7754
    1616      29.7906
    1617      28.8498
    1618      27.9350
    1619      27.3333
    1620      27.0349
    1621      27.0420
    1622      27.3078
    1623      27.5290
    1624      27.5450
    1625      27.1592
    1626      26.2597
    1627      24.9759
    1628      23.4993
    1629      22.1606
    1630      21.0869
    1631      20.4142
    1632      20.2460
    1633      20.6453
    1634      21.2913
    1635      22.0465
    1636      22.9596
    1637      23.8617
    1638      24.4683
    1639      24.9281
    1640      25.2323
    1641      25.3806
    1642      25.4654
    1643      25.6010
    1644      25.9641
    1645      26.5063
    1646      27.1359
    1647      27.9003
    1648      28.7694
    1649      29.5855
    1650      30.4921
    1651      31.4482
    1652      32.4226
    1653      33.3742
    1654      34.2577
    1655      35.0636
    1656      35.7075
    1657      36.0887
    1658      36.1394
    1659      35.9171
    1660      35.3409
    1661      34.5065
    1662      33.3402
    1663      31.9763
    1664      30.2827
    1665      28.4651
    1666      26.4536
    1667      24.5048
    1668      23.0295
    1669      22.0532
    1670      21.6137
    1671      21.6273
    1672      22.1226
    1673      22.9704
    1674      24.1778
    1675      25.6931
    1676      27.4662
    1677      29.4777
    1678      31.5917
    1679      33.6675
    1680      35.6262
    1681      37.4491
    1682      38.9381
    1683      39.9725
    1684      40.3573
    1685      40.2479
    1686      39.4796
    1687      38.0968
    1688      36.1907
    1689      33.8278
    1690      31.1519
    1691      28.3640
    1692      25.9349
    1693      24.0614
    1694      22.9771
    1695      22.6923
    1696      23.1357
    1697      24.2367
    1698      25.9082
    1699      28.1056
    1700      30.6189
    1701      33.0240
    1702      35.1433
    1703      36.7686
    1704      37.6100
    1705      37.7218
    1706      37.3319
    1707      36.5312
    1708      35.4835
    1709      34.1912
    1710      32.7600
    1711      31.4350
    1712      30.1955
    1713      29.0927
    1714      28.2722
    1715      27.6685
    1716      27.3195
    1717      27.1244
    1718      27.0447
    1719      27.0947
    1720      27.2943
    1721      27.6918
    1722      28.3087
    1723      28.9941
    1724      29.6837
    1725      30.0840
    1726      29.9941
    1727      29.3078
    1728      28.1440
    1729      26.5754
    1730      24.7419
    1731      22.7903
    1732      21.1146
    1733      19.8550
    1734      19.2101
    1735      19.3444
    1736      20.0601
    1737      20.9769
    1738      21.7763
    1739      22.2819
    1740      22.4378
    1741      22.3512
    1742      22.2218
    1743      22.3687
    1744      22.8624
    1745      23.6437
    1746      24.7271
    1747      25.9035
    1748      26.8017
    1749      27.2650
    1750      27.0024
    1751      26.0618
    1752      24.5873
    1753      22.9874
    1754      21.5922
    1755      20.8499
    1756      20.9464
    1757      21.6882
    1758      22.7870
    1759      23.8323
    1760      24.6263
    1761      24.8192
    1762      24.2301
    1763      23.0626
    1764      21.6860
    1765      20.4452
    1766      19.7314
    1767      19.8094
    1768      20.7133
    1769      22.1176
    1770      23.7267
    1771      25.4108
    1772      26.7125
    1773      27.4691
    1774      27.8465
    1775      27.8344
    1776      27.4054
    1777      26.6908
    1778      25.8041
    1779      24.7919
    1780      23.7537
    1781      22.9635
    1782      22.4301
    1783      22.0380
    1784      21.7790
    1785      21.5613
    1786      21.4478
    1787      21.3964
    1788      21.4305
    1789      21.5305
    1790      21.7658
    1791      22.3912
    1792      23.2881
    1793      24.5397
    1794      26.0175
    1795      27.6543
    1796      29.3579
    1797      30.9854
    1798      32.3927
    1799      33.2914
    1800      33.4866
    1801      32.9368
    1802      31.7936
    1803      30.2736
    1804      28.5887
    1805      26.9038
    1806      25.2811
    1807      24.0944
    1808      23.3564
    1809      23.0567
    1810      23.0696
    1811      23.3287
    1812      23.8040
    1813      24.3133
    1814      24.6300
    1815      24.7387
    1816      24.4119
    1817      23.7052
    1818      22.7113
    1819      21.4953
    1820      19.9995
    1821      18.4262
    1822      16.9147
    1823      15.6723
    1824      14.8702
    1825      14.7174
    1826      15.3179
    1827      16.5878
    1828      18.3289
    1829      20.4152
    1830      22.7347
    1831      25.0005
    1832      27.0221
    1833      28.7481
    1834      29.9602
    1835      30.4964
    1836      30.3594
    1837      29.5358
    1838      28.1779
    1839      26.5544
    1840      24.5937
    1841      22.5663
    1842      20.5870
    1843      18.9942
    1844      17.8629
    1845      17.4332
    1846      17.6353
    1847      18.4186
    1848      19.7385
    1849      21.4787
    1850      23.2548
    1851      24.9875
    1852      26.4731
    1853      27.5804
    1854      28.0297
    1855      27.8666
    1856      27.2191
    1857      26.2642
    1858      25.0539
    1859      23.6546
    1860      22.0765
    1861      20.2467
    1862      18.2130
    1863      16.0857
    1864      14.2223
    1865      12.7848
    1866      12.0214
    1867      12.0847
    1868      13.0476
    1869      14.7516
    1870      16.9226
    1871      19.2162
    1872      21.4375
    1873      23.3724
    1874      24.8099
    1875      25.6780
    1876      25.9512
    1877      25.7094
    1878      25.1387
    1879      24.4514
    1880      23.7706
    1881      22.9978
    1882      22.0440
    1883      20.9641
    1884      19.7745
    1885      18.5813
    1886      17.2892
    1887      16.0415
    1888      15.0323
    1889      14.6353
    1890      15.0622
    1891      16.3711
    1892      18.3450
    1893      20.8450
    1894      23.6078
    1895      26.3241
    1896      28.6702
    1897      30.3254
    1898      31.2848
    1899      31.4112
    1900      30.6555
    1901      29.1499
    1902      26.9743
    1903      24.3181
    1904      21.4523
    1905      18.6420
    1906      16.1621
    1907      14.0864
    1908      12.3875
    1909      11.3125
    1910      10.9140
    1911      11.1365
    1912      12.0108
    1913      13.4788
    1914      15.2911
    1915      17.2899
    1916      19.2796
    1917      21.1287
    1918      22.6258
    1919      23.4741
    1920      23.7170
    1921      23.4334
    1922      22.6798
    1923      21.3797
    1924      19.6361
    1925      17.6564
    1926      15.6366
    1927      13.6378
    1928      11.7952
    1929      10.3176
    1930       9.5006
    1931       9.2631
    1932       9.5520
    1933      10.4359
    1934      11.6759
    1935      13.1223
    1936      14.6342
    1937      16.0315
    1938      17.3385
    1939      18.4597
    1940      19.4704
    1941      20.3581
    1942      21.1478
    1943      21.8621
    1944      22.6676
    1945      23.4518
    1946      24.1767
    1947      24.7435
    1948      25.0861
    1949      25.0555
    1950      24.5834
    1951      23.7281
    1952      22.5510
    1953      21.2032
    1954      19.7418
    1955      18.4120
    1956      17.3229
    1957      16.4914
    1958      16.1356
    1959      16.0616
    1960      16.3145
    1961      16.8878
    1962      17.7137
    1963      18.7193
    1964      19.9181
    1965      21.2631
    1966      22.6821
    1967      23.9319
    1968      24.9327
    1969      25.5745
    1970      25.6551
    1971      25.0576
    1972      23.7788
    1973      22.0106
    1974      19.9798
    1975      17.8671
    1976      15.8424
    1977      14.2282
    1978      13.2359
    1979      13.0245
    1980      13.6555
    1981      14.8780
    1982      16.3887
    1983      18.0658
    1984      19.6896
    1985      21.1994
    1986      22.6725
    1987      23.8346
    1988      24.7650
    1989      25.5907
    1990      26.2161
    1991      26.7601
    1992      27.1282
    1993      27.3207
    1994      27.2573
    1995      27.0108
    1996      26.5057
    1997      25.6119
    1998      24.4453
    1999      23.1599
    2000      22.0129
    2001      21.1503
    2002      20.7725
    2003      20.9767
    2004      21.9127
    2005      23.3013
    2006      24.8937
    2007      26.4849
    2008      27.8265
    2009      28.6694
    2010      29.0594
    2011      29.0520
    2012      28.7124
    2013      28.0669
    2014      27.2481
    2015      26.4558
    2016      25.8196
    2017      25.4368
    2018      25.2698
    2019      25.2382
    2020      25.2230
    2021      25.2826
    2022      25.6108
    2023      26.3128
    2024      27.4548
    2025      28.9460
    2026      30.7870
    2027      32.7075
    2028      34.4224
    2029      35.9812
    2030      37.2585
    2031      38.1173
    2032      38.5795
    2033      38.5750
    2034      38.2584
    2035      37.8434
    2036      37.4790
    2037      37.1596
    2038      36.8593
    2039      36.4811
    2040      35.8825
    2041      35.1634
    2042      34.5156
    2043      34.1177
    2044      33.9692
    2045      33.9731
    2046      34.0886
    2047      34.1881
    2048      34.1453
    2049      33.8209
    2050      32.9874
    2051      31.4983
    2052      29.5257
    2053      27.3008
    2054      25.1920
    2055      23.5219
    2056      22.4523
    2057      21.8457
    2058      21.5410
    2059      21.4232
    2060      21.3079
    2061      21.0171
    2062      20.7139
    2063      20.6462
    2064      20.8756
    2065      21.4680
    2066      22.4858
    2067      24.0783
    2068      26.1438
    2069      28.3651
    2070      30.4982
    2071      32.2192
    2072      33.3166
    2073      33.8666
    2074      34.0961
    2075      34.1965
    2076      34.3501
    2077      34.6271
    2078      35.0794
    2079      35.5875
    2080      36.0485
    2081      36.3881
    2082      36.4070
    2083      36.0733
    2084      35.4549
    2085      34.7530
    2086      34.1535
    2087      33.7190
    2088      33.4400
    2089      33.4582
    2090      33.8093
    2091      34.3562
    2092      34.9252
    2093      35.2737
    2094      35.1053
    2095      34.4777
    2096      33.4396
    2097      32.1128
    2098      30.6430
    2099      28.9726
    2100      27.2652
    2101      25.6640
    2102      24.4053
    2103      23.4465
    2104      22.6807
    2105      22.1481
    2106      21.8983
    2107      21.9006
    2108      22.1862
    2109      22.8148
    2110      23.6371
    2111      24.5307
    2112      25.3031
    2113      26.0360
    2114      26.7093
    2115      27.2764
    2116      27.7427
    2117      28.1312
    2118      28.3480
    2119      28.3150
    2120      27.9290
    2121      27.3155
    2122      26.3101
    2123      25.0520
    2124      23.8222
    2125      22.7375
    2126      22.0087
    2127      21.7510
    2128      22.0933
    2129      23.0001
    2130      24.2515
    2131      25.6997
    2132      27.2580
    2133      28.8018
    2134      30.1936
    2135      31.3752
    2136      32.4220
    2137      33.4347
    2138      34.1687
    2139      34.5271
    2140      34.5498
    2141      34.3327
    2142      33.9106
    2143      33.1729
    2144      32.0657
    2145      30.5791
    2146      28.6749
    2147      26.7295
    2148      25.0191
    2149      23.7405
    2150      22.9701
    2151      22.5320
    2152      22.3573
    2153      22.3880
    2154      22.5788
    2155      22.8138
    2156      23.1415
    2157      23.6258
    2158      24.3559
    2159      25.4284
    2160      26.7844
    2161      28.3503
    2162      30.0881
    2163      31.6184
    2164      32.8541
    2165      33.5508
    2166      33.7900
    2167      33.5677
    2168      33.0602
    2169      32.5325
    2170      32.0472
    2171      31.7890
    2172      31.7866
    2173      32.1972
    2174      32.8412
    2175      33.5570
    2176      34.4520
    2177      35.4993
    2178      36.6088
    2179      37.8518
    2180      38.9982
    2181      39.9710
    2182      40.7062
    2183      41.1086
    2184      41.0783
    2185      40.4552
    2186      39.4459
    2187      38.1528
    2188      36.8990
    2189      35.9058
    2190      35.2160
    2191      34.8968
    2192      34.7670
    2193      34.7048
    2194      34.6944
    2195      34.7182
    2196      34.7114
    2197      34.5941
    2198      34.6271
    2199      34.9538
    2200      35.6059
    2201      36.7116
    2202      38.2986
    2203      40.1379
    2204      41.9944
    2205      43.5649
    2206      44.4862
    2207      44.6227
    2208      44.1817
    2209      43.3170
    2210      42.3028
    2211      41.4181
    2212      40.9474
    2213      41.0849
    2214      41.7592
    2215      42.6627
    2216      43.5329
    2217      44.1778
    2218      44.3471
    2219      43.9503
    2220      43.0364
    2221      41.8932
    2222      40.6939
    2223      39.7865
    2224      39.2516
    2225      39.1125
    2226      39.2098
    2227      39.5286
    2228      39.8655
    2229      40.1597
    2230      40.2856
    2231      40.3524
    2232      40.4410
    2233      40.6823
    2234      40.9520
    2235      41.3233
    2236      41.7059
    2237      41.9852
    2238      42.0983
    2239      41.8840
    2240      41.4153
    2241      40.7430
    2242      39.9360
    2243      39.0258
    2244      38.0552
    2245      37.2123
    2246      36.6037
    2247      35.9678
    2248      35.4170
    2249      34.9491
    2250      34.4292
    2251      33.9781
    2252      33.7725
    2253      33.8437
    2254      34.1653
    2255      34.6614
    2256      35.2606
    2257      35.9486
    2258      36.6093
    2259      37.2409
    2260      37.8941
    2261      38.4762
    2262      38.9116
    2263      39.2481
    2264      39.4546
    2265      39.5721
    2266      39.4827
    2267      39.0331
    2268      38.3274
    2269      37.3909
    2270      36.2478
    2271      35.1958
    2272      34.3992
    2273      34.1035
    2274      34.3690
    2275      35.1731
    2276      36.3926
    2277      37.8334
    2278      39.2213
    2279      40.2938
    2280      40.9209
    2281      41.1798
    2282      40.9696
    2283      40.4048
    2284      39.6772
    2285      38.6486
    2286      37.4922
    2287      36.2218
    2288      34.9678
    2289      33.7261
    2290      32.3828
    2291      30.8864
    2292      29.1189
    2293      27.2696
    2294      25.4199
    2295      23.7699
    2296      22.3982
    2297      21.4476
    2298      20.8917
    2299      20.7317
    2300      20.7980
    2301      21.1106
    2302      21.6062
    2303      22.1320
    2304      22.7191
    2305      23.3866
    2306      24.0484
    2307      24.6763
    2308      25.2016
    2309      25.5508
    2310      25.9186
    2311      26.0919
    2312      25.9805
    2313      25.6099
    2314      25.1411
    2315      24.6828
    2316      24.1683
    2317      23.5213
    2318      22.9658
    2319      22.6321
    2320      22.6039
    2321      22.9303
    2322      23.7727
    2323      25.0013
    2324      26.6564
    2325      28.5399
    2326      30.3539
    2327      31.8610
    2328      32.8766
    2329      33.2354
    2330      32.9084
    2331      31.9968
    2332      30.6296
    2333      29.0948
    2334      27.6641
    2335      26.4681
    2336      25.7016
    2337      25.4883
    2338      25.7397
    2339      26.3667
    2340      27.2794
    2341      28.2694
    2342      29.0856
    2343      29.7849
    2344      30.2835
    2345      30.5832
    2346      30.8622
    2347      31.1670
    2348      31.3759
    2349      31.4600
    2350      31.4946
    2351      31.3797
    2352      31.0328
    2353      30.3150
    2354      29.4102
    2355      28.4116
    2356      27.4982
    2357      26.7907
    2358      26.4620
    2359      26.6155
    2360      27.0144
    2361      27.6815
    2362      28.4623
    2363      29.2396
    2364      29.9320
    2365      30.3565
    2366      30.6763
    2367      30.8605
    2368      31.0721
    2369      31.4768
    2370      32.1206
    2371      32.7859
    2372      33.1974
    2373      33.2815
    2374      33.1180
    2375      32.5800
    2376      31.7535
    2377      30.6533
    2378      29.3045
    2379      27.9056
    2380      26.4820
    2381      25.2147
    2382      24.2608
    2383      23.5973
    2384      23.3214
    2385      23.5919
    2386      24.3507
    2387      25.5748
    2388      27.1391
    2389      28.8800
    2390      30.5825
    2391      32.1031
    2392      33.2799
    2393      33.9088
    2394      34.0273
    2395      33.6481
    2396      32.8940
    2397      31.9738
    2398      31.0790
    2399      30.2585
    2400      29.7900
    2401      29.9441
    2402      30.5555
    2403      31.3278
    2404      32.1644
    2405      32.9113
    2406      33.6194
    2407      34.3579
    2408      35.2776
    2409      36.4692
    2410      37.9030
    2411      39.5339
    2412      41.1383
    2413      42.5220
    2414      43.5199
    2415      44.2009
    2416      44.6754
    2417      44.9269
    2418      44.8999
    2419      44.6701
    2420      44.5145
    2421      44.4779
    2422      44.4585
    2423      44.4900
    2424      44.4989
    2425      44.3177
    2426      43.8381
    2427      43.0903
    2428      41.9709
    2429      40.7005
    2430      39.4065
    2431      38.1726
    2432      37.2150
    2433      36.6712
    2434      36.4106
    2435      36.1781
    2436      35.7731
    2437      35.1802
    2438      34.3680
    2439      33.3699
    2440      32.3105
    2441      31.2400
    2442      30.2556
    2443      29.3838
    2444      28.5173
    2445      27.5163
    2446      26.4301
    2447      25.4549
    2448      24.7566
    2449      24.2510
    2450      24.0582
    2451      24.1605
    2452      24.9094
    2453      26.1664
    2454      27.7808
    2455      29.5867
    2456      31.3446
    2457      32.7493
    2458      33.7022
    2459      34.1991
    2460      34.3510
    2461      34.2659
    2462      34.0109
    2463      33.5650
    2464      32.9408
    2465      32.1960
    2466      31.2697
    2467      30.0960
    2468      28.9158
    2469      27.9318
    2470      27.3497
    2471      27.2274
    2472      27.7168
    2473      28.6577
    2474      29.7429
    2475      30.6405
    2476      31.1368
    2477      31.0343
    2478      30.3677
    2479      29.1471
    2480      27.4102
    2481      25.4350
    2482      23.5764
    2483      21.8744
    2484      20.5145
    2485      19.6112
    2486      19.1326
    2487      19.1491
    2488      19.5811
    2489      20.4331
    2490      21.6027
    2491      22.9969
    2492      24.7749
    2493      26.7435
    2494      28.7455
    2495      30.6386
    2496      32.3564
    2497      33.8317
    2498      34.9676
    2499      35.6970
    2500      35.9016
    2501      35.5035
    2502      34.6863
    2503      33.5738
    2504      32.1455
    2505      30.5656
    2506      28.8684
    2507      27.0974
    2508      25.2935
    2509      23.5728
    2510      22.1445
    2511      21.1629
    2512      20.9786
    2513      21.6328
    2514      23.0923
    2515      25.2079
    2516      27.6933
    2517      30.1545
    2518      32.3862
    2519      34.2664
    2520      35.5541
    2521      36.1781
    2522      36.0832
    2523      35.5835
    2524      34.7061
    2525      33.5154
    2526      32.1150
    2527      30.6936
    2528      29.2893
    2529      27.9092
    2530      26.5615
    2531      25.6102
    2532      25.1536
    2533      25.2175
    2534      25.8481
    2535      27.1628
    2536      29.0053
    2537      31.0449
    2538      32.9864
    2539      34.7263
    2540      35.9771
    2541      36.9605
    2542      37.6539
    2543      38.2436
    2544      38.7511
    2545      39.1250
    2546      39.4827
    2547      39.6906
    2548      39.7306
    2549      39.4773
    2550      38.8874
    2551      38.0968
    2552      37.0722
    2553      36.1388
    2554      35.4997
    2555      35.2127
    2556      35.2521
    2557      35.6541
    2558      36.2992
    2559      37.1681
    2560      38.1733
    2561      39.2173
    2562      40.0730
    2563      40.7898
    2564      41.4977
    2565      42.2811
    2566      43.0792
    2567      43.9516
    2568      44.7381
    2569      45.2723
    2570      45.4649
    2571      45.0063
    2572      43.7556
    2573      41.7939
    2574      39.4346
    2575      36.9267
    2576      34.4210
    2577      32.1596
    2578      30.3883
    2579      29.2131
    2580      28.7002
    2581      28.7978
    2582      29.5550
    2583      30.7565
    2584      32.1916
    2585      33.7313
    2586      35.2313
    2587      36.6501
    2588      37.8905
    2589      38.7636
    2590      39.4144
    2591      39.8398
    2592      39.9889
    2593      39.7145
    2594      39.1188
    2595      38.2453
    2596      37.3331
    2597      36.4944
    2598      35.8469
    2599      35.5006
    2600      35.4940
    2601      35.6860
    2602      36.0454
    2603      36.7016
    2604      37.5186
    2605      38.4346
    2606      39.2861
    2607      39.8257
    2608      39.8862
    2609      39.5186
    2610      38.7947
    2611      37.7220
    2612      36.4752
    2613      35.2329
    2614      34.0728
    2615      33.1065
    2616      32.2209
    2617      31.5388
    2618      31.1062
    2619      30.7047
    2620      30.2160
    2621      29.4188
    2622      28.3129
    2623      26.9641
    2624      25.6177
    2625      24.6184
    2626      24.1003
    2627      24.2718
    2628      25.0541
    2629      26.2890
    2630      27.7747
    2631      29.1567
    2632      30.2562
    2633      31.0145
    2634      31.4746
    2635      31.7623
    2636      31.9754
    2637      32.2595
    2638      32.7491
    2639      33.4429
    2640      34.2801
    2641      35.0484
    2642      35.5421
    2643      35.8373
    2644      35.9530
    2645      36.0191
    2646      36.1058
    2647      36.3430
    2648      36.7989
    2649      37.3617
    2650      37.8711
    2651      38.2997
    2652      38.5614
    2653      38.4698
    2654      37.8737
    2655      36.7678
    2656      35.3961
    2657      33.9111
    2658      32.4470
    2659      31.3356
    2660      30.7228
    2661      30.5590
    2662      30.7363
    2663      31.0614
    2664      31.3599
    2665      31.5497
    2666      31.6856
    2667      31.9088
    2668      32.2488
    2669      32.6007
    2670      32.9141
    2671      32.9990
    2672      32.7031
    2673      31.9442
    2674      30.8242
    2675      29.5524
    2676      28.3857
    2677      27.5303
    2678      27.2778
    2679      27.9207
    2680      29.5329
    2681      31.7164
    2682      34.1915
    2683      36.5952
    2684      38.4519
    2685      39.5525
    2686      39.8105
    2687      39.3080
    2688      38.1080
    2689      36.3736
    2690      34.3838
    2691      32.3427
    2692      30.3398
    2693      28.3141
    2694      26.1341
    2695      23.8796
    2696      21.6198
    2697      19.6520
    2698      18.3065
    2699      17.7230
    2700      18.1081
    2701      19.1818
    2702      20.6777
    2703      22.3418
    2704      23.9722
    2705      25.4822
    2706      26.6152
    2707      27.3078
    2708      27.6944
    2709      27.7137
    2710      27.3926
    2711      26.9203
    2712      26.4396
    2713      25.9299
    2714      25.2596
    2715      24.3485
    2716      23.0643
    2717      21.5840
    2718      20.1241
    2719      18.8242
    2720      17.8183
    2721      17.1784
    2722      17.0463
    2723      17.2563
    2724      17.8105
    2725      18.5552
    2726      19.3116
    2727      19.8644
    2728      20.2690
    2729      20.6632
    2730      20.9470
    2731      21.0833
    2732      21.0991
    2733      21.1679
    2734      21.1188
    2735      21.0449
    2736      21.0841
    2737      21.1308
    2738      21.1870
    2739      21.3030
    2740      21.4776
    2741      21.7587
    2742      22.1805
    2743      22.7059
    2744      23.2559
    2745      23.7556
    2746      24.1854
    2747      24.5702
    2748      24.8303
    2749      25.1189
    2750      25.4249
    2751      25.7141
    2752      26.0005
    2753      26.2647
    2754      26.4384
    2755      26.3660
    2756      26.1072
    2757      25.6692
    2758      25.0648
    2759      24.6558
    2760      24.6553
    2761      25.2189
    2762      26.2760
    2763      27.5934
    2764      28.8736
    2765      29.9051
    2766      30.4265
    2767      30.4468
    2768      29.9692
    2769      29.1253
    2770      28.1412
    2771      27.3242
    2772      26.8936
    2773      26.8564
    2774      27.2509
    2775      27.9806
    2776      28.9434
    2777      30.1680
    2778      31.5908
    2779      32.9937
    2780      34.3690
    2781      35.7601
    2782      37.2045
    2783      38.7502
    2784      40.3840
    2785      41.8150
    2786      42.8422
    2787      43.2465
    2788      43.0152
    2789      42.2768
    2790      41.1985
    2791      39.7073
    2792      37.9079
    2793      36.1572
    2794      34.7781
    2795      33.8820
    2796      33.4734
    2797      33.4124
    2798      33.5528
    2799      33.6825
    2800      33.6550
    2801      33.5033
    2802      33.4602
    2803      33.5227
    2804      33.8923
    2805      34.3504
    2806      34.6929
    2807      34.7413
    2808      34.3830
    2809      33.3640
    2810      31.8739
    2811      30.0799
    2812      28.3581
    2813      26.9442
    2814      26.0414
    2815      25.7626
    2816      25.9523
    2817      26.4608
    2818      27.1130
    2819      27.7442
    2820      28.1892
    2821      28.4152
    2822      28.5510
    2823      28.6147
    2824      28.7804
    2825      29.3391
    2826      30.4689
    2827      32.2280
    2828      34.3534
    2829      36.6092
    2830      38.5445
    2831      39.8953
    2832      40.5350
    2833      40.3876
    2834      39.5751
    2835      38.2985
    2836      36.7708
    2837      35.2200
    2838      33.7722
    2839      32.4354
    2840      31.1297
    2841      29.5674
    2842      27.6348
    2843      25.4450
    2844      22.9767
    2845      20.4788
    2846      18.1998
    2847      16.3397
    2848      14.8953
    2849      14.0565
    2850      13.9579
    2851      14.6729
    2852      16.1722
    2853      18.4638
    2854      21.3946
    2855      24.6626
    2856      27.8596
    2857      30.8252
    2858      33.2839
    2859      35.2302
    2860      36.5220
    2861      37.0485
    2862      36.9150
    2863      36.1361
    2864      35.0093
    2865      33.7784
    2866      32.6356
    2867      31.5397
    2868      30.5024
    2869      29.3576
    2870      28.1064
    2871      26.8514
    2872      25.6566
    2873      24.8945
    2874      25.1324
    2875      26.5777
    2876      29.1570
    2877      32.7976
    2878      36.9439
    2879      41.1224
    2880      44.9247
    2881      47.9950
    2882      49.9548
    2883      50.5043
    2884      49.7104
    2885      47.8291
    2886      45.1129
    2887      42.0915
    2888      39.3199
    2889      37.1151
    2890      35.4482
    2891      34.3232
    2892      33.7397
    2893      33.4661
    2894      33.4346
    2895      33.7106
    2896      34.1907
    2897      34.8141
    2898      35.6487
    2899      36.6814
    2900      37.7074
    2901      38.4683
    2902      38.8449
    2903      38.7560
    2904      37.9990
    2905      36.5778
    2906      34.5630
    2907      32.1648
    2908      29.6049
    2909      27.0883
    2910      24.7933
    2911      22.8610
    2912      21.5142
    2913      20.8278
    2914      20.7569
    2915      21.3949
    2916      22.5641
    2917      24.0693
    2918      25.7677
    2919      27.4399
    2920      28.9545
    2921      30.0867
    2922      30.7950
    2923      30.8878
    2924      30.4468
    2925      29.6868
    2926      28.8621
    2927      28.1435
    2928      27.6001
    2929      27.3126
    2930      27.3223
    2931      27.6043
    2932      28.0219
    2933      28.5626
    2934      29.1903
    2935      29.9325
    2936      30.9135
    2937      32.0723
    2938      33.4732
    2939      34.9475
    2940      36.1997
    2941      37.1016
    2942      37.6283
    2943      37.6320
    2944      37.0575
    2945      35.9846
    2946      34.5179
    2947      32.6025
    2948      30.5301
    2949      28.6612
    2950      27.3197
    2951      26.6688
    2952      26.6888
    2953      27.2383
    2954      28.2046
    2955      29.3416
    2956      30.5821
    2957      31.7239
    2958      32.6886
    2959      33.5945
    2960      34.3047
    2961      34.8333
    2962      35.0722
    2963      34.9631
    2964      34.4719
    2965      33.4295
    2966      31.8459
    2967      30.1007
    2968      28.2460
    2969      26.5234
    2970      25.0881
    2971      24.2815
    2972      24.2121
    2973      24.8970
    2974      26.2811
    2975      28.2363
    2976      30.6333
    2977      33.1924
    2978      35.6968
    2979      38.0069
    2980      39.8060
    2981      40.9717
    2982      41.4516
    2983      41.1572
    2984      40.1161
    2985      38.3151
    2986      35.8036
    2987      32.8506
    2988      29.7820
    2989      27.0333
    2990      24.9226
    2991      23.8193
    2992      23.6984
    2993      24.5038
    2994      25.9852
    2995      27.9209
    2996      29.8814
    2997      31.6317
    2998      32.9818
    2999      33.7998
    3000      34.1166
    3001      34.0428
    3002      33.6088
    3003      32.8832
    3004      31.8908
    3005      30.7758
    3006      29.4128
    3007      27.8975
    3008      26.2521
    3009      24.6575
    3010      23.2564
    3011      22.2984
    3012      21.7462
    3013      21.7581
    3014      22.1780
    3015      22.9890
    3016      24.1105
    3017      25.4510
    3018      26.7539
    3019      27.8739
    3020      28.6139
    3021      28.9885
    3022      28.9704
    3023      28.5891
    3024      27.8894
    3025      26.9630
    3026      25.8866
    3027      24.7608
    3028      23.6221
    3029      22.5577
    3030      21.5373
    3031      20.5858
    3032      19.9252
    3033      19.4356
    3034      19.1680
    3035      19.1319
    3036      19.3408
    3037      19.8399
    3038      20.6557
    3039      21.7646
    3040      23.1464
    3041      24.8183
    3042      26.7654
    3043      28.9795
    3044      31.1905
    3045      33.2259
    3046      34.8897
    3047      35.9935
    3048      36.4555
    3049      36.0230
    3050      34.8568
    3051      33.2092
    3052      31.1719
    3053      29.0623
    3054      26.9216
    3055      24.8530
    3056      22.9391
    3057      21.2017
    3058      19.6998
    3059      18.5471
    3060      17.8416
    3061      17.5180
    3062      17.5105
    3063      17.7487
    3064      18.2661
    3065      18.9465
    3066      19.7484
    3067      20.5421
    3068      21.1913
    3069      21.6091
    3070      21.5858
    3071      21.2426
    3072      20.6069
    3073      19.6088
    3074      18.2688
    3075      16.6330
    3076      14.8748
    3077      13.1106
    3078      11.4699
    3079      10.1011
    3080       9.0989
    3081       8.6181
    3082       8.8640
    3083       9.8616
    3084      11.5815
    3085      13.9251
    3086      16.6049
    3087      19.3680
    3088      22.0446
    3089      24.3785
    3090      25.9751
    3091      26.7904
    3092      26.8079
    3093      26.0948
    3094      24.7151
    3095      22.8453
    3096      20.4718
    3097      17.7254
    3098      14.7926
    3099      11.8989
    3100       9.3214
    3101       7.3699
    3102       6.1254
    3103       5.7251
    3104       6.0467
    3105       7.0103
    3106       8.3581
    3107      10.1385
    3108      12.0972
    3109      13.8900
    3110      15.2969
    3111      16.1501
    3112      16.5712
    3113      16.5833
    3114      16.2763
    3115      15.6976
    3116      15.0653
    3117      14.4513
    3118      13.8597
    3119      13.3312
    3120      12.7440
    3121      12.2047
    3122      11.8734
    3123      12.0273
    3124      12.7913
    3125      14.3624
    3126      16.8248
    3127      19.9347
    3128      23.2295
    3129      26.3644
    3130      28.8609
    3131      30.4298
    3132      31.0096
    3133      30.6399
    3134      29.4327
    3135      27.6017
    3136      25.5139
    3137      23.3150
    3138      21.4994
    3139      20.3109
    3140      19.7323
    3141      19.6631
    3142      19.8510
    3143      20.4332
    3144      21.4847
    3145      22.9035
    3146      24.5523
    3147      26.3152
    3148      28.2160
    3149      30.0301
    3150      31.4799
    3151      32.4920
    3152      32.8856
    3153      32.5185
    3154      31.4447
    3155      29.7495
    3156      27.7696
    3157      25.7441
    3158      24.0222
    3159      22.8799
    3160      22.5456
    3161      23.1018
    3162      24.4224
    3163      26.1283
    3164      27.9218
    3165      29.7464
    3166      31.4269
    3167      32.8678
    3168      33.7930
    3169      34.1127
    3170      33.7045
    3171      32.4945
    3172      30.6031
    3173      28.1320
    3174      25.2522
    3175      22.2868
    3176      19.2890
    3177      16.6362
    3178      14.5139
    3179      13.1309
    3180      12.5354
    3181      12.7026
    3182      13.7050
    3183      15.2282
    3184      17.2399
    3185      19.7093
    3186      22.6531
    3187      25.8300
    3188      29.0066
    3189      32.0393
    3190      34.5457
    3191      36.4907
    3192      37.7998
    3193      38.3837
    3194      38.1648
    3195      37.2864
    3196      35.8782
    3197      34.2810
    3198      32.6664
    3199      31.2506
    3200      30.2539
    3201      29.9656
    3202      30.2105
    3203      30.7413
    3204      31.3787
    3205      31.9211
    3206      32.3772
    3207      32.9115
    3208      33.6377
    3209      34.4704
    3210      35.4362
    3211      36.2297
    3212      36.5334
    3213      36.2550
    3214      35.4344
    3215      34.0473
    3216      32.2660
    3217      30.1977
    3218      28.0754
    3219      26.0381
    3220      24.3434
    3221      23.2437
    3222      22.9683
    3223      23.4878
    3224      24.6749
    3225      26.1708
    3226      27.5814
    3227      28.9958
    3228      30.4165
    3229      31.7466
    3230      32.9799
    3231      33.9476
    3232      34.5714
    3233      34.7846
    3234      34.5817
    3235      34.1946
    3236      33.5828
    3237      32.9033
    3238      32.1682
    3239      31.2094
    3240      30.0412
    3241      28.8926
    3242      27.9616
    3243      27.3504
    3244      26.9752
    3245      26.8886
    3246      27.2408
    3247      28.0250
    3248      29.1849
    3249      30.6535
    3250      32.2532
    3251      33.7536
    3252      34.9621
    3253      35.5982
    3254      35.5908
    3255      35.0003
    3256      33.8308
    3257      32.2609
    3258      30.5359
    3259      28.9212
    3260      27.6349
    3261      26.7748
    3262      26.4660
    3263      26.4648
    3264      26.6782
    3265      26.9168
    3266      27.2155
    3267      27.4719
    3268      27.6811
    3269      27.9173
    3270      28.2108
    3271      28.6634
    3272      29.4235
    3273      30.3304
    3274      31.4108
    3275      32.5462
    3276      33.5095
    3277      34.3313
    3278      35.1280
    3279      35.7714
    3280      36.1022
    3281      36.0059
    3282      35.6583
    3283      35.1811
    3284      34.5782
    3285      33.7889
    3286      32.8200
    3287      31.7258
    3288      30.5224
    3289      29.4135
    3290      28.4122
    3291      27.6663
    3292      27.2305
    3293      27.2941
    3294      27.9261
    3295      28.8961
    3296      29.9754
    3297      31.0879
    3298      32.2797
    3299      33.6095
    3300      34.9098
    3301      35.9872
    3302      36.7848
    3303      37.1726
    3304      37.2315
    3305      36.9124
    3306      36.1586
    3307      34.9642
    3308      33.6824
    3309      32.3267
    3310      31.1267
    3311      30.1926
    3312      29.7064
    3313      29.6124
    3314      29.8183
    3315      30.0690
    3316      30.2161
    3317      30.0475
    3318      29.5725
    3319      28.9140
    3320      28.0240
    3321      27.1018
    3322      26.3954
    3323      25.8803
    3324      25.6038
    3325      25.4877
    3326      25.2402
    3327      24.7169
    3328      23.9205
    3329      22.9481
    3330      21.9061
    3331      20.9502
    3332      20.1647
    3333      19.7591
    3334      19.8982
    3335      20.5772
    3336      21.7681
    3337      23.3756
    3338      25.2456
    3339      27.3485
    3340      29.3543
    3341      31.0739
    3342      32.4534
    3343      33.4237
    3344      34.1184
    3345      34.4927
    3346      34.2314
    3347      33.2718
    3348      31.5943
    3349      29.4137
    3350      26.9020
    3351      24.4023
    3352      22.2145
    3353      20.4683
    3354      19.4036
    3355      19.0767
    3356      19.4821
    3357      20.4492
    3358      22.1130
    3359      24.3352
    3360      26.7139
    3361      28.9202
    3362      30.7947
    3363      32.2558
    3364      32.9488
    3365      32.8158
    3366      31.8632
    3367      30.2148
    3368      28.0078
    3369      25.3065
    3370      22.3836
    3371      19.6430
    3372      17.3084
    3373      15.5679
    3374      14.8739
    3375      15.2147
    3376      16.3039
    3377      17.9461
    3378      19.9210
    3379      22.1334
    3380      24.5069
    3381      26.8334
    3382      28.9275
    3383      30.6541
    3384      31.8695
    3385      32.5429
    3386      32.6667
    3387      32.3375
    3388      31.5427
    3389      30.3986
    3390      29.1635
    3391      27.9597
    3392      27.0660
    3393      26.6319
    3394      26.9379
    3395      28.1238
    3396      30.0983
    3397      32.5680
    3398      35.1264
    3399      37.4519
    3400      39.1767
    3401      40.0003
    3402      39.8346
    3403      38.6744
    3404      36.7877
    3405      34.4535
    3406      32.0062
    3407      29.7664
    3408      28.0188
    3409      26.9160
    3410      26.3731
    3411      26.1794
    3412      26.3470
    3413      26.7630
    3414      27.2187
    3415      27.6991
    3416      28.2684
    3417      28.9613
    3418      29.8753
    3419      31.1978
    3420      32.9784
    3421      34.9847
    3422      37.0698
    3423      39.0488
    3424      40.6774
    3425      41.8520
    3426      42.3807
    3427      42.3305
    3428      41.5433
    3429      40.2113
    3430      38.4856
    3431      36.5918
    3432      34.8075
    3433      33.1217
    3434      31.5902
    3435      30.5170
    3436      29.8151
    3437      29.6357
    3438      29.7993
    3439      30.0979
    3440      30.2423
    3441      30.2213
    3442      30.0392
    3443      29.6550
    3444      28.9326
    3445      28.0582
    3446      27.1447
    3447      26.4671
    3448      25.9976
    3449      25.7542
    3450      25.8226
    3451      26.0675
    3452      26.4744
    3453      27.0373
    3454      27.6988
    3455      28.4942
    3456      29.4932
    3457      30.7777
    3458      32.3172
    3459      34.0791
    3460      35.7300
    3461      36.9697
    3462      37.6486
    3463      37.7159
    3464      37.0165
    3465      35.6029
    3466      33.6809
    3467      31.4696
    3468      29.0661
    3469      26.6126
    3470      24.2898
    3471      22.3669
    3472      20.9081
    3473      19.9364
    3474      19.4544
    3475      19.4533
    3476      19.9881
    3477      20.8629
    3478      21.9805
    3479      22.9933
    3480      23.8189
    3481      24.3188
    3482      24.6831
    3483      25.0319
    3484      25.3504
    3485      25.6370
    3486      25.7835
    3487      25.9017
    3488      25.8853
    3489      25.7242
    3490      25.4637
    3491      25.2564
    3492      25.1603
    3493      25.1505
    3494      25.2371
    3495      25.5511
    3496      25.9464
    3497      26.6035
    3498      27.5187
    3499      28.5982
    3500      29.7485
    3501      30.8531
    3502      31.7666
    3503      32.2896
    3504      32.3047
    3505      31.8214
    3506      31.0118
    3507      30.0070
    3508      28.9977
    3509      28.0166
    3510      27.2154
    3511      26.6753
    3512      26.3174
    3513      26.2431
    3514      26.3346
    3515      26.3422
    3516      26.4617
    3517      26.8420
    3518      27.5364
    3519      28.2892
    3520      29.0749
    3521      29.8587
    3522      30.6811
    3523      31.5452
    3524      32.3215
    3525      32.8730
    3526      33.0296
    3527      32.7443
    3528      32.1161
    3529      31.2369
    3530      30.2598
    3531      29.3492
    3532      28.5579
    3533      28.0279
    3534      27.8867
    3535      28.1631
    3536      28.6746
    3537      29.1613
    3538      29.6726
    3539      30.1784
    3540      30.5739
    3541      30.9373
    3542      31.2357
    3543      31.4151
    3544      31.4891
    3545      31.5455
    3546      31.6594
    3547      31.9713
    3548      32.4820
    3549      33.2722
    3550      34.1308
    3551      34.8279
    3552      35.1952
    3553      35.1602
    3554      34.7008
    3555      33.9469
    3556      32.8841
    3557      31.5324
    3558      29.9758
    3559      28.4369
    3560      26.9690
    3561      25.6506
    3562      24.4562
    3563      23.2802
    3564      21.9854
    3565      20.4512
    3566      18.8218
    3567      17.1333
    3568      15.6410
    3569      14.6300
    3570      14.2761
    3571      14.7170
    3572      15.9351
    3573      17.8628
    3574      20.2256
    3575      22.6658
    3576      24.9592
    3577      26.8951
    3578      28.2609
    3579      29.1390
    3580      29.8226
    3581      30.3659
    3582      30.8423
    3583      31.2388
    3584      31.6168
    3585      32.0210
    3586      32.3340
    3587      32.4053
    3588      32.2341
    3589      31.9483
    3590      31.4457
    3591      30.8048
    3592      30.0842
    3593      29.4711
    3594      28.9823
    3595      28.6711
    3596      28.6083
    3597      28.6142
    3598      28.7506
    3599      28.9615
    3600      29.2365
    3601      29.4779
    3602      29.6254
    3603      29.9177
    3604      30.2843
    3605      30.6307
    3606      31.0442
    3607      31.5028
    3608      31.8878
    3609      32.3415
    3610      32.9378
    3611      33.6466
    3612      34.4253
    3613      35.0698
    3614      35.6303
    3615      36.1379
    3616      36.3647
    3617      36.3149
    3618      36.0186
    3619      35.6511
    3620      35.2170
    3621      34.8269
    3622      34.4324
    3623      33.9833
    3624      33.4387
    3625      32.7556
    3626      31.9207
    3627      30.7628
    3628      29.3134
    3629      27.6140
    3630      26.0157
    3631      24.7385
    3632      23.8257
    3633      23.4845
    3634      23.5908
    3635      23.9589
    3636      24.5946
    3637      25.1635
    3638      25.6756
    3639      25.8881
    3640      25.8058
    3641      25.3793
    3642      24.8369
    3643      24.3681
    3644      24.2333
    3645      24.4830
    3646      25.1278
    3647      26.1145
    3648      27.1879
    3649      28.1170
    3650      28.6859
    3651      28.9276
    3652      28.7478
    3653      28.2434
    3654      27.4356
    3655      26.3840
    3656      25.2533
    3657      24.1087
    3658      23.0853
    3659      22.3429
    3660      21.9517
    3661      21.8469
    3662      22.0329
    3663      22.4175
    3664      22.8599
    3665      23.2285
    3666      23.6153
    3667      24.2049
    3668      24.9269
    3669      25.7453
    3670      26.6970
    3671      27.4853
    3672      28.0791
    3673      28.4264
    3674      28.4599
    3675      28.1142
    3676      27.4245
    3677      26.6114
    3678      25.6715
    3679      24.5857
    3680      23.6803
    3681      23.2275
    3682      23.3202
    3683      24.0787
    3684      25.2645
    3685      26.7321
    3686      28.1915
    3687      29.4166
    3688      30.1950
    3689      30.4337
    3690      30.0741
    3691      29.1224
    3692      27.8062
    3693      26.1947
    3694      24.5178
    3695      23.0851
    3696      22.0760
    3697      21.6449
    3698      21.5445
    3699      21.6231
    3700      21.8375
    3701      21.9960
    3702      22.1330
    3703      22.4311
    3704      22.9631
    3705      23.6089
    3706      24.3951
    3707      25.3548
    3708      26.3175
    3709      27.0922
    3710      27.4633
    3711      27.2251
    3712      26.4215
    3713      25.0283
    3714      23.1165
    3715      20.7535
    3716      18.3307
    3717      16.0963
    3718      14.3159
    3719      13.2094
    3720      12.9186
    3721      13.5101
    3722      14.8251
    3723      16.7078
    3724      19.0258
    3725      21.4644
    3726      24.0441
    3727      26.5641
    3728      28.7855
    3729      30.7365
    3730      32.2493
    3731      33.1582
    3732      33.4561
    3733      33.2060
    3734      32.5094
    3735      31.4884
    3736      30.0922
    3737      28.4160
    3738      26.6836
    3739      25.1471
    3740      24.1061
    3741      23.7236
    3742      24.1254
    3743      25.1145
    3744      26.7755
    3745      28.9387
    3746      31.4698
    3747      34.1043
    3748      36.3771
    3749      38.2228
    3750      39.3589
    3751      39.5143
    3752      38.6148
    3753      36.7848
    3754      34.1665
    3755      31.0592
    3756      27.8653
    3757      24.9297
    3758      22.6665
    3759      21.4180
    3760      21.1544
    3761      21.8008
    3762      23.1930
    3763      25.1153
    3764      27.2345
    3765      29.4163
    3766      31.4301
    3767      33.1041
    3768      34.6603
    3769      36.0042
    3770      37.0782
    3771      37.7517
    3772      37.9066
    3773      37.5141
    3774      36.4671
    3775      34.8389
    3776      32.7063
    3777      30.0794
    3778      27.2896
    3779      24.6904
    3780      22.4185
    3781      20.5073
    3782      19.0909
    3783      18.3116
    3784      18.2301
    3785      18.7037
    3786      19.7112
    3787      21.1236
    3788      22.6740
    3789      24.3073
    3790      26.1011
    3791      27.9659
    3792      29.9005
    3793      31.7276
    3794      33.4321
    3795      34.8882
    3796      35.9434
    3797      36.6450
    3798      36.8289
    3799      36.3381
    3800      35.3424
    3801      33.9957
    3802      32.4537
    3803      30.8833
    3804      29.4037
    3805      28.1062
    3806      27.0297
    3807      26.1852
    3808      25.4899
    3809      24.9881
    3810      24.8033
    3811      25.0751
    3812      25.6475
    3813      26.2644
    3814      26.8443
    3815      27.2335
    3816      27.3343
    3817      26.9990
    3818      26.4224
    3819      25.5640
    3820      24.4888
    3821      23.3248
    3822      22.2764
    3823      21.4675
    3824      20.8777
    3825      20.6151
    3826      20.7551
    3827      21.0671
    3828      21.4845
    3829      22.0700
    3830      22.8188
    3831      23.8102
    3832      24.8797
    3833      26.1892
    3834      27.7270
    3835      29.2250
    3836      30.4951
    3837      31.4615
    3838      32.1780
    3839      32.5023
    3840      32.3519
    3841      31.7933
    3842      30.8011
    3843      29.4161
    3844      27.8791
    3845      26.3035
    3846      24.7714
    3847      23.3868
    3848      22.2207
    3849      21.2514
    3850      20.5035
    3851      19.8861
    3852      19.4615
    3853      19.4540
    3854      19.8224
    3855      20.6247
    3856      21.7992
    3857      23.3077
    3858      24.8835
    3859      26.4373
    3860      27.7791
    3861      28.7165
    3862      29.0955
    3863      28.9410
    3864      28.1932
    3865      26.8598
    3866      25.0763
    3867      22.9710
    3868      20.6910
    3869      18.5589
    3870      16.9975
    3871      16.1717
    3872      16.0480
    3873      16.6509
    3874      17.7963
    3875      19.1880
    3876      20.3823
    3877      21.1467
    3878      21.4445
    3879      21.2891
    3880      20.8754
    3881      20.3744
    3882      20.0170
    3883      19.9341
    3884      20.2130
    3885      20.6951
    3886      21.1764
    3887      21.3774
    3888      21.3044
    3889      21.0539
    3890      20.7173
    3891      20.3909
    3892      20.2810
    3893      20.5672
    3894      21.5340
    3895      23.0091
    3896      24.7931
    3897      26.5093
    3898      27.7878
    3899      28.5188
    3900      28.5452
    3901      27.9126
    3902      26.6799
    3903      24.8704
    3904      22.6369
    3905      20.2677
    3906      18.0376
    3907      16.2611
    3908      15.0713
    3909      14.4888
    3910      14.5631
    3911      15.0958
    3912      16.1372
    3913      17.6291
    3914      19.5685
    3915      21.8225
    3916      24.1855
    3917      26.5481
    3918      28.7315
    3919      30.8303
    3920      32.5654
    3921      33.9744
    3922      34.9143
    3923      35.2135
    3924      34.8697
    3925      33.7405
    3926      31.7708
    3927      29.0906
    3928      25.9161
    3929      22.7017
    3930      19.8905
    3931      17.6434
    3932      16.1179
    3933      15.5690
    3934      15.8869
    3935      17.0641
    3936      18.9059
    3937      21.1206
    3938      23.3662
    3939      25.3121
    3940      26.9429
    3941      28.2167
    3942      29.1411
    3943      29.7268
    3944      30.1976
    3945      30.5827
    3946      30.8048
    3947      30.9676
    3948      30.9869
    3949      30.9289
    3950      30.6989
    3951      30.2499
    3952      29.7122
    3953      29.1420
    3954      28.5294
    3955      27.9715
    3956      27.5129
    3957      27.0486
    3958      26.6370
    3959      26.2841
    3960      25.9053
    3961      25.4779
    3962      24.8413
    3963      24.0062
    3964      22.9629
    3965      21.8405
    3966      20.7675
    3967      19.7210
    3968      18.9420
    3969      18.6536
    3970      18.9467
    3971      19.9174
    3972      21.6430
    3973      23.9202
    3974      26.5686
    3975      29.3041
    3976      31.7838
    3977      33.8597
    3978      35.4508
    3979      36.7126
    3980      37.6061
    3981      38.1914
    3982      38.5060
    3983      38.5405
    3984      38.2367
    3985      37.6431
    3986      37.0514
    3987      36.3752
    3988      35.6387
    3989      35.0168
    3990      34.4997
    3991      34.0827
    3992      33.9557
    3993      34.3225
    3994      35.1285
    3995      36.3441
    3996      37.8152
    3997      39.4853
    3998      41.0063
    3999      42.0644
    4000      42.5610
    4001      42.4062
    4002      41.5585
    4003      40.1270
    4004      38.3224
    4005      36.3528
    4006      34.4326
    4007      32.8162
    4008      31.5568
    4009      30.7412
    4010      30.2264
    4011      30.1765
    4012      30.5840
    4013      31.3202
    4014      32.2192
    4015      33.1547
    4016      34.1088
    4017      34.8927
    4018      35.4239
    4019      35.5789
    4020      35.2009
    4021      34.4741
    4022      33.3741
    4023      32.2465
    4024      31.1532
    4025      29.9585
    4026      28.6192
    4027      27.2750
    4028      26.0390
    4029      24.8982
    4030      23.9608
    4031      23.3230
    4032      23.1605
    4033      23.4400
    4034      23.9671
    4035      24.6256
    4036      25.3172
    4037      25.9688
    4038      26.3585
    4039      26.3386
    4040      25.8758
    4041      25.0320
    4042      24.0628
    4043      23.2798
    4044      22.8655
    4045      22.8979
    4046      23.1464
    4047      23.6281
    4048      24.1077
    4049      24.1981
    4050      23.7629
    4051      22.8177
    4052      21.2584
    4053      19.4153
    4054      17.6174
    4055      16.1436
    4056      15.0850
    4057      14.5804
    4058      14.8430
    4059      15.7433
    4060      17.1243
    4061      18.6639
    4062      20.2329
    4063      21.8522
    4064      23.3545
    4065      24.7654
    4066      26.0808
    4067      27.2336
    4068      28.0922
    4069      28.7319
    4070      29.2480
    4071      29.5035
    4072      29.4436
    4073      29.1740
    4074      28.5855
    4075      27.9979
    4076      27.5660
    4077      27.4140
    4078      27.6335
    4079      28.3454
    4080      29.5047
    4081      30.8009
    4082      31.9622
    4083      32.7471
    4084      32.9725
    4085      32.5728
    4086      31.7151
    4087      30.5239
    4088      29.1015
    4089      27.5330
    4090      25.6964
    4091      23.9419
    4092      22.3194
    4093      21.0088
    4094      20.0213
    4095      19.4979
    4096      19.4115
    4097      19.5426
    4098      19.8645
    4099      20.1689
    4100      20.6713
    4101      21.3667
    4102      22.3067
    4103      23.5106
    4104      24.8566
    4105      26.2244
    4106      27.5132
    4107      28.5914
    4108      29.3998
    4109      29.8474
    4110      29.9179
    4111      29.2704
    4112      27.6829
    4113      25.0821
    4114      21.5825
    4115      17.5771
    4116      13.4433
    4117       9.5480
    4118       6.1933
    4119       3.6526
    4120       2.3151
    4121       2.2986
    4122       3.7221
    4123       6.2669
    4124       9.7179
    4125      13.9333
    4126      18.5680
    4127      23.1881
    4128      27.2634
    4129      30.5213
    4130      32.7284
    4131      33.7885
    4132      33.7947
    4133      32.7874
    4134      30.8296
    4135      27.9537
    4136      24.3056
    4137      19.9318
    4138      14.9718
    4139       9.9864
    4140       5.7136
    4141       2.6606
    4142       1.1795
    4143       1.2851
    4144       2.8636
    4145       5.6998
    4146       9.4281
    4147      13.6474
    4148      17.8449
    4149      21.5950
    4150      24.6054
    4151      26.5106
    4152      27.3945
    4153      27.3130
    4154      26.4799
    4155      25.0989
    4156      23.3053
    4157      21.3371
    4158      19.4334
    4159      17.6675
    4160      15.9477
    4161      14.5892
    4162      13.7249
    4163      13.3755
    4164      13.7071
    4165      14.8392
    4166      16.6142
    4167      18.7377
    4168      20.9667
    4169      22.9838
    4170      24.5403
    4171      25.6471
    4172      26.1519
    4173      26.0044
    4174      25.2894
    4175      24.0289
    4176      22.4783
    4177      20.6202
    4178      18.4895
    4179      16.2444
    4180      13.9358
    4181      11.8041
    4182      10.0311
    4183       8.7925
    4184       8.0257
    4185       7.7288
    4186       7.7992
    4187       8.2618
    4188       8.9916
    4189       9.8229
    4190      10.6446
    4191      11.5139
    4192      12.5210
    4193      13.5317
    4194      14.3702
    4195      14.8674
    4196      15.0268
    4197      14.8757
    4198      14.4234
    4199      13.5169
    4200      12.0668
    4201      10.5423
    4202       9.3522
    4203       8.9476
    4204       9.4536
    4205      10.7542
    4206      12.8344
    4207      15.4784
    4208      18.2015
    4209      20.5986
    4210      22.4199
    4211      23.4519
    4212      23.6783
    4213      23.3382
    4214      22.5062
    4215      21.5290
    4216      20.7107
    4217      20.3314
    4218      20.2904
    4219      20.5736
    4220      20.8046
    4221      20.8274
    4222      20.7950
    4223      20.7905
    4224      20.9450
    4225      21.2141
    4226      21.6095
    4227      22.2057
    4228      22.9881
    4229      23.9057
    4230      24.6879
    4231      25.1928
    4232      25.2862
    4233      24.8275
    4234      23.7180
    4235      22.1012
    4236      20.2681
    4237      18.4426
    4238      16.8525
    4239      15.6593
    4240      14.7576
    4241      14.0575
    4242      13.6924
    4243      13.6938
    4244      14.0919
    4245      14.8180
    4246      15.6389
    4247      16.3927
    4248      17.1594
    4249      17.7536
    4250      18.1574
    4251      18.2780
    4252      18.2534
    4253      18.0944
    4254      18.1942
    4255      18.8783
    4256      20.0476
    4257      21.6133
    4258      23.4652
    4259      25.1929
    4260      26.3086
    4261      26.6684
    4262      26.2458
    4263      25.1059
    4264      23.5302
    4265      21.7331
    4266      19.9505
    4267      18.4933
    4268      17.5671
    4269      17.2743
    4270      17.6923
    4271      18.6745
    4272      19.8081
    4273      21.0025
    4274      22.0851
    4275      23.0453
    4276      23.8803
    4277      24.5460
    4278      25.3485
    4279      26.4177
    4280      27.7896
    4281      29.2324
    4282      30.6381
    4283      31.7473
    4284      32.4300
    4285      32.6730
    4286      32.3930
    4287      31.8024
    4288      31.1177
    4289      30.3612
    4290      29.7493
    4291      29.3337
    4292      29.0296
    4293      28.8422
    4294      28.8364
    4295      28.9002
    4296      28.9471
    4297      28.9682
    4298      28.8984
    4299      28.9552
    4300      29.1801
    4301      29.4110
    4302      29.5986
    4303      29.7746
    4304      29.9786
    4305      30.2375
    4306      30.7119
    4307      31.1693
    4308      31.6104
    4309      31.9075
    4310      32.0079
    4311      31.8483
    4312      31.5322
    4313      30.9751
    4314      30.2808
    4315      29.5744
    4316      28.9938
    4317      28.7956
    4318      28.9516
    4319      29.4680
    4320      30.2532
    4321      31.2183
    4322      32.0334
    4323      32.3514
    4324      32.0743
    4325      31.1018
    4326      29.6385
    4327      27.6895
    4328      25.5215
    4329      23.4397
    4330      21.8035
    4331      20.8948
    4332      20.8024
    4333      21.4585
    4334      22.6278
    4335      24.2082
    4336      26.0106
    4337      27.8819
    4338      29.6649
    4339      31.4354
    4340      32.9825
    4341      34.2115
    4342      35.0112
    4343      35.3194
    4344      35.0491
    4345      34.3191
    4346      33.0128
    4347      31.1364
    4348      28.9219
    4349      26.6360
    4350      24.7123
    4351      23.4426
    4352      22.9705
    4353      23.4408
    4354      24.7831
    4355      26.9392
    4356      29.5768
    4357      32.4036
    4358      35.0965
    4359      37.3856
    4360      39.0489
    4361      40.0095
    4362      40.2625
    4363      39.8543
    4364      38.7110
    4365      36.8118
    4366      34.1382
    4367      30.7077
    4368      26.8683
    4369      23.2771
    4370      20.4413
    4371      18.6439
    4372      17.9549
    4373      18.1489
    4374      19.1521
    4375      20.7184
    4376      22.6910
    4377      25.1181
    4378      27.8781
    4379      31.0229
    4380      34.3708
    4381      37.7312
    4382      40.7027
    4383      43.1128
    4384      44.7264
    4385      45.4510
    4386      45.2505
    4387      43.9550
    4388      41.5498
    4389      38.1740
    4390      34.2789
    4391      30.5350
    4392      27.3323
    4393      24.9574
    4394      23.7323
    4395      23.5839
    4396      24.3037
    4397      25.4863
    4398      27.0791
    4399      29.0273
    4400      31.2250
    4401      33.6107
    4402      36.1636
    4403      38.6503
    4404      40.7381
    4405      42.2374
    4406      42.8587
    4407      42.5100
    4408      41.2322
    4409      38.8037
    4410      35.4065
    4411      31.1346
    4412      26.3768
    4413      21.6353
    4414      17.3324
    4415      13.7050
    4416      11.0718
    4417       9.5295
    4418       8.9628
    4419       9.1726
    4420      10.0177
    4421      11.2623
    4422      12.7589
    4423      14.2098
    4424      15.5023
    4425      16.4281
    4426      17.0241
    4427      17.2868
    4428      17.1918
    4429      16.6128
    4430      15.6781
    4431      14.4534
    4432      13.1418
    4433      11.9187
    4434      10.9604
    4435      10.4487
    4436      10.3952
    4437      10.8867
    4438      12.0344
    4439      13.7222
    4440      15.7092
    4441      17.8223
    4442      19.8700
    4443      21.5732
    4444      22.7969
    4445      23.4240
    4446      23.5239
    4447      23.1177
    4448      22.1696
    4449      20.8130
    4450      19.1503
    4451      17.1351
    4452      15.0393
    4453      13.1798
    4454      11.7268
    4455      10.7953
    4456      10.6454
    4457      11.3430
    4458      12.6607
    4459      14.4741
    4460      16.6264
    4461      18.9724
    4462      21.4123
    4463      23.8618
    4464      26.2672
    4465      28.4314
    4466      30.2746
    4467      31.5279
    4468      32.0838
    4469      31.8483
    4470      31.0272
    4471      29.5781
    4472      27.8357
    4473      25.9210
    4474      24.0080
    4475      22.4217
    4476      21.2600
    4477      20.7311
    4478      20.8886
    4479      21.6369
    4480      22.9057
    4481      24.5623
    4482      26.5965
    4483      28.7423
    4484      30.9860
    4485      33.0960
    4486      34.9415
    4487      36.3586
    4488      37.1386
    4489      37.2039
    4490      36.6930
    4491      35.7310
    4492      34.3409
    4493      32.6069
    4494      30.9432
    4495      29.6371
    4496      28.8271
    4497      28.3274
    4498      28.1668
    4499      28.3123
    4500      28.7532
    4501      29.2164
    4502      29.6670
    4503      29.9243
    4504      29.8869
    4505      29.7614
    4506      29.6686
    4507      29.5509
    4508      29.4835
    4509      29.4025
    4510      28.9681
    4511      28.1102
    4512      26.7205
    4513      24.9250
    4514      22.6826
    4515      20.1212
    4516      17.2401
    4517      14.6230
    4518      12.6989
    4519      11.7485
    4520      11.8710
    4521      12.8852
    4522      14.4588
    4523      16.3450
    4524      18.4549
    4525      20.5691
    4526      22.7921
    4527      25.0912
    4528      27.5799
    4529      30.0787
    4530      32.2885
    4531      34.2164
    4532      35.8199
    4533      36.9246
    4534      37.4685
    4535      37.7326
    4536      37.7276
    4537      37.3657
    4538      36.7285
    4539      35.8606
    4540      34.5775
    4541      32.7844
    4542      30.6435
    4543      28.2988
    4544      26.0983
    4545      24.2141
    4546      23.0039
    4547      22.8137
    4548      23.6377
    4549      25.4261
    4550      27.9239
    4551      30.6826
    4552      33.2860
    4553      35.5110
    4554      37.1323
    4555      38.0974
    4556      38.4124
    4557      38.2401
    4558      37.7193
    4559      36.9512
    4560      36.0223
    4561      35.1815
    4562      34.5811
    4563      34.2264
    4564      33.9799
    4565      33.7856
    4566      33.6385
    4567      33.5323
    4568      33.5257
    4569      33.6991
    4570      34.0716
    4571      34.5548
    4572      34.9443
    4573      35.0691
    4574      34.7586
    4575      34.0991
    4576      32.9950
    4577      31.5472
    4578      29.7716
    4579      27.8888
    4580      26.1470
    4581      24.6501
    4582      23.6579
    4583      23.3822
    4584      23.8850
    4585      25.0640
    4586      26.7492
    4587      28.8888
    4588      31.2701
    4589      33.7295
    4590      36.1617
    4591      38.3464
    4592      39.9700
    4593      40.6066
    4594      40.1344
    4595      38.5450
    4596      36.1035
    4597      33.1376
    4598      29.9170
    4599      26.7776
    4600      23.7305
    4601      20.9991
    4602      18.7056
    4603      16.8246
    4604      15.4413
    4605      14.8657
    4606      15.2123
    4607      16.2103
    4608      17.7066
    4609      19.5550
    4610      21.6405
    4611      23.7104
    4612      25.6680
    4613      27.4585
    4614      29.0900
    4615      30.4816
    4616      31.5766
    4617      32.1829
    4618      32.4101
    4619      32.5391
    4620      32.5577
    4621      32.3651
    4622      31.9498
    4623      31.4216
    4624      30.7418
    4625      29.9049
    4626      29.1845
    4627      28.6077
    4628      28.1312
    4629      27.9040
    4630      27.9308
    4631      28.4114
    4632      29.4672
    4633      31.2069
    4634      33.2752
    4635      35.4069
    4636      37.2768
    4637      38.5979
    4638      39.2537
    4639      39.2180
    4640      38.4722
    4641      36.9992
    4642      35.0999
    4643      32.8835
    4644      30.8119
    4645      29.1076
    4646      28.1398
    4647      28.2306
    4648      29.4827
    4649      31.6340
    4650      34.1952
    4651      36.7211
    4652      38.8763
    4653      40.5336
    4654      41.5751
    4655      41.8444
    4656      41.1878
    4657      39.6975
    4658      37.6677
    4659      35.3246
    4660      32.9446
    4661      30.6538
    4662      28.4825
    4663      26.4985
    4664      24.7043
    4665      23.1315
    4666      21.9215
    4667      21.5075
    4668      21.9106
    4669      23.0854
    4670      24.9445
    4671      27.0101
    4672      29.1031
    4673      30.9447
    4674      32.4683
    4675      33.3876
    4676      33.6332
    4677      33.1404
    4678      31.9658
    4679      30.2304
    4680      28.1848
    4681      26.0351
    4682      24.0931
    4683      22.5324
    4684      21.5357
    4685      20.9432
    4686      20.7276
    4687      20.9196
    4688      21.4334
    4689      22.1972
    4690      23.0635
    4691      24.0094
    4692      24.9382
    4693      25.6373
    4694      26.0065
    4695      25.9990
    4696      25.6756
    4697      25.0617
    4698      24.4076
    4699      23.8255
    4700      23.2353
    4701      22.6561
    4702      22.3371
    4703      22.4482
    4704      23.0122
    4705      23.8783
    4706      24.9857
    4707      26.2951
    4708      27.7913
    4709      29.5661
    4710      31.6096
    4711      33.8877
    4712      36.4539
    4713      38.9941
    4714      41.3363
    4715      43.5367
    4716      45.4104
    4717      46.6809
    4718      47.4088
    4719      47.5626
    4720      47.1680
    4721      46.1691
    4722      44.4765
    4723      42.3407
    4724      39.8884
    4725      37.3839
    4726      34.8161
    4727      32.5986
    4728      30.9294
    4729      30.0846
    4730      30.1960
    4731      31.3664
    4732      33.3158
    4733      35.6846
    4734      38.0092
    4735      40.0778
    4736      41.8366
    4737      43.1983
    4738      44.0445
    4739      44.2803
    4740      44.0334
    4741      43.3575
    4742      42.2329
    4743      40.8686
    4744      39.5752
    4745      38.4726
    4746      37.4857
    4747      36.5604
    4748      35.7772
    4749      35.1567
    4750      34.5363
    4751      33.7916
    4752      33.0023
    4753      32.2632
    4754      31.6585
    4755      31.0452
    4756      30.5198
    4757      30.0146
    4758      29.5536
    4759      29.1890
    4760      28.9744
    4761      28.9105
    4762      28.8475
    4763      28.9115
    4764      29.3206
    4765      30.0283
    4766      30.9439
    4767      31.9281
    4768      32.8585
    4769      33.7263
    4770      34.3532
    4771      34.6611
    4772      34.9326
    4773      35.2315
    4774      35.5529
    4775      35.9115
    4776      36.3070
    4777      36.6923
    4778      37.1649
    4779      37.6836
    4780      38.3346
    4781      39.1011
    4782      39.9048
    4783      40.7545
    4784      41.4922
    4785      42.0036
    4786      42.3296
    4787      42.5151
    4788      42.3566
    4789      41.7374
    4790      40.7413
    4791      39.4163
    4792      37.8871
    4793      36.5874
    4794      35.6850
    4795      35.4323
    4796      35.9116
    4797      36.9510
    4798      38.3227
    4799      39.9492
    4800      41.7429
    4801      43.4999
    4802      45.1420
    4803      46.5504
    4804      47.6874
    4805      48.2177
    4806      48.0793
    4807      47.4221
    4808      46.2850
    4809      44.7777
    4810      42.9285
    4811      40.8450
    4812      38.5574
    4813      36.3858
    4814      34.6576
    4815      33.6723
    4816      33.5481
    4817      34.2458
    4818      35.3837
    4819      36.5699
    4820      37.6042
    4821      38.3275
    4822      38.7837
    4823      39.0188
    4824      39.0378
    4825      38.8809
    4826      38.4828
    4827      38.0447
    4828      37.5287
    4829      36.9570
    4830      36.4090
    4831      35.9519
    4832      35.5669
    4833      35.1541
    4834      34.7684
    4835      34.2816
    4836      33.6059
    4837      32.6578
    4838      31.4338
    4839      29.9128
    4840      28.1752
    4841      26.2433
    4842      24.4415
    4843      22.9028
    4844      21.8880
    4845      21.4865
    4846      21.8300
    4847      22.8852
    4848      24.3684
    4849      26.0786
    4850      27.9240
    4851      29.9961
    4852      32.1520
    4853      34.2557
    4854      36.2361
    4855      37.7929
    4856      38.7134
    4857      39.0212
    4858      38.7724
    4859      38.0335
    4860      37.1974
    4861      36.2292
    4862      35.2536
    4863      34.4301
    4864      33.8845
    4865      33.6532
    4866      33.7128
    4867      34.1869
    4868      35.0343
    4869      36.0938
    4870      37.2784
    4871      38.5780
    4872      39.7430
    4873      40.6836
    4874      41.4370
    4875      42.0384
    4876      42.4435
    4877      42.6627
    4878      42.7752
    4879      42.9365
    4880      43.1452
    4881      43.2916
    4882      43.4351
    4883      43.3685
    4884      43.0973
    4885      42.7183
    4886      42.3646
    4887      42.1498
    4888      42.0478
    4889      42.2582
    4890      42.9473
    4891      43.8750
    4892      45.1748
    4893      46.7670
    4894      48.4136
    4895      49.8532
    4896      51.0193
    4897      51.8259
    4898      52.1861
    4899      52.3207
    4900      52.4221
    4901      52.6854
    4902      52.8840
    4903      52.8873
    4904      52.5410
    4905      51.7842
    4906      50.7199
    4907      49.3802
    4908      48.0576
    4909      46.7871
    4910      45.4944
    4911      44.2818
    4912      43.2176
    4913      42.3310
    4914      41.8312
    4915      41.8390
    4916      42.2184
    4917      42.7827
    4918      43.2363
    4919      43.5061
    4920      43.5142
    4921      43.5125
    4922      43.7031
    4923      44.2681
    4924      45.1863
    4925      46.3773
    4926      47.6932
    4927      48.7484
    4928      49.4065
    4929      49.5777
    4930      49.1002
    4931      48.0526
    4932      46.7042
    4933      45.0556
    4934      43.0987
    4935      40.9612
    4936      38.9488
    4937      37.3941
    4938      36.5234
    4939      36.0813
    4940      35.9819
    4941      36.0299
    4942      36.1602
    4943      36.2606
    4944      36.3130
    4945      36.3501
    4946      36.4985
    4947      36.5787
    4948      36.7264
    4949      36.8364
    4950      36.9081
    4951      36.8266
    4952      36.7392
    4953      36.6997
    4954      36.5774
    4955      36.5372
    4956      36.7267
    4957      37.1217
    4958      37.7169
    4959      38.6818
    4960      40.0304
    4961      41.6169
    4962      43.0253
    4963      44.1775
    4964      45.1036
    4965      45.7950
    4966      46.1188
    4967      46.1427
    4968      45.8843
    4969      45.4387
    4970      44.8523
    4971      44.3852
    4972      44.1761
    4973      44.0617
    4974      43.8587
    4975      43.5339
    4976      43.0704
    4977      42.5256
    4978      42.0536
    4979      41.7006
    4980      41.5084
    4981      41.4184
    4982      41.4883
    4983      41.6665
    4984      42.0065
    4985      42.3869
    4986      42.7893
    4987      43.0472
    4988      43.2146
    4989      43.1779
    4990      42.9547
    4991      42.4751
    4992      41.9463
    4993      41.3653
    4994      41.0154
    4995      40.8885
    4996      40.9822
    4997      41.2744
    4998      41.6700
    4999      42.0879
    5000      42.5367
