2.90134804 0.9153
2.89767922 0.8968
2.89159596 0.8779
2.87961974 0.8604
2.86817896 0.8397
2.85685392 0.8145
2.84196058 0.7910
2.82237442 0.7760
2.79465575 0.8347
2.76529260 0.8743
2.76576350 0.8924
2.79583847 0.9067
2.83310353 0.9173
2.86165135 0.9196
2.87175210 0.9227
2.86196181 0.9245
2.84145437 0.9057
2.82409894 0.8784
2.81818309 0.8630
2.82610464 0.8616
2.84603771 0.8519
2.87197870 0.8045
2.88834876 0.7328
2.89359328 0.7248
2.89416113 0.7737
2.88331708 0.8232
2.86521390 0.8427
2.85060991 0.8445
2.85012134 0.8459
2.85601462 0.8501
2.85525714 0.8522
2.84503185 0.8445
2.83124169 0.8295
2.82859095 0.8265
2.84503804 0.8372
2.87041640 0.8463
2.88347026 0.8489
2.88737220 0.8573
2.88441556 0.8650
2.87970166 0.8735
2.87997053 0.8771
2.89102910 0.8705
2.90746124 0.8589
2.91377889 0.8406
2.91598824 0.8400
2.92605347 0.8580
2.93773532 0.8743
2.94273057 0.8596
2.94483384 0.8235
2.94025252 0.7800
2.93162045 0.7656
2.93458634 0.7663
2.95109749 0.7896
2.95496708 0.8147
2.93507012 0.8115
2.91837276 0.8214
2.91127577 0.8443
2.91392460 0.8627
2.92058670 0.8676
2.93452190 0.8563
2.94761379 0.7986
2.94641315 0.7071
2.94592474 0.6831
2.95108433 0.7124
2.94199683 0.8470
2.92438057 0.8704
2.91581024 0.8860
2.91299232 0.8927
2.90977480 0.8831
2.90473093 0.8492
2.90485274 0.8046
2.90892485 0.8094
2.90511571 0.8999
2.89133116 0.8944
2.87139582 0.8859
2.85717099 0.8761
2.85677245 0.8597
2.86009893 0.8409
2.85171957 0.8175
2.83970400 0.8021
2.84444617 0.8003
2.86239562 0.8042
2.88738152 0.8066
2.91236429 0.8088
2.91428917 0.8865
2.88425801 0.8852
2.85516441 0.8757
2.83233882 0.8612
2.81807327 0.8477
2.81616126 0.8443
2.82930718 0.8586
2.85157686 0.8778
2.88001841 0.8897
2.91048762 0.8921
2.91801891 0.8844
2.91271812 0.9248
2.91950509 0.9480
2.93094134 0.9319
2.93454108 0.8806
2.91844716 0.8404
2.89339770 0.8130
2.87533562 0.7927
2.87054214 0.7931
2.87326938 0.8256
2.86362571 0.8780
2.84887999 0.9019
2.84267395 0.9046
2.84515121 0.8938
2.84851851 0.8792
2.85131861 0.8731
2.85570952 0.8811
2.86036931 0.8951
2.86585580 0.9065
2.86569000 0.9169
2.86396241 0.9328
2.87274469 0.9514
2.89195204 0.9590
2.90703685 0.9286
2.90310554 0.8987
2.89234658 0.8904
2.88246568 0.8867
2.88216700 0.8745
2.90115194 0.8550
2.94362529 0.8412
2.96655820 0.9137
2.94495535 0.9124
2.94528844 0.9045
2.96564609 0.8875
2.99135027 0.8772
2.98729737 0.9048
2.95616611 0.9230
2.92848547 0.9336
2.92146509 0.9318
2.93380087 0.9230
2.94680302 0.9169
2.95476036 0.9103
2.96015033 0.8996
2.97375785 0.8710
2.97012457 0.8313
2.96536288 0.8462
2.95457629 0.8769
2.93205721 0.8980
2.91760143 0.9076
2.91245395 0.9110
2.90581720 0.9101
2.89567012 0.9097
2.89432596 0.9145
2.90777369 0.9165
2.92935226 0.9028
2.93603816 0.8506
2.91421272 0.8274
2.89147238 0.8217
2.87632798 0.8054
2.87529484 0.7881
2.90132528 0.7815
2.93551441 0.8563
2.93508917 0.9501
2.93309993 0.9598
2.93682650 0.9516
2.93583820 0.9312
2.92893739 0.9287
2.92163917 0.9393
2.91553621 0.9443
2.91139027 0.9338
2.90195894 0.9074
2.88878514 0.8800
2.87619600 0.8609
2.88069314 0.8548
2.89831042 0.8690
2.90769647 0.8866
2.90238129 0.8918
2.89579767 0.8937
2.89487996 0.9044
2.89668857 0.9173
2.89439963 0.9265
2.88876840 0.9333
2.88098064 0.9389
2.88180688 0.9418
2.88784946 0.9487
2.89784938 0.9558
2.90359082 0.9725
2.89968440 0.9788
2.89152361 0.9531
2.89033685 0.9597
2.88857231 0.9685
2.88423618 0.9747
2.88219692 0.9633
2.88945602 0.9119
2.90354384 0.7079
2.90613373 0.6857
2.91699313 0.7003
2.92935427 0.9656
2.90669502 1.0100
2.87815717 1.0173
2.85850212 1.0207
2.85243509 1.0163
2.85964958 0.9974
2.88566143 0.9735
2.92050780 0.9622
2.94773645 0.9533
2.96208694 0.9371
2.97329375 0.9852
2.95803369 1.0145
2.93298384 1.0145
2.91639277 1.0132
2.90642845 0.9950
2.90024247 0.9635
2.90282251 0.9211
2.91592011 0.9004
2.90862875 0.8298
2.89910705 0.7856
2.89945087 0.8136
2.89021065 0.9457
2.87946582 0.9829
2.87647284 0.9983
2.88410772 1.0189
2.88747979 1.0356
2.88378202 1.0309
2.88088533 1.0105
2.88112737 0.9930
2.88218452 0.9975
2.87793805 1.0319
2.86346441 1.0600
2.84619152 1.0602
2.83663960 1.0503
2.83339641 1.0402
2.83980426 1.0382
2.85488637 1.0375
2.87815709 1.0293
2.90624508 1.0292
2.89885652 0.7749
2.85907727 0.6697
2.82756055 0.6494
2.81256144 0.6891
2.81750138 0.7397
2.83642115 0.7446
2.85997994 0.7107
2.88355028 0.6801
2.89774150 0.6655
2.89305666 0.7961
2.88361152 0.8522
2.88751984 0.8623
2.90152339 0.9038
2.88870879 0.9822
2.86113921 0.9881
2.84458145 0.9882
2.83611071 0.9795
2.83125044 0.9610
2.83021419 0.9424
2.83005415 0.9252
2.82410336 0.9048
2.81448017 0.9073
2.80483690 0.9479
2.79155961 0.9874
2.77881016 1.0121
2.77939416 1.0323
2.79935680 1.0446
2.83671969 1.0439
2.87933871 1.0234
2.91004295 0.8520
2.91139106 0.8856
2.90322487 0.9960
2.88502710 1.0790
2.86014011 1.0953
2.83680908 1.0846
2.81722274 1.0742
2.80867691 1.0647
2.81653570 1.0433
2.83922376 0.9597
2.85859977 0.7795
2.87210271 0.7241
2.88753053 0.8487
2.88787332 1.0203
2.87909966 1.0319
2.87036252 1.0241
2.86459376 1.0152
2.86770355 1.0103
2.88624509 1.0037
2.92655158 0.9829
2.97091525 0.8623
2.98579791 0.7786
2.99669259 0.7900
2.99789597 0.8997
2.96298018 0.9457
2.92361749 0.9478
2.89274502 0.9462
2.87192390 0.9425
2.86414070 0.9315
2.87141189 0.9091
2.89267980 0.8831
2.91693166 0.8817
2.91753408 0.8702
2.89296034 0.8552
2.87105044 0.8430
2.87211202 0.8432
2.88849181 0.8752
2.89562485 0.9252
2.88099211 0.9418
2.85911106 0.9365
2.84972824 0.9265
2.85587185 0.9300
2.86283089 0.9520
2.85705423 0.9781
2.84805740 1.0012
2.84103152 1.0055
2.83997314 0.9961
2.84433372 0.9911
2.85786492 0.9922
2.88074273 0.9908
2.91065947 0.9773
2.94202847 0.9699
2.95339448 0.9499
2.95276927 0.9497
2.94745789 0.9939
2.93284839 1.0308
2.92114978 1.0385
2.91455784 1.0298
2.91267111 1.0160
2.91768864 0.9923
2.92463392 0.9486
2.92672662 0.8932
2.92191316 0.8596
2.91114232 0.8502
2.88972933 0.8355
2.86437257 0.8152
2.84886374 0.7868
2.84819930 0.7561
2.85146273 0.7068
2.85298006 0.6672
2.85277445 0.6866
2.85810586 0.7463
2.85540297 0.8891
2.83865098 0.9193
2.81823911 0.9240
2.79839566 0.9212
2.78614567 0.9058
2.78405333 0.8812
2.79508349 0.8525
2.81982671 0.8167
2.85432306 0.7637
2.89830966 0.7326
2.93907308 0.8795
2.94483895 1.0126
2.93639455 1.0076
2.92007304 1.0017
2.90114774 0.9939
2.88472713 0.9840
2.87558038 0.9699
2.86628738 0.9453
2.85180337 0.9183
2.83205297 0.9003
2.81868341 0.9076
2.80880072 0.9033
2.80392426 0.8851
2.80683901 0.8779
2.82135056 0.8793
2.83982194 0.8853
2.86105925 0.8933
2.89267915 0.8960
2.93683251 0.9012
2.98842318 0.8750
3.00603713 0.8089
3.02551903 0.8211
3.03944597 0.8578
3.03548832 0.8955
3.02526328 0.9084
3.00961208 0.8986
2.98144902 0.8796
2.94919456 0.8608
2.92428199 0.8507
2.91894964 0.8488
2.92914692 0.8580
2.94186733 0.8748
2.94229095 0.9002
2.93233739 0.9335
2.92645043 0.9565
2.91756669 0.9437
2.89933409 0.8658
2.87356650 0.7908
2.85707555 0.7381
2.86653867 0.6966
2.91024796 0.6684
2.97228953 0.7934
2.98439173 0.9843
2.97013199 0.9908
2.94451415 0.9920
2.91556765 0.9866
2.88746365 0.9769
2.85899773 0.9662
2.83560816 0.9531
2.82862870 0.9283
2.83685913 0.8903
2.84229167 0.8543
2.83879998 0.8316
2.83377518 0.8380
2.83758787 0.8649
2.84994810 0.9006
2.86154714 0.9300
2.86444381 0.9584
2.85574916 0.9830
2.84583025 0.9986
2.84892690 1.0004
2.86934457 0.9830
2.89697665 0.9502
2.91983317 0.9194
2.93094482 0.9067
2.93125565 0.9261
2.92231211 0.9565
2.90793940 0.9715
2.89265101 0.9797
2.87701763 0.9844
2.86618854 0.9802
2.86005614 0.9685
2.85759747 0.9491
2.85374959 0.9248
2.84254830 0.8972
2.82124097 0.8757
2.79415096 0.8684
2.78110577 0.8821
2.78530916 0.9004
2.78763250 0.8702
2.78565356 0.8327
2.79782463 0.8188
2.82442027 0.8106
2.83933450 0.7901
2.82840934 0.7662
2.80483917 0.7436
2.78761905 0.7280
2.78655389 0.7204
2.79131261 0.7298
2.79059689 0.7515
2.79458110 0.7910
2.81241893 0.8429
2.84122412 0.8712
2.88011222 0.8641
2.92125322 0.8482
2.94883076 0.8440
2.95026085 0.8586
2.93514334 0.8799
2.92100716 0.8806
2.91382280 0.8485
2.90697104 0.8045
2.89685407 0.7847
2.89179196 0.7999
2.89905375 0.8243
2.90914601 0.8307
2.90942127 0.8268
2.89302203 0.8313
2.85859326 0.8421
2.81594286 0.8440
2.78238708 0.8341
2.76161250 0.8210
2.75204221 0.8124
2.74796822 0.8043
2.75145311 0.7932
2.76763246 0.7785
2.79429111 0.7710
2.81567663 0.7802
2.81952825 0.7978
2.80944074 0.8116
2.79497880 0.8191
2.78774737 0.8289
2.78595847 0.8322
2.78508836 0.8215
2.78459175 0.7970
2.78411012 0.7742
2.78630384 0.7567
2.78944024 0.7449
2.79009191 0.7480
2.78457610 0.7726
2.78111818 0.8118
2.78437602 0.8503
2.79756956 0.8797
2.81458980 0.8941
2.82871035 0.8982
2.84085541 0.8980
2.84553599 0.8953
2.84729755 0.8873
2.84211084 0.8685
2.82938453 0.8395
2.80819704 0.8162
2.78712675 0.8155
2.77330221 0.8375
2.76989832 0.8635
2.76224437 0.8770
2.75259867 0.8786
2.74700077 0.8731
2.74415763 0.8516
2.73337498 0.8027
2.71209559 0.7675
2.68909578 0.7656
2.67132725 0.7799
2.66561607 0.7892
2.68029217 0.7943
2.70494647 0.7991
2.72145417 0.8014
2.72160872 0.8016
2.72131710 0.7996
2.73007221 0.8011
2.73755597 0.8105
2.73739002 0.8204
2.73149439 0.8223
2.72686878 0.8181
2.73319396 0.8061
2.75597416 0.7949
2.77758558 0.7877
2.78621878 0.7874
2.77774338 0.7962
2.77976773 0.8109
2.79870923 0.8235
2.83135698 0.8313
2.85893812 0.8434
2.87481160 0.8623
2.88073206 0.8820
2.89359190 0.8929
2.91624830 0.8957
2.94281776 0.9048
2.95799327 0.9188
2.96054706 0.9301
2.95823264 0.9293
2.95605179 0.9145
2.95151247 0.8892
2.94208566 0.8736
2.92957822 0.9079
2.90956780 0.9522
2.89081735 0.9633
2.87873594 0.9516
2.86935718 0.9394
2.86012645 0.9360
2.85000520 0.9294
2.84546755 0.9151
2.84884152 0.9095
2.85031070 0.9210
2.84578215 0.9320
2.83528878 0.9361
2.82920485 0.9341
2.83956339 0.9336
2.86622399 0.9357
2.89943614 0.9386
2.91681996 0.9371
2.91208870 0.9262
2.90454300 0.9162
2.90270523 0.9156
2.90292862 0.9238
2.89572583 0.9341
2.88711505 0.9347
2.88623579 0.9305
2.89577472 0.9333
2.90278437 0.9399
2.89760871 0.9281
2.87815478 0.9154
2.85581602 0.9314
2.84077573 0.9585
2.83467571 0.9924
2.83707386 1.0096
2.84808713 1.0040
2.83070775 0.6512
2.78930958 0.6267
2.76169738 0.6150
2.75451485 0.6039
2.77707833 0.6012
2.81573350 0.6587
2.83620567 0.8174
2.83219363 0.9070
2.82081439 0.9417
2.81558478 0.9334
2.82631378 0.8772
2.82088420 0.6282
2.80785001 0.6914
2.82368921 0.7457
2.85788113 0.7846
2.90143700 0.7993
2.94190319 0.7871
2.96833295 0.7897
2.97234858 0.8069
2.95683894 0.8005
2.92442458 0.7605
2.89211942 0.7525
2.87103624 0.7833
2.87061417 0.8333
2.88908026 0.8856
2.91077068 0.9241
2.92791060 0.9367
2.93827206 0.9198
2.92022304 0.8574
2.88026580 0.8418
2.85114877 0.8546
2.84221035 0.8720
2.85175038 0.8930
2.85581590 0.8987
2.85593763 0.8983
2.86115472 0.8996
2.86712605 0.8891
2.87263478 0.8760
2.87265420 0.8734
2.86495810 0.8864
2.84822331 0.9026
2.82861394 0.9151
2.81190087 0.9177
2.80268803 0.9116
2.80127249 0.9061
2.80727968 0.8960
2.81917611 0.8804
2.83275458 0.8634
2.84815848 0.8548
2.86731824 0.8608
2.88659159 0.8748
2.89038125 0.8798
2.86667707 0.8451
2.82929028 0.8012
2.80597795 0.7667
2.80339492 0.7438
2.82435450 0.7278
2.86059700 0.7189
2.90534140 0.7300
2.93973622 0.7742
2.95752692 0.8255
2.95923122 0.8454
2.95285562 0.8403
2.94595832 0.8314
2.94116375 0.8202
2.94321374 0.7995
2.94915677 0.7684
2.95615953 0.7457
2.96751781 0.7501
2.97404830 0.7876
2.96556374 0.8471
2.94329248 0.8754
2.90720250 0.8570
2.87433945 0.8315
2.84822385 0.8227
2.82727554 0.8287
2.81315774 0.8358
2.80492329 0.8355
2.80176970 0.8342
2.80614826 0.8369
2.82255044 0.8357
2.84960621 0.8305
2.87984432 0.8356
2.90595497 0.8584
2.93349929 0.8679
2.94259043 0.7982
2.92499245 0.8051
2.90166723 0.8366
2.89088760 0.8650
2.89547630 0.8906
2.91025513 0.9090
2.92867617 0.9062
2.92082655 0.8464
2.89718115 0.8611
2.89877948 0.8912
2.92687128 0.9211
2.96523875 0.9354
3.00037748 0.9145
3.01329550 0.8565
2.99911983 0.9095
2.99778480 0.9457
3.00141949 0.9747
2.98909378 0.9722
2.96098299 0.9526
2.93628762 0.9486
2.92323720 0.9602
2.91486077 0.9707
2.90395935 0.9712
2.88976032 0.9574
2.87792149 0.9530
2.87900232 0.9632
2.89180184 0.9733
2.89979133 0.9570
2.89924622 0.9121
2.89903930 0.8818
2.90376160 0.8888
2.90721426 0.8855
2.90739647 0.8806
2.89932485 0.8824
2.88176904 0.8882
2.86673622 0.8983
2.86255657 0.9038
2.86604469 0.9017
2.86270266 0.8916
2.85654493 0.8815
2.86269843 0.8738
2.88593978 0.8682
2.91944023 0.8674
2.94387108 0.8799
2.95445271 0.8959
2.96485396 0.9090
2.97675048 0.9221
2.97737375 0.9355
2.95777977 0.9160
2.93360437 0.9080
2.91677598 0.9034
2.91310933 0.9013
2.91114465 0.9132
2.90737003 0.9275
2.91407352 0.9250
2.92428454 0.8950
2.93327898 0.8327
2.93210368 0.7869
2.92014619 0.7828
2.91822119 0.7865
2.93572772 0.8316
2.95875114 0.9825
2.97083770 1.0406
2.97666308 1.0319
2.96886258 1.0061
2.95801442 0.9825
2.95440448 0.9617
2.95561392 0.9455
2.95426589 0.9367
2.94434379 0.9332
2.92089711 0.9348
2.89128954 0.9350
2.86578627 0.9285
2.86224389 0.9132
2.89086682 0.8772
2.93333353 0.8289
2.94501202 0.8669
2.94469225 0.9012
2.94337515 0.9195
2.93852838 0.9245
2.94449729 0.9146
2.98083701 0.8841
2.97715694 0.8727
2.95572028 0.9349
2.95445109 0.9799
2.96037318 0.9859
2.96749853 0.9462
2.96354318 0.8767
2.94184374 0.8400
2.91310979 0.8463
2.89769531 0.8538
2.89852467 0.8666
2.90293502 0.9339
2.89146100 1.0145
2.88112684 1.0529
2.88402706 1.0542
2.89333645 1.0288
2.90793974 1.0074
2.91649546 1.0074
2.91129685 1.0191
2.89220862 1.0083
2.87134423 0.9965
2.85282147 0.9801
2.83922706 0.9584
2.83687216 0.9352
2.84058653 0.8545
2.83408743 0.7225
2.82737951 0.6527
2.83728224 0.6244
2.85661602 0.8077
2.85311122 1.0208
2.83271288 1.0642
2.80690691 1.0763
2.78665602 1.0696
2.78684046 1.0419
2.80446529 0.9313
2.78401536 0.6157
2.73956957 0.5506
2.72099324 0.5407
2.73832137 0.5416
2.78466051 0.5840
2.82791444 0.8434
2.83331928 1.0167
2.83070621 1.0611
2.83443029 1.0577
2.84447615 1.0117
2.85326405 0.8735
2.83800682 0.6555
2.81738479 0.6296
2.81625448 0.6364
2.83287878 0.6400
2.85847435 0.7427
2.86166080 1.0228
2.85420308 1.0548
2.85510653 1.0598
2.86077547 1.0478
2.87042785 1.0266
2.88005553 1.0122
2.88940251 1.0060
2.89720243 1.0051
2.90019403 1.0049
2.90945787 1.0100
2.92765456 1.0217
2.94419746 1.0355
2.95673123 1.0414
2.97174351 1.0336
2.98775038 0.9991
2.98105491 0.8605
2.94931925 0.7818
2.93187678 0.8108
2.92539482 0.9140
2.89049235 0.9936
2.84949101 1.0281
2.83056242 1.0636
2.83176066 1.0832
2.84232691 1.0838
2.85725460 1.0755
2.87287225 1.0669
2.88636631 1.0395
2.89253696 0.9758
2.90109962 0.9771
2.89697771 0.9868
2.86795362 0.9647
2.83643254 0.9403
2.82389974 0.9241
2.83404744 0.9108
2.85372874 0.9135
2.85627701 0.9208
2.83116473 0.8898
2.81324255 0.8601
2.82432049 0.8336
2.85900525 0.8226
2.88575540 0.9919
2.88631414 0.9597
2.88557982 0.9424
2.88004554 0.9276
2.87297480 0.9332
2.85565125 0.9490
2.82780841 0.9434
2.80813968 0.9672
2.79479448 1.0143
2.78447943 1.0434
2.78745682 1.0608
2.80515713 1.0651
2.82390601 1.0416
2.84171345 0.9988
2.85640849 0.9651
2.85009555 0.8260
2.83791052 0.7863
2.83979781 0.7572
2.84462075 0.8281
2.84316659 0.9267
2.84524064 0.9821
2.85669105 1.0135
2.86936190 1.0230
2.88233459 1.0113
2.89927007 0.9935
2.92500529 0.9871
2.90836972 0.8924
2.90858655 0.9119
2.92505234 0.9239
2.93259315 0.9369
2.91472984 0.9474
2.89765204 0.9626
2.89352611 0.9806
2.90451122 0.9870
2.91930000 0.9553
2.92402172 0.8825
2.91561869 0.8397
2.91495654 0.8460
2.93597330 0.8686
2.96123858 0.9193
2.95847405 0.9575
2.94586832 0.9441
2.94436203 0.9392
2.95058755 0.9525
2.95920939 0.9753
2.95266954 0.9494
2.93454324 0.8878
2.93615210 0.8788
2.96344392 0.9342
2.98296934 0.9900
2.98620037 0.9892
2.97724469 0.9759
2.96538360 0.9613
2.95835358 0.9505
2.96096885 0.9515
2.97175175 0.9565
2.98124722 0.9601
2.98273790 0.9641
2.97530634 1.0058
2.95856591 1.0193
2.94241703 1.0139
2.93287365 1.0036
2.93185320 0.9909
2.93176856 0.8683
2.90483433 0.7676
2.88490766 0.7719
2.87521025 0.7655
2.87625510 0.7459
2.89002793 0.7146
2.88032911 0.9614
2.84816390 0.9643
2.82732638 0.9583
2.82079425 0.9567
2.82797371 0.9589
2.84561179 0.9583
2.86492413 0.9510
2.88531563 0.9438
2.89993648 0.9481
2.90631191 0.9690
2.90867487 0.9897
2.91331760 0.9999
2.92071066 1.0069
2.92941080 1.0082
2.93825615 1.0134
2.89384450 0.8108
2.86085190 0.8331
2.84537197 0.8349
2.85590598 0.8190
2.88729071 0.7958
2.88806854 0.9460
2.88598011 0.9738
2.89138518 0.9808
2.89370553 0.9661
2.88176494 0.9154
2.86130926 0.8462
2.84642839 0.7789
2.84376592 0.7521
2.85573468 0.7430
2.88754956 0.7277
2.89301600 0.9694
2.88700066 0.9803
2.89256482 0.9694
2.91315180 0.9560
2.93569084 0.9491
2.95077745 0.9444
2.95101938 0.9318
2.93694933 0.8096
2.90815490 0.8120
2.89965977 0.8122
2.89380198 0.9017
2.87054075 0.8919
2.85365010 0.8779
2.85206116 0.8740
2.86604132 0.8759
2.88757603 0.8832
2.91374093 0.8894
2.93866454 0.8973
2.95827502 0.9127
2.96344279 0.9266
2.95664675 0.9410
2.94217200 0.9451
2.92396159 0.9340
2.91693341 0.9123
2.91930712 0.8939
2.92215316 0.8788
2.91587736 0.8512
2.90636445 0.8367
2.89978103 0.8256
2.90035595 0.8256
2.91454353 0.8438
2.94034819 0.8926
2.96540216 0.9351
2.99490370 0.9473
3.02797071 0.9364
3.04107449 0.8747
3.04652447 0.9033
3.03764028 0.9017
3.02012000 0.9000
3.00068489 0.8963
2.98365375 0.8869
2.96899050 0.8787
2.95172739 0.8644
2.93726525 0.8452
2.93214207 0.8239
2.94032073 0.8148
2.94315018 0.8361
2.93345781 0.8486
2.92483760 0.8547
2.92001022 0.8578
2.92734855 0.8554
2.94201300 0.8536
2.95427419 0.8527
2.95859621 0.8354
2.95797304 0.8168
2.94909440 0.8326
2.94654445 0.8570
2.95032501 0.8678
2.95908202 0.8641
2.96905938 0.8510
2.97629258 0.8389
2.95461337 0.9206
2.92157947 0.9361
2.89941469 0.9256
2.89030281 0.8939
2.89299725 0.8512
2.89528300 0.8120
2.89044481 0.8274
2.89224277 0.8310
2.89636015 0.8360
2.88435199 0.8587
2.86363610 0.8860
2.84559565 0.9142
2.83739420 0.9385
2.84215535 0.9549
2.85479177 0.9610
2.86272205 0.9391
2.83813251 0.8594
2.81362724 0.8453
2.80745912 0.8351
2.81352734 0.8424
2.81793216 0.8751
2.81325343 0.9116
2.81081193 0.9352
2.81706425 0.9460
2.83127174 0.9529
2.84823802 0.9573
2.86575042 0.9666
2.88391045 0.9726
2.90157610 0.9711
2.91395628 0.9466
2.90719643 0.9173
2.88398660 0.9138
2.85800260 0.9259
2.84563714 0.9325
2.86186170 0.9322
2.89062694 0.9292
2.91819597 0.9320
2.93344139 0.9326
2.93662904 0.9252
2.93849255 0.9216
2.94676050 0.9181
2.95804372 0.9196
2.96294060 0.9185
2.94773576 0.9015
2.93383109 0.8890
2.93163003 0.8822
2.93560865 0.8759
2.93997835 0.8650
2.94369562 0.8687
2.95063811 0.8930
2.95753851 0.9243
2.96120807 0.9443
2.95267838 0.9051
2.93947044 0.8407
2.93354329 0.8179
2.92803520 0.8625
2.92780995 0.8927
2.94250052 0.8881
2.96628617 0.8561
2.99037690 0.8202
2.98963725 0.9232
2.97203637 0.9430
2.95307949 0.9314
2.93453558 0.9134
2.92541966 0.8885
2.93344875 0.8014
2.92135821 0.8255
2.91741118 0.8589
2.92457820 0.8902
2.92594711 0.9227
2.91278350 0.9479
2.90279274 0.9735
2.90720622 0.9832
2.92247959 0.9820
2.93693919 0.9570
2.93647942 0.8280
2.92388972 0.8431
2.92285505 0.8700
2.93070385 0.8957
2.93214116 0.9165
2.91732259 0.9294
2.88866706 0.9444
2.86344300 0.9566
2.85828767 0.9490
2.86411406 0.9246
2.83105383 0.8842
2.80947562 0.8913
2.80860914 0.9008
2.81935165 0.9057
2.83356933 0.8906
2.84630178 0.8623
2.83699396 0.8583
2.81899772 0.8879
2.81881954 0.9061
2.83836513 0.9203
2.86567687 0.9494
2.87466996 0.9414
2.88153735 0.9005
2.90343335 0.8556
2.92769826 0.8983
2.93593041 0.9452
2.93808865 0.9557
2.93466247 0.9537
2.93350066 0.9457
2.93707168 0.9226
2.93281787 0.8547
2.91575920 0.8736
2.91510353 0.8994
2.92543532 0.9225
2.93986476 0.9514
2.94441693 0.9697
2.93566465 0.9720
2.92040472 0.9740
2.89806573 0.9702
2.87450052 0.9569
2.84938909 0.9373
2.82626588 0.9206
2.81409039 0.9085
2.81657224 0.9047
2.82906031 0.9006
2.84740718 0.8887
2.86405174 0.8794
2.87373783 0.8759
2.87750358 0.8707
2.87967534 0.9001
2.87728697 0.9464
2.87492611 0.9697
2.87282747 0.9816
2.86946379 0.9817
2.86285660 0.9533
2.85427396 0.9156
2.84768381 0.8961
2.84469410 0.8933
2.84934737 0.8982
2.86267872 0.9018
2.86737824 0.9050
2.86589460 0.9160
2.86790239 0.9343
2.88262594 0.9580
2.89631917 0.9632
2.89967448 0.9550
2.90679602 0.9393
2.91815486 0.9317
2.92646794 0.9261
2.92501540 0.9128
2.90657690 0.8815
2.88261649 0.8699
2.87321920 0.8756
2.88373824 0.8798
2.90678714 0.8650
2.92621885 0.7763
2.92132384 0.8042
2.92319978 0.8221
2.93392860 0.8395
2.94650502 0.8511
2.95718455 0.8690
2.95675648 0.9149
2.94418471 0.9455
2.93123885 0.9590
2.91958286 0.9615
2.91089851 0.9489
2.90945297 0.9202
2.90716181 0.8802
2.89605740 0.8721
2.88759542 0.8728
2.88207137 0.8636
2.87911267 0.8483
2.88245984 0.8386
2.89680118 0.8360
2.91377325 0.8478
2.92639415 0.8769
2.92573947 0.9118
2.92107541 0.9153
2.91674355 0.8941
2.91189118 0.8871
2.91271975 0.8967
2.91674485 0.9005
2.91738526 0.8925
2.92046127 0.8611
2.93148328 0.7967
2.95281389 0.6999
2.95930939 0.9415
2.95976621 0.9963
2.96423914 1.0262
2.96932287 1.0245
2.96859306 1.0103
2.96198616 0.9992
2.94932303 0.9939
2.93419225 0.9884
2.92255639 0.9844
2.91877994 0.9696
2.92044256 0.9566
2.91873390 0.9231
2.90797088 0.8888
2.89075391 0.8649
2.87497696 0.8650
2.86105926 0.8787
2.84374583 0.9156
2.82222436 0.9464
2.80608095 0.9717
2.80357116 0.9790
2.81422442 0.9653
2.83694153 0.9185
2.85301530 0.8194
2.85298420 0.7943
2.86002356 0.8236
2.87999036 0.8942
2.89412031 0.9971
2.89286737 1.0434
2.89298779 1.0782
2.90101226 1.0962
2.91649112 1.0865
2.93443489 1.0582
2.94339924 0.9399
2.91599421 0.8452
2.88360616 0.8754
2.87272913 0.9176
2.88150465 0.9464
2.89702320 0.9742
2.90211172 1.0033
2.89435036 1.0314
2.88158675 1.0389
2.87369483 1.0199
2.87589566 0.9769
2.87317632 0.8946
2.85829640 0.8531
2.83797938 0.8668
2.82656213 0.8998
2.83240344 0.9273
2.84902154 0.9471
2.86444926 0.9498
2.87458034 0.9330
2.88536241 0.9115
2.90080106 0.8732
2.91565107 0.7718
2.92468161 0.6955
2.93742029 0.7039
2.95618850 0.7773
2.95072033 0.9313
2.93870092 0.9425
2.92535286 0.9389
2.91535231 0.9443
2.90764813 0.9601
2.91493518 0.9767
2.93947662 0.9552
2.95438392 0.7712
2.95106325 0.7050
2.95358942 0.7233
2.95226517 0.8000
2.93736396 0.9028
2.92270588 0.9245
2.91426404 0.9379
2.90304137 0.9552
2.88958875 0.9590
2.88038470 0.9552
2.87872861 0.9366
2.87466132 0.9115
2.86716187 0.8962
2.85726650 0.8915
2.85460591 0.8861
2.86578103 0.8715
2.88814034 0.8459
2.91147538 0.8364
2.92066071 0.8512
2.90837672 0.8127
2.91714302 0.7873
2.94722397 0.7721
2.97355314 0.8466
2.97179278 0.9652
2.96086655 0.9921
2.95623657 0.9879
2.96076868 0.9255
2.94505504 0.7823
2.92848914 0.8080
2.91623949 0.8190
2.90442615 0.8334
2.89412186 0.8434
2.89463335 0.8567
2.89354011 0.8902
2.88363530 0.9140
2.87461611 0.9175
2.87744987 0.9192
2.88343409 0.9117
2.87834380 0.8885
2.87649832 0.9026
2.88135825 0.9281
2.89243895 0.9437
2.90787133 0.9437
2.92923470 0.9333
2.93680952 0.8823
2.91363922 0.8534
2.90610554 0.8540
2.91729941 0.8640
2.93260881 0.8849
2.94078348 0.9045
2.93553338 0.9214
2.91166539 0.9325
2.88686628 0.9367
2.87822123 0.9375
2.88942130 0.9422
2.90892226 0.9492
2.92926359 0.9476
2.94346801 0.9297
2.95285408 0.8991
2.95101220 0.8365
2.94175631 0.8098
2.93337207 0.8261
2.92815716 0.8564
2.92099823 0.8765
2.91587015 0.8886
2.91914574 0.9048
2.92695995 0.9297
2.93176236 0.9517
2.93357929 0.9639
2.93543776 0.9618
2.93886821 0.9552
2.94871489 0.9460
2.96492830 0.9314
2.97866070 0.9248
2.98392373 0.9244
2.97844138 0.9217
2.96783545 0.9223
2.95544497 0.9321
2.93072473 0.9492
2.88860579 0.9585
2.85397824 0.9579
2.84239783 0.9543
2.84724726 0.9364
2.86014190 0.8772
2.84433766 0.8309
2.81750672 0.8447
2.79533316 0.8539
2.79075575 0.8703
2.80985429 0.9000
2.83706291 0.9281
2.85325837 0.9329
2.85551960 0.9208
2.85203384 0.9056
2.84674202 0.8874
2.83525980 0.8622
2.82290377 0.8577
2.82120685 0.8584
2.82287499 0.8668
2.82716739 0.8906
2.83451984 0.9234
2.83973009 0.9419
2.84414794 0.9391
2.85016827 0.9264
2.85866704 0.9182
2.86869471 0.9113
2.88700635 0.8928
2.90938817 0.8693
2.92623873 0.8940
2.91938639 0.9485
2.89989472 0.9637
2.88072743 0.9597
2.86976538 0.9447
2.87228532 0.9292
2.87350568 0.9125
2.85547433 0.8824
2.83326949 0.8537
2.83205435 0.8401
2.85543326 0.8470
2.88166933 0.9010
2.87704222 0.9257
2.85982190 0.9190
2.85087754 0.9096
2.85233458 0.8952
2.87014639 0.8746
2.89988631 0.8583
2.93005320 0.9049
2.92622608 0.9184
2.92395608 0.9012
2.93444255 0.9004
2.95003419 0.9185
2.96211455 0.9333
2.96903632 0.9197
2.96724233 0.8858
2.96405500 0.8633
2.96302560 0.8696
2.96499786 0.9478
2.95578001 0.9769
2.94592714 0.9617
2.94264089 0.9440
2.94828816 0.9364
2.96431686 0.9273
2.98142564 0.9071
2.99347114 0.8662
2.98623320 0.8215
2.97381971 0.7871
2.96746082 0.7876
2.95838770 0.9916
2.94266474 0.9996
2.93127698 0.9827
2.92046984 0.9742
2.91229278 0.9694
2.91103654 0.9604
2.91942568 0.9417
2.91747416 0.8216
2.91308767 0.8361
2.91395539 0.8639
2.91360820 0.9120
2.91364474 0.9956
2.90253708 0.9912
2.87825948 0.9351
2.84742743 0.9249
2.82500088 0.9385
2.81637002 0.9524
2.81829091 0.9546
2.82549135 0.9415
2.83123393 0.9166
2.83076746 0.8921
2.82267475 0.8824
2.81246986 0.8934
2.80941999 0.9163
2.81654767 0.9421
2.83063621 0.9596
2.84850949 0.9690
2.86640461 0.9834
2.87803722 0.9953
2.88107144 0.9950
2.87235004 0.9793
2.85639801 0.9563
2.84286676 0.9341
2.83421135 0.9161
2.82697050 0.8929
2.82153916 0.8580
2.82828717 0.8267
2.85496689 0.8168
2.88814599 0.9039
2.88734916 0.9485
2.89129249 0.9453
2.90895546 0.9320
2.93511522 0.9428
2.94915114 0.9870
2.94381158 1.0040
2.92952991 0.9813
2.91291230 0.9236
2.90831119 0.8539
2.91761814 0.8445
2.90966048 0.9320
2.89572774 0.9853
2.88597024 1.0084
2.88959061 0.9930
2.90410181 0.9367
2.89298318 0.8701
2.87325689 0.8734
2.87454713 0.8793
2.89138355 0.8650
2.91699376 0.8358
2.95418997 0.8170
2.97208814 0.9762
2.96279293 1.0259
2.95488166 1.0364
2.95176705 1.0290
2.95808044 1.0176
2.97171827 1.0003
2.98198937 0.8711
2.94967090 0.7865
2.94682280 0.8047
2.96895938 0.8095
2.99025671 0.9225
2.96140972 0.9696
2.93628517 0.9974
2.92214533 1.0074
2.91962300 1.0074
2.92616901 1.0034
2.93627858 0.9816
2.94805847 0.9298
2.96155782 0.8463
2.96484417 0.7952
2.95868525 0.8067
2.94726199 0.8151
2.93876753 0.8153
2.93425191 0.8000
2.92739523 0.7668
2.91011078 0.7318
2.89442680 0.7233
2.89668554 0.7445
2.91181747 0.7781
2.92662819 0.8046
2.93928115 0.8191
2.94637823 0.8373
2.94728972 0.8686
2.94545636 0.9071
2.94920466 0.9387
2.95684793 0.9251
2.95415064 0.8016
2.94701112 0.7911
2.94553736 0.8601
2.93801081 0.8904
2.92682679 0.8906
2.91939915 0.8771
2.91491471 0.8573
2.91236908 0.8403
2.91017533 0.8469
2.91315357 0.8789
2.91673619 0.9195
2.92175082 0.9296
2.91839993 0.9296
2.91162351 0.9321
2.90540912 0.9372
2.90367562 0.9482
2.90614070 0.9494
2.91154699 0.9437
2.91330183 0.9616
2.90991953 0.9871
2.90625150 0.9916
2.91077312 0.9873
2.91303020 1.0100
2.89941325 1.0139
2.88013492 1.0041
2.87449924 0.9987
2.88204678 0.9716
2.87848680 0.8357
2.86321870 0.8266
2.85742550 0.8408
2.85660783 0.8487
2.86228531 0.8551
2.87314225 0.8665
2.89197525 0.8902
2.89733905 0.9278
2.89360624 0.9415
2.90263464 0.9577
2.92832722 0.9579
2.96989810 0.9314
3.00750609 0.8523
3.00790926 0.8964
3.01501424 0.9054
3.01830811 0.8930
3.01019343 0.8602
3.00166872 0.8162
3.00187160 0.8218
2.98855991 0.9736
2.97966361 1.0190
2.98299789 1.0326
2.99318005 1.0220
3.00434742 0.9428
2.95210048 0.7469
2.91589428 0.7649
2.90614347 0.7798
2.90919576 0.7870
2.91101065 0.8058
2.89439749 0.8898
2.87025827 0.9450
2.86394585 0.9884
2.88255191 1.0130
2.91013402 1.0182
2.93429508 1.0053
2.94751057 0.9694
2.95452362 0.9163
2.95702983 0.8333
2.95710931 0.7799
2.94778862 0.7957
2.94104966 0.8347
2.94326547 0.8748
2.95428216 0.9032
2.96064251 0.8976
2.95741179 0.9022
2.94983886 0.9160
2.94276799 0.9248
2.93469484 0.9295
2.93315448 0.9367
2.93281705 0.9442
2.92523866 0.9534
2.91635463 0.9688
2.91623993 0.9867
2.92397258 0.9893
2.93665913 0.9683
2.95178810 0.9319
2.97328279 0.8947
2.97157511 0.9131
2.94627961 0.9379
2.92434632 0.9550
2.90518895 0.9561
2.88827219 0.9436
2.87895912 0.9237
2.88633635 0.9133
2.90252863 0.9143
2.88907226 0.8492
2.87966512 0.8288
2.87862959 0.8085
2.88224642 0.7977
2.88464840 0.8075
2.88065022 0.8313
2.87496979 0.8413
2.87150388 0.8458
2.87146809 0.8429
2.87972117 0.8355
2.88981976 0.8824
2.88400048 0.8793
2.87805325 0.8922
2.87477169 0.9119
2.88118238 0.9311
2.89316767 0.9311
2.90164122 0.9132
2.90231925 0.8998
2.89892578 0.9023
2.89596245 0.9109
2.90351444 0.9138
2.92184153 0.9046
2.92571674 0.8643
2.91099912 0.8695
2.89524747 0.8914
2.89194902 0.8982
2.90421921 0.8883
2.92895373 0.8821
2.95500312 0.8944
2.96294571 0.9153
2.97088140 0.9396
2.98452188 0.9546
3.00192720 0.9506
3.01010326 0.9133
3.00005954 0.9003
2.98743404 0.9133
2.98020616 0.9175
2.98288125 0.9150
2.99408512 0.9162
3.00263224 0.9159
3.00393510 0.9082
2.99550060 0.8533
2.98246130 0.8595
2.97912607 0.8939
2.97997395 0.9016
2.98213659 0.8960
2.98653833 0.8804
2.97864695 0.8791
2.96969041 0.8966
2.96591561 0.9152
2.95969103 0.9182
2.95152492 0.9019
2.94767991 0.8781
2.95250411 0.8717
2.96446503 0.8981
2.96764318 0.9385
2.96722465 0.9462
2.97010410 0.9148
2.96902631 0.8701
2.96047099 0.8577
2.94270922 0.8607
2.92609839 0.8638
2.91476730 0.8614
2.90871680 0.8679
2.91270293 0.8872
2.91808637 0.9011
2.92014930 0.8929
2.91283497 0.8487
2.89779653 0.8059
2.88243745 0.8007
2.87464926 0.8253
2.87006204 0.8510
2.86907847 0.8656
2.87045738 0.8810
2.87627356 0.8962
2.88151261 0.9034
2.88727267 0.8910
2.89400200 0.7905
2.89077123 0.7934
2.88692027 0.8147
2.88545880 0.8444
2.89642770 0.8836
2.91550045 0.9556
2.92041215 0.9806
2.91820654 0.9788
2.91768540 0.9714
2.92342209 0.9524
2.93138061 0.9340
2.93386927 0.9320
2.93000796 0.9352
2.92284243 0.9241
2.91922984 0.8960
2.92847503 0.8865
2.92093925 0.9372
2.91754731 0.9405
2.91997968 0.9455
2.92943162 0.9487
2.93562821 0.9407
2.92347270 0.9331
2.90068589 0.9528
2.88072246 0.9707
2.87296809 0.9741
2.87830442 0.9683
2.89861686 0.9630
2.91972685 0.9466
2.92959568 0.9118
2.94420261 0.8917
2.96509387 0.8755
2.98247585 0.8849
2.97274042 0.9210
2.94580741 0.9377
2.92196852 0.9413
2.91030290 0.9414
2.91648376 0.9387
2.93205405 0.9471
2.94529027 0.9538
2.95748898 0.9512
2.97200365 0.9396
2.98626230 0.9250
2.99322606 0.9094
2.98553929 0.8981
2.97139230 0.9100
2.96084769 0.9245
2.95484033 0.9383
2.94562954 0.9388
2.93082598 0.9268
2.92063155 0.9189
2.92429117 0.9159
2.93524868 0.9194
2.94345822 0.9251
2.93827668 0.9328
2.92512353 0.9372
2.90825485 0.9344
2.89783870 0.9270
2.90038754 0.9185
2.90802330 0.9110
2.91235766 0.9102
2.91709797 0.9173
2.92084177 0.9204
2.92339326 0.9155
2.92123236 0.9083
2.91707098 0.8960
2.91133063 0.8772
2.90761026 0.8548
2.89576333 0.8376
2.87711730 0.8310
2.85567082 0.8343
2.83840168 0.8430
2.83067937 0.8528
2.82889819 0.8657
2.83538900 0.8884
2.84497375 0.9165
2.85435201 0.9408
2.85686351 0.9481
2.85629810 0.9369
2.85772758 0.9152
2.86260344 0.8940
2.87478489 0.8705
2.88636648 0.8466
2.89130997 0.8500
2.88482250 0.8773
2.88043632 0.8840
2.87737014 0.8811
2.86790759 0.8731
2.84643090 0.8764
2.83412142 0.8803
2.84135158 0.8849
2.87181362 0.8892
2.90784703 0.8797
2.92527448 0.8611
2.92667283 0.8627
2.91513400 0.8688
2.89497710 0.8708
2.86958388 0.8687
2.85315174 0.8677
2.85430183 0.8729
2.86206258 0.8823
2.87285822 0.8883
2.88291530 0.8713
2.89281219 0.8103
2.88541377 0.8538
2.87519027 0.8745
2.87048299 0.8833
2.87401068 0.8950
2.88444627 0.9062
2.90140647 0.9054
2.91820780 0.8616
2.93059811 0.7803
2.94584523 0.7697
2.96474000 0.7955
2.98467925 0.8408
2.99905031 0.8756
2.99838209 0.8803
2.98366926 0.8858
2.96340309 0.9036
2.94366039 0.9170
2.93443289 0.9299
2.92765787 0.8811
2.91798151 0.8416
2.91809215 0.8358
2.93063209 0.8258
2.95241450 0.8300
2.97012111 0.8405
2.97343039 0.8293
2.96354875 0.8388
2.95260321 0.8585
2.94558963 0.8791
2.93799152 0.8994
2.92339179 0.8602
2.90737798 0.8097
2.90113210 0.8319
2.90466306 0.8832
2.91827457 0.9178
2.93965240 0.9280
2.96173713 0.9261
2.96338308 0.8165
2.93600053 0.8628
2.92065469 0.9207
2.91256513 0.9531
2.91479541 0.9630
2.92489868 0.9565
2.94009437 0.9324
2.94836422 0.8874
2.94433737 0.8401
2.93486127 0.8320
2.91603963 0.8409
2.89870785 0.8611
2.89280315 0.8862
2.89425880 0.9040
2.89940947 0.9120
2.90703661 0.9169
2.91417342 0.9200
2.92015812 0.9154
2.92570420 0.9069
2.91708628 0.9154
2.89818939 0.9191
2.87464362 0.9168
2.85536365 0.9208
2.84875887 0.9350
2.85777742 0.9381
2.87637990 0.8969
2.88870117 0.8376
2.90101848 0.8154
2.91620308 0.8267
2.92754956 0.8646
2.92856877 0.9404
2.90722720 0.9106
2.89021033 0.9042
2.87729485 0.9088
2.87179505 0.9161
2.87735276 0.9264
2.89694576 0.9289
2.92082807 0.9196
2.93710653 0.9117
2.93569305 0.9189
2.92252916 0.9406
2.91154426 0.9640
2.90542601 0.9682
2.89969343 0.9550
2.89616167 0.9331
2.89976902 0.9041
2.90681971 0.8701
2.91279620 0.8521
2.91310874 0.8782
2.89535798 0.9115
2.87592814 0.9342
2.86305278 0.9552
2.85777312 0.9708
2.85774594 0.9687
2.86092165 0.9455
2.87893124 0.9171
2.92188071 0.8920
2.97586436 0.8782
2.99738579 0.8795
2.99402474 0.9010
2.99080657 0.9235
2.99723960 0.9344
3.01508901 0.9478
3.03388067 1.0091
3.02364530 0.9770
2.99990476 0.9376
2.97843482 0.9048
2.96507182 0.8787
2.95525867 0.8759
2.93799592 0.8861
2.91107050 0.9023
2.89164717 0.9340
2.87909318 0.9701
2.86810889 1.0005
2.86140273 1.0170
2.86282099 1.0171
2.87352416 1.0070
2.89462790 0.9868
2.91065750 0.9522
2.91018965 0.8751
2.90111462 0.8417
2.90151372 0.8400
2.90264970 0.8678
2.90474401 0.9314
2.89994003 1.0114
2.89090090 1.0437
2.89444457 1.0244
2.91238382 0.9648
2.93037753 0.8773
2.93998515 0.8497
2.92636277 0.8636
2.89504092 0.8583
2.86545452 0.8678
2.84597314 0.8975
2.83867796 0.9361
2.83984169 0.9649
2.85293711 0.9760
2.87379898 0.9743
2.88466895 0.9514
2.88523290 0.9523
2.89180767 0.9794
2.89699166 0.9961
2.90022939 0.9848
2.89315554 0.9685
2.87890006 0.9713
2.86022981 0.9819
2.85386719 0.9843
2.86443561 0.9783
2.88385953 0.9722
2.88679399 0.9316
2.87492660 0.9260
2.86808771 0.9417
2.86813103 0.9517
2.87076076 0.9465
2.87290339 0.9279
2.87282857 0.9093
2.87248173 0.8935
2.87245440 0.8865
2.87212962 0.8973
2.87035354 0.9134
2.86705410 0.9310
2.87062185 0.9338
2.88168526 0.9216
2.89531380 0.9033
2.90734663 0.8891
2.91769460 0.8774
2.93401122 0.8574
2.95773997 0.8604
2.96523803 0.9986
2.94770118 0.9863
2.92993346 0.9663
2.91727433 0.9483
2.91931046 0.9379
2.93965269 0.9404
2.96286650 0.9529
2.97301074 0.9606
2.96946833 0.9572
2.96862788 0.9467
2.97567773 0.9493
2.98169185 0.9616
2.98002964 0.9752
2.96828569 0.9879
2.95179134 0.9973
2.93819891 1.0045
2.93307945 1.0127
2.93667566 1.0096
2.93453224 0.9509
2.91570212 0.8381
2.89680633 0.8284
2.89381867 0.8607
2.89907135 0.8880
2.90426559 0.8994
2.90489973 0.9036
2.90079876 0.9076
2.89744615 0.9165
2.89855935 0.9284
2.90653524 0.9370
2.91833229 0.9300
2.93489756 0.9384
2.94213169 0.9422
2.94595164 0.9635
2.95445887 0.9837
2.96802732 1.0000
2.97451102 1.0142
2.96873217 1.0306
2.95376410 1.0464
2.94330899 1.0513
2.94019007 0.9708
2.91605381 0.7357
2.91773080 0.7461
2.93787218 0.8569
2.92100792 0.9496
2.89810716 0.9380
2.87823682 0.9290
2.86114373 0.9322
2.85172290 0.9471
2.84625710 0.9603
2.83746931 0.9189
2.82776381 0.8746
2.82975928 0.8740
2.84041633 0.8987
2.85051764 0.9340
2.86040315 0.9702
2.86558504 0.9940
2.86507378 1.0068
2.85774250 1.0144
2.85128056 1.0189
2.84746317 1.0079
2.84816430 0.9578
2.85102039 0.9202
2.86263032 0.9231
2.87532347 0.9395
2.88379699 0.9579
2.88629138 0.9691
2.88702468 0.9723
2.88687394 0.9701
2.88916966 0.9667
2.89137092 0.9544
2.88750728 0.8804
2.88166041 0.8220
2.88694747 0.8166
2.90196835 0.8570
2.91867894 0.9286
2.93952819 0.9840
2.95957231 1.0050
2.97337363 1.0055
2.98026353 0.9753
2.96172876 0.8245
2.94655793 0.8551
2.95225858 0.8697
2.95735231 0.9547
2.94331954 0.9560
2.92515669 0.9641
2.91109177 0.9643
2.90098166 0.9521
2.89764031 0.9366
2.89889799 0.9268
2.90674788 0.9325
2.90667822 0.9527
2.89245998 0.9637
2.88674355 0.9784
2.89708813 0.9910
2.91906038 0.9985
2.95272090 0.9982
2.98613863 0.9907
2.96773242 0.8810
2.92236723 0.8298
2.88548860 0.8201
2.86469266 0.8210
2.86737941 0.8312
2.88561941 0.8738
2.90144996 0.9377
2.90871678 0.9706
2.91471612 0.9798
2.91764591 0.9705
2.91876765 0.9571
2.90997136 0.9463
2.88719070 0.9402
2.86423294 0.9375
2.85631925 0.9459
2.85955914 0.9619
2.86827914 0.9793
2.88325274 0.9938
2.91026575 1.0056
2.94591655 1.0175
2.97807838 1.0273
2.99802317 1.0255
2.99890615 1.0238
2.98193205 1.0357
2.95168052 1.0307
2.91720170 1.0212
2.88392277 1.0100
2.85070242 0.9968
2.82386590 0.9729
2.80753596 0.9298
2.79722216 0.8678
2.78462435 0.8236
2.77078418 0.8260
2.76059872 0.8596
2.75915124 0.8964
2.77363917 0.9372
2.80133918 0.9815
2.83177272 1.0158
2.85227772 1.0317
2.86957920 1.0276
2.88614035 0.9993
2.89028140 0.9298
2.88476904 0.8721
2.88370927 0.8778
2.88668553 0.9320
2.87935659 0.9792
2.86726004 0.9921
2.86340584 0.9951
2.86888269 0.9967
2.87646585 0.9926
2.89168977 0.9730
2.91354808 0.9183
2.91575719 0.7379
2.89915265 0.7108
2.88762111 0.7554
2.86509054 0.8886
2.83765122 0.9502
2.82086614 0.9657
2.82171259 0.9602
2.83002037 0.9383
2.82817604 0.9176
2.81314963 0.9066
2.78882058 0.8944
2.76873045 0.8748
2.76394893 0.8620
2.77404846 0.8623
2.78519593 0.8793
2.79402382 0.8984
2.80667538 0.9133
2.82175524 0.9154
2.82551962 0.8970
2.81377081 0.8641
2.80746088 0.8473
2.81555313 0.8532
2.83746352 0.8818
2.85882907 0.9295
2.86751047 0.9764
2.86575082 1.0076
2.86750158 1.0146
2.88330359 0.9926
2.89851561 0.9399
2.90195955 0.8757
2.89549033 0.8255
2.88951476 0.8017
2.89492845 0.8130
2.91154463 0.8581
2.92383207 0.9199
2.92628371 0.9689
2.92577597 0.9897
2.93501583 0.9905
2.95101822 0.9853
2.96068947 0.9849
2.96043169 0.9901
2.95539789 0.9920
2.94119751 0.9902
2.92371033 0.9853
2.90970654 0.9771
2.89588472 0.9690
2.88125140 0.9633
2.87270204 0.9554
2.87353160 0.9430
2.87495087 0.9276
2.86871199 0.9214
2.85794236 0.9252
2.84721756 0.9360
2.83513959 0.9348
2.83919813 0.9259
2.85271080 0.9299
2.84495159 0.9374
2.81976893 0.9432
2.81310923 0.9464
2.82919501 0.9392
2.85502275 0.9276
2.87158243 0.8332
2.85532304 0.8367
2.84518001 0.8861
2.84823160 0.9296
2.87263861 0.9670
2.90499857 0.9983
2.92573195 1.0176
2.93273252 1.0191
2.93536718 1.0174
2.93638407 1.0186
2.93718470 1.0072
2.92407938 0.9567
2.88665645 0.9155
2.84651016 0.9195
2.82693939 0.9387
2.83507097 0.9603
2.85427796 0.9755
2.86618863 0.9777
2.86816998 0.9731
2.86696031 0.9743
2.86428128 0.9813
2.86007417 0.9811
2.84620678 0.9682
2.82038233 0.9487
2.79480020 0.9255
2.78321080 0.9060
2.78213656 0.8799
2.78616006 0.8460
2.78764618 0.8128
2.78532688 0.8001
2.78239817 0.8494
2.78400237 0.8929
2.79894276 0.9194
2.82573350 0.9349
2.85433151 0.9558
2.88232315 0.9878
2.90394845 1.0078
2.91953369 1.0006
2.93265479 0.9788
2.94155759 0.9609
2.94263342 0.9644
2.93606865 0.9817
2.92930755 1.0003
2.93131377 1.0062
2.93995810 1.0118
2.93795479 1.0297
2.93038201 1.0440
2.93326034 1.0334
2.94909050 1.0106
2.95471746 0.8431
2.92434273 0.7645
2.91331954 0.7153
2.91661763 0.6980
2.91433936 0.8729
2.90991372 0.9394
2.90759069 0.9567
2.90355295 0.9343
2.89771578 0.8469
2.88605272 0.7461
2.87598060 0.7149
2.88045210 0.7282
2.89050872 0.7407
2.90403514 0.7621
2.91444545 0.8569
2.91448204 0.9487
2.90660057 0.9684
2.90162156 0.9604
2.90606394 0.9540
2.91969618 0.9432
2.91873741 0.8998
2.89966905 0.8571
2.89291344 0.8275
2.90366136 0.7818
2.92124175 0.7362
2.93597572 0.7805
2.94351901 0.9058
2.93696524 0.9379
2.92347363 0.8837
2.89838391 0.7871
2.86708795 0.7829
2.85317803 0.8009
2.86635779 0.8150
2.89358025 0.8155
2.90642610 0.9849
2.89566948 0.9945
2.88407035 0.9864
2.87849672 0.9704
2.88253238 0.9509
2.88997051 0.9303
2.89184078 0.9074
2.88422848 0.8911
2.88158270 0.8828
2.86744680 0.8634
2.85587559 0.8519
2.85461388 0.8381
2.86898995 0.8515
2.88773002 0.9024
2.89082086 0.9361
2.88486757 0.9192
2.87860997 0.9013
2.87166269 0.9025
2.85189184 0.8947
2.82739839 0.8909
2.81939062 0.8990
2.83259142 0.9213
2.85292318 0.9483
2.86636656 0.9637
2.85961881 0.9546
2.84476792 0.9108
2.82465938 0.7699
2.79242772 0.7049
2.78866857 0.7318
2.81239822 0.7576
2.85629245 0.7719
2.89070431 0.8870
2.89505989 0.9449
2.89904878 0.9843
2.90010687 1.0018
2.89608569 0.9849
2.89284699 0.9528
2.89580290 0.9331
2.91126172 0.9313
2.93111861 0.9458
2.92212340 0.9178
2.89289162 0.9014
2.86360122 0.9008
2.84152413 0.9165
2.82744497 0.9319
2.82271962 0.9375
2.82526568 0.9390
2.83223846 0.9397
2.84102189 0.9351
2.85040081 0.9075
2.86609594 0.8765
2.87873120 0.8521
2.87968187 0.8458
2.87263160 0.8572
2.86741703 0.8792
2.87276043 0.9087
2.88358638 0.9292
2.89196377 0.9389
2.89082116 0.9031
2.88648247 0.8596
2.89510076 0.8562
2.91090006 0.8673
2.91480316 0.8795
2.90120492 0.8858
2.88071217 0.8927
2.86790817 0.9026
2.87456846 0.9131
2.89271692 0.9133
2.90861724 0.8609
2.90442720 0.7643
2.88838871 0.7617
2.87876783 0.7900
2.87674673 0.8288
2.87480416 0.8667
2.87199271 0.8937
2.87026878 0.9071
2.87276614 0.9190
2.87330372 0.9297
2.86841018 0.9310
2.86978633 0.9303
2.87557132 0.9151
2.88421109 0.8937
2.89070970 0.8842
2.88967010 0.8858
2.85592677 0.8751
2.80201490 0.8501
2.76341452 0.8220
2.76779231 0.8152
2.79808339 0.8237
2.81760526 0.8178
2.81824545 0.7971
2.81224528 0.7912
2.80930915 0.8140
2.80951958 0.8473
2.80226958 0.8651
2.78766915 0.8595
2.77848832 0.8464
2.79674640 0.8514
2.83715815 0.8709
2.88180187 0.8831
2.91584206 0.8820
2.93699653 0.8886
2.93964314 0.9051
2.93694741 0.9277
2.93378643 0.9593
2.93002244 0.9792
2.92554054 0.9726
2.92087281 0.9461
2.92064694 0.9191
2.92797503 0.9094
2.93194360 0.8910
2.92938127 0.8573
2.92466110 0.8208
2.92185764 0.8120
2.91398858 0.8467
2.89307668 0.8787
2.88206858 0.8907
2.89207833 0.8961
2.91682518 0.9087
2.94244389 0.9186
2.96031487 0.9140
2.96218429 0.8940
2.94497613 0.8687
2.91947139 0.8567
2.89213844 0.8743
2.86608410 0.9140
2.84106520 0.9489
2.82815504 0.9583
2.83540719 0.9494
2.85336559 0.9354
2.86951647 0.9187
2.87732927 0.9052
2.87533684 0.9010
2.87044277 0.9098
2.87140175 0.9245
2.87875935 0.9474
2.88926365 0.9738
2.90138232 0.9816
2.91891293 0.9678
2.94098963 0.9579
2.95860818 0.9524
2.95960115 0.9551
2.94817808 0.9537
2.92791711 0.9437
2.90976782 0.9417
2.89552714 0.9525
2.88349601 0.9778
2.87220929 0.9917
2.85039521 0.9371
2.83667753 0.8879
2.84025131 0.8500
2.86253853 0.8195
2.89295847 0.7719
2.89605964 0.9175
2.88664523 0.9515
2.87950219 0.9737
2.86876729 0.9900
2.85541375 0.9853
2.84624022 0.9572
2.84409298 0.9258
2.84622413 0.9098
2.85041335 0.9140
2.85799762 0.9245
2.86640564 0.9363
2.87942477 0.9469
2.88915936 0.9664
2.89612776 0.9844
2.90431121 0.9932
2.92100264 0.9936
2.90247460 0.7887
2.85254594 0.7762
2.82782628 0.8346
2.82326134 0.9022
2.82780758 0.9538
2.84718092 0.9768
2.86258941 0.9673
2.84834101 0.9465
2.83090127 0.9551
2.82569641 0.9684
2.83282444 0.9793
2.84071093 0.9840
2.83416771 0.9731
2.82010817 0.9517
2.80499314 0.9251
2.79538389 0.8943
2.79961082 0.8727
2.82151663 0.8797
2.84960279 0.9135
2.86505375 0.9455
2.87715516 0.9731
2.89096780 0.9962
2.89995125 1.0151
2.90163677 1.0337
2.89433699 1.0385
2.87765752 1.0185
2.85887240 0.9841
2.84510136 0.9557
2.84035778 0.9380
2.84407556 0.9374
2.85354561 0.9488
2.87052728 0.9768
2.88908267 1.0094
2.90832969 1.0329
2.92589494 1.0488
2.94166685 1.0514
2.94675472 1.0302
2.93188054 0.9963
2.90369126 0.9630
2.87321257 0.9366
2.85576131 0.9215
2.85422811 0.9112
2.86176087 0.9107
2.87297747 0.9190
2.88169063 0.9356
2.89123271 0.9581
2.90132188 0.9757
2.90566968 0.9858
2.90451113 0.9959
2.89827799 1.0075
2.88877810 1.0199
2.87880638 1.0259
2.87391039 1.0313
2.88167144 1.0343
2.90599035 1.0316
2.92885340 1.0124
2.93414493 0.9804
2.92136830 0.9547
2.90526853 0.9454
2.89451602 0.9621
2.88598934 0.9953
2.87773908 1.0171
2.87130586 1.0278
2.87073649 1.0420
2.88109304 1.0550
2.89432494 1.0629
2.89994759 1.0592
2.89273154 1.0425
2.88308258 1.0263
2.87552478 1.0109
2.86525148 0.9866
2.84362790 0.9483
2.81820531 0.9260
2.80645496 0.9415
2.80958465 0.9747
2.82780699 1.0231
2.84266461 1.0320
2.84723807 0.9963
2.84892383 0.9641
2.86559255 0.9500
2.90088352 0.9651
2.92836189 1.0091
2.88925931 0.9101
2.84921715 0.8819
2.82798163 0.8569
2.83130981 0.8308
2.86386903 0.8085
2.90646725 0.7987
2.92850932 0.8010
2.92586234 0.8036
2.92022054 0.8098
2.92574035 0.8163
2.90469229 0.9058
2.86443424 0.9215
2.84470074 0.9261
2.85648822 0.9230
2.89792163 0.9085
2.94401268 0.8823
2.96740366 0.8524
2.96182509 0.8389
2.94699422 0.8342
2.94775870 0.8364
2.96092328 0.8694
2.95782572 0.9170
2.95924168 0.9133
2.97597207 0.8827
3.00063133 0.7884
3.01727545 0.6743
3.01213192 0.7083
2.99060617 0.7263
2.95833897 0.7508
2.93252834 0.8027
2.91483059 0.9187
2.89916375 0.9265
2.89290435 0.9218
2.89244557 0.9236
2.89666478 0.9198
2.90230593 0.9061
2.90368543 0.8953
2.90016017 0.8979
2.89673052 0.9150
2.89862765 0.9263
2.90304726 0.9180
2.90906777 0.9055
2.91475833 0.9117
2.92585563 0.9134
2.94357170 0.9178
2.95878680 0.9185
2.97377782 0.9143
2.98373050 0.9102
2.98347854 0.9036
2.96972547 0.9067
2.95490702 0.9266
2.94254571 0.9517
2.94076723 0.9603
2.94393027 0.9597
2.94630880 0.9482
2.95045776 0.9334
2.95788913 0.9411
2.95723156 0.9793
2.93595545 0.9857
2.90843283 0.9759
2.88220918 0.9457
2.86730203 0.8957
2.86671834 0.8779
2.88322159 0.8872
2.90613243 0.8969
2.91941226 0.9038
2.92642437 0.8931
2.94412497 0.8514
2.95847521 0.9247
2.93612111 1.0024
2.91577700 1.0245
2.90108119 1.0307
2.89453950 1.0135
2.89655791 0.9540
2.89916472 0.8826
2.89996758 0.8589
2.89572172 0.8567
2.89767520 0.8610
2.91344597 0.8781
2.93217133 0.9327
2.93367395 0.9889
2.92044068 1.0262
2.90237184 1.0359
2.88974018 1.0095
2.87625337 0.9541
2.86155392 0.9197
2.85483047 0.9105
2.85635439 0.8973
2.86086610 0.8791
2.86025533 0.8611
2.85834891 0.8714
2.84420041 0.9152
2.82812394 0.9449
2.82514375 0.9548
2.84053270 0.9595
2.86930727 0.9694
2.89123078 0.9798
2.90559475 0.9887
2.90756240 0.9839
2.89145476 0.9418
2.87789207 0.9132
2.88866881 0.9176
2.91302020 0.9271
2.92970942 0.9359
2.93435718 0.9399
2.92496414 0.9271
2.91285799 0.9160
2.91418529 0.9141
2.92683527 0.9298
2.92279514 0.9588
2.88856754 0.9609
2.85862600 0.9634
2.84338430 0.9600
2.83912488 0.9446
2.83861558 0.9296
2.84394682 0.9281
2.85611898 0.9296
2.87054431 0.9096
2.89114844 0.8821
2.91220515 0.8851
2.92353878 0.9031
2.92151356 0.8638
2.90488250 0.8239
2.89434895 0.8524
2.89406559 0.9524
2.88711966 0.9410
2.88575747 0.9513
2.89321424 0.9865
2.90655157 0.9812
2.91558693 0.8890
2.91025387 0.8271
2.91028703 0.8299
2.91902748 0.8572
2.92159128 0.9292
2.91336225 0.9952
2.89838125 0.9947
2.88032955 0.9913
2.86888073 0.9807
2.86254187 0.9565
2.85117595 0.9245
2.83392036 0.9181
2.83186622 0.9235
2.82844390 0.9133
2.80305955 0.8844
2.78553769 0.9014
2.78255438 0.9284
2.78830801 0.9562
2.80341518 0.9796
2.82939267 0.9950
2.86083928 0.9999
2.88371370 1.0002
2.88838994 0.9962
2.87946407 1.0013
2.85978943 1.0036
2.83523199 0.9976
2.81312741 0.9870
2.80562807 0.9804
2.81246224 0.9769
2.82973795 0.9813
2.85392927 0.9882
2.87720953 0.9916
2.89017745 0.9809
2.89426047 0.9600
2.89164458 0.9510
2.88922474 0.9588
2.89128440 0.9682
2.90252784 0.9726
2.92739969 0.9751
2.95602886 0.9723
2.97395627 0.9616
2.96174441 0.9281
2.94290636 0.9067
2.92988680 0.8914
2.92393860 0.8905
2.92243918 0.8978
2.90914112 0.8684
2.88630567 0.8537
2.87477941 0.8557
2.88308233 0.8657
2.91218833 0.8824
2.95141264 0.9182
2.96842592 0.9280
2.96521682 0.8979
2.96364745 0.8834
2.96579163 0.8828
2.96891455 0.8925
2.95844483 0.9303
2.92765955 0.9259
2.91518214 0.9206
2.93190086 0.9160
2.95595061 0.8845
2.96621702 0.8633
2.96902270 0.8422
2.96208264 0.8236
2.95230253 0.8362
2.94190991 0.9010
2.91323161 0.9094
2.88152010 0.9036
2.85877295 0.8931
2.85454015 0.8871
2.86329020 0.8870
2.87700237 0.8885
2.88670045 0.8903
2.88649053 0.8982
2.88352989 0.9189
2.88382177 0.9383
2.89065073 0.9479
2.90024272 0.9438
2.91039533 0.9317
2.92252095 0.9218
2.94048587 0.9218
2.95398180 0.9166
2.95810689 0.8939
2.95775171 0.8656
2.94890330 0.8943
2.92963808 0.9500
2.90249680 0.9408
2.87368564 0.9090
2.85570881 0.8807
2.84680959 0.8663
2.84527905 0.8590
2.85867307 0.8536
2.88519873 0.8429
2.90514839 0.8348
2.90529327 0.8428
2.89487133 0.8589
2.88805813 0.8773
2.88972997 0.8908
2.89863878 0.9027
2.91561341 0.9011
2.93774566 0.8876
2.96185553 0.8704
2.97376241 0.8620
2.96023956 0.8427
2.93282283 0.8291
2.90335388 0.8351
2.87487691 0.8557
2.84822886 0.8751
2.82577929 0.8833
2.82396987 0.8847
2.84820914 0.8825
2.89224118 0.8894
2.93322930 0.9166
2.93954274 0.9197
2.93370001 0.9286
2.93147793 0.9440
2.92854659 0.9580
2.92271800 0.9684
2.91523742 0.9795
2.90783929 0.9899
2.90664628 0.9731
2.91965954 0.9237
2.91474457 0.8099
2.92178666 0.8273
2.94473207 0.8437
2.94987451 0.8442
2.93751477 0.8491
2.92090989 0.8613
2.90967444 0.8607
2.91549979 0.8483
2.93709294 0.8341
2.97650553 0.8329
3.00902515 0.9170
3.00310236 0.9471
2.99100113 0.9406
2.98317678 0.9350
2.98054718 0.9338
2.96711279 0.9233
2.94033844 0.8667
2.91737353 0.7718
2.90524039 0.8317
2.90437378 0.8016
2.89531635 0.7694
2.88102894 0.7925
2.87518633 0.8165
2.88394807 0.8349
2.90045281 0.8779
2.89624041 0.9241
2.87678937 0.9331
2.85833910 0.9656
2.84449746 0.9775
2.84473324 0.9605
2.85837054 0.9341
2.88446192 0.8999
2.89916936 0.7862
2.89471125 0.7696
2.88760442 0.8082
2.87453986 0.8535
2.85470965 0.8902
2.82710187 0.9081
2.79352026 0.9047
2.77007155 0.8953
2.77544920 0.8951
2.80762413 0.9153
2.84328138 0.9419
2.86936770 0.9493
2.88191168 0.9462
2.88491812 0.9402
2.87919146 0.9292
2.86292967 0.9144
2.84033784 0.9002
2.82546521 0.9011
2.82124554 0.9227
2.83263450 0.9459
2.85015451 0.9398
2.86227056 0.8895
2.86833751 0.8687
2.88104606 0.8949
2.89668017 0.9236
2.90697098 0.9243
2.90374087 0.8930
2.89647834 0.8676
2.90330433 0.8610
2.92972761 0.8737
2.96581235 0.8793
2.96506714 0.8081
2.94573933 0.7794
2.93511600 0.7600
2.94708479 0.7457
2.96212036 0.7847
2.93083531 0.9462
2.89721503 0.9770
2.87015799 0.9927
2.85650716 1.0105
2.86032501 1.0247
2.87875258 1.0249
2.90217902 0.9989
2.91691374 0.9002
2.92597144 0.7562
2.92578469 0.9747
2.90197962 0.9730
2.86686046 0.9539
2.82857586 0.9311
2.80136400 0.9216
2.80066546 0.9324
2.83418304 0.9597
2.89131863 0.9829
2.94458366 0.9852
2.97389847 0.8734
2.95779147 0.7731
2.94082424 0.7879
2.92972613 0.7985
2.91911634 0.8204
2.90618666 0.8566
2.89903864 0.8944
2.89526967 0.9335
2.89253550 0.9537
2.88527520 0.9597
2.87759114 0.9746
2.86805177 1.0058
2.86202884 1.0310
2.85968927 1.0321
2.85657551 1.0125
2.84819670 0.9835
2.84075714 0.9607
2.83249751 0.9368
2.83108811 0.9104
2.84256794 0.8988
2.85761373 0.8843
2.87429974 0.8980
2.89301578 0.9435
2.90627856 0.9698
2.91403066 0.9673
2.91180956 0.9916
2.89504060 1.0534
2.87602595 1.0784
2.86437635 1.0840
2.86340159 1.0658
2.86346936 1.0220
2.86447655 0.9860
2.86682339 0.9742
2.87185601 0.9777
2.88540674 0.9787
2.89102069 0.8618
2.86328042 0.7542
2.84441566 0.7330
2.84274666 0.7174
2.85314500 0.7014
2.86909971 0.6943
2.88329358 0.7127
2.88399739 0.9787
2.85493155 0.9971
2.83649284 0.9841
2.82838691 0.9333
2.81991163 0.8568
2.80999862 0.7934
2.80274616 0.7455
2.80768372 0.7055
2.82689229 0.6976
2.85784834 0.8224
2.87138420 1.0034
2.87248432 1.0481
2.87231992 1.0594
2.86624830 1.0542
2.84782149 1.0280
2.82360207 0.9487
2.79002689 0.6945
2.73654209 0.5298
2.70213409 0.4748
2.70467038 0.4522
2.75838692 0.4584
2.82104408 0.6176
2.83258771 0.9748
2.81756329 1.0162
2.79691076 0.9922
2.78066005 0.9653
2.77040965 0.9380
2.76903966 0.8626
2.76332596 0.7156
2.76540038 0.6061
2.78747830 0.5789
2.83275203 0.6601
2.85859752 0.8820
2.83990347 0.9985
2.80438322 1.0053
2.77740955 0.9978
2.77353958 1.0137
2.78835680 1.0354
2.82097733 1.0421
2.86582135 1.0229
2.90995967 0.9967
2.94542825 0.9990
2.96886488 1.0118
2.98524171 1.0092
2.98959106 0.9964
2.97287957 0.9554
2.94471496 0.9274
2.92460347 0.9521
2.90586732 0.9665
2.89017033 0.9352
2.87211542 0.8540
2.86495216 0.7993
2.87474137 0.7745
2.89166681 0.7816
2.90425197 0.8932
2.90309942 1.0072
2.88805140 1.0446
2.86807053 1.0677
2.85862421 1.0838
2.86698057 1.0787
2.88803860 1.0434
2.90797090 0.9672
2.91727941 0.8855
2.92071896 0.8109
2.90932782 0.7288
2.89009087 0.6840
2.88210752 0.6767
2.89036998 0.7968
2.88776851 1.0250
2.88584275 1.0612
2.89316797 1.0084
2.90231608 0.8829
2.91086840 0.8746
2.92061121 0.8494
2.91797224 0.7838
2.89036109 0.7575
2.85933753 0.7741
2.83795724 0.8156
2.82888851 0.8677
2.83098635 0.9120
2.83435765 0.9423
2.84227711 0.9651
2.86251759 0.9692
2.88309587 0.7695
2.84714358 0.7842
2.81630291 0.7898
2.79206125 0.7870
2.78087483 0.7700
2.78221531 0.7304
2.80844736 0.6737
2.86983747 0.6416
2.91893691 1.0365
2.91298743 1.0574
2.91260007 1.0565
2.91488734 1.0344
2.91412515 0.9967
2.91273422 0.9690
2.91556550 0.9755
2.91273654 0.9725
2.88087219 0.7372
2.84940050 0.6230
2.86472431 0.5790
2.91588768 0.8462
2.92863872 1.0500
2.92674627 1.0317
2.91556180 0.9932
2.90059556 0.9568
2.88590874 0.9326
2.87354079 0.9137
2.86211326 0.8800
2.85793049 0.8594
2.87312631 0.8811
2.89298040 0.9406
2.90928656 0.9466
2.92605494 0.9496
2.93290299 0.8123
2.92199429 0.7692
2.91083384 0.7760
2.89626442 0.7772
2.88708919 0.7722
2.88694059 0.7664
2.89305910 0.7791
2.90090546 0.8252
2.90793969 0.8845
2.91869977 0.9197
2.93037939 0.9325
2.92974495 0.9416
2.91930113 0.9492
2.90422634 0.9618
2.88875946 0.9762
2.87689370 0.9807
2.87567015 0.9688
2.88778797 0.9476
2.90316565 0.7318
2.87178667 0.6918
2.85108544 0.7104
2.84296636 0.7274
2.84155124 0.7428
2.84570938 0.7502
2.86048741 0.7479
2.89174303 0.7430
2.91225217 0.9932
2.87905997 0.9559
2.86427046 0.9329
2.86562412 0.9051
2.88333353 0.8878
2.90623245 0.8848
2.91311953 0.8793
2.91205219 0.9047
2.90819997 0.9358
2.89827722 0.9565
2.88767335 0.9558
2.89051335 0.9402
2.91071877 0.9201
2.91448494 0.8903
2.90059730 0.8775
2.91193167 0.8725
2.93116309 0.8605
2.93065632 0.8524
2.90943375 0.8660
2.89636021 0.8787
2.91286551 0.8940
2.90870483 0.9930
2.88542429 0.9909
2.89223797 0.9706
2.91288071 0.9360
2.92424878 0.9103
2.92670151 0.8922
2.92409683 0.8608
2.90293769 0.8218
2.86637170 0.8036
2.84393056 0.8047
2.85521985 0.7948
2.88647194 0.7696
2.88295965 0.8360
2.87547944 0.8584
2.87904955 0.8796
2.89255280 0.8990
2.91044754 0.9029
2.92404199 0.8906
2.93041008 0.8692
2.92633598 0.8542
2.92030155 0.8740
2.89544710 0.8959
2.86437979 0.8848
2.84972928 0.8694
2.85303813 0.8570
2.85669518 0.8509
2.85302480 0.8572
2.84863075 0.8557
2.84290331 0.8496
2.84665632 0.8413
2.86467419 0.8408
2.89591073 0.8490
2.92371861 0.8986
2.93199202 0.9293
2.93664481 0.9267
2.94928585 0.9290
2.96495437 0.9455
2.97113591 0.9490
2.96478157 0.9335
2.94651439 0.8641
2.91474923 0.7699
2.88403487 0.7221
2.86708757 0.7075
2.86270613 0.7182
2.86081062 0.7310
2.86646682 0.7300
2.88668012 0.7216
2.91273531 0.8318
2.89349417 0.9408
2.87090010 0.9677
2.85219827 0.9956
2.83856867 1.0124
2.83313108 1.0151
2.83284724 0.9988
2.84071463 0.9666
2.85686047 0.9278
2.88164506 0.8971
2.91779910 0.9563
2.92377365 0.8070
2.92214592 0.7754
2.90789615 0.7204
2.88256042 0.6835
2.85878642 0.6796
2.83679932 0.7131
2.82619000 0.7650
2.84976400 0.8132
2.90355082 0.8522
2.96412701 0.8800
3.00378023 0.9177
3.00283590 0.9196
2.98056234 0.8984
2.95099360 0.8856
2.92279728 0.8780
2.89640293 0.8710
2.87418347 0.8661
2.86278793 0.8645
2.87341382 0.8653
2.89704694 0.8733
2.91445500 0.8899
2.90439941 0.8787
2.89289688 0.8848
2.88009541 0.8846
2.85667408 0.8484
2.82141853 0.7956
2.78913755 0.7520
2.78306248 0.7357
2.80914795 0.7417
2.85170879 0.7705
2.88950890 0.8681
2.88959426 0.9334
2.87595151 0.9388
2.87299657 0.9627
2.87907088 0.9751
2.87970678 0.9336
2.87311772 0.8446
2.87227176 0.7517
2.88517435 0.6904
2.91120632 0.6699
2.92635859 0.6600
2.91775258 0.6864
2.89928162 0.7177
2.88013299 0.7388
2.86087460 0.7484
2.84169962 0.7494
2.82834736 0.7442
2.83536649 0.7398
2.86472694 0.7942
2.85992187 0.9335
2.85962394 0.9343
2.86221723 0.9198
2.86585941 0.8857
2.87847874 0.8477
2.89740535 0.7944
2.90019979 0.7652
2.88459479 0.7870
2.87909284 0.7995
2.88698133 0.8801
2.88794769 0.9902
2.88892117 1.0029
2.88916954 0.9949
2.88669421 0.9695
2.88066927 0.9303
2.86381096 0.8834
2.83625808 0.8330
2.80449266 0.7923
2.78848396 0.7926
2.79979481 0.8490
2.82560909 0.9370
2.84965611 0.9917
2.87482733 1.0092
2.90147576 1.0149
2.92505771 1.0127
2.94483916 1.0012
2.95138678 0.7740
2.91258968 0.6916
2.87964983 0.6618
2.87239072 0.6391
2.85900407 0.9304
2.84815777 0.9424
2.85955199 0.9379
2.88015407 0.9323
2.90370706 0.9133
2.91644634 0.8674
2.91975055 0.8378
2.92070502 0.8403
2.91929918 0.8717
2.91056607 0.9249
2.90747826 0.9453
2.91656483 0.9339
2.92772064 0.9141
2.93465056 0.8979
2.93410942 0.8694
2.91968161 0.7981
2.90285182 0.7916
2.90128041 0.8352
2.89719759 0.8806
2.89135700 0.9107
2.88140250 0.9201
2.86844024 0.9123
2.85273343 0.8881
2.83561863 0.8600
2.82608519 0.8398
2.82412434 0.8294
2.82831745 0.8241
2.83508858 0.8286
2.84384818 0.8465
2.85413644 0.8861
2.86850911 0.9312
2.88915997 0.9606
2.91605747 0.9709
2.93894261 0.9714
2.94130891 0.9511
2.92169815 0.9161
2.89819212 0.9022
2.87991722 0.8897
2.86590077 0.8855
2.85477428 0.9028
2.84121246 0.9336
2.82845404 0.9467
2.82988305 0.9385
2.84288182 0.9168
2.85741717 0.8892
2.86631172 0.8652
2.86049396 0.8878
2.84032661 0.9219
2.82147255 0.9330
2.80751905 0.9313
2.80361878 0.9202
2.81136128 0.9026
2.82768412 0.8864
2.85632928 0.8802
2.89034565 0.8880
2.91183606 0.8990
2.91465183 0.8836
2.91301069 0.8646
2.90515540 0.8462
2.89170009 0.8377
2.87750444 0.8467
2.87435458 0.8692
2.87985727 0.8906
2.89256829 0.9019
2.90976948 0.9067
2.92350902 0.9103
2.91477137 0.8312
2.89203783 0.8045
2.87340719 0.7989
2.85400614 0.8156
2.84061518 0.8410
2.85012786 0.8877
2.87051347 0.9578
2.88372154 0.9918
2.88966339 0.9881
2.89042413 0.9760
2.89018620 0.9664
2.89381045 0.9565
2.90350147 0.9437
2.91861402 0.9291
2.92757172 0.9237
2.92762486 0.9220
2.91732712 0.9025
2.90314239 0.8869
2.89625899 0.8851
2.89739236 0.8921
2.90154755 0.8978
2.91010042 0.9032
2.92678255 0.9063
2.94723377 0.9082
2.95239848 0.8966
2.93929042 0.8564
2.93567286 0.8730
2.93710352 0.9485
2.94094257 0.9564
2.95662913 0.9599
2.97181289 0.9578
2.98334648 0.9590
2.98618396 0.9534
2.96477667 0.8118
2.89377409 0.6618
2.81971333 0.6099
2.78491938 0.5891
2.79115819 0.6095
2.82733655 0.7132
2.86414390 0.8418
2.88406715 0.8888
2.88624141 0.8839
2.88567556 0.8639
2.89569871 0.8464
2.91184152 0.8576
2.91979315 0.8863
2.91470931 0.8974
2.91203657 0.9296
2.92127128 0.9670
2.93077667 0.9267
2.93552136 0.9145
2.93966154 0.9281
2.94124980 0.9305
2.93966553 0.9171
2.93260657 0.8932
2.91826429 0.8662
2.89845476 0.8395
2.88126380 0.8243
2.87507504 0.8275
2.87642738 0.8030
2.88339065 0.8400
2.89965792 0.9137
2.90929754 0.9212
2.91479529 0.8998
2.91998104 0.8608
2.92179449 0.8144
2.90973662 0.8376
2.88755833 0.8930
2.86564834 0.9212
2.85618511 0.8436
2.85397871 0.6888
2.86659579 0.6371
2.88923004 0.6359
2.90073841 0.6611
2.90058661 0.7006
2.89615876 0.7356
2.89928514 0.7448
2.87126790 0.9338
2.83316181 0.9502
2.81445270 0.9725
2.81935202 0.9906
2.84402225 0.9972
2.87027289 0.9866
2.88626071 0.9441
2.88107850 0.9027
2.86654833 0.9038
2.85305764 0.9352
2.84713772 0.9859
2.84973230 1.0183
2.86857643 1.0331
2.89799605 1.0272
2.89712542 0.8062
2.88433749 0.7535
2.89294445 0.7586
2.90180667 0.7687
2.90502893 0.7900
2.91930963 0.8149
2.95034923 0.8314
2.95278911 0.8944
2.93444452 0.9006
2.93173960 0.8987
2.94045790 0.8976
2.95839826 0.8918
2.98388419 0.8778
3.00613875 0.8476
2.99661831 0.8103
2.97020801 0.8134
2.94580368 0.8773
2.92969021 0.9377
2.93354016 0.9524
2.94731222 0.9420
2.95699978 0.8511
2.94334708 0.6394
2.93626000 0.6372
2.94948063 0.6354
2.94528311 1.0228
2.92198796 1.0676
2.89109913 1.0949
2.86625877 1.1003
2.85877104 1.0892
2.86511467 1.0655
2.87348469 1.0379
2.87723823 1.0019
2.86503566 0.8022
2.83582204 0.6888
2.82250233 0.7328
2.82810446 0.8143
2.84523658 0.9136
2.85979147 0.9885
2.86903369 1.0195
2.87455738 1.0244
2.88296789 1.0144
2.89730623 0.9985
2.90601695 0.9862
2.90861094 0.9718
2.91144666 0.9621
2.91533717 0.9626
2.91506243 0.9730
2.90815940 0.9754
2.89836241 0.9597
2.88947775 0.9298
2.88049448 0.8582
2.87449724 0.7330
2.87319829 0.6540
2.87883667 0.6453
2.88346209 0.6632
2.86337479 0.9520
2.81835182 0.9690
2.77313470 0.9524
2.75564939 0.9472
2.76540017 0.9375
2.77749026 0.8554
2.78321591 0.7121
2.79414683 0.6599
2.81753493 0.7319
2.84288377 0.8744
2.85896076 0.9568
2.86214050 0.9891
2.85395927 1.0036
2.84411404 0.9956
2.81467460 0.4550
2.78198474 0.4569
2.77271560 0.4598
2.79348318 0.4744
2.83391442 0.5197
2.85210271 0.9093
2.84780946 0.9506
2.84808962 0.9569
2.84061012 0.9540
2.81943805 0.9422
2.80167971 0.9321
2.80009701 0.9353
2.81365664 0.9467
2.83858386 0.9539
2.87014713 0.9437
2.89147640 0.9139
2.89616055 0.9007
2.90355069 0.9080
2.92340691 0.9143
2.94341453 0.9060
2.94199491 0.8760
2.91653085 0.8483
2.88404117 0.8587
2.86406860 0.9004
2.85834983 0.9392
2.85305544 0.9456
2.84383740 0.9257
2.83764003 0.9002
2.84034608 0.8835
2.85702879 0.8697
2.88037558 0.8551
2.89645381 0.8448
2.87983818 0.7541
2.83800765 0.7558
2.83772912 0.7778
2.86496616 0.8007
2.89897728 0.8110
2.93216331 0.8079
2.96732481 0.8266
2.98872271 0.8792
2.99468370 0.8812
2.99059316 0.8646
2.96822768 0.8569
2.94707400 0.8868
2.93711904 0.9192
2.92822173 0.8978
2.92623748 0.8819
2.92646945 0.8611
2.93154820 0.8281
2.94901818 0.8094
2.95443514 0.9134
2.94214385 0.9384
2.91588656 0.9174
2.89215170 0.8855
2.89191309 0.8652
2.92087654 0.8625
2.95724066 0.8887
2.97492538 0.8775
2.97245487 0.7767
2.93635547 0.7440
2.89772023 0.7680
2.88241164 0.8206
2.88214891 0.8841
2.88200363 0.9304
2.88509475 0.9469
2.89643688 0.9501
2.90618278 0.9414
2.92324381 0.9314
2.94062019 0.9093
2.94057453 0.8799
2.91905851 0.8669
2.89224397 0.8653
2.86754074 0.8505
2.84743475 0.8157
2.84388317 0.7764
2.87793856 0.7432
2.89142091 0.9678
2.90558982 0.9855
2.93114950 0.9757
2.95067139 0.9463
2.95008540 0.9125
2.93646952 0.8977
2.92977412 0.8897
2.92941900 0.8798
2.90416668 0.8920
2.88237603 0.8987
2.87745873 0.8947
2.89025885 0.8823
2.91794986 0.8624
2.95515411 0.8589
2.94402249 0.8987
2.88272858 0.8984
2.82754846 0.8895
2.79683978 0.8651
2.79399339 0.8407
2.81136040 0.8346
2.83122226 0.8504
2.85035026 0.8593
2.87073408 0.8517
2.89862853 0.8393
2.92935720 0.8451
2.95013971 0.8785
2.95019322 0.9141
2.93889464 0.9529
2.92412642 0.9816
2.91730389 0.9962
2.91322014 1.0022
2.91914386 0.9997
2.93244947 0.9844
2.94819742 0.9587
2.95828548 0.9296
2.95595341 0.9128
2.94347290 0.9124
2.92240381 0.9246
2.89318254 0.9450
2.86842985 0.9590
2.85842602 0.9649
2.86599735 0.9681
2.88195799 0.9664
2.90175709 0.9535
2.91813126 0.9345
2.91935374 0.8983
2.91279931 0.8534
2.91711969 0.8083
2.92748999 0.7800
2.92926848 0.8521
2.93171687 0.8818
2.94148433 0.8769
2.95496842 0.8499
2.94363161 0.8411
2.92613829 0.8789
2.91660961 0.9053
2.91108931 0.9059
2.91701550 0.8903
2.93189211 0.9115
2.91614941 0.8911
2.91068449 0.8911
2.92149950 0.8872
2.93629443 0.8613
2.93267764 0.7817
2.91532467 0.7311
2.89818485 0.7273
2.89161931 0.7265
2.90247395 0.7056
2.92450846 0.7525
2.91105647 0.9972
2.89906537 1.0113
2.89337171 1.0098
2.89236150 0.9990
2.88551301 0.9882
2.87153359 0.9722
2.85982093 0.9585
2.85872367 0.9558
2.86403574 0.9583
2.86771501 0.9544
2.87071861 0.9651
2.87953731 1.0011
2.89143312 1.0440
2.89893707 1.0398
2.89992333 1.0105
2.89509679 0.9913
2.89237073 0.9874
2.89046453 0.9747
2.88859314 0.9602
2.88484080 0.9519
2.87691314 0.9440
2.86923158 0.9384
2.87063986 0.9497
2.87690066 0.9648
2.88238995 0.9703
2.88521276 0.9705
2.88788414 0.9679
2.89059752 0.9604
2.89765011 0.9570
2.90058755 0.9727
2.88413799 0.9160
2.85409636 0.8327
2.83180113 0.7751
2.82595650 0.7067
2.83961389 0.6356
2.86151070 0.6065
2.87746899 0.6510
2.88578886 0.8702
2.88386222 0.9794
2.87114277 1.0014
2.84593172 1.0067
2.82017553 1.0176
2.80502406 1.0435
2.80797777 1.0610
2.81725521 0.9943
2.82013724 0.8037
2.80962834 0.6087
2.79562140 0.5489
2.79302309 0.5371
2.81595426 0.5413
2.85667682 0.5654
2.86710715 1.0074
2.83455354 0.9910
2.80630990 0.9819
2.78655062 0.9751
2.78034611 0.9687
2.78636453 0.9596
2.80569331 0.9551
2.83247489 0.9542
2.85713404 0.9565
2.86845579 0.9653
2.86975407 0.9725
2.87298541 0.9737
2.88157877 0.9824
2.89606181 0.9953
2.89155416 0.9054
2.88888408 0.9010
2.90733392 0.8999
2.93195362 0.8622
2.95779063 0.8094
2.98305827 0.9250
2.95146754 0.9782
2.91263843 1.0028
2.87843903 1.0137
2.84822063 1.0108
2.83019795 0.9926
2.83643035 0.9760
2.87004192 0.9597
2.91711929 0.9387
2.95755416 0.9050
2.97492503 0.8476
2.98178143 0.8778
2.97586818 0.9676
2.95504936 1.0102
2.93357856 1.0066
2.91579220 0.9919
2.91194332 0.9772
2.92190173 0.9489
2.92294980 0.8910
2.91779616 0.8761
2.90841596 0.8932
2.89541772 0.9286
2.87371674 0.9571
2.85122584 0.9645
2.84158280 0.9649
2.83750002 0.9510
2.84671756 0.9332
2.87482715 0.9167
2.91615170 0.9038
2.95758429 0.9133
2.97375573 0.9570
2.96240726 0.9923
2.93632555 1.0050
2.90970898 1.0012
2.89297394 0.9689
2.89252857 0.9018
2.90474058 0.7927
2.91178160 0.9963
2.90393246 0.9870
2.89282335 0.9623
2.88452256 0.9676
2.87290080 0.9914
2.85730312 1.0136
2.83967006 1.0293
2.83072319 1.0432
2.83019926 1.0601
2.83737398 1.0720
2.85226623 1.0699
2.87059764 1.0456
2.88944639 1.0181
2.90120590 1.0065
2.90522342 1.0030
2.90263993 1.0095
2.89839797 1.0216
2.89208678 1.0359
2.88332033 1.0495
2.87433858 1.0587
2.86958335 1.0619
2.87866006 1.0523
2.89199510 1.0295
2.90721663 0.9837
2.91799691 0.9481
2.91974582 0.9340
2.90729964 0.9273
2.89253379 0.9125
2.88604927 0.8551
2.88460240 0.7411
2.88827429 0.6902
2.89497135 0.6621
2.90205628 0.6769
2.90389632 0.7570
2.89807893 0.8546
2.88815021 0.9088
2.87442616 0.9407
2.85642842 0.9699
2.84414567 0.9894
2.83849474 0.9786
2.84554176 0.9426
2.87338159 0.9217
2.91692789 0.9270
2.95620606 0.9414
2.95496609 0.8574
2.92012274 0.8259
2.88413035 0.8616
2.85778485 0.8870
2.84350849 0.9086
2.83988261 0.9116
2.84145670 0.8994
2.83885441 0.8904
2.82290977 0.8999
2.80237333 0.9298
2.78821302 0.9632
2.78520512 0.9849
2.79271729 0.9980
2.81652336 1.0136
2.85003766 1.0339
2.88047894 1.0502
2.89551748 1.0468
2.90609933 1.0270
2.92056912 0.9989
2.93039814 0.9809
2.92399346 0.9737
2.90577377 0.9624
2.88481240 0.9388
2.87186921 0.9287
2.86569126 0.9500
2.85592471 0.9739
2.84527351 0.9825
2.84053911 0.9834
2.84667990 0.9882
2.85982833 0.9989
2.86639026 1.0067
2.86971199 1.0096
2.87363427 1.0044
2.87949665 0.9956
2.88412495 0.9898
2.87897389 0.9788
2.85711014 0.5882
2.84117658 0.5029
2.82215892 0.4055
2.80894816 0.4281
2.80497458 0.6579
2.79948281 0.8333
2.79597982 0.8651
2.79461945 0.8064
2.79421441 0.6869
2.78840877 0.5379
2.78179837 0.4584
2.77693018 0.4298
2.76746505 0.4375
2.76403722 0.4745
2.77815408 0.5265
2.81163373 0.5926
2.85006874 0.7207
2.87542058 0.8606
2.88626797 0.9219
2.89468265 0.9405
2.89889813 0.9507
2.89586763 0.9731
2.88824163 0.9743
2.88065512 0.9167
2.88717745 0.8245
2.90993709 0.8334
2.93030008 1.0018
2.93264446 1.0122
2.92546298 1.0111
2.91139349 1.0069
2.89995857 1.0043
2.89248748 1.0116
2.88530107 1.0233
2.86886407 1.0323
2.85257685 1.0260
2.85782989 1.0081
2.88009579 0.5533
2.89290385 0.5104
2.90967641 0.7904
2.91236732 0.9085
2.91263447 0.9425
2.91520215 0.9739
2.91862730 1.0077
2.92246918 1.0416
2.92242192 1.0400
2.90889000 0.8274
2.90928928 0.8312
2.92627708 0.9132
2.92818422 0.9611
2.90494456 0.9499
2.87733965 0.9211
2.86693626 0.8944
2.86869144 0.8864
2.86966762 0.8825
2.87296912 0.8516
2.87556641 0.7703
2.89182967 0.6902
2.92949482 0.6424
2.97977761 0.6166
2.97793101 0.9247
2.94660612 0.9528
2.91039723 0.9594
2.88515882 0.9402
2.87265281 0.9056
2.86378283 0.8839
2.86028184 0.8768
2.87173294 0.8641
2.89579678 0.8463
2.92000905 0.8675
2.92694903 0.9386
2.92338458 0.9756
2.91061927 0.9963
2.88998495 1.0062
2.87820243 1.0045
2.88512322 0.9950
2.90426103 0.9714
2.91853679 0.9299
2.92202596 0.8827
2.92206836 0.8566
2.91871784 0.8591
2.90948026 0.8793
2.89582745 0.9022
2.88073433 0.9325
2.86829619 0.9705
2.86138624 0.9980
2.86239105 0.9930
2.86602365 0.9729
2.86983175 0.9572
2.87845078 0.9557
2.90045591 0.9638
2.92640242 0.9732
2.94209269 0.9718
2.94146039 0.9113
2.92721207 0.8247
2.91970071 0.8265
2.92934870 0.8623
2.94412900 0.9042
2.95283656 0.9310
2.95396282 0.9418
2.95984630 0.9456
2.97004340 0.9421
2.97840195 0.9112
2.96158114 0.8404
2.92695802 0.8413
2.90706957 0.8410
2.90720873 0.8352
2.92361494 0.8316
2.93904187 0.8426
2.95090259 0.8600
2.97175795 0.8723
2.99929978 0.8759
3.01334825 0.8971
3.00506147 0.9035
2.99037026 0.8482
2.96938665 0.8040
2.95732053 0.7802
2.95672963 0.7543
2.96897654 0.7535
2.97540390 0.9055
2.95259860 0.8933
2.92695407 0.9030
2.91184688 0.9244
2.90976384 0.9471
2.90858948 0.9727
2.90710253 0.9901
2.90100475 0.9721
2.90431715 0.9570
2.91508712 0.9461
2.92990547 0.9416
2.93772238 0.9508
2.93895436 0.9721
2.93297964 0.9885
2.92287172 0.9837
2.91358540 0.9647
2.90650606 0.9497
2.90418095 0.9360
2.90550078 0.9277
2.90981287 0.9206
2.91496957 0.9221
2.91590435 0.9348
2.91487303 0.9607
2.91596419 0.9822
2.91935151 0.9869
2.92646397 0.9599
2.93873599 0.9027
2.95212668 0.8191
2.95399118 0.8407
2.94192481 0.8643
2.92946997 0.8674
2.92001465 0.8669
2.91164724 0.8569
2.90474649 0.8317
2.91058717 0.8072
2.92044443 0.8657
2.92027372 0.9579
2.91261214 0.9632
2.90240212 0.9533
2.89716905 0.9308
2.89353960 0.9079
2.89174434 0.9037
2.89084831 0.9204
2.89191738 0.9380
2.89413352 0.9488
2.90674234 0.9660
2.91406741 0.9606
2.91317067 0.9262
2.91479041 0.9329
2.91599890 0.9579
2.91216890 0.9831
2.90626637 0.9879
2.89893825 0.9759
2.89478513 0.9574
2.89396949 0.9346
2.89899349 0.8967
2.91627368 0.8673
2.92620040 0.8927
2.92504371 0.8860
2.93357739 0.9107
2.94233481 0.9517
2.93929589 0.9853
2.93041593 0.9881
2.93008651 0.9794
2.93511676 0.9726
2.93942809 0.9624
2.93643592 0.9489
2.91780939 0.8949
2.88809475 0.8372
2.86494589 0.8358
2.85490305 0.8628
2.85285106 0.9114
2.85944446 0.9507
2.87904245 0.9721
2.90753891 0.9711
2.93616518 0.9641
2.95207518 0.9503
2.95892376 0.9341
2.96413466 0.9094
2.96904369 0.8953
2.96884213 0.9025
2.96379032 0.9298
2.96060479 0.9537
2.96640728 0.9621
2.95898053 0.9002
2.95372693 0.8733
2.95813378 0.8612
2.96485962 0.8777
2.96886612 0.9248
2.96726257 0.9777
2.96068243 1.0114
2.95542829 1.0143
2.95762056 0.9934
2.96391717 0.9167
2.95474410 0.7925
2.94667347 0.7718
2.94975528 0.7550
2.95606641 0.7520
2.96207059 0.7756
2.96117827 0.8424
2.95015640 0.9662
2.93671219 1.0260
2.92823626 1.0350
2.92687888 1.0177
2.92642175 0.9621
2.92251946 0.8964
2.91306676 0.8682
2.90015088 0.8788
2.89260836 0.9114
2.88830610 0.9497
2.88526945 0.9937
2.88417489 1.0351
2.88441908 1.0259
2.88612914 0.8411
2.87956205 0.6769
2.86695051 0.7108
2.85189727 0.7491
2.84173626 0.7885
2.83364108 0.8409
2.82774122 0.9178
2.81353176 1.0017
2.80038930 1.0536
2.80591445 1.0589
2.83344219 1.0146
2.86122465 0.9121
2.87633842 0.8190
2.88544984 0.7446
2.89713115 0.6796
2.90331049 0.7367
2.89262850 0.9034
2.88745734 1.0113
2.88339706 1.0773
2.87626878 1.0866
2.87992225 1.0520
2.89400763 0.9917
2.90736796 0.9367
2.91599502 0.9140
2.92397432 0.9229
2.93237276 0.9530
2.92308692 0.9856
2.88006323 0.9792
2.84181651 0.9854
2.82767799 0.9920
2.83516527 0.9841
2.85727396 0.9621
2.88561223 0.9319
2.91381874 0.9155
2.92514955 0.9063
2.89618132 0.8774
2.85845462 0.8936
2.82982598 0.9059
2.81825874 0.9199
2.82560103 0.9455
2.84400988 0.9712
2.86125898 0.9764
2.86863139 0.9576
2.87024619 0.9402
2.86991695 0.9499
2.86858464 0.9765
2.86105382 0.9776
2.84764137 0.9490
2.83828593 0.9211
2.83445331 0.9058
2.82908287 0.8870
2.82042523 0.8578
2.80984596 0.8401
2.80739350 0.8433
2.81479422 0.8607
2.82671289 0.8823
2.83653061 0.9117
2.83455200 0.9254
2.83507673 0.9322
2.84406444 0.9455
2.86452560 0.9450
2.88908601 0.9183
2.90041898 0.8904
2.89992917 0.8874
2.89370990 0.8952
2.88482043 0.8987
2.88104552 0.9036
2.87811278 0.9123
2.86683302 0.9117
2.85762431 0.9046
2.85960818 0.8898
2.86173632 0.8418
2.85476944 0.8044
2.84933734 0.7960
2.84700340 0.8333
2.84073523 0.9275
2.82727501 0.9820
2.81565742 0.9890
2.81280256 0.9775
2.81602701 0.9513
2.82989206 0.9273
2.85655132 0.9150
2.88565132 0.9130
2.90107162 0.9275
2.89908787 0.9638
2.89193969 1.0032
2.88611723 1.0329
2.88279309 1.0442
2.88047120 1.0313
2.87715683 0.9883
2.87718550 0.9258
2.89325114 0.8623
2.91103034 0.8297
