2.88134632 0.9176
2.88327688 0.9011
2.88403743 0.8736
2.87632035 0.8387
2.86296448 0.8144
2.85009175 0.8097
2.83878007 0.8332
2.81843517 0.8636
2.78287440 0.8840
2.75745185 0.8901
2.76164657 0.8982
2.79273172 0.9086
2.82752516 0.9161
2.85288750 0.9207
2.86110171 0.9303
2.85232976 0.9408
2.83549426 0.9313
2.82056074 0.9108
2.81351412 0.9004
2.81330500 0.9029
2.82111798 0.8975
2.83904507 0.8724
2.86327410 0.8427
2.88488312 0.8305
2.88752603 0.8428
2.87272415 0.8574
2.85441657 0.8635
2.84376203 0.8581
2.84446546 0.8519
2.84567274 0.8509
2.84297680 0.8367
2.83908036 0.8023
2.82673865 0.7847
2.82143572 0.7829
2.83453176 0.7941
2.85840801 0.8109
2.87843765 0.8263
2.88899608 0.8352
2.88402255 0.8373
2.87353067 0.8394
2.87277286 0.8425
2.88710484 0.8471
2.90796886 0.8579
2.91624762 0.8538
2.91759046 0.8559
2.92240648 0.8709
2.92710551 0.8803
2.92284245 0.8624
2.91237923 0.8295
2.90539773 0.7952
2.90602926 0.7735
2.91417348 0.7767
2.92866959 0.8057
2.93509878 0.8283
2.92764321 0.8306
2.91395833 0.8373
2.90354477 0.8571
2.90109843 0.8772
2.90206096 0.8840
2.90839535 0.8749
2.91559955 0.8463
2.92062882 0.8039
2.92869897 0.7843
2.94000011 0.8192
2.92741808 0.8686
2.90630570 0.8836
2.89690837 0.8983
2.89485060 0.9087
2.89071326 0.9120
2.88269616 0.9135
2.87543895 0.9167
2.87127778 0.9128
2.86948552 0.9004
2.86698986 0.8896
2.85524318 0.8859
2.84624243 0.8800
2.84805193 0.8676
2.85348986 0.8546
2.85473447 0.8429
2.85360376 0.8318
2.85924957 0.8276
2.87140424 0.8279
2.88687917 0.8299
2.89152104 0.8405
2.87584902 0.8541
2.85605456 0.8665
2.83514783 0.8722
2.81647571 0.8699
2.80212176 0.8635
2.79927004 0.8613
2.81001690 0.8690
2.82722982 0.8837
2.84390867 0.8962
2.85860231 0.9012
2.86527488 0.9067
2.86626294 0.9177
2.86838493 0.9285
2.87256434 0.9287
2.88280934 0.9223
2.88801960 0.9189
2.88504399 0.9196
2.87855988 0.9189
2.86915969 0.9129
2.85499689 0.9133
2.83223232 0.9144
2.81254623 0.9176
2.80495946 0.9164
2.80837581 0.9050
2.81519800 0.8891
2.81992319 0.8813
2.82436105 0.8874
2.83326062 0.8978
2.84829322 0.9049
2.85690359 0.9110
2.85929871 0.9224
2.87115213 0.9354
2.90063349 0.9373
2.93746400 0.8269
2.90880770 0.8365
2.88789894 0.8406
2.87721730 0.8497
2.88019142 0.8549
2.90159806 0.8514
2.93656349 0.8622
2.94994440 0.9001
2.93600981 0.9105
2.93048098 0.9037
2.94033931 0.8850
2.95417988 0.8549
2.95826295 0.8367
2.95124710 0.8705
2.93276406 0.9134
2.92756694 0.9242
2.93515017 0.9203
2.93838804 0.9107
2.93317771 0.9014
2.92290385 0.8892
2.92017875 0.8707
2.92996785 0.8391
2.95120694 0.8157
2.96596745 0.8274
2.95695178 0.8824
2.94218799 0.9006
2.92914264 0.9025
2.91228915 0.9018
2.89447281 0.9051
2.88451864 0.9118
2.88734466 0.9123
2.89555411 0.8972
2.90088739 0.8776
2.89800329 0.8696
2.89743442 0.8752
2.90302412 0.8682
2.91317193 0.8576
2.92180758 0.9489
2.90991405 0.9628
2.89690213 0.9687
2.89682884 0.9716
2.90210817 0.9645
2.90233266 0.9501
2.89460424 0.9426
2.88659805 0.9464
2.88467765 0.9526
2.88649304 0.9496
2.88711044 0.9362
2.88760283 0.9207
2.88507410 0.9064
2.89023185 0.9028
2.89841882 0.9123
2.89097914 0.9083
2.87370936 0.8991
2.86254235 0.8981
2.86008079 0.9092
2.85956264 0.9231
2.85570407 0.9333
2.85043313 0.9408
2.84227408 0.9475
2.83794183 0.9508
2.83791314 0.9569
2.84183993 0.9614
2.84253924 0.9686
2.84057085 0.9812
2.84192101 0.9933
2.84502002 1.0026
2.84523483 1.0078
2.83979696 1.0108
2.83617708 1.0066
2.84671133 0.9996
2.86814990 0.9959
2.88694702 0.9853
2.89600630 0.9802
2.89187667 0.9864
2.87546409 1.0013
2.85273910 1.0159
2.83596068 1.0255
2.83409211 1.0268
2.84599511 1.0151
2.87078452 0.9989
2.89626024 0.9923
2.91506381 0.9961
2.92405460 1.0079
2.92189687 1.0270
2.90781938 1.0407
2.88743484 1.0452
2.87349457 1.0375
2.86554669 1.0154
2.85704383 0.9826
2.84731173 0.9431
2.84149602 0.9107
2.83236933 0.8800
2.82563010 0.8587
2.82155298 0.8685
2.80895166 0.9032
2.79429712 0.9297
2.79262238 0.9550
2.81026255 0.9878
2.82769231 1.0165
2.83637798 1.0223
2.83950706 1.0103
2.83688365 0.9979
2.83055444 1.0049
2.81960505 1.0332
2.80407491 1.0639
2.78570183 1.0684
2.77193736 1.0528
2.76908837 1.0397
2.78436151 1.0386
2.81599593 1.0436
2.85099525 1.0403
2.87484419 1.0123
2.87109669 0.9434
2.84930750 0.8719
2.83102289 0.8380
2.82622063 0.8819
2.82559189 1.0082
2.83829474 1.0093
2.86092373 0.9632
2.87553054 0.9663
2.87627485 0.9882
2.86835067 0.9830
2.86116077 0.9707
2.85984879 0.9724
2.85011885 0.9862
2.82897108 1.0010
2.81124814 1.0101
2.80312958 1.0067
2.79888146 0.9930
2.79334756 0.9696
2.78795357 0.9406
2.78007115 0.9130
2.76665947 0.8941
2.75387461 0.9029
2.74490239 0.9405
2.73564706 0.9828
2.72575346 1.0150
2.72547867 1.0413
2.74215390 1.0600
2.77678186 1.0726
2.81670802 1.0771
2.84458898 1.0758
2.85151459 1.0827
2.83761474 1.0984
2.81390875 1.1083
2.78639719 1.1086
2.75975785 1.0969
2.73634866 1.0882
2.72653971 1.0848
2.73692237 1.0801
2.76306737 1.0619
2.78952618 1.0406
2.80656913 1.0332
2.81391246 1.0378
2.81257851 1.0424
2.81069643 1.0387
2.80836939 1.0295
2.80609646 1.0191
2.80789035 1.0140
2.82086839 1.0088
2.85289294 0.9933
2.89734423 0.9656
2.93257492 0.9424
2.93854019 0.9340
2.91681356 0.9390
2.88685407 0.9502
2.85986073 0.9525
2.83885075 0.9495
2.82408533 0.9461
2.81754017 0.9388
2.82052489 0.9199
2.83418371 0.8945
2.85252460 0.8851
2.86527188 0.8971
2.86714546 0.9233
2.86908300 0.9390
2.87252372 0.9393
2.87129486 0.9346
2.85787221 0.9388
2.83404537 0.9508
2.80785578 0.9566
2.79465224 0.9523
2.79599853 0.9508
2.80405250 0.9643
2.80901922 0.9923
2.81226085 1.0172
2.81153831 1.0210
2.81181504 1.0112
2.81165153 1.0041
2.81850028 1.0018
2.83485993 0.9960
2.85476693 0.9732
2.87858552 0.9482
2.90110733 0.9422
2.90909563 0.9626
2.90098821 0.9990
2.88797563 1.0319
2.88009995 1.0466
2.86988050 1.0408
2.85913184 1.0272
2.85144072 1.0058
2.84276404 0.9694
2.83475254 0.9234
2.83242484 0.8935
2.82954967 0.8913
2.81877103 0.9099
2.81173909 0.9401
2.81356870 0.9681
2.81740330 0.9924
2.81247562 0.9980
2.79995579 0.9867
2.78316200 0.9566
2.77293660 0.9282
2.77250300 0.9121
2.77014376 0.9111
2.76459972 0.9123
2.76196713 0.9194
2.77031332 0.9338
2.78437319 0.9506
2.80010938 0.9640
2.81720648 0.9805
2.84013238 0.9907
2.86248916 0.9929
2.87179455 0.9922
2.87282519 0.9928
2.87112560 0.9982
2.86361052 1.0063
2.85044039 1.0130
2.83517510 1.0198
2.82235067 1.0195
2.81319995 1.0103
2.80207267 0.9890
2.77900739 0.9526
2.74653695 0.9152
2.72073644 0.8897
2.70945433 0.8755
2.70851563 0.8742
2.72064815 0.8803
2.73835870 0.8924
2.75936472 0.9049
2.79040157 0.9079
2.83553770 0.9120
2.88800602 0.9085
2.93422901 0.9009
2.96099908 0.8965
2.96617143 0.9046
2.96475445 0.9155
2.96399458 0.9169
2.95782235 0.9050
2.93623443 0.8919
2.90646028 0.8788
2.88002522 0.8686
2.87129782 0.8626
2.87832027 0.8687
2.88418694 0.8842
2.87752650 0.9089
2.86656292 0.9409
2.86262741 0.9660
2.86064492 0.9806
2.85711327 0.9908
2.84617616 0.9970
2.84213413 1.0013
2.85049597 1.0022
2.86770486 1.0008
2.88053535 0.9953
2.88269374 0.9950
2.87168977 1.0025
2.85128059 1.0060
2.82923571 1.0021
2.80800994 0.9942
2.78518510 0.9840
2.76497233 0.9690
2.75688049 0.9426
2.76385010 0.9038
2.77550094 0.8677
2.78363430 0.8445
2.78894764 0.8472
2.79848611 0.8706
2.81732779 0.9070
2.83557497 0.9403
2.84221742 0.9685
2.83207603 0.9909
2.81881729 1.0072
2.81763236 1.0130
2.83310267 0.9993
2.85573308 0.9686
2.87174815 0.9389
2.87487960 0.9296
2.87488807 0.9476
2.87478606 0.9727
2.87201231 0.9865
2.86637080 0.9964
2.86223747 1.0060
2.86360944 1.0089
2.86298019 1.0006
2.85930334 0.9795
2.85096831 0.9515
2.83557664 0.9267
2.81442970 0.9129
2.79470647 0.9109
2.78332811 0.9130
2.77505890 0.8909
2.76407141 0.8449
2.75476984 0.8105
2.76092376 0.7928
2.78853279 0.7892
2.80572986 0.7774
2.78809646 0.7576
2.75167119 0.7346
2.72441265 0.7207
2.72110042 0.7188
2.72478872 0.7240
2.72436422 0.7198
2.73837607 0.7281
2.78109647 0.7771
2.83806269 0.8336
2.89074722 0.8426
2.92859245 0.8258
2.94599887 0.8197
2.94112034 0.8394
2.91739328 0.8638
2.88817533 0.8577
2.86665637 0.8238
2.85787678 0.7995
2.85838127 0.7973
2.86406409 0.8103
2.87790871 0.8214
2.89515114 0.8263
2.90342741 0.8293
2.88777566 0.8371
2.84442225 0.8471
2.79090651 0.8498
2.75050744 0.8445
2.72919716 0.8374
2.72856543 0.8327
2.74093210 0.8276
2.76165557 0.8214
2.79386730 0.8119
2.83100008 0.8082
2.85213423 0.8193
2.84783034 0.8430
2.82922273 0.8680
2.80414950 0.8829
2.78481852 0.8887
2.77394281 0.8771
2.77031427 0.8502
2.77876852 0.8200
2.79191651 0.7984
2.80238332 0.7781
2.80491816 0.7616
2.80079259 0.7647
2.78635562 0.7926
2.76964534 0.8329
2.76041306 0.8678
2.76715008 0.8912
2.78182300 0.9018
2.79635541 0.9008
2.81027874 0.8918
2.81730653 0.8813
2.82364565 0.8727
2.82685897 0.8622
2.82046832 0.8392
2.79937857 0.8178
2.77542124 0.8198
2.76106194 0.8462
2.75420937 0.8726
2.73929416 0.8836
2.72488947 0.8842
2.72149288 0.8843
2.72599456 0.8809
2.72780804 0.8642
2.71581711 0.8411
2.69117751 0.8180
2.66829696 0.8061
2.66265146 0.8020
2.67580761 0.7994
2.69534626 0.7987
2.71152915 0.8004
2.71236457 0.8028
2.70720334 0.7978
2.71067049 0.7841
2.72305176 0.7815
2.73002597 0.8045
2.72820497 0.8232
2.72874410 0.8245
2.74000842 0.8124
2.76961540 0.8087
2.79842361 0.8080
2.80607863 0.8050
2.78381950 0.8062
2.77277605 0.8207
2.78233528 0.8384
2.80594138 0.8484
2.82760677 0.8578
2.84220294 0.8748
2.85359433 0.8973
2.87640000 0.9102
2.90479741 0.9057
2.93177184 0.9048
2.94588447 0.9158
2.94609306 0.9308
2.93875187 0.9317
2.93416968 0.9229
2.93285363 0.9267
2.92613364 0.9476
2.91139166 0.9703
2.89278505 0.9824
2.87598491 0.9785
2.86474595 0.9652
2.85656757 0.9530
2.84531869 0.9441
2.82796715 0.9314
2.81636148 0.9193
2.81695412 0.9181
2.81608207 0.9302
2.80763479 0.9407
2.79324753 0.9449
2.78330648 0.9437
2.79357416 0.9447
2.82697484 0.9494
2.87056885 0.9542
2.90021070 0.9558
2.90756728 0.9555
2.90307665 0.9557
2.89263535 0.9563
2.87649948 0.9578
2.85594313 0.9563
2.84317412 0.9487
2.84513382 0.9401
2.86270456 0.9423
2.88113583 0.9531
2.88938915 0.9567
2.88262171 0.9476
2.86400365 0.9517
2.84298038 0.9732
2.82974738 1.0031
2.82600048 1.0181
2.82815943 1.0102
2.84025822 0.9850
2.84788377 0.8807
2.83539305 0.7674
2.82656839 0.7469
2.82819110 0.7950
2.82157620 0.8628
2.80589581 0.9083
2.78966433 0.9393
2.77456740 0.9571
2.76386063 0.9451
2.76585389 0.9088
2.78827114 0.8567
2.82240176 0.7895
2.84674107 0.7751
2.87717255 0.7954
2.92087973 0.7995
2.96306776 0.7680
2.97807882 0.7477
2.96948256 0.7311
2.94046380 0.7047
2.89068592 0.6918
2.85339742 0.7207
2.84153492 0.7729
2.85176071 0.8327
2.87282958 0.8876
2.89314945 0.9267
2.90972063 0.9369
2.92696868 0.9244
2.93160246 0.8992
2.90347570 0.8704
2.87056334 0.8663
2.85146992 0.8700
2.84990821 0.8792
2.85133279 0.8876
2.85272343 0.8905
2.85462817 0.8766
2.85622403 0.8529
2.85898406 0.8432
2.86134954 0.8561
2.85989650 0.8794
2.84681768 0.8953
2.82543659 0.9051
2.80607250 0.9078
2.79541636 0.9018
2.79173897 0.8955
2.79271529 0.8856
2.80035926 0.8743
2.81550229 0.8624
2.83691209 0.8569
2.86250612 0.8638
2.88513293 0.8780
2.89377917 0.8873
2.87753222 0.8564
2.83969298 0.8062
2.81245184 0.7739
2.80989918 0.7557
2.83512006 0.7404
2.87474780 0.7344
2.91609422 0.7610
2.93797318 0.8173
2.94836738 0.8514
2.95669531 0.8524
2.96360818 0.8401
2.96268261 0.8307
2.95701652 0.8207
2.96013525 0.8021
2.96741963 0.7729
2.96552404 0.7508
2.96023492 0.7537
2.96287104 0.7827
2.96834651 0.8294
2.95723761 0.8706
2.91903123 0.8493
2.88055515 0.8170
2.84115550 0.8013
2.80939751 0.8086
2.79905912 0.8195
2.80326818 0.8198
2.80898895 0.8166
2.81732287 0.8156
2.84222545 0.8050
2.88610923 0.7524
2.86866130 0.8231
2.87201872 0.8310
2.89312284 0.8268
2.90351061 0.8184
2.89630855 0.8229
2.88140582 0.8381
2.87669001 0.8611
2.88644181 0.8851
2.90341648 0.8989
2.91748972 0.8904
2.91783467 0.8595
2.89632270 0.8702
2.89361128 0.8991
2.92192851 0.9266
2.96593212 0.9349
2.99856744 0.8461
2.97647972 0.8836
2.96524655 0.9188
2.96296678 0.9431
2.96415405 0.9657
2.95620524 0.9712
2.94350256 0.9624
2.92830482 0.9518
2.90692949 0.9444
2.88440665 0.9385
2.86714399 0.9306
2.85316213 0.9160
2.84658110 0.9161
2.85528639 0.9437
2.87407360 0.9656
2.89051931 0.9550
2.90430226 0.9254
2.91070225 0.9007
2.90932582 0.8926
2.91384669 0.8836
2.91012791 0.8815
2.89189098 0.8855
2.87430720 0.8909
2.86309215 0.9013
2.85974508 0.9070
2.86444789 0.9035
2.86649070 0.8927
2.86808447 0.8824
2.88242288 0.8733
2.91214257 0.8680
2.94638942 0.8766
2.96353404 0.8995
2.95839783 0.8990
2.95389198 0.8864
2.95732409 0.8724
2.96439282 0.8503
2.95738090 0.8600
2.93353777 0.8853
2.92056205 0.8902
2.91418094 0.8900
2.90801023 0.9058
2.90609040 0.9236
2.91507285 0.9255
2.92554281 0.8992
2.93503126 0.8316
2.92908480 0.7856
2.90649529 0.7950
2.89683599 0.7957
2.91016636 0.8212
2.93985756 0.9449
2.95788551 1.0406
2.95957473 1.0181
2.94231187 0.9834
2.92358200 0.9652
2.91452186 0.9549
2.91171350 0.9457
2.91048194 0.9416
2.90551510 0.9420
2.89027600 0.9447
2.86984731 0.9443
2.85344444 0.9380
2.85507597 0.9225
2.88609893 0.8866
2.93322951 0.8290
2.93944073 0.8777
2.93743372 0.9092
2.93345226 0.9211
2.92793982 0.9174
2.93463344 0.8989
2.97124512 0.8499
2.95963977 0.8858
2.94179472 0.9442
2.93966695 0.9849
2.94194160 0.9864
2.93806512 0.9391
2.92000213 0.8775
2.89627693 0.8497
2.87319019 0.8538
2.86050250 0.8685
2.86461562 0.8921
2.87558142 0.9424
2.87204240 1.0083
2.86239870 1.0447
2.85973458 1.0389
2.86571110 1.0055
2.88691421 0.9883
2.90218973 1.0211
2.89552644 1.0225
2.87555612 1.0119
2.84950132 1.0017
2.82284465 0.9892
2.80387733 0.9769
2.79976817 0.9727
2.80852276 0.9790
2.82104179 0.9519
2.81442390 0.7700
2.82175875 0.8191
2.83270958 0.9879
2.82952713 1.0484
2.81204827 1.0746
2.78535857 1.0849
2.76061920 1.0779
2.75695270 1.0543
2.77839519 1.0131
2.80262534 0.8499
2.78153134 0.6201
2.76236690 0.5880
2.77113425 0.5968
2.80500287 0.6913
2.82927155 0.9507
2.82797156 1.0484
2.82460621 1.0774
2.82880076 1.0768
2.83801623 1.0526
2.85092878 1.0042
2.85038970 0.5879
2.81103333 0.6545
2.79374097 0.7025
2.79920543 0.7488
2.82091841 0.8315
2.84179641 0.9783
2.84464693 1.0574
2.84466733 1.0723
2.84412976 1.0631
2.84501063 1.0459
2.84660150 1.0363
2.85100811 1.0313
2.85729231 1.0254
2.86426916 1.0206
2.88244635 1.0239
2.91051061 1.0359
2.93381098 1.0498
2.94506149 1.0531
2.95523504 1.0429
2.97138545 1.0219
2.97871514 0.9707
2.96339552 0.8991
2.94561420 0.9033
2.92693717 0.9581
2.88609091 1.0011
2.84261076 1.0321
2.81915346 1.0663
2.81371443 1.0841
2.81872721 1.0827
2.83081307 1.0722
2.84483865 1.0620
2.86129459 1.0460
2.87808673 1.0208
2.89406789 1.0115
2.88779798 1.0013
2.85209057 0.9755
2.81254044 0.9503
2.79722450 0.9315
2.81019924 0.9142
2.83309024 0.9108
2.85025541 0.9290
2.84749725 0.9309
2.83744072 0.9080
2.84951943 0.9165
2.86475904 0.9941
2.86520258 0.9633
2.86943363 0.9485
2.87052641 0.9269
2.86661457 0.9024
2.86268421 0.8894
2.85941737 0.9428
2.83529579 0.9507
2.80969356 0.9783
2.78204470 1.0070
2.76510360 1.0223
2.77187715 1.0402
2.79853939 1.0476
2.82416509 1.0258
2.83700306 0.9724
2.83517921 0.9161
2.82895602 0.8796
2.82946998 0.8600
2.85050665 0.8302
2.86524918 0.9104
2.85198341 0.9664
2.85054691 1.0074
2.86104721 1.0400
2.87400913 1.0575
2.88740978 1.0542
2.89819872 1.0217
2.89313887 0.9350
2.88213166 0.9242
2.88979391 0.9339
2.91063192 0.9351
2.92368568 0.9315
2.91572966 0.9374
2.89950899 0.9526
2.88994158 0.9691
2.89204130 0.9700
2.89616277 0.9419
2.89322531 0.8979
2.88657424 0.8689
2.89179740 0.8706
2.91828923 0.8884
2.95118027 0.9223
2.96279631 0.9599
2.95617706 0.9333
2.96094504 0.9137
2.97522868 0.9110
2.99153416 0.9264
2.97679840 0.8095
2.94739397 0.7950
2.94982708 0.8015
2.98872783 0.9281
2.99246710 0.9946
2.98306155 0.9893
2.96351361 0.9753
2.94355643 0.9605
2.92984263 0.9510
2.93145310 0.9535
2.94577145 0.9577
2.96003513 0.9587
2.96470033 0.9643
2.95789456 0.9970
2.93963734 1.0192
2.91902480 1.0169
2.90085743 1.0002
2.88929657 0.9756
2.88483340 0.9332
2.87940501 0.8811
2.87216166 0.8477
2.86686311 0.8378
2.86854263 0.8335
2.87524272 0.8383
2.88875960 0.8763
2.89085253 0.9479
2.87299326 0.9721
2.85108210 0.9724
2.83986447 0.9705
2.84127193 0.9562
2.84940435 0.9363
2.86171931 0.9272
2.87615559 0.9368
2.89279759 0.9573
2.90879219 0.9715
2.91948047 0.9732
2.92428749 0.9678
2.91694263 0.9453
2.90129117 0.9061
2.88786501 0.8615
2.87384487 0.8374
2.85166286 0.8343
2.83483346 0.8566
2.83461857 0.8949
2.84785556 0.9298
2.86601261 0.9487
2.87524294 0.9409
2.86880414 0.9171
2.84962753 0.8870
2.83241677 0.8634
2.82736828 0.8352
2.83644655 0.8085
2.85396689 0.8034
2.87278777 0.8637
2.87434386 0.9317
2.87839885 0.9484
2.89315257 0.9390
2.91721105 0.9279
2.93500684 0.9251
2.94109217 0.9282
2.93194094 0.9238
2.92013811 0.9144
2.91054937 0.9111
2.89022709 0.9165
2.86181475 0.9118
2.83783894 0.9005
2.82412535 0.8882
2.82455439 0.8843
2.83715092 0.8844
2.85852271 0.8894
2.88789008 0.8921
2.91856318 0.8941
2.94533803 0.8988
2.96381037 0.9122
2.96416339 0.9257
2.94955076 0.9278
2.92560529 0.9166
2.91237954 0.8930
2.91361561 0.8676
2.92384573 0.8476
2.93598962 0.8462
2.93894830 0.8498
2.93998493 0.8499
2.94243887 0.8571
2.94854808 0.8771
2.95532932 0.9063
2.96047637 0.9277
2.97397175 0.9305
2.99438504 0.9159
3.00941780 0.8964
3.01048509 0.8799
3.00375442 0.8695
2.99880263 0.8694
2.99371974 0.8716
2.98514465 0.8667
2.97338504 0.8585
2.95495348 0.8439
2.93838469 0.8275
2.92907623 0.8139
2.92965088 0.8142
2.93292902 0.8298
2.93330066 0.8457
2.93143253 0.8557
2.93191881 0.8646
2.94365821 0.8748
2.96098839 0.8808
2.97620405 0.8744
2.98289990 0.8567
2.98940703 0.8401
2.99683039 0.8363
3.00297188 0.8529
3.00775654 0.8636
3.01783933 0.8596
3.03113615 0.8737
2.98911481 0.9028
2.94976155 0.9217
2.91789290 0.9285
2.89057904 0.9120
2.87061222 0.8773
2.86284327 0.8450
2.86546732 0.8289
2.86988449 0.8256
2.86925078 0.8276
2.86358926 0.8367
2.84974466 0.8617
2.83196686 0.8899
2.81788311 0.9163
2.81453942 0.9350
2.82463669 0.9457
2.84150099 0.9470
2.85665894 0.9391
2.86492549 0.9219
2.86759155 0.8924
2.86813270 0.8845
2.85598126 0.8882
2.83745296 0.8883
2.82521240 0.9068
2.82363353 0.9276
2.83175210 0.9429
2.84669662 0.9534
2.86330071 0.9541
2.88173811 0.9576
2.90201714 0.9599
2.91826948 0.9401
2.93189804 0.9337
2.93144503 0.9310
2.90907979 0.9187
2.87528671 0.9211
2.85011051 0.9264
2.85389388 0.9297
2.87509014 0.9301
2.89866058 0.9347
2.91200718 0.9424
2.91562305 0.9501
2.91756139 0.9559
2.92467540 0.9555
2.92994308 0.9483
2.92380194 0.9284
2.90140817 0.9094
2.88405939 0.8955
2.88142260 0.8889
2.88902534 0.8861
2.90680065 0.8847
2.93072877 0.8929
2.95011006 0.9142
2.95859553 0.9372
2.95605591 0.9448
2.94557448 0.9326
2.94014610 0.9050
2.95281690 0.8537
2.95451158 0.8549
2.95250598 0.8888
2.97022062 0.8870
2.99439560 0.8670
2.99501938 0.8884
2.97691016 0.9219
2.95984118 0.9372
2.94291468 0.9340
2.92381877 0.9252
2.90821936 0.9175
2.90232862 0.9000
2.90377398 0.8847
2.90940611 0.8836
2.91057478 0.8854
2.90092008 0.8895
2.88820697 0.9201
2.88870974 0.9588
2.90088148 0.9768
2.91505677 0.9738
2.92361333 0.9501
2.93690340 0.9084
2.94120537 0.8381
2.93460669 0.8661
2.94432661 0.8905
2.94627724 0.9034
2.92677874 0.9119
2.89533726 0.9303
2.86914501 0.9432
2.86261270 0.9352
2.85678093 0.9069
2.82616993 0.8860
2.80719055 0.8899
2.80894782 0.9044
2.82197737 0.9153
2.83516379 0.8926
2.82834851 0.8519
2.80096346 0.8661
2.78072070 0.8887
2.78143502 0.8994
2.80758056 0.9081
2.84935938 0.9315
2.88226036 0.9485
2.90190245 0.9146
2.92616429 0.8627
2.93911604 0.9642
2.94025515 0.9737
2.93607318 0.9792
2.92748843 0.9803
2.91701767 0.9707
2.90978664 0.9512
2.91991732 0.9555
2.92117722 0.9292
2.91758786 0.9332
2.91889935 0.9449
2.92571171 0.9572
2.93083649 0.9675
2.92158045 0.9704
2.90451198 0.9717
2.88296746 0.9648
2.86421931 0.9516
2.84469417 0.9358
2.82708865 0.9257
2.81793671 0.9208
2.81910326 0.9180
2.82963106 0.9089
2.84520220 0.8924
2.85570881 0.8814
2.85872760 0.8748
2.85778633 0.8605
2.85697583 0.8491
2.85612095 0.8385
2.85926817 0.8237
2.86254381 0.8335
2.85623363 0.8448
2.84254982 0.8345
2.82839705 0.8237
2.82225520 0.8366
2.82465416 0.8619
2.83197568 0.8775
2.84663120 0.8778
2.86314526 0.8637
2.88410177 0.8629
2.89678934 0.9034
2.90997025 0.8992
2.91179322 0.8676
2.91370538 0.8804
2.92423998 0.8984
2.93697767 0.9154
2.94620942 0.9214
2.92469210 0.8339
2.88354997 0.8429
2.85761826 0.8543
2.85274543 0.8615
2.85976852 0.8499
2.86992597 0.8233
2.88249075 0.7876
2.89122273 0.7762
2.90051477 0.7968
2.91909774 0.8192
2.94317833 0.8251
2.96450050 0.8285
2.96750272 0.9033
2.95180251 0.9451
2.93361887 0.9621
2.91928363 0.9683
2.91455818 0.9588
2.91683787 0.9235
2.90465689 0.8721
2.88325416 0.8764
2.87192119 0.8857
2.86581610 0.8813
2.85972730 0.8704
2.85841948 0.8668
2.87120175 0.8744
2.89138907 0.8978
2.90698307 0.9265
2.90679245 0.9401
2.90332909 0.9307
2.90154579 0.9124
2.90188109 0.9070
2.90449364 0.9148
2.90795697 0.9212
2.90811272 0.9213
2.91424516 0.9021
2.92976141 0.8542
2.95586528 0.8176
2.95032293 0.9918
2.94855722 1.0032
2.96032567 1.0306
2.97350266 1.0316
2.97013640 0.9916
2.95905699 0.9720
2.94496093 0.9601
2.92623925 0.9408
2.90864742 0.9289
2.90021612 0.9255
2.90227462 0.9347
2.90545472 0.9288
2.90236934 0.9235
2.89215730 0.9207
2.88039813 0.9259
2.86926654 0.9318
2.85000491 0.9463
2.82481665 0.9674
2.80246243 0.9931
2.79451378 1.0038
2.80404730 0.9955
2.82809365 0.9782
2.85423135 0.9618
2.87192688 0.9534
2.88498460 0.9764
2.89357854 1.0112
2.89051368 1.0323
2.88452817 1.0581
2.88378545 1.0922
2.89205267 1.1055
2.90623466 1.0860
2.91560058 1.0300
2.91008478 0.9458
2.89314735 0.9173
2.87566578 0.9331
2.87451091 0.9637
2.89115881 0.9886
2.90946072 1.0151
2.90942409 1.0398
2.88885291 1.0549
2.85944874 1.0428
2.83589390 1.0006
2.82973243 0.9415
2.82637758 0.8885
2.81460445 0.8700
2.79843485 0.8802
2.79632934 0.9037
2.81475511 0.9265
2.84132318 0.9471
2.86134408 0.9597
2.87200163 0.9597
2.87961936 0.9534
2.89122825 0.9403
2.90120663 0.9155
2.90992081 0.8802
2.91909217 0.8681
2.93207956 0.8938
2.94271793 0.9411
2.94618524 0.9847
2.94380850 1.0068
2.93901388 1.0116
2.93122163 1.0200
2.93319005 1.0404
2.95102292 1.0581
2.97218310 1.0276
2.98054467 0.9050
2.97026430 0.8711
2.94161089 0.8781
2.91160783 0.8792
2.89382025 0.8712
2.88220266 0.8592
2.86324767 0.8622
2.84400005 0.8760
2.83158677 0.8901
2.83138573 0.8886
2.82895649 0.8759
2.81972595 0.8632
2.81065388 0.8573
2.81241748 0.8470
2.82348376 0.8221
2.83185129 0.7870
2.83611432 0.7648
2.84728159 0.7629
2.86846877 0.7694
2.88916335 0.7841
2.91609403 0.8147
2.94618171 0.8638
2.96919746 0.9466
2.97312714 1.0098
2.96606775 1.0113
2.94748159 0.9291
2.91543257 0.8652
2.89391784 0.8554
2.87387673 0.8581
2.84865723 0.8685
2.83175065 0.8710
2.83738066 0.8672
2.85378412 0.8739
2.86596001 0.8976
2.87056496 0.9133
2.86766140 0.8967
2.85413321 0.8698
2.83307393 0.8707
2.82165162 0.8992
2.82256934 0.9310
2.83560394 0.9502
2.85232883 0.9530
2.87104284 0.9446
2.90038257 0.9376
2.94155506 0.9326
2.97486801 0.9298
2.98480251 0.9146
2.97435758 0.8942
2.95561216 0.8849
2.93264709 0.8970
2.90049075 0.9243
2.87110491 0.9430
2.85799499 0.9506
2.86953676 0.9558
2.89054489 0.9585
2.90662303 0.9515
2.91080728 0.9268
2.91051484 0.8882
2.90891341 0.8505
2.90578975 0.8319
2.89703711 0.8418
2.88936393 0.8661
2.88740708 0.8849
2.89462915 0.8997
2.90411971 0.9185
2.91046844 0.9461
2.91325389 0.9701
2.91607774 0.9792
2.91607647 0.9719
2.91271974 0.9625
2.91752623 0.9578
2.93598608 0.9538
2.95407843 0.9496
2.96182450 0.9462
2.95771471 0.9434
2.94853947 0.9478
2.93678286 0.9571
2.90727123 0.9698
2.85415531 0.9769
2.81040706 0.9762
2.79586965 0.9739
2.79993264 0.9617
2.81548974 0.9394
2.83234042 0.9092
2.83469719 0.8906
2.81964630 0.8849
2.81515008 0.8980
2.83448953 0.9283
2.85880178 0.9538
2.86634869 0.9536
2.85959310 0.9411
2.84698323 0.9300
2.83516797 0.9241
2.82615891 0.9125
2.81591675 0.8974
2.80602961 0.8871
2.80200326 0.8930
2.80555185 0.9161
2.81396007 0.9461
2.82617405 0.9633
2.83973064 0.9621
2.85551377 0.9563
2.86743140 0.9586
2.87457423 0.9626
2.88299189 0.9586
2.88821068 0.9546
2.88671367 0.9609
2.87723838 0.9690
2.86488781 0.9752
2.85194803 0.9736
2.84384998 0.9608
2.85317674 0.9456
2.87158215 0.9369
2.87680886 0.9357
2.86944402 0.9330
2.86414457 0.9300
2.86232997 0.9327
2.85716321 0.9394
2.84398350 0.9431
2.82965759 0.9378
2.82618805 0.9303
2.83867397 0.9210
2.86742172 0.9083
2.90036003 0.8963
2.93264360 0.9075
2.95172923 0.9347
2.95995197 0.9383
2.96319197 0.9381
2.95984475 0.9411
2.95336210 0.9318
2.95244478 0.9139
2.95073451 0.8979
2.94696754 0.8876
2.94545721 0.8978
2.95116757 0.9496
2.95133836 0.9780
2.94753533 0.9714
2.94062589 0.9548
2.92905153 0.9426
2.92414031 0.9272
2.92889492 0.9053
2.93677901 0.8807
2.94009817 0.8576
2.94043105 0.8455
2.94266718 0.8733
2.94114650 0.9327
2.93188229 0.9529
2.91808620 0.9574
2.89839172 0.9641
2.88272830 0.9674
2.87873739 0.9596
2.88783129 0.9369
2.91161026 0.8964
2.93495355 0.8363
2.94772213 0.8256
2.93446502 0.9771
2.91419650 0.9781
2.89365355 0.9760
2.86993973 0.9664
2.83913570 0.9613
2.80833101 0.9674
2.79146785 0.9753
2.78860628 0.9718
2.79583048 0.9547
2.80456477 0.9286
2.80871014 0.9045
2.80623571 0.8919
2.80244163 0.8982
2.80313089 0.9194
2.81122795 0.9450
2.82434811 0.9658
2.83896944 0.9788
2.85012983 0.9932
2.85704671 1.0034
2.86045475 1.0016
2.85748858 0.9844
2.84944709 0.9589
2.84178592 0.9340
2.83642704 0.9142
2.83015995 0.8909
2.82209344 0.8598
2.82287336 0.8343
2.83756207 0.8302
2.86500474 0.8608
2.89104259 0.9093
2.91348461 0.9409
2.93119992 0.9579
2.93759273 0.9773
2.93562826 0.9999
2.92349269 1.0045
2.90244163 0.9820
2.87741224 0.9329
2.86593785 0.8714
2.88353044 0.8107
2.91461438 0.8218
2.90973853 0.9228
2.90280044 0.9440
2.90222016 0.9039
2.88999123 0.8534
2.86198488 0.8557
2.84175318 0.8768
2.84296076 0.8863
2.85856120 0.8730
2.88334370 0.8409
2.91898008 0.7980
2.96977201 0.7786
2.99665737 0.9490
2.99692309 1.0078
3.00256699 1.0084
3.01880926 0.9850
3.00717655 0.7430
2.94803643 0.7477
2.92073328 0.7826
2.92183188 0.8002
2.93323815 0.8006
2.94351124 0.7965
2.94446984 0.8279
2.93318376 0.9031
2.92421877 0.9369
2.92578639 0.9366
2.93137096 0.9108
2.93236574 0.8513
2.92295245 0.7955
2.91672676 0.7930
2.91465756 0.8075
2.90911986 0.8188
2.89551742 0.8277
2.88158840 0.8277
2.86684337 0.8118
2.84886597 0.7788
2.82630154 0.7421
2.81425770 0.7242
2.82698659 0.7338
2.85994132 0.7573
2.89599760 0.7800
2.92331280 0.7977
2.93802642 0.8140
2.94123437 0.8269
2.93733255 0.8328
2.92349138 0.8288
2.89526010 0.8130
2.86451231 0.7985
2.84678290 0.7949
2.85367542 0.8029
2.86794355 0.8171
2.87746980 0.8258
2.88163836 0.8317
2.88570240 0.8359
2.88357266 0.8385
2.88009109 0.8408
2.86956630 0.8405
2.84873982 0.8260
2.82544101 0.8036
2.81524970 0.7910
2.81936846 0.7948
2.82890120 0.8081
2.84255127 0.8186
2.85877872 0.8180
2.87519108 0.8000
2.88805326 0.7764
2.89382936 0.7628
2.88585592 0.7510
2.86869059 0.7250
2.85466040 0.6900
2.85049413 0.6743
2.84708735 0.6959
2.83861997 0.7236
2.83049363 0.7509
2.82516766 0.7852
2.82757419 0.8152
2.83483002 0.8319
2.83975299 0.8310
2.84093335 0.8241
2.83939802 0.8104
2.84220654 0.7827
2.85774566 0.7488
2.88281926 0.7332
2.90976131 0.7467
2.93378812 0.7877
2.95512681 0.8319
2.97333994 0.8672
2.99307936 0.8900
3.01078569 0.8955
3.01508106 0.8816
3.00169459 0.8530
2.98912850 0.8190
2.99063214 0.7972
3.00357914 0.8627
2.99780820 0.9967
2.99391459 1.0212
2.99969432 1.0097
3.00026303 0.8751
2.95505671 0.7616
2.91867145 0.7659
2.90865798 0.7719
2.91372536 0.7732
2.91933094 0.7727
2.92482092 0.7749
2.92454864 0.9181
2.90674561 0.9714
2.91356863 0.9999
2.93058891 1.0117
2.94937941 1.0128
2.96625622 1.0079
2.97932473 0.9919
2.98730155 0.9428
2.99075271 0.8816
2.98321940 0.8563
2.96984087 0.8800
2.96048477 0.9028
2.95871597 0.9097
2.95942300 0.9088
2.95432830 0.9110
2.94289218 0.9165
2.92958049 0.9222
2.91874159 0.9304
2.91878143 0.9439
2.92416025 0.9555
2.92494077 0.9629
2.92365949 0.9706
2.92939462 0.9823
2.94079333 0.9854
2.95456228 0.9666
2.96735781 0.9313
2.98111502 0.8957
2.98330255 0.8993
2.95405221 0.9353
2.92618522 0.9564
2.90103447 0.9592
2.87798937 0.9467
2.86065819 0.9236
2.85800511 0.9037
2.87022918 0.8877
2.88966369 0.8874
2.90287911 0.9047
2.90405491 0.9402
2.90097088 0.9733
2.89529987 0.9909
2.88363080 0.9846
2.87011173 0.9632
2.85784475 0.9395
2.85386257 0.9209
2.85616185 0.9044
2.85463936 0.8904
2.85215303 0.8873
2.85144803 0.9000
2.85372300 0.9199
2.86695203 0.9413
2.88659015 0.9451
2.90645014 0.9326
2.91685621 0.9200
2.92144989 0.9217
2.92611680 0.9297
2.93543174 0.9225
2.93212580 0.8790
2.90705529 0.8563
2.88096974 0.8747
2.85752582 0.8971
2.84809720 0.8998
2.85520470 0.8823
2.87640837 0.8603
2.90585022 0.8401
2.92457421 0.8161
2.93537794 0.7859
2.94018369 0.7684
2.94206305 0.7808
2.93877257 0.8185
2.93095977 0.8622
2.92642588 0.8915
2.92646532 0.9009
2.93483868 0.9004
2.95272639 0.9015
2.96903606 0.8989
2.97781973 0.8872
2.98317689 0.8660
2.99111819 0.8589
2.99410104 0.8795
2.98350763 0.8898
2.97084122 0.8883
2.96196517 0.8840
2.95473867 0.8891
2.95094851 0.9080
2.95008300 0.9276
2.94189141 0.9307
2.92829064 0.9123
2.91797952 0.8838
2.91931066 0.8683
2.93075570 0.8691
2.93588397 0.8687
2.93132851 0.8410
2.92456102 0.8022
2.92269659 0.7912
2.91991838 0.8094
2.90336218 0.8308
2.88541919 0.8421
2.87743749 0.8451
2.87980870 0.8534
2.89141958 0.8709
2.90117730 0.8821
2.90660746 0.8790
2.90431209 0.8620
2.89709521 0.8531
2.88866906 0.8628
2.88491951 0.8924
2.88267670 0.9138
2.88164831 0.9206
2.87705668 0.9190
2.87171097 0.9132
2.86426854 0.8995
2.86347176 0.8826
2.87470514 0.8762
2.88754535 0.8822
2.89888385 0.8979
2.90581004 0.9260
2.91472596 0.9596
2.92801995 0.9746
2.93276816 0.9711
2.93224421 0.9698
2.93139955 0.9679
2.93535895 0.9499
2.94454726 0.9287
2.94658685 0.9262
2.93371072 0.9360
2.91771790 0.9403
2.91248047 0.9413
2.91870297 0.9627
2.91458501 0.9760
2.90524136 0.9727
2.89925530 0.9696
2.89912636 0.9624
2.89621243 0.9443
2.88479071 0.9245
2.87041643 0.9231
2.86248569 0.9425
2.86413162 0.9599
2.87495254 0.9638
2.88789369 0.9514
2.89618062 0.9262
2.90668189 0.9057
2.92501155 0.8897
2.94482645 0.8701
2.96094620 0.8526
2.96325704 0.8590
2.94368473 0.8933
2.91296827 0.9176
2.89275620 0.9352
2.89322294 0.9455
2.90775117 0.9573
2.92248817 0.9641
2.93282481 0.9632
2.94193926 0.9515
2.95225797 0.9353
2.95948780 0.9273
2.95610513 0.9307
2.94090384 0.9369
2.92892063 0.9429
2.92804839 0.9507
2.92651154 0.9502
2.91481145 0.9400
2.90515880 0.9318
2.91208466 0.9263
2.92791121 0.9238
2.93712471 0.9204
2.92978996 0.9203
2.91914538 0.9228
2.90767290 0.9230
2.89692988 0.9191
2.88732949 0.9135
2.88115597 0.9125
2.88096074 0.9186
2.88879690 0.9306
2.89723198 0.9403
2.90444404 0.9438
2.90666201 0.9425
2.90275688 0.9330
2.89260671 0.9173
2.87934401 0.9029
2.85773796 0.8908
2.83370952 0.8797
2.80997931 0.8728
2.78761156 0.8751
2.77284525 0.8816
2.77317586 0.8910
2.79265989 0.9089
2.81367751 0.9333
2.82680968 0.9565
2.82871538 0.9629
2.82964593 0.9504
2.83460435 0.9284
2.83917014 0.9070
2.84456013 0.8822
2.85130512 0.8533
2.86299119 0.8317
2.87087898 0.8272
2.87185561 0.8253
2.86562769 0.8464
2.85111297 0.8789
2.83147898 0.8928
2.82161797 0.8975
2.82844442 0.9034
2.85677081 0.9081
2.89404954 0.8996
2.91982213 0.8695
2.92698389 0.8384
2.92282767 0.8267
2.91176394 0.8485
2.88773894 0.8631
2.87204985 0.8667
2.87335426 0.8778
2.87920847 0.8942
2.88699506 0.9055
2.89422973 0.8878
2.90010027 0.7936
2.88476329 0.8634
2.87574489 0.8747
2.87776879 0.8783
2.88556140 0.8892
2.89413473 0.9030
2.90908772 0.9079
2.92548947 0.7683
2.91970941 0.7217
2.93197248 0.7403
2.95373439 0.7648
2.97443157 0.8035
2.99148377 0.8382
2.99804765 0.8513
2.98742958 0.8607
2.96319584 0.8791
2.93752180 0.8898
2.92099873 0.8837
2.91589481 0.8808
2.92174897 0.8896
2.93239620 0.8878
2.94357344 0.8715
2.94976165 0.8632
2.94876586 0.8598
2.94931271 0.8547
2.95088004 0.8467
2.94989530 0.8344
2.94269573 0.8151
2.93037412 0.8027
2.91512789 0.8093
2.89365678 0.8119
2.88503225 0.8368
2.88825540 0.8866
2.90152828 0.9230
2.92181800 0.9355
2.93524491 0.9273
2.92877347 0.9098
2.91000774 0.9271
2.88900478 0.9552
2.87665134 0.9630
2.88288744 0.9498
2.90765935 0.9317
2.93698043 0.9148
2.94572802 0.8512
2.92678827 0.8458
2.91226216 0.8356
2.90506463 0.8211
2.89804771 0.8366
2.89167164 0.8590
2.88897819 0.8694
2.89428415 0.8817
2.90485829 0.9064
2.91416114 0.9126
2.92429949 0.9011
2.93438315 0.8681
2.93699245 0.8943
2.90861964 0.9249
2.87639333 0.9265
2.85530997 0.9410
2.84462852 0.9648
2.84192632 0.9764
2.85017192 0.9570
2.86924712 0.9132
2.89330134 0.8754
2.90660385 0.8737
2.89863069 0.8859
2.87721694 0.8939
2.86409422 0.8903
2.86033998 0.8907
2.85807807 0.8996
2.85668266 0.9044
2.86110541 0.9024
2.87692309 0.8899
2.89843117 0.8775
2.91500364 0.8791
2.91717580 0.8978
2.91073682 0.9303
2.90491430 0.9626
2.89509103 0.9698
2.88117610 0.9561
2.87410880 0.9344
2.88093121 0.9148
2.89032603 0.8982
2.88773353 0.8948
2.87288568 0.9041
2.85145539 0.9163
2.83464885 0.9376
2.82268311 0.9634
2.81423258 0.9816
2.81014900 0.9796
2.80865078 0.9554
2.81862154 0.9255
2.85340323 0.9002
2.91251399 0.8909
2.96648812 0.8949
2.99150516 0.9107
2.99557568 0.9359
2.99170225 0.9540
2.98600747 0.9586
2.98346729 0.9648
2.97777728 0.9706
2.95885769 0.9557
2.93605472 0.9275
2.92228415 0.8995
2.91208390 0.8895
2.89415565 0.8929
2.86943006 0.9031
2.85545187 0.9267
2.84725829 0.9607
2.83922351 0.9998
2.83258840 1.0245
2.83009728 1.0288
2.83270460 1.0207
2.83588390 1.0017
2.82501781 0.9759
2.81066626 0.9508
2.80507549 0.9372
2.81429422 0.9457
2.82644841 0.9803
2.83600144 1.0241
2.83773658 1.0570
2.83322917 1.0595
2.83623165 1.0337
2.85063165 0.9969
2.86732813 0.9630
2.87390603 0.9280
2.85921000 0.8984
2.83449931 0.8808
2.81756054 0.8833
2.81557173 0.9039
2.82617203 0.9366
2.83780571 0.9639
2.85136502 0.9706
2.86542570 0.9576
2.86945658 0.9465
2.86262407 0.9663
2.85504207 0.9989
2.84555694 1.0124
2.84014422 1.0025
2.82787133 0.9918
2.81044743 0.9989
2.79511617 1.0114
2.79491842 1.0141
2.81140138 1.0064
2.83732074 1.0013
2.85200689 0.9964
2.84396056 0.9925
2.82773138 0.9928
2.81365749 0.9879
2.79650145 0.9708
2.78328850 0.9460
2.78207116 0.9254
2.80064765 0.9141
2.82173996 0.9104
2.83209375 0.9102
2.83673812 0.9071
2.84480624 0.9167
2.86124135 0.9321
2.87940247 0.9501
2.89536763 0.9667
2.90436782 0.9806
2.90582617 0.9902
2.90456779 0.9977
2.90025929 1.0047
2.89406045 1.0073
2.88888566 0.9977
2.88449608 0.9801
2.87885602 0.9638
2.88380618 0.9547
2.90801749 0.9561
2.93453702 0.9679
2.94387026 0.9807
2.93163033 0.9841
2.91988181 0.9791
2.92457383 0.9779
2.93475118 0.9802
2.94121068 0.9854
2.94162329 0.9903
2.93916861 0.9894
2.93721818 0.9829
2.93305639 0.9661
2.92175062 0.9224
2.89709882 0.8657
2.86969068 0.8333
2.85450988 0.8402
2.85375542 0.8688
2.86062595 0.8916
2.87196841 0.8989
2.88017196 0.8984
2.87905306 0.8981
2.87529036 0.9023
2.87769404 0.9059
2.88661900 0.9002
2.89467177 0.8885
2.89765280 0.8949
2.89807715 0.9240
2.90690577 0.9574
2.92596583 0.9859
2.94852210 1.0068
2.96013015 1.0235
2.95627827 1.0397
2.94032888 1.0518
2.92542915 1.0462
2.91344056 1.0166
2.90796560 0.9802
2.90598988 0.9605
2.90585986 0.9568
2.89508896 0.9533
2.87897486 0.9492
2.86709068 0.9457
2.85607194 0.9436
2.84424491 0.9395
2.82647313 0.9283
2.80735570 0.9096
2.79915327 0.8926
2.80226817 0.8885
2.80981743 0.9055
2.81439996 0.9361
2.82371470 0.9676
2.83385813 0.9923
2.83527714 1.0124
2.82361549 1.0294
2.81162419 1.0434
2.80935420 1.0472
2.82611943 1.0360
2.85244728 1.0178
2.87938542 1.0065
2.89764708 1.0050
2.90481553 1.0055
2.89876291 1.0042
2.88394385 1.0019
2.86409391 0.9989
2.84711203 0.9920
2.83883642 0.9791
2.83738392 0.9607
2.84107379 0.9438
2.85381399 0.9371
2.87570016 0.9460
2.89830988 0.9673
2.92110744 0.9906
2.93792632 1.0006
2.94630585 0.9981
2.94591332 0.9880
2.92859364 0.9738
2.90510845 0.9671
2.89151761 0.9694
2.89112637 0.9712
2.88635565 0.9763
2.87634359 0.9855
2.87187724 0.9867
2.87105034 0.9750
2.87115641 0.9591
2.87335417 0.9509
2.87950807 0.9561
2.87731091 0.9660
2.86856410 0.9741
2.86879103 0.9869
2.88231670 1.0004
2.90744175 1.0111
2.94511067 1.0132
2.97777729 0.9953
2.96644056 0.9353
2.92904938 0.8985
2.89760909 0.8968
2.87996291 0.9045
2.88049660 0.9239
2.88520799 0.9590
2.88583121 0.9865
2.88954788 0.9982
2.90012943 1.0007
2.90887584 0.9915
2.91693946 0.9783
2.91594013 0.9674
2.90063372 0.9697
2.88163651 0.9826
2.86556515 0.9963
2.85308511 1.0081
2.84474119 1.0173
2.84576779 1.0247
2.86288065 1.0332
2.89375617 1.0442
2.93339953 1.0573
2.97308652 1.0660
2.99517430 1.0699
2.99113798 1.0730
2.96547250 1.0647
2.92928989 1.0526
2.89119465 1.0386
2.84905667 1.0229
2.80801312 0.9966
2.77883699 0.9562
2.76450507 0.9105
2.75727033 0.8840
2.74582166 0.8847
2.73661872 0.9067
2.74184719 0.9339
2.76470186 0.9669
2.79800920 1.0073
2.82851255 1.0435
2.84126403 1.0638
2.84437371 1.0650
2.84334535 1.0493
2.84029572 1.0233
2.83813969 1.0015
2.84151215 1.0013
2.84834599 1.0183
2.85350734 1.0328
2.85837966 1.0335
2.86677543 1.0287
2.87223072 1.0275
2.86475246 1.0287
2.85653690 1.0238
2.85571213 1.0096
2.86321954 0.9925
2.87049527 0.9843
2.86501193 0.9929
2.84860947 1.0117
2.83895593 1.0291
2.84251170 1.0337
2.85702969 1.0260
2.87444459 1.0116
2.87507182 0.9967
2.85724096 0.9802
2.83177517 0.9599
2.81459212 0.9427
2.81497331 0.9390
2.83017738 0.9455
2.83870973 0.9573
2.83971195 0.9677
2.84068406 0.9752
2.84624530 0.9766
2.84864759 0.9707
2.84524246 0.9637
2.84013320 0.9682
2.84084590 0.9844
2.85122505 1.0026
2.85992498 1.0181
2.86158788 1.0303
2.85085357 1.0389
2.84425057 1.0342
2.85066391 1.0084
2.86410738 0.9656
2.87011302 0.9244
2.86924829 0.9008
2.87083080 0.8983
2.88466849 0.9182
2.90742821 0.9623
2.91849715 1.0127
2.90725868 1.0410
2.88700188 1.0478
2.87362090 1.0425
2.86988839 1.0345
2.86551704 1.0279
2.87049731 1.0302
2.89275697 1.0368
2.90858603 1.0393
2.91412813 1.0347
2.91449851 1.0239
2.90165805 1.0120
2.87342621 1.0030
2.84401214 0.9946
2.82280608 0.9822
2.81227004 0.9659
2.81118856 0.9578
2.81431495 0.9607
2.81849042 0.9717
2.82511992 0.9692
2.84948674 0.9562
2.87567478 0.9574
2.86446768 0.9658
2.82035801 0.9773
2.78706366 0.9882
2.77713752 0.9848
2.78748527 0.9741
2.80616528 0.9718
2.82040495 0.9782
2.82698991 0.9892
2.83862381 1.0049
2.86482500 1.0247
2.89095813 1.0398
2.89637291 1.0462
2.88568998 1.0413
2.87065574 1.0335
2.85749674 1.0301
2.85305467 1.0249
2.85262524 1.0174
2.83886112 1.0077
2.81602270 1.0050
2.80060021 1.0105
2.80267871 1.0138
2.81302590 1.0130
2.81754337 1.0065
2.81268864 0.9989
2.80813248 0.9978
2.81369021 1.0049
2.82202994 1.0089
2.81831270 1.0024
2.80062134 0.9927
2.77797324 0.9821
2.76494584 0.9753
2.75961820 0.9636
2.75447655 0.9416
2.74857548 0.9195
2.74924912 0.9119
2.75790247 0.9315
2.77704238 0.9553
2.81048907 0.9710
2.84962141 0.9795
2.87378958 0.9958
2.88400603 1.0257
2.88164638 1.0517
2.87296029 1.0512
2.86724657 1.0304
2.87355910 1.0190
2.88286152 1.0319
2.89377403 1.0544
2.91128453 1.0664
2.93242969 1.0603
2.94316472 1.0548
2.92582915 1.0635
2.89688835 1.0755
2.88318772 1.0729
2.88831052 1.0522
2.89942849 1.0353
2.90485096 1.0295
2.90289572 1.0400
2.89759244 1.0581
2.88926998 1.0550
2.88311853 1.0419
2.87819492 1.0378
2.87505314 1.0432
2.88006814 1.0421
2.89158494 1.0266
2.90108638 0.9950
2.90321352 0.9608
2.89622716 0.9365
2.88058182 0.9541
2.86422757 0.9810
2.85372236 0.9901
2.84823243 0.9930
2.84445804 0.9888
2.84617999 0.9820
2.85673080 0.9742
2.86795951 0.9664
2.87624077 0.9642
2.88116271 0.9668
2.88726585 0.9928
2.89271641 1.0170
2.89526405 1.0223
2.89168375 1.0194
2.88062181 1.0120
2.86540162 1.0014
2.85336926 0.9755
2.84327210 0.9470
2.83231178 0.9389
2.81917937 0.9518
2.80934403 0.9730
2.81147157 0.9979
2.81522097 1.0133
2.81745792 1.0154
2.82018395 1.0058
2.82615313 0.9926
2.83539977 0.9796
2.83880993 0.9648
2.82598916 0.9502
2.80490886 0.9346
2.79676754 0.9285
2.80875402 0.9234
2.82460573 0.9119
2.84367669 0.9161
2.85999234 0.9403
2.86053198 0.9648
2.85087444 0.9643
2.84010647 0.9498
2.82243671 0.9266
2.79831660 0.9094
2.78303068 0.9057
2.78383922 0.9126
2.80294111 0.9343
2.82980132 0.9611
2.84883061 0.9777
2.84359666 0.9704
2.82682607 0.9365
2.81450633 0.8794
2.80573795 0.7454
2.80197469 0.7314
2.82222892 0.7621
2.85674561 0.8522
2.86528743 0.9164
2.87187799 0.9488
2.88267866 0.9866
2.88956096 1.0082
2.88915126 1.0018
2.88823253 0.9796
2.89032423 0.9591
2.90279851 0.9546
2.91775252 0.9563
2.91027083 0.9284
2.88720555 0.9113
2.86101102 0.9096
2.83469800 0.9246
2.81411669 0.9385
2.80732974 0.9426
2.81099138 0.9430
2.81770968 0.9419
2.82411268 0.9349
2.83124417 0.9097
2.84202328 0.8732
2.84924852 0.8416
2.84938341 0.8368
2.84428974 0.8549
2.84040468 0.8790
2.84869868 0.9022
2.86347376 0.9219
2.87313583 0.9408
2.87472625 0.9344
2.87986523 0.9060
2.89807055 0.8901
2.92441789 0.8907
2.93583077 0.8948
2.92002073 0.8928
2.88994898 0.8898
2.86850184 0.8959
2.86616864 0.9057
2.87763567 0.9000
2.89455687 0.8651
2.89930802 0.8072
2.89114207 0.7955
2.88651905 0.8138
2.88776136 0.8423
2.88548692 0.8745
2.88082696 0.9016
2.87813264 0.9194
2.87464608 0.9309
2.86721263 0.9355
2.85429398 0.9347
2.84586199 0.9349
2.84479301 0.9203
2.85487396 0.8995
2.86939820 0.8952
2.88167425 0.9119
2.87342347 0.9220
2.83871388 0.8968
2.80526644 0.8604
2.80847509 0.8518
2.83659671 0.8685
2.85063278 0.8764
2.84355144 0.8603
2.83205621 0.8433
2.82782899 0.8504
2.82905885 0.8743
2.82308466 0.8890
2.80710025 0.8789
2.79487189 0.8630
2.81021151 0.8701
2.84375492 0.8932
2.87705015 0.9047
2.90167268 0.9015
2.91387212 0.8994
2.91048532 0.9076
2.90793661 0.9303
2.90967050 0.9650
2.91000082 0.9886
2.91127889 0.9887
2.91633818 0.9734
2.92484596 0.9569
2.93389586 0.9463
2.93311172 0.9276
2.92242337 0.8933
2.91234651 0.8522
2.91285888 0.8385
2.91169670 0.8721
2.89810312 0.9129
2.88857709 0.9336
2.89627672 0.9334
2.92025841 0.9352
2.94534987 0.9408
2.95904854 0.9413
2.95502996 0.9277
2.93474191 0.9011
2.90666439 0.8825
2.87712823 0.8938
2.85121842 0.9267
2.82884212 0.9553
2.81703293 0.9601
2.82363559 0.9518
2.84101825 0.9463
2.85884588 0.9467
2.87298208 0.9494
2.87551650 0.9469
2.86572245 0.9465
2.85654856 0.9519
2.85117775 0.9652
2.85203922 0.9796
2.85891406 0.9880
2.87463490 0.9911
2.89291757 0.9927
2.90683581 0.9952
2.90451526 1.0001
2.88796758 0.9985
2.86526893 0.9895
2.84861964 0.9864
2.83663898 0.9921
2.82649403 1.0046
2.82360041 1.0135
2.82330320 1.0110
2.82701291 1.0018
2.83169748 0.9973
2.83320281 0.9979
2.82745356 0.9945
2.81916073 0.9880
2.81351693 0.9902
2.80433325 0.9992
2.79034480 1.0111
2.77517945 1.0060
2.76462585 0.9777
2.75959050 0.9448
2.75683510 0.9271
2.76220629 0.9270
2.77914012 0.9291
2.80019142 0.9362
2.81777110 0.9520
2.83253660 0.9828
2.84867487 1.0125
2.86490750 1.0265
2.88291052 1.0178
2.88950800 0.9920
2.86827589 0.9551
2.84208997 0.9574
2.82479598 0.9834
2.81354057 1.0024
2.81894239 0.9978
2.82511223 0.9761
2.81614899 0.9681
2.80711130 0.9808
2.80472121 0.9955
2.80566673 1.0031
2.80577649 1.0036
2.79796983 1.0000
2.78348371 0.9882
2.76744533 0.9665
2.75965890 0.9370
2.76774455 0.9142
2.78476031 0.9127
2.80137046 0.9284
2.81092151 0.9519
2.82781033 0.9804
2.85400419 1.0101
2.87236912 1.0359
2.87008627 1.0548
2.85169040 1.0562
2.82732737 1.0350
2.80624951 1.0030
2.79210898 0.9795
2.79034848 0.9689
2.79800302 0.9713
2.81282379 0.9836
2.82907232 1.0093
2.84178902 1.0364
2.85349702 1.0557
2.86484824 1.0689
2.87580106 1.0695
2.87891077 1.0501
2.86695630 1.0195
2.84487519 0.9881
2.82136363 0.9607
2.80660670 0.9427
2.80280880 0.9286
2.80840275 0.9211
2.82321883 0.9240
2.83804182 0.9411
2.84737122 0.9655
2.85321388 0.9820
2.85989855 0.9904
2.86701125 1.0004
2.86681146 1.0131
2.85982232 1.0294
2.85301090 1.0379
2.85296674 1.0417
2.86284431 1.0442
2.87963628 1.0454
2.88739966 1.0350
2.88179634 1.0133
2.86493656 0.9909
2.84620523 0.9826
2.83396132 0.9949
2.83013576 1.0175
2.83709548 1.0398
2.84728773 1.0563
2.85237867 1.0665
2.85770743 1.0730
2.86232857 1.0731
2.86044545 1.0643
2.84456795 1.0455
2.82381864 1.0293
2.81110488 1.0234
2.81187707 1.0327
2.81276648 1.0436
2.80236045 1.0521
2.78728748 1.0602
2.77996473 1.0638
2.78534923 1.0616
2.79200972 1.0443
2.79128995 1.0175
2.78646119 0.9946
2.79595185 0.9842
2.82367565 0.9929
2.85661924 1.0200
2.87650856 1.0482
2.88187820 1.0554
2.88631542 1.0364
2.90121311 0.9996
2.93520419 0.9683
2.95165317 0.8758
2.93098927 0.8280
2.90608302 0.8189
2.88002031 0.8301
2.85907008 0.8546
2.84676882 0.8826
2.83339432 0.9128
2.82462659 0.9298
2.83454901 0.9304
2.86753269 0.9158
2.90621540 0.8933
2.93086730 0.8735
2.92632099 0.8620
2.90568245 0.8583
2.90177953 0.8670
2.92255950 0.9005
2.93757529 0.9606
2.94201497 1.0053
2.95381169 1.0313
2.97205685 1.0329
2.98206927 1.0063
2.97475115 0.9775
2.94963402 0.9596
2.91316767 0.9468
2.87992523 0.9331
2.85445231 0.9202
2.83878969 0.9110
2.83139691 0.9120
2.82982190 0.9191
2.83480768 0.9211
2.84073811 0.9123
2.84109886 0.9028
2.83686625 0.9038
2.83420470 0.9176
2.83481674 0.9252
2.83676964 0.9102
2.84182969 0.8762
2.85687433 0.8449
2.88125493 0.8348
2.89990745 0.8408
2.90349732 0.8498
2.90747887 0.8579
2.92485520 0.8738
2.94101116 0.8988
2.94427549 0.9294
2.93678735 0.9478
2.92880652 0.9444
2.92869870 0.9105
2.92746380 0.8642
2.92635623 0.8375
2.92958907 0.8211
2.93884290 0.8002
2.94779788 0.8606
2.93488606 0.9616
2.91380501 0.9799
2.89722636 0.9661
2.90009535 0.9302
2.89958453 0.8966
2.90289201 0.8970
2.92001387 0.8924
2.93167417 0.8905
2.93337705 0.8817
2.93574169 0.8870
2.93302930 0.9498
2.92277445 0.9996
2.90893399 1.0215
2.89484444 1.0298
2.88638652 1.0141
2.88487453 0.9493
2.87925961 0.8859
2.87291714 0.8727
2.86310948 0.8722
2.86031518 0.8744
2.87366580 0.8774
2.90547681 0.9015
2.92839933 0.9617
2.92215252 1.0187
2.90331137 1.0365
2.88952612 1.0055
2.87524978 0.9321
2.86128640 0.8913
2.85701402 0.8834
2.85959078 0.8634
2.85449493 0.8384
2.84337627 0.8159
2.84889629 0.7893
2.84933516 0.8655
2.82679294 0.9217
2.81881519 0.9374
2.83047384 0.9508
2.85687064 0.9653
2.87864678 0.9769
2.89372952 0.9873
2.89884132 0.9948
2.89005786 0.9790
2.87941001 0.9430
2.89038614 0.9239
2.91470057 0.9144
2.93004424 0.9342
2.92241766 0.9001
2.90655437 0.8865
2.89492441 0.8868
2.89727156 0.8951
2.91162003 0.9192
2.91197592 0.9567
2.87731103 0.9548
2.84188426 0.9502
2.82106856 0.9438
2.81680801 0.9296
2.82155734 0.9156
2.83239356 0.9229
2.84557859 0.9498
2.85792225 0.9703
2.87024419 0.9782
2.87713579 0.9782
2.87991053 0.9785
2.88015976 0.9848
2.87779213 0.9811
2.87166286 0.9514
2.86310096 0.9064
2.85462308 0.8732
2.85768476 0.8716
2.87302717 0.8880
2.88965409 0.8800
2.89599618 0.8541
2.89714640 0.8488
2.90090226 0.8671
2.90702232 0.8913
2.90498651 0.8932
2.89172370 0.8599
2.87497324 0.8347
2.86070080 0.8024
2.84908775 0.8107
2.83661416 0.8573
2.82059409 0.8966
2.80509341 0.9136
2.80547155 0.9213
2.80546552 0.9307
2.78825137 0.9208
2.76835515 0.9194
2.75950723 0.9307
2.75973689 0.9500
2.76846669 0.9705
2.79095158 0.9867
2.82396710 0.9922
2.85134901 0.9903
2.86097986 0.9905
2.85533741 1.0032
2.83941564 1.0126
2.82164250 1.0115
2.80395728 1.0024
2.79459248 0.9970
2.79835065 0.9968
2.81346475 1.0018
2.83643131 1.0056
2.85813473 1.0051
2.87115608 1.0028
2.87715883 0.9941
2.87737038 0.9841
2.87350710 0.9818
2.86978159 0.9863
2.86962912 0.9883
2.88204294 0.9871
2.89905728 0.9821
2.90711494 0.9703
2.89968954 0.9475
2.88814435 0.9237
2.88095204 0.9058
2.86884752 0.8978
2.84537695 0.8893
2.81920080 0.8753
2.80171860 0.8665
2.79760460 0.8681
2.80718606 0.8849
2.82789482 0.9079
2.85941661 0.9224
2.89204975 0.9188
2.91374570 0.8966
2.92494080 0.8699
2.92108130 0.8483
2.90112302 0.8452
2.87213647 0.8555
2.83970660 0.8716
2.81919296 0.8832
2.82738336 0.8961
2.85133926 0.9056
2.87141582 0.9142
2.87773277 0.9231
2.86761681 0.9315
2.84540368 0.9356
2.81845233 0.9327
2.78338119 0.9242
2.74784171 0.9154
2.72564515 0.9077
2.73323074 0.9072
2.75689230 0.9090
2.78177349 0.9113
2.80331445 0.9185
2.81744294 0.9314
2.82417441 0.9504
2.82385083 0.9676
2.82179782 0.9762
2.81688849 0.9681
2.81445667 0.9486
2.81933958 0.9272
2.83328772 0.9053
2.85149689 0.8901
2.86619974 0.8846
2.87420424 0.9001
2.86576429 0.9310
2.84501994 0.9633
2.81689520 0.9751
2.78732693 0.9608
2.76302687 0.9320
2.74438478 0.9035
2.74061838 0.8788
2.76129324 0.8590
2.79778144 0.8434
2.82409599 0.8398
2.83090008 0.8529
2.82655504 0.8725
2.82650217 0.8921
2.83158060 0.9030
2.83726562 0.9085
2.83978451 0.9052
2.84669364 0.9002
2.86383577 0.8918
2.87116151 0.8754
2.86253726 0.8621
2.84303896 0.8566
2.82521970 0.8663
2.80982038 0.8890
2.79423047 0.9113
2.77565908 0.9214
2.76876761 0.9216
2.78671180 0.9197
2.82314189 0.9273
2.85404557 0.9385
2.87690509 0.9481
2.89956114 0.9541
2.92139968 0.9644
2.93749116 0.9819
2.94088947 1.0008
2.92540744 1.0134
2.89783239 1.0107
2.87998730 0.9811
2.87847089 0.9308
2.89346483 0.8864
2.91412388 0.8645
2.91998813 0.8558
2.90747329 0.8529
2.88527384 0.8615
2.86311358 0.8718
2.85168272 0.8690
2.85325838 0.8529
2.86272165 0.8293
2.88642320 0.8060
2.92268091 0.7891
2.95386231 0.7783
2.95631898 0.7746
2.94043279 0.7828
2.92123024 0.8058
2.90544501 0.8337
2.87948982 0.8480
2.85001656 0.8535
2.84049243 0.8603
2.85807817 0.8635
2.88474349 0.8562
2.88652201 0.8521
2.88061131 0.8659
2.88921253 0.8829
2.90202509 0.9089
2.89529264 0.9383
2.87849902 0.9727
2.86037195 0.9998
2.84626799 0.9948
2.84635670 0.9622
2.85723595 0.9199
2.87765153 0.8765
2.89389728 0.8410
2.89290261 0.8477
2.87894668 0.8670
2.85799266 0.8819
2.83272467 0.8952
2.80443693 0.8985
2.77599319 0.8874
2.75170659 0.8651
2.75084373 0.8479
2.78420839 0.8545
2.82853064 0.8823
2.86096758 0.8938
2.88062184 0.8954
2.89699204 0.9098
2.90375409 0.9263
2.89098531 0.9188
2.87092231 0.9009
2.86145657 0.9041
2.85607685 0.9297
2.85616093 0.9054
2.85398528 0.8342
2.84587517 0.7909
2.84455144 0.7980
2.86608490 0.8351
2.89606293 0.8777
2.92275584 0.9042
2.93952633 0.9086
2.94927854 0.8997
2.96095973 0.8798
2.98388021 0.7952
2.96641189 0.7884
2.94314677 0.7821
2.92575482 0.7747
2.92284699 0.7673
2.94073998 0.7661
2.96779630 0.7880
2.94828135 0.9673
2.90827590 0.9800
2.87864628 0.9870
2.86461999 0.9970
2.86386670 1.0014
2.87430571 0.9885
2.88763350 0.9332
2.88864731 0.8156
2.89171744 0.7646
2.91550093 0.8802
2.90341532 0.9716
2.87049514 0.9536
2.83623435 0.9304
2.80901930 0.9195
2.80461112 0.9315
2.83401205 0.9625
2.88702563 0.9884
2.93691379 0.9987
2.97085992 1.0003
2.97143852 0.8298
2.95447979 0.8122
2.94234962 0.7992
2.93217421 0.8068
2.92364328 0.8343
2.91713683 0.9025
2.91044879 0.9488
2.91070156 0.9570
2.90433301 0.9641
2.89269049 0.9883
2.87830364 1.0239
2.86756741 1.0312
2.85527988 0.9647
2.84161885 0.9029
2.82961110 0.8786
2.81284962 0.8657
2.79495191 0.8596
2.78929457 0.8492
2.80689181 0.8426
2.82891251 0.8404
2.84750656 0.8683
2.86179613 0.9016
2.87362977 0.9230
2.88523519 0.9363
2.88419201 0.9660
2.86745359 1.0069
2.85654739 1.0424
2.85596903 1.0618
2.86172901 1.0571
2.86658973 1.0266
2.86962338 0.9994
2.87363826 0.9910
2.87983849 0.9765
2.88335330 0.8645
2.85486643 0.7380
2.81922896 0.7011
2.79873645 0.6890
2.79632815 0.6819
2.80323590 0.6735
2.81570616 0.6801
2.83215219 0.7186
2.85115043 0.8372
2.83936460 0.9556
2.80947074 0.9450
2.78241708 0.8991
2.76255307 0.8567
2.74892305 0.8312
2.73826126 0.8121
2.73693135 0.7824
2.75220763 0.7507
2.78779228 0.7661
2.82844241 0.8577
2.85329073 0.9372
2.86162204 0.9517
2.85192409 0.9146
2.82420558 0.8588
2.78455841 0.7898
2.73322353 0.6971
2.66901915 0.5859
2.61949562 0.5116
2.60315007 0.4806
2.63642054 0.4829
2.68926426 0.5229
2.73608765 0.5952
2.75568682 0.6609
2.75043653 0.6974
2.73789488 0.7167
2.72630980 0.7338
2.72139519 0.7197
2.71179825 0.6595
2.71033970 0.6074
2.72853235 0.6047
2.77321533 0.6775
2.80953257 0.8202
2.80713955 0.9227
2.77775069 0.9402
2.75328645 0.9488
2.75484186 0.9931
2.77457347 1.0335
2.81150880 1.0452
2.85844230 1.0273
2.90232822 1.0061
2.93855575 1.0079
2.96449430 1.0165
2.98231297 1.0063
2.98078525 0.9647
2.95750525 0.8973
2.92863935 0.8593
2.91037943 0.8614
2.88897318 0.8614
2.86393893 0.8390
2.84203950 0.8056
2.83692441 0.7816
2.84508377 0.7700
2.85516430 0.7535
2.86377107 0.7370
2.86713217 0.7310
2.86781686 0.7560
2.86340945 0.8131
2.85650637 0.8370
2.85419213 0.8133
2.84796959 0.7744
2.84472462 0.7621
2.84854971 0.7653
2.85564468 0.7647
2.85070437 0.7503
2.83184617 0.7283
2.81818698 0.7191
2.82463841 0.7603
2.83353042 0.8319
2.83529782 0.8339
2.83300948 0.8237
2.84057413 0.8524
2.86009829 0.8845
2.87997304 0.8865
2.89589338 0.8640
2.89470771 0.8214
2.87302324 0.7716
2.84035194 0.7303
2.80905311 0.6914
2.78771369 0.6523
2.76939014 0.6352
2.75797527 0.6550
2.75545830 0.7061
2.76323868 0.7656
2.76629996 0.8007
2.76499860 0.8071
2.75261640 0.7980
2.73853173 0.7764
2.72909454 0.7332
2.74307832 0.6693
2.79572323 0.6081
2.88281909 0.5780
2.94429761 0.9009
2.95095993 1.0082
2.95260409 1.0098
2.94704663 0.9879
2.93492905 0.9658
2.91935926 0.9488
2.89696315 0.9093
2.86784235 0.8181
2.84091052 0.7143
2.84249884 0.6714
2.87431530 0.7442
2.90302103 0.8580
2.90999184 0.8775
2.90111044 0.8417
2.88663519 0.8314
2.87231294 0.8414
2.85807988 0.8373
2.84204766 0.8145
2.83594686 0.7975
2.85371047 0.7942
2.88254552 0.7970
2.90135312 0.8053
2.89954950 0.7974
2.88359178 0.7883
2.86945157 0.7904
2.86152152 0.8005
2.84818035 0.8032
2.83436792 0.7975
2.83150714 0.7865
2.83763330 0.7769
2.84481487 0.7738
2.85244146 0.7805
2.87028254 0.7909
2.89494157 0.7924
2.91810439 0.8150
2.92202890 0.8742
2.91178751 0.9303
2.89916842 0.9693
2.88406795 0.9777
2.87392351 0.9418
2.87513978 0.8340
2.86288251 0.7008
2.83533977 0.6990
2.81814895 0.7171
2.81507168 0.7327
2.81673480 0.7441
2.82007132 0.7470
2.83500476 0.7418
2.86829120 0.7261
2.90473347 0.6597
2.88485466 0.8367
2.86775816 0.8247
2.86411707 0.7983
2.87451265 0.7823
2.89743071 0.7887
2.92717506 0.7883
2.94773929 0.7921
2.95036839 0.8638
2.93916817 0.9418
2.91793224 0.9267
2.91094298 0.9092
2.90913589 0.8754
2.88686496 0.8610
2.87536403 0.8732
2.89674831 0.8780
2.92471004 0.8713
2.92787466 0.8640
2.90272485 0.8704
2.87379427 0.8681
2.87205023 0.8357
2.90860551 0.8017
2.90306831 0.9710
2.89626193 0.9283
2.88832477 0.8786
2.88555717 0.8859
2.89762094 0.8892
2.90504636 0.8752
2.89210349 0.8522
2.85466215 0.8339
2.81398416 0.8222
2.79906969 0.7995
2.80328085 0.7729
2.80743754 0.7740
2.81515700 0.8033
2.83599888 0.8475
2.86159952 0.8856
2.88249330 0.9006
2.89450582 0.8941
2.89732425 0.8769
2.89144607 0.8618
2.88545960 0.8516
2.87646247 0.8366
2.85602482 0.8247
2.82802860 0.8257
2.80945954 0.8346
2.79571959 0.8516
2.78878799 0.8698
2.78526535 0.8795
2.78032721 0.8848
2.78050896 0.8880
2.78583223 0.8919
2.80408683 0.8905
2.82559554 0.8846
2.83790509 0.8741
2.84420216 0.8557
2.86188226 0.8422
2.89109079 0.8389
2.91279960 0.8390
2.90808388 0.8248
2.87188334 0.7929
2.82634564 0.7619
2.78910196 0.7435
2.76618146 0.7401
2.75453384 0.7492
2.75303868 0.7518
2.76561266 0.7450
2.79037960 0.7323
2.81525212 0.7143
2.83093600 0.6982
2.82889473 0.6939
2.81126735 0.6965
2.77858703 0.6898
2.73773148 0.6631
2.69724018 0.6493
2.67622642 0.6461
2.67339370 0.6448
2.68399439 0.6420
2.71248159 0.6434
2.74942487 0.6588
2.77033344 0.6719
2.76266425 0.6742
2.73476880 0.6740
2.71105871 0.6826
2.70069277 0.7110
2.70509883 0.7593
2.73550339 0.8075
2.79188549 0.8456
2.85640369 0.8664
2.90620522 0.8791
2.92141130 0.8769
2.90903631 0.8618
2.88497110 0.8463
2.85826589 0.8382
2.82641065 0.8328
2.79475570 0.8299
2.77173159 0.8290
2.77226309 0.8302
2.78686532 0.8300
2.80252999 0.8299
2.80435896 0.8274
2.79467449 0.8224
2.77461953 0.8061
2.74538013 0.7752
2.70473908 0.7313
2.66671244 0.6912
2.66122431 0.6763
2.69177847 0.6797
2.73779458 0.6869
2.78472654 0.7026
2.82235008 0.7334
2.84512292 0.7780
2.85346877 0.8157
2.84563606 0.8071
2.83321085 0.7693
2.82588193 0.7376
2.83284699 0.7270
2.85378403 0.7231
2.88242710 0.7206
2.89920158 0.7161
2.89481912 0.7223
2.87526024 0.7402
2.84888966 0.7560
2.82263933 0.7623
2.80278960 0.7601
2.79053438 0.7519
2.79354996 0.7449
2.81843363 0.7412
2.85779840 0.7482
2.88778663 0.8227
2.90069870 0.8558
2.89981797 0.7980
2.88061202 0.7897
2.86356408 0.8068
2.85144326 0.8187
2.83519325 0.8174
2.82671862 0.8127
2.83863240 0.8142
2.86803825 0.8625
2.88772979 0.9325
2.89857001 0.9509
2.90533767 0.9334
2.90314984 0.8976
2.88223926 0.8468
2.84221427 0.7817
2.79281957 0.7299
2.76756873 0.7186
2.78044582 0.7445
2.81687953 0.7882
2.86340817 0.8566
2.90401233 0.9300
2.93367429 0.9658
2.95341816 0.9678
2.96592750 0.9130
2.94782177 0.7963
2.90657264 0.7510
2.86845439 0.7369
2.84760115 0.7439
2.84819356 0.7680
2.86357290 0.8191
2.87632401 0.8693
2.87847120 0.8540
2.88465434 0.8287
2.89445488 0.8216
2.90350296 0.8305
2.90793835 0.8521
2.90753978 0.8839
2.90167345 0.9151
2.90202969 0.9271
2.90990456 0.9104
2.92252460 0.8772
2.93759995 0.8190
2.94224643 0.7491
2.92956178 0.7356
2.92057699 0.7405
2.93523740 0.7808
2.93254818 0.8820
2.91972313 0.9107
2.90805104 0.9140
2.89992044 0.9057
2.89321417 0.8833
2.88626503 0.8595
2.87930543 0.8484
2.85365492 0.8350
2.82800815 0.8262
2.81892489 0.8273
2.82086530 0.8391
2.82722850 0.8719
2.84119813 0.9159
2.86612498 0.9494
2.89851928 0.9672
2.91921671 0.9738
2.91238502 0.9688
2.88950038 0.9560
2.86666169 0.9425
2.85047631 0.9292
2.83759260 0.9269
2.82274739 0.9365
2.81133584 0.9483
2.80709358 0.9525
2.81583669 0.9426
2.83325742 0.9250
2.85167921 0.9072
2.85821999 0.9004
2.84004897 0.9131
2.81020693 0.9267
2.78366184 0.9341
2.76360214 0.9331
2.75742349 0.9250
2.76283230 0.9100
2.77582252 0.8970
2.79940694 0.8921
2.83186201 0.8967
2.86037334 0.9135
2.87956979 0.9323
2.89180863 0.9455
2.89460841 0.9439
2.88141609 0.9311
2.85579968 0.9170
2.83256206 0.9155
2.82603645 0.9213
2.83819672 0.9221
2.86155448 0.9204
2.88131743 0.9177
2.89575866 0.9215
2.89956546 0.9196
2.89254851 0.8999
2.87448277 0.8918
2.85449793 0.9083
2.84925169 0.9462
2.85527475 0.9884
2.86396614 1.0109
2.86736701 1.0102
2.86356352 1.0025
2.85788541 0.9957
2.85886760 0.9881
2.86902667 0.9772
2.88704635 0.9710
2.89797131 0.9690
2.90262623 0.9677
2.90198535 0.9676
2.89230900 0.9628
2.87976194 0.9526
2.87126337 0.9373
2.86903423 0.9213
2.87829907 0.9149
2.89754246 0.9141
2.92416303 0.9164
2.94662200 0.9214
2.95369988 0.9273
2.94652078 0.9383
2.93580292 0.9529
2.93867385 0.9657
2.95302951 0.9684
2.96475920 0.9656
2.97257641 0.9685
2.97342604 0.9651
2.95707914 0.8987
2.90609616 0.7480
2.83618386 0.6595
2.79170051 0.6364
2.78642713 0.6550
2.82347991 0.7262
2.87034323 0.8253
2.88898267 0.8857
2.87479870 0.8938
2.85325033 0.8800
2.84556066 0.8621
2.85167322 0.8594
2.86207715 0.8787
2.87118684 0.9055
2.88266499 0.9329
2.89511718 0.9466
2.90390111 0.9462
2.90864449 0.9466
2.91307543 0.9527
2.91499030 0.9500
2.90811347 0.9326
2.89200190 0.9088
2.87641532 0.8883
2.86134877 0.8724
2.84489792 0.8698
2.83181210 0.8762
2.82783821 0.8795
2.83430931 0.8946
2.85539061 0.9177
2.86759281 0.9328
2.86583264 0.9321
2.86248684 0.9218
2.86406326 0.9098
2.86117435 0.9043
2.84804933 0.9151
2.83129539 0.9210
2.82892556 0.8892
2.84370045 0.7956
2.86805025 0.7196
2.89065780 0.7142
2.90239544 0.7426
2.90812285 0.7912
2.89960618 0.8526
2.86981257 0.8894
2.83017260 0.9062
2.79920634 0.9221
2.79004394 0.9455
2.80350709 0.9565
2.83770499 0.9426
2.88160909 0.9254
2.92427063 0.9617
2.92679745 0.8942
2.91044498 0.8938
2.89370006 0.9473
2.87732971 1.0154
2.86565318 1.0292
2.87669964 1.0293
2.89601980 0.9858
2.88771400 0.8514
2.88023009 0.7931
2.89246288 0.7833
2.90343406 0.7837
2.91018187 0.7989
2.93034036 0.8197
2.96135387 0.8519
2.94888570 0.9053
2.92725331 0.9071
2.92147838 0.9074
2.92912329 0.9109
2.94803349 0.9098
2.97059022 0.8998
2.98822153 0.8830
2.99095717 0.8672
2.98910455 0.8766
2.97297569 0.9715
2.94888392 0.9900
2.94739162 0.9828
2.95468948 0.9595
2.95026712 0.8871
2.93115945 0.8019
2.91636226 0.7693
2.92327222 0.8164
2.92842947 0.9692
2.91016601 1.0524
2.88125302 1.0864
2.85817465 1.0935
2.85168125 1.0829
2.85813994 1.0600
2.86562574 1.0335
2.86800584 1.0055
2.86169078 0.9732
2.85140280 0.9408
2.84363214 0.9226
2.84267229 0.9454
2.85016809 0.9969
2.85693215 1.0340
2.86273301 1.0477
2.86585336 1.0460
2.87291807 1.0350
2.88714936 1.0184
2.89490136 0.9996
2.89645686 0.9819
2.89723355 0.9673
2.90191915 0.9532
2.90864564 0.9522
2.91246029 0.9635
2.91208658 0.9716
2.90552413 0.9541
2.89707818 0.9014
2.89256576 0.8134
2.89025385 0.7247
2.89100223 0.6855
2.89490872 0.7685
2.86351279 0.9766
2.81296885 0.9606
2.76234813 0.9432
2.73743006 0.9413
2.74077423 0.9548
2.75734454 0.9793
2.78294019 1.0101
2.80879509 1.0384
2.82917550 1.0555
2.84194926 1.0574
2.84740814 1.0492
2.84300830 1.0421
2.82888834 1.0336
2.81486790 1.0134
2.81372851 0.9890
2.82447340 0.9738
2.84016618 0.9745
2.84944765 0.9745
2.84598297 0.9694
2.83369126 0.9648
2.82848034 0.9603
2.83061165 0.9568
2.82451939 0.9497
2.80347946 0.9368
2.78472958 0.9264
2.77980676 0.9269
2.78910437 0.9352
2.81311561 0.9447
2.84911145 0.9460
2.88186338 0.9401
2.89604580 0.9336
2.89991242 0.9268
2.90654545 0.9156
2.90972713 0.8933
2.89227502 0.8628
2.85612135 0.8501
2.82369888 0.8744
2.81249284 0.9195
2.81610503 0.9536
2.81715177 0.9544
2.81145432 0.9329
2.80129567 0.9067
2.79620392 0.8891
2.80803800 0.8751
2.82859335 0.8595
2.84455202 0.8463
2.85434311 0.8432
2.86703778 0.8459
2.88496314 0.8490
2.90830095 0.8716
2.92983845 0.8935
2.94041589 0.9015
2.94595970 0.9003
2.94696657 0.8908
2.94014475 0.8822
2.93011391 0.8776
2.91209188 0.8754
2.88273268 0.8694
2.85545511 0.8613
2.84871718 0.8499
2.85484863 0.8379
2.85893589 0.8281
2.86001157 0.8248
2.87569415 0.8440
2.90134532 0.8779
2.91917820 0.9200
2.91393208 0.9397
2.90190331 0.9227
2.90463856 0.9034
2.91428918 0.8880
2.91917701 0.8601
2.90950813 0.8148
2.88470515 0.7690
2.84879722 0.7503
2.81487518 0.7703
2.80141065 0.8186
2.80847052 0.8706
2.82772176 0.9126
2.84624744 0.9425
2.86358819 0.9618
2.88386006 0.9649
2.90674415 0.9515
2.92485367 0.9250
2.92450552 0.8997
2.89910063 0.8921
2.86977171 0.8948
2.85334341 0.8896
2.84580736 0.8733
2.84926267 0.8778
2.85425321 0.9582
2.84772114 0.9992
2.85980007 1.0021
2.88428219 0.9835
2.90052706 0.9512
2.89470876 0.9244
2.87595530 0.9123
2.86167666 0.9022
2.85921982 0.8900
2.86436600 0.8905
2.85705086 0.9087
2.85192656 0.9300
2.86374381 0.9347
2.88302189 0.9241
2.89197844 0.9107
2.87167011 0.9049
2.82492591 0.9028
2.77080052 0.8944
2.73001078 0.8734
2.71634195 0.8513
2.73190882 0.8396
2.76497622 0.8422
2.79857423 0.8485
2.82653225 0.8494
2.85290192 0.8453
2.87520248 0.8532
2.88499719 0.8811
2.87475291 0.9156
2.85421604 0.9508
2.83723583 0.9773
2.83234788 0.9905
2.83087102 0.9946
2.84285043 0.9943
2.86776735 0.9878
2.89647783 0.9691
2.91820305 0.9487
2.92164025 0.9427
2.90409930 0.9474
2.86978150 0.9534
2.83081262 0.9615
2.80205769 0.9714
2.78908205 0.9793
2.79903825 0.9836
2.82985259 0.9819
2.86815271 0.9696
2.89862870 0.9576
2.91419837 0.9496
2.91974491 0.9406
2.92295349 0.9366
2.91262140 0.9411
2.88857101 0.9343
2.87478825 0.9184
2.87953010 0.9000
2.88804739 0.8878
2.89340455 0.8909
2.90206109 0.9130
2.91404990 0.9400
2.91855693 0.9511
2.91623491 0.9490
2.89498377 0.9308
2.86131793 0.9179
2.84631728 0.9126
2.84786492 0.9051
2.85224180 0.8940
2.85039049 0.8936
2.85487321 0.9045
2.86672422 0.9230
2.87343535 0.9410
2.87820698 0.9727
2.87655534 1.0083
2.86956619 1.0248
2.86303040 1.0258
2.85306007 1.0185
2.84202499 1.0054
2.83180044 0.9925
2.82252607 0.9753
2.81660183 0.9603
2.81812483 0.9582
2.82678084 0.9659
2.83864889 0.9734
2.84738792 0.9817
2.85518528 1.0026
2.86023291 1.0294
2.86401165 1.0469
2.86572828 1.0545
2.85935979 1.0488
2.84639210 1.0335
2.83120763 1.0119
2.81868384 0.9872
2.80975397 0.9655
2.80137365 0.9514
2.79537759 0.9516
2.79919000 0.9635
2.81166332 0.9773
2.82499664 0.9885
2.83073229 0.9931
2.83238629 0.9933
2.83411039 0.9887
2.83886013 0.9824
2.83576318 0.9762
2.82110375 0.9609
2.80130844 0.9376
2.78935598 0.9222
2.79136226 0.9324
2.80813567 0.9738
2.82873334 1.0079
2.84433922 1.0166
2.85112000 1.0223
2.84682907 1.0251
2.82835649 1.0205
2.79884655 1.0185
2.77208395 1.0276
2.75820540 1.0546
2.76663300 1.0875
2.78850029 1.1072
2.81284686 1.1105
2.83732850 1.0960
2.85063539 1.0085
2.85577275 0.9458
2.85623250 1.0207
2.84010671 1.0325
2.80981899 1.0147
2.77346568 1.0027
2.74900720 1.0015
2.74712796 0.9995
2.75899253 0.9897
2.77315380 0.9762
2.78993811 0.9706
2.80506719 0.9713
2.81584721 0.9718
2.81473956 0.9717
2.80681691 0.9746
2.80355305 0.9788
2.81036708 0.9919
2.82482376 1.0056
2.84294319 1.0088
2.86980731 1.0087
2.90500887 1.0011
2.94056997 0.9827
2.96376266 0.9648
2.95619714 0.9659
2.92319217 0.9837
2.88817188 1.0053
2.85828826 1.0185
2.83042703 1.0232
2.81323502 1.0151
2.82044512 1.0028
2.85388715 0.9848
2.89902425 0.9655
2.93872252 0.9559
2.96085390 0.9572
2.96365656 0.9778
2.95182613 1.0026
2.92926265 1.0248
2.90522682 1.0332
2.88217554 1.0265
2.86598500 1.0025
2.85678983 0.9647
2.85327906 0.9369
2.85339833 0.9338
2.84539481 0.9499
2.82256749 0.9678
2.78761608 0.9785
2.75761657 0.9801
2.74839760 0.9819
2.75165529 0.9771
2.76389950 0.9634
2.77911252 0.9421
2.80501612 0.9263
2.84263835 0.9364
2.87529582 0.9770
2.88940074 1.0254
2.88685633 1.0573
2.87748345 1.0683
2.86560090 1.0665
2.85619880 1.0578
2.84816543 1.0450
2.83657837 1.0167
2.82183608 0.9879
2.80927356 0.9761
2.80155048 0.9862
2.79272117 1.0075
2.78323843 1.0253
2.77058123 1.0379
2.75921098 1.0508
2.75222567 1.0739
2.75506060 1.0953
2.77003361 1.1011
2.78566770 1.0792
2.79589248 1.0505
2.79700013 1.0359
2.79496277 1.0328
2.79081260 1.0369
2.78709934 1.0431
2.78273541 1.0510
2.78008665 1.0625
2.78018978 1.0693
2.78089073 1.0681
2.79163707 1.0625
2.81014746 1.0595
2.84019182 1.0593
2.87071699 1.0621
2.88592698 1.0604
2.87864744 1.0537
2.86407305 1.0424
2.85717597 1.0279
2.85789760 1.0054
2.86050977 0.9893
2.86418232 0.9877
2.87019583 1.0041
2.87295568 1.0307
2.86358907 1.0554
2.84651640 1.0661
2.82289362 1.0586
2.79313943 1.0448
2.76531821 1.0242
2.74270908 0.9973
2.73809889 0.9650
2.76610394 0.9471
2.81772554 0.9488
2.86512539 0.9681
2.88101610 0.9932
2.87304420 1.0063
2.85783134 1.0046
2.84574113 0.9922
2.83399918 0.9719
2.82203128 0.9416
2.81484500 0.9146
2.80801293 0.9043
2.78749961 0.9173
2.75839413 0.9484
2.74161401 0.9813
2.74293562 1.0015
2.75513337 1.0110
2.78151857 1.0240
2.81722848 1.0442
2.84949362 1.0614
2.86143057 1.0593
2.86227967 1.0431
2.86595691 1.0205
2.87555167 1.0067
2.88083023 1.0042
2.87353271 1.0041
2.85523497 0.9991
2.83929092 0.9925
2.83078611 0.9927
2.82050601 0.9932
2.80700410 0.9911
2.79742459 0.9894
2.80072258 0.9947
2.81442276 1.0063
2.81999919 1.0139
2.81967982 1.0167
2.81970508 1.0129
2.82562952 1.0073
2.83333319 1.0004
2.82946296 0.9921
2.81955531 0.9882
2.81441346 0.9973
2.80689307 1.0143
2.79194901 1.0285
2.77153475 1.0319
2.75631726 1.0268
2.74817902 1.0204
2.74617910 1.0153
2.74736211 1.0090
2.74934771 0.9999
2.75464605 0.9911
2.76457844 0.9874
2.77251362 0.9929
2.77659323 1.0040
2.78691121 1.0125
2.80477642 1.0160
2.82472112 1.0230
2.83756705 1.0350
2.83973432 1.0444
2.84385712 1.0494
2.84677880 1.0491
2.84150389 1.0568
2.83068369 1.0697
2.82293952 1.0756
2.82938551 1.0661
2.84331810 1.0449
2.84934561 1.0304
2.84488813 1.0267
2.83604867 1.0276
2.82544863 1.0264
2.81904212 1.0256
2.81888751 1.0328
2.82102425 1.0438
2.81190604 1.0519
2.79319951 1.0449
2.78585119 1.0260
2.79627539 1.0071
2.80920210 0.9955
2.81070572 0.9944
2.80715416 1.0015
2.80370571 1.0093
2.81000032 1.0212
2.82536515 1.0415
2.83835668 1.0645
2.84190443 1.0774
2.84427231 1.0632
2.85582075 1.0350
2.86694510 1.0083
2.85814874 0.9878
2.82484247 0.9669
2.78785207 0.9330
2.77269842 0.9004
2.77334184 0.8957
2.77563215 0.9161
2.78847790 0.9461
2.81487069 0.9606
2.85320940 0.9619
2.88990257 0.9592
2.91321705 0.9644
2.91004116 0.9766
2.88125034 0.9977
2.84407244 1.0064
2.81487164 0.9942
2.79885126 0.9675
2.79361916 0.9405
2.79413886 0.9135
2.80411089 0.8942
2.82310164 0.8960
2.84649812 0.9209
2.86891181 0.9542
2.87865161 0.9814
2.86824527 1.0002
2.84687454 1.0104
2.83516925 1.0119
2.83804326 1.0060
2.84512207 0.9877
2.84366519 0.9548
2.83989246 0.9183
2.84388455 0.9018
2.84660592 0.9125
2.83963582 0.9355
2.82897368 0.9565
2.82004788 0.9727
2.81484730 0.9879
2.81529597 1.0026
2.81948634 0.9961
2.82447992 0.9773
2.82852785 0.9656
2.83556331 0.9701
2.85663317 0.9820
2.88557065 0.9925
2.90994698 0.9936
2.92117968 0.9820
2.92273301 0.9656
2.92064645 0.9482
2.92286591 0.9435
2.92862307 0.9448
2.93090551 0.9508
2.92054102 0.9555
2.91219159 0.9586
2.91298197 0.9508
2.91741724 0.9225
2.91197800 0.8904
2.89200502 0.8780
2.87344693 0.8719
2.87197011 0.8619
2.88814848 0.8509
2.89879716 0.8509
2.89772009 0.8563
2.90835859 0.8649
2.93543086 0.8750
2.95799592 0.8834
2.96570285 0.8936
2.96121002 0.8863
2.94167377 0.8650
2.93316547 0.8370
2.93608077 0.8092
2.94290914 0.7994
2.94699856 0.8189
2.94962657 0.8886
2.93089447 0.9431
2.90635607 0.9626
2.89615135 0.9782
2.88687058 0.9738
2.87432118 0.9517
2.86387227 0.9473
2.86653565 0.9368
2.87827828 0.9149
2.89884275 0.9089
2.91680090 0.9290
2.92581808 0.9586
2.92425947 0.9733
2.91540281 0.9614
2.89990768 0.9389
2.88085222 0.9257
2.86807696 0.9179
2.86630858 0.9160
2.87492370 0.9180
2.88644536 0.9295
2.89055109 0.9457
2.89305287 0.9674
2.89559586 0.9818
2.89635342 0.9779
2.89370844 0.9443
2.89142409 0.8851
2.88889195 0.8200
2.89374971 0.7804
2.90731782 0.7742
2.91361259 0.8015
2.90593536 0.8543
2.89147964 0.9028
2.88342968 0.9325
2.88146944 0.9442
2.88030234 0.9262
2.87250377 0.8866
2.86471719 0.8598
2.86315981 0.8891
2.85901988 0.9159
2.86213067 0.9233
2.87183660 0.9276
2.87387506 0.9391
2.86432620 0.9539
2.84992707 0.9660
2.83727136 0.9574
2.83201094 0.9448
2.83581221 0.9395
2.84596209 0.9501
2.85627764 0.9657
2.86191755 0.9837
2.86085454 0.9887
2.85527357 0.9816
2.85508753 0.9710
2.86236192 0.9657
2.87197273 0.9581
2.87757765 0.9489
2.87485902 0.9372
2.87447148 0.9298
2.88444637 0.9395
2.89930493 0.9678
2.90496551 0.9989
2.90272608 1.0068
2.90703236 1.0012
2.90873048 0.9946
2.89635095 0.9829
2.87436312 0.9720
2.85156813 0.9591
2.83572076 0.9527
2.82355615 0.9612
2.81646655 0.9813
2.81170011 1.0014
2.81960869 1.0113
2.84014748 1.0072
2.86769840 0.9893
2.89357804 0.9679
2.90999006 0.9545
2.92014791 0.9479
2.92506079 0.9390
2.92153735 0.9269
2.90903179 0.9164
2.89382405 0.9145
2.88458184 0.9155
2.89114666 0.9147
2.90713764 0.9118
2.92765708 0.9136
2.94302135 0.9310
2.94410930 0.9539
2.93169476 0.9797
2.91520280 1.0074
2.90026123 1.0308
2.88671328 1.0382
2.87429863 1.0304
2.86415303 1.0118
2.86093726 0.9896
2.85937775 0.9658
2.85165885 0.9539
2.84268407 0.9582
2.84011636 0.9798
2.84741868 1.0129
2.84543795 1.0472
2.83578454 1.0644
2.82861930 1.0644
2.83193541 1.0508
2.84327676 1.0291
2.85311891 1.0036
2.85074094 0.9812
2.83857291 0.9729
2.83210616 0.9830
2.82961396 1.0008
2.82325423 1.0229
2.81737678 1.0421
2.82100175 1.0528
2.83542222 1.0513
2.85263586 1.0410
2.86246525 1.0219
2.85929100 0.9965
2.85333111 0.9890
2.84243207 1.0022
2.81986565 1.0293
2.77943821 1.0585
2.74488234 1.0785
2.73762951 1.0772
2.76327299 1.0635
2.80472616 1.0421
2.84679308 1.0289
2.87517249 1.0282
2.88124827 1.0428
2.86461241 1.0627
2.84732223 1.0816
2.83732117 1.0950
2.82423727 1.1004
2.80480537 1.0929
2.79684766 1.0678
2.80777410 1.0245
2.83310897 0.9773
2.85991519 0.9521
2.87520444 0.9540
2.87205224 0.9647
2.84752803 0.9737
2.80565480 0.9843
2.76741174 0.9933
2.74896121 1.0000
2.75390654 0.9959
2.77649743 0.9803
2.80171615 0.9583
2.82250146 0.9450
2.83616647 0.9470
2.84282010 0.9637
2.83616757 0.9829
2.81972569 1.0001
2.80626456 1.0194
2.79885028 1.0339
2.79675133 1.0286
2.79545814 1.0033
2.78879464 0.9733
2.78750075 0.9525
2.79609481 0.9508
2.81148949 0.9734
2.82487497 1.0024
2.83190909 1.0164
2.83692188 1.0201
2.83954558 1.0227
2.83673797 1.0115
2.82470519 0.9752
2.80805090 0.9291
2.79961951 0.8973
2.79865135 0.8909
2.79055276 0.8882
2.77500638 0.8945
2.76901500 0.9162
2.77322172 0.9339
2.78132303 0.9529
2.79556417 0.9614
2.81930821 0.9562
2.84236285 0.9428
2.85130245 0.9288
2.84669275 0.9199
2.82901699 0.9129
2.81279024 0.9117
2.79546297 0.9085
2.78254574 0.9040
2.77688420 0.8997
2.78835048 0.9014
2.81067268 0.9091
2.81921954 0.9181
2.80825518 0.9347
2.78264549 0.9560
2.75832851 0.9788
2.74339998 0.9984
2.73265634 1.0015
2.72759047 0.9901
2.73195377 0.9642
2.75351331 0.9392
2.78733233 0.9261
2.81734683 0.9238
2.83207201 0.9344
2.83456034 0.9624
2.83395225 0.9998
2.83299233 1.0330
2.83060231 1.0469
2.82426162 1.0353
2.81435414 0.9971
2.80625344 0.9436
2.81324992 0.8898
2.82996986 0.8443
