3.01525451 0.8170
3.02596977 0.8190
3.02374320 0.8338
3.01300403 0.8592
2.99427235 0.8769
2.96617460 0.8641
2.93338372 0.8244
2.90418922 0.7807
2.88936489 0.7473
2.88587370 0.7218
2.89902229 0.6947
2.91944380 0.6807
2.94371061 0.6906
2.96409303 0.7250
2.97428710 0.7550
2.98895802 0.7633
3.01711390 0.7619
3.03007964 0.7666
3.01944210 0.7754
3.00039884 0.7832
2.99380109 0.7864
2.99901632 0.7838
3.00463606 0.7779
3.00762450 0.7841
3.01496212 0.7988
3.01879860 0.8206
3.00629138 0.8336
2.98064171 0.8372
2.95207950 0.8404
2.92772288 0.8418
2.91477379 0.8471
2.91322558 0.8501
2.93233277 0.8287
2.95512053 0.8053
2.97602153 0.7994
2.99687575 0.8058
3.01080147 0.8076
3.00799403 0.7968
2.99206712 0.7785
2.97640797 0.7595
2.96879744 0.7446
2.97451007 0.7339
3.00040914 0.7279
3.03279509 0.7497
3.05505956 0.7778
3.05619066 0.7968
3.05188271 0.8133
3.04483867 0.8383
3.02632450 0.8538
3.00821574 0.8587
3.00978379 0.8583
3.02828938 0.8458
3.05183769 0.8216
3.07293587 0.8029
3.09456563 0.8052
3.11973922 0.8074
3.14774163 0.8029
3.16082809 0.8021
3.13505707 0.7984
3.08240725 0.7903
3.03594912 0.7865
3.01339793 0.7914
3.00207309 0.7851
2.99171543 0.7471
3.00558750 0.7086
3.04822595 0.7107
3.09063265 0.7057
3.10207095 0.6990
3.07960679 0.6952
3.04223186 0.6861
3.01111189 0.6746
2.99068214 0.6586
2.97780814 0.6463
2.97429869 0.6468
2.98425349 0.6637
3.00046905 0.6888
3.01056572 0.7045
3.00835094 0.7103
2.99399091 0.7174
2.97965412 0.7374
2.97443939 0.7735
2.97113174 0.8147
2.96253396 0.8489
2.96011246 0.8576
2.96715498 0.8546
2.98117563 0.8461
2.99856765 0.8239
3.01900729 0.7919
3.02344030 0.7596
3.01309736 0.7335
3.00095763 0.7242
2.99549922 0.7386
2.99223814 0.7745
2.98338300 0.8261
2.97183296 0.8762
2.96604732 0.9077
2.97430989 0.9170
2.99229089 0.9076
3.00408132 0.8885
2.99975313 0.8573
2.98842940 0.8160
2.98356053 0.7821
2.98555639 0.7674
2.98292657 0.7644
2.97610610 0.7753
2.96859251 0.7908
2.96518073 0.8021
2.96298020 0.8103
2.96612563 0.8133
2.97032004 0.8156
2.97582984 0.8132
2.99430461 0.8039
3.01664963 0.7933
3.03634401 0.7873
3.03782348 0.7924
3.01459551 0.8098
2.97736342 0.8340
2.95552772 0.9519
3.00521915 0.9286
3.04062866 0.9111
3.05790945 0.9041
3.06249084 0.9079
3.05036882 0.9114
3.03540430 0.8935
3.04669618 0.8540
3.07273947 0.8472
3.07467767 0.8563
3.06133415 0.8658
3.04159159 0.8769
3.01915763 0.8841
3.00040102 0.8605
3.00981709 0.8437
3.03172441 0.8507
3.05946952 0.8555
3.08551614 0.8573
3.09555483 0.8542
3.08504637 0.8541
3.06671049 0.8534
3.04578053 0.8593
3.02767167 0.8656
3.00670752 0.8511
3.00200399 0.8083
3.01386638 0.8042
3.03657826 0.8081
3.07501364 0.8085
3.10873407 0.8080
3.12314423 0.8029
3.10497765 0.8005
3.07037870 0.8088
3.03616689 0.8249
3.00497307 0.8363
2.97580843 0.8407
2.95460990 0.8554
2.94381963 0.8644
2.96120671 0.7683
3.01509925 0.7525
3.06825412 0.7454
3.09909867 0.7415
3.10458061 0.7480
3.09923569 0.7653
3.09323527 0.7876
3.08936101 0.8095
3.09029589 0.8249
3.09531534 0.8327
3.09857914 0.8334
3.09682491 0.8234
3.09477398 0.8048
3.08717101 0.7773
3.08195691 0.7502
3.07856902 0.7560
3.06723568 0.7846
3.03999988 0.8117
3.02071953 0.8243
3.02389219 0.8311
3.04257086 0.8341
3.06112905 0.8265
3.07763982 0.8035
3.08485465 0.7737
3.08352897 0.7421
3.06239275 0.7212
3.03508132 0.7110
3.02178933 0.6957
3.02307284 0.6789
3.03300785 0.6634
3.03726362 0.6596
3.03684404 0.6674
3.02705726 0.6797
3.01146943 0.6817
3.00635929 0.6757
3.01112763 0.6792
3.03081679 0.6888
3.05803077 0.6890
3.09359542 0.6745
3.14554264 0.6539
3.21015207 0.6456
3.25191196 0.6547
3.25134634 0.6710
3.22400946 0.6829
3.18747120 0.6902
3.15215363 0.7025
3.11842486 0.7194
3.09320462 0.7269
3.09620627 0.7186
3.12168947 0.7118
3.14424623 0.7110
3.13526834 0.7253
3.10793317 0.7388
3.06429099 0.7445
3.02833229 0.7418
3.00469929 0.7527
2.98195434 0.7830
2.96683828 0.7984
2.98761020 0.7737
3.03907472 0.7365
3.10038709 0.7009
3.16280596 0.6803
3.21459840 0.6745
3.22898606 0.6759
3.20316937 0.6746
3.15690511 0.6649
3.10934462 0.6491
3.06963561 0.6226
3.05060044 0.5837
3.05528980 0.5467
3.07079474 0.5179
3.07875459 0.5062
3.07650990 0.5177
3.06205633 0.5507
3.03332895 0.5962
3.00576660 0.6478
2.98706732 0.7241
2.95472638 0.8020
2.90383973 0.8452
2.86265869 0.8027
2.85681724 0.6598
2.87106111 0.6339
2.89120974 0.6782
2.91936271 0.6962
2.94321936 0.7075
2.95684021 0.7357
2.96085503 0.7580
2.95809193 0.7665
2.96110942 0.7695
2.97655629 0.7646
2.98839814 0.7425
2.98213887 0.7078
2.96910078 0.6776
2.95243143 0.6627
2.93901599 0.6741
2.92200524 0.7042
2.91246827 0.7367
2.91261985 0.7459
2.92474047 0.7280
2.95098639 0.7033
2.98019865 0.6850
2.99301216 0.6695
2.98711778 0.6561
2.97780812 0.6427
2.98055700 0.6345
2.99245906 0.6318
3.01089216 0.6226
3.02578237 0.5965
3.05114404 0.5632
3.09533019 0.5312
3.14442523 0.5128
3.18116514 0.5074
3.17711158 0.5109
3.13617409 0.5216
3.07870628 0.5479
3.04084916 0.5831
3.02826131 0.6103
3.02811963 0.6262
3.04500714 0.6316
3.07656806 0.6325
3.11663481 0.6297
3.13495699 0.6321
3.11900861 0.6423
3.08727984 0.6633
3.05585393 0.6982
3.03269665 0.7386
3.02341905 0.7672
3.02643586 0.7737
3.04062924 0.7624
3.07568474 0.7390
3.12548171 0.7112
3.17140800 0.6883
3.19658909 0.6761
3.18839038 0.6753
3.14681839 0.6810
3.09303674 0.6956
3.06043968 0.7029
3.05183063 0.6926
3.06102800 0.6600
3.07734037 0.6216
3.09428531 0.5962
3.11346126 0.5894
3.12460724 0.6049
3.11647985 0.6242
3.08254974 0.6374
3.04386971 0.6428
3.03417859 0.6418
3.06885537 0.6327
3.13450743 0.6116
3.20996363 0.5839
3.26504237 0.5654
3.28468841 0.5660
3.25834643 0.5906
3.20357601 0.6344
3.14915116 0.6866
3.09718499 0.7339
3.06219669 0.7599
3.05122921 0.7557
3.06425598 0.7261
3.09931207 0.6817
3.15443672 0.6350
3.20030439 0.6029
3.21052817 0.6009
3.18758750 0.6291
3.14532401 0.6807
3.09519420 0.7378
3.04384714 0.7846
3.00898524 0.8075
2.98901480 0.8055
2.97865075 0.7794
2.98217008 0.7412
2.98967101 0.7000
3.00309784 0.6617
3.00580547 0.6473
3.00162974 0.6597
2.98445833 0.6934
2.96913593 0.7263
2.96701835 0.7451
2.98340808 0.7360
2.99904451 0.7065
3.00119677 0.6655
3.00256428 0.6279
3.01543780 0.6171
3.03105010 0.6261
3.03470838 0.6439
3.03615329 0.6685
3.05071082 0.6995
3.07874763 0.7286
3.10507140 0.7472
3.11668185 0.7418
3.11399254 0.7192
3.10072848 0.7005
3.08831984 0.6936
3.07977035 0.6999
3.06937453 0.7024
3.05717468 0.6949
3.04619644 0.6850
3.05805928 0.6824
3.09113617 0.6837
3.12594088 0.6856
3.15047764 0.6797
3.15438720 0.6796
3.15005203 0.6913
3.14104401 0.7139
3.12135766 0.7476
3.10932001 0.7716
3.10378976 0.7922
3.11051478 0.8130
3.13719030 0.8371
3.18135670 0.8430
3.21689827 0.8224
3.23230440 0.7918
3.22448117 0.7772
3.20746384 0.7779
3.18951066 0.7857
3.17626638 0.7849
3.17238110 0.7725
3.19213591 0.7507
3.22700226 0.7284
3.26195595 0.6981
3.28261324 0.6532
3.27126555 0.6069
3.23565264 0.5753
3.19290009 0.5689
3.14820690 0.5847
3.10995676 0.6060
3.10016404 0.6221
3.13602497 0.6291
3.21091115 0.6286
3.29507275 0.6246
3.35832287 0.6140
3.38321801 0.6018
3.37522749 0.5977
3.34797380 0.6130
3.29031696 0.6532
3.22348214 0.7075
3.15446656 0.7622
3.09907386 0.8023
3.07389558 0.8184
3.06829206 0.8156
3.08136701 0.7926
3.09929582 0.7533
3.11297805 0.7042
3.11985314 0.6696
3.12046901 0.6475
3.12181461 0.6326
3.11907440 0.6231
3.10568024 0.6334
3.09481766 0.6681
3.09364640 0.7204
3.09971906 0.7700
3.09604933 0.7948
3.08807538 0.7877
3.08187366 0.7732
3.08497449 0.7591
3.10252744 0.7318
3.12688839 0.6800
3.13977353 0.6236
3.14150298 0.5862
3.13695409 0.5816
3.11614337 0.6074
3.06408615 0.6414
3.00001230 0.6628
2.94599197 0.6684
2.91734645 0.6692
2.91761707 0.6908
2.95355320 0.7238
3.01877142 0.7276
3.09855494 0.7043
3.17851533 0.6818
3.23688735 0.6801
3.24677994 0.7057
3.19524355 0.7514
3.10663591 0.8095
3.02367445 0.8489
2.97370677 0.8583
2.96134813 0.8475
2.98579639 0.8083
3.04066405 0.7255
3.11930341 0.6256
3.19398339 0.5679
3.24191475 0.5548
3.26427297 0.5619
3.25020098 0.5806
3.20076868 0.6229
3.14676010 0.6960
3.11037987 0.7702
3.09997923 0.8047
3.10976770 0.7935
3.13462353 0.7412
3.16839367 0.6722
3.20471945 0.6096
3.22476356 0.5701
3.20709675 0.5552
3.14295518 0.5617
3.06610114 0.5788
3.00761242 0.5946
2.98243017 0.5938
2.99381845 0.5750
3.03621347 0.5429
3.09636745 0.5095
3.16697238 0.4833
3.22695231 0.4735
3.25069713 0.4810
3.22714980 0.5033
3.16785380 0.5403
3.10239516 0.5791
3.05941488 0.5995
3.04295274 0.6019
3.04882751 0.5921
3.06730868 0.5735
3.08742311 0.5509
3.10375548 0.5274
3.10815016 0.5056
3.09473220 0.4929
3.06197431 0.5020
3.02243405 0.5398
2.99275720 0.5954
2.99417343 0.6447
3.01190094 0.6789
3.03748093 0.6920
3.05533758 0.6974
3.06607188 0.6876
3.07479931 0.6586
3.08697671 0.6121
3.09269974 0.5732
3.08743114 0.5537
3.09017970 0.5488
3.10378218 0.5415
3.11840120 0.5300
3.10697940 0.5205
3.06067418 0.5198
2.99649979 0.5250
2.93724871 0.5337
2.89115249 0.5438
2.86072247 0.5492
2.84736036 0.5457
2.86131012 0.5366
2.90949418 0.5269
2.97774438 0.5188
3.03756878 0.5108
3.06537559 0.5096
3.04353343 0.5288
2.99593307 0.5601
2.93189741 0.5941
2.88939053 0.6032
2.88739202 0.5880
2.91828437 0.5777
2.96246244 0.5887
3.02286636 0.6005
3.09804865 0.6014
3.16341216 0.6100
3.19541587 0.6348
3.18690074 0.6761
3.16035122 0.7052
3.12870972 0.7234
3.10568081 0.7403
3.09678604 0.7575
3.10831419 0.7732
3.13491664 0.7732
3.17293003 0.7542
3.20502873 0.7261
3.21487827 0.7045
3.19945570 0.6934
3.16920228 0.6922
3.13696415 0.6944
3.10389645 0.6980
3.07642401 0.6907
3.05642566 0.6750
3.05302130 0.6589
3.06471674 0.6423
3.08087396 0.6255
3.07676714 0.6167
3.06296342 0.6192
3.05196204 0.6341
3.05295995 0.6581
3.06701622 0.6817
3.08856100 0.6935
3.12838538 0.6888
3.16933834 0.6761
3.21195288 0.6581
3.23826133 0.6460
3.24333868 0.6456
3.22745058 0.6600
3.19652238 0.6818
3.16076291 0.6987
3.13255382 0.7056
3.11584069 0.7168
3.10127250 0.7318
3.08772831 0.7439
3.07968306 0.7357
3.07241945 0.7094
3.06427953 0.6733
3.05683972 0.6401
3.04533436 0.6080
3.02945947 0.5823
3.01732004 0.5621
3.02207194 0.5405
3.02698395 0.5322
3.03008857 0.5342
3.00682368 0.5516
2.97580408 0.5726
2.93983023 0.5911
2.93143780 0.6780
2.95357507 0.7771
2.97749355 0.7814
3.00003486 0.7079
3.04044282 0.6072
3.08930842 0.5407
3.11060859 0.5106
3.09808625 0.5075
3.05099346 0.5371
2.98676185 0.5956
2.92986632 0.6765
2.91768481 0.7791
2.95560594 0.8314
2.99732967 0.8445
3.02014508 0.8626
3.03067567 0.9004
3.05284635 0.9097
3.07286646 0.9093
3.07718406 0.9210
3.08887736 0.9276
3.11793805 0.9136
3.15308008 0.8846
3.17423061 0.8430
3.17782396 0.7868
3.16710270 0.7288
3.13662617 0.6865
3.09160804 0.6674
3.04406423 0.6696
3.02545589 0.6813
3.01384938 0.6662
2.99695194 0.6532
2.97490306 0.6559
2.95698443 0.6661
2.95362976 0.6808
2.96774598 0.6975
2.98908728 0.7074
3.01573705 0.7007
3.04363502 0.6885
3.06586407 0.6775
3.07868991 0.6677
3.08060974 0.6442
3.06644540 0.6137
3.04518523 0.5983
3.04305367 0.6061
3.06725141 0.6374
3.09783150 0.6684
3.10703809 0.6929
3.08860112 0.7112
3.06003739 0.7245
3.03165407 0.7401
3.00782564 0.7516
2.98497106 0.7896
2.97930763 0.8456
2.97671109 0.8824
2.97108827 0.8957
2.96881079 0.8935
2.97606249 0.8812
2.99583039 0.8577
3.02257417 0.8283
3.04128643 0.8268
3.04821306 0.8446
3.05524115 0.8658
3.06606370 0.8898
3.06857572 0.9178
3.06196147 0.9493
3.05724093 0.9688
3.06204736 0.9639
3.06743617 0.9438
3.06168615 0.9145
3.03531742 0.8625
3.00931862 0.7894
3.00231879 0.7604
2.99825606 0.7540
2.99698064 0.7595
2.99726977 0.7620
2.99051132 0.7558
2.97561291 0.7466
2.95962076 0.7464
2.94625645 0.7582
2.91798773 0.7846
2.89039467 0.8414
2.93790850 0.7584
2.96883731 0.7355
2.98425790 0.7512
3.00478173 0.8058
3.01951460 0.8403
3.02693949 0.8338
3.03458182 0.8021
3.03799033 0.7826
3.02298462 0.7942
2.99005271 0.8290
2.96255693 0.8661
2.97696385 0.8449
3.00892203 0.8136
3.03335907 0.8007
3.02929154 0.8163
3.01567336 0.9200
3.05278981 0.8869
3.08752968 0.8570
3.11765491 0.8441
3.12883031 0.8398
3.11464217 0.8453
3.08065352 0.8495
3.04694281 0.8471
3.02666554 0.8424
3.01098942 0.8385
2.99607594 0.8342
2.98412848 0.8386
2.97891110 0.8339
2.98369010 0.8056
2.98750702 0.7795
2.98097113 0.7803
2.96156785 0.7995
2.94850273 0.8195
2.94977706 0.8264
2.95282981 0.8319
2.96825604 0.8371
2.99329721 0.8376
3.01848954 0.8373
3.05692912 0.8254
3.10400849 0.8060
3.14262223 0.7828
3.15521240 0.7681
3.13257644 0.7750
3.09291770 0.8049
3.05319241 0.8380
3.02858660 0.8477
3.02126134 0.8353
3.02296813 0.8510
3.02406603 0.8821
3.01776850 0.9104
2.99991753 0.9318
2.98763177 0.9071
2.98906437 0.8624
2.98268181 0.8460
2.97918206 0.8471
2.99669371 0.8297
3.01545256 0.8023
3.01842064 0.7927
3.00582181 0.8217
2.98759121 0.9022
2.98300602 0.9558
2.99376238 0.9499
2.99560352 0.9550
2.98783330 0.9443
2.99314079 0.8368
3.03802528 0.7473
3.08998911 0.7633
3.12874410 0.7881
3.15861453 0.8043
3.18451202 0.8157
3.20103528 0.8151
3.20038925 0.7940
3.18226455 0.7632
3.15914434 0.7382
3.13301502 0.7343
3.09905245 0.7441
3.05219365 0.7727
2.99871866 0.8201
2.96649590 0.8768
2.99982589 0.8099
3.03778906 0.7480
3.05503924 0.7126
3.04663511 0.7218
3.01902764 0.7647
2.98675062 0.8479
3.03123330 0.8366
3.09277625 0.7935
3.12958085 0.7627
3.12037583 0.7705
3.09166816 0.8247
3.06180923 0.8921
3.04175745 0.9123
3.03514680 0.8963
3.03501813 0.8801
3.03212381 0.8616
3.02517032 0.8065
3.03555449 0.7183
3.05817974 0.6530
3.05133445 0.6332
3.01039960 0.6525
2.96752003 0.6757
2.94046326 0.6670
2.93465119 0.6920
2.92662588 0.7249
2.91509903 0.7494
2.90348392 0.7645
2.88479919 0.7676
2.86935699 0.7547
2.85558011 0.7282
2.83703803 0.7341
2.84621715 0.8995
2.86325137 0.8362
2.89265339 0.6477
2.93849753 0.5700
2.98263021 0.5351
3.00534062 0.5181
3.00432797 0.5171
2.97367972 0.5199
2.91812811 0.5286
2.87494996 0.6685
2.89232139 0.8939
2.91377005 0.9435
2.91265045 0.9548
2.91112508 0.8718
2.95521986 0.6137
3.01815227 0.5129
3.04868180 0.4903
3.03575750 0.5022
2.98624614 0.5401
2.91739977 0.5986
2.87008690 1.0274
2.88431726 0.9689
2.89779654 0.9279
2.90353444 0.8780
2.91061350 0.7859
2.93835223 0.6240
2.99346665 0.5335
3.05888333 0.5019
3.10956169 0.4986
3.12060148 0.5195
3.10793514 0.5588
3.09529751 0.6073
3.10756400 0.6554
3.14187493 0.6909
3.17970073 0.6974
3.20583513 0.6799
3.22395987 0.6543
3.22251412 0.6375
3.19466036 0.6327
3.14069754 0.6359
3.09030878 0.6706
3.08072431 0.7271
3.09182255 0.7076
3.09812264 0.6424
3.11525213 0.5945
3.14821307 0.5714
3.19790449 0.5492
3.23827306 0.5298
3.24516083 0.5162
3.20626672 0.5182
3.14221915 0.5411
3.09087225 0.5862
3.08124180 0.6365
3.10234426 0.6543
3.11974369 0.6650
3.11362487 0.6906
3.07776742 0.7232
3.03921259 0.7492
3.01161612 0.7619
2.99475115 0.7473
2.97708030 0.7147
2.96368247 0.7143
2.93943075 0.7573
2.90408898 0.7731
2.90308884 0.7015
2.94507100 0.7243
2.96775638 0.7278
2.96218892 0.7474
2.94646297 0.7693
2.91993398 0.7782
2.88931426 0.7174
2.87887645 0.6961
2.87394584 0.6461
2.89379724 0.5875
2.94071829 0.5594
2.98371577 0.5498
2.99514749 0.5669
2.97623487 0.6188
2.95191847 0.6934
2.93749291 0.7586
2.92750787 0.7967
2.91358311 0.8279
2.88843146 0.8809
2.89105522 0.8185
2.94173144 0.7595
2.98830308 0.7040
3.01671341 0.6664
3.01452159 0.6578
2.99010210 0.6834
2.96281960 0.7443
2.97049007 0.8555
3.00950517 0.8686
3.03806798 0.8474
3.04509829 0.8279
3.03756429 0.8054
3.03310984 0.7668
3.03309516 0.7233
3.03610531 0.6980
3.03522179 0.7122
3.03853368 0.7710
3.04520295 0.8482
3.05096383 0.9048
3.05048621 0.9246
3.03617701 0.9106
3.01641009 0.8548
3.01931652 0.7780
3.04026346 0.7695
3.04913444 0.7713
3.04035962 0.7757
3.01459671 0.7704
3.00400360 0.8958
3.01307347 0.9140
3.01366669 0.9154
3.01417089 0.8025
3.08319533 0.7478
3.16451551 0.7603
3.20665426 0.7740
3.21277684 0.7923
3.20267250 0.8131
3.19439540 0.8201
3.17740511 0.8107
3.14381364 0.7867
3.10397273 0.7502
3.08743098 0.6886
3.10003992 0.6440
3.11323300 0.6311
3.10472248 0.6443
3.07363591 0.6792
3.03293438 0.7481
3.00967176 0.8317
3.01423152 0.8877
3.03250945 0.9022
3.04123880 0.8946
3.02872124 0.8630
3.00734104 0.7906
3.00340219 0.6840
3.02562401 0.6429
3.04353850 0.6537
3.04843898 0.6848
3.04692999 0.7320
3.05590132 0.7749
3.07713307 0.8043
3.10331456 0.8158
3.13003799 0.8092
3.14899456 0.7890
3.15219482 0.7685
3.13751232 0.7584
3.09429133 0.7827
3.03359696 0.8350
2.97880363 0.8862
2.94855829 0.9038
2.94263504 0.8917
2.96745606 0.8618
3.01337874 0.8248
3.07249077 0.7888
3.13131393 0.7544
3.17118549 0.7406
3.17769297 0.7592
3.14452587 0.8078
3.09163147 0.8603
3.03415176 0.9072
2.99288574 0.9334
2.96747443 0.9269
2.97101940 0.8515
3.01696294 0.7671
3.07846589 0.7322
3.12329717 0.7258
3.14290610 0.7434
3.13644135 0.7707
3.11543256 0.7966
3.07631206 0.8134
3.02746494 0.8179
2.98309825 0.8103
2.97401828 0.7868
2.99853693 0.7615
3.03403944 0.7345
3.05770011 0.7188
3.07095528 0.7246
3.07724017 0.7523
3.07961651 0.7851
3.07272006 0.8151
3.06096582 0.8299
3.05271206 0.8337
3.05181489 0.8212
3.05914823 0.7948
3.07003575 0.7626
3.07773133 0.7349
3.07442745 0.7193
3.05348803 0.7171
3.02996504 0.7157
3.01789298 0.7001
3.02017887 0.6801
3.02160413 0.6727
3.02438359 0.6728
3.03440110 0.6776
3.06430172 0.6889
3.09787847 0.7179
3.11481575 0.7664
3.11433637 0.8224
3.11288448 0.8625
3.11971096 0.8798
3.13044883 0.8785
3.13897084 0.8560
3.14494351 0.8187
3.15252582 0.7827
3.16573237 0.7543
3.16580103 0.7440
3.14161074 0.7523
3.09885516 0.7761
3.05672874 0.7898
3.03553730 0.7813
3.03157744 0.7665
3.02836319 0.7637
3.02607948 0.7708
3.04000017 0.7763
3.06483304 0.7804
3.08667608 0.7891
3.08817703 0.8088
3.07876158 0.8338
3.07251142 0.8552
3.08036233 0.8600
3.09021723 0.8581
3.07274949 0.8616
3.03938214 0.8464
3.05381209 0.8210
3.07101906 0.7966
3.08483515 0.7753
3.08648377 0.7725
3.06554613 0.7984
3.03089083 0.8358
3.00885613 0.8613
3.00798230 0.8591
3.02120257 0.8353
3.04170109 0.8104
3.05355723 0.7926
3.05796483 0.7846
3.06193023 0.7795
3.06217647 0.7731
3.04746328 0.7738
3.01230601 0.7846
2.96487154 0.8023
2.92993903 0.8194
2.90661137 0.8264
2.89657058 0.7969
2.90823588 0.7578
2.93811403 0.7367
2.97054288 0.7146
2.98832346 0.6992
2.99018865 0.6843
2.97966318 0.6704
2.96314952 0.6714
2.95134276 0.6833
2.94553040 0.7034
2.95493682 0.7450
2.97264431 0.7619
2.98793937 0.7700
3.00268859 0.7898
3.02003115 0.7968
3.04026360 0.8021
3.05448688 0.8093
3.05815802 0.8139
3.06082289 0.8118
3.06934934 0.8069
3.08560076 0.8047
3.10340002 0.7969
3.10626990 0.7896
3.09689659 0.7896
3.08654198 0.8046
3.08705021 0.8198
3.08037186 0.8246
3.07144236 0.8135
3.07071693 0.7865
3.08344511 0.7505
3.10761433 0.7124
3.12196625 0.6884
3.11536462 0.6770
3.09312539 0.6881
3.06804859 0.7314
3.03174244 0.7950
2.99681556 0.8761
3.00449645 0.8884
3.03283007 0.8524
3.03873877 0.8432
3.02808039 0.8488
3.02842768 0.8128
3.04387009 0.7634
3.04892442 0.7211
3.03820308 0.7031
3.01917261 0.7087
2.99392504 0.7361
2.97406911 0.7698
2.97231200 0.7807
2.98329614 0.7672
2.99315200 0.7656
3.00113724 0.7820
3.01084752 0.7902
3.01568890 0.7884
3.00737044 0.7851
2.99300357 0.7870
2.98617675 0.8093
2.97402139 0.8500
2.97729091 0.9065
3.01085679 0.8432
3.02828314 0.7822
3.03632176 0.7446
3.04524816 0.7333
3.03229924 0.7419
2.99047351 0.7686
2.93759780 0.7967
2.90586473 0.8167
2.91278912 0.8108
2.91984391 0.7763
2.92155861 0.7392
2.92108147 0.7121
2.91152494 0.7328
2.91067994 0.7949
2.93295592 0.8144
2.95711332 0.8252
2.97100642 0.8384
2.96740966 0.8518
2.94941614 0.8584
2.93379184 0.8655
2.93173919 0.9069
2.93608291 0.9426
2.95453888 0.8166
2.98307577 0.7931
3.00901233 0.7927
3.01791398 0.8021
3.00621884 0.8092
2.98222167 0.8099
2.96252065 0.7979
2.97312284 0.8357
3.00463232 0.8550
3.02126990 0.8632
3.02225468 0.8580
3.02405744 0.8500
3.04211230 0.8496
3.05684735 0.8461
3.06404135 0.8261
3.06215812 0.7926
3.04801900 0.7704
3.01855797 0.7697
2.97879254 0.7788
2.94944528 0.7840
2.94142978 0.7907
2.94590852 0.8084
2.94783487 0.8322
2.93799019 0.8639
2.92673463 0.8942
2.92268019 0.8942
2.92238867 0.8720
2.91704793 0.8586
2.91522788 0.8381
2.92635145 0.8226
2.95421615 0.8156
2.98501943 0.8105
3.00523430 0.8052
3.01415244 0.8139
3.01575606 0.8401
3.00450078 0.8731
2.97067459 0.8992
2.93710169 0.9038
2.92581534 0.8743
2.93074047 0.8978
2.95156306 0.9343
2.96457869 0.9023
2.96987267 0.8612
2.96986814 0.8311
2.95930724 0.8211
2.95173762 0.8987
2.95906875 0.8723
2.96815646 0.8492
2.97573678 0.8492
2.97115289 0.8747
2.96859029 0.9107
2.96982935 0.9452
2.98571585 0.9537
3.01281990 0.9398
3.02633334 0.9264
3.01770152 0.9181
3.00101987 0.9084
2.99602772 0.8329
3.00749982 0.8015
3.01383759 0.7956
3.00964981 0.7799
2.99395787 0.7648
2.98073522 0.7816
2.99847931 0.8370
3.04642182 0.8413
3.09757212 0.8284
3.13286123 0.8064
3.14070811 0.7929
3.12949419 0.7933
3.10545085 0.8001
3.07876706 0.7835
3.05750785 0.7421
3.03940621 0.7125
3.03046228 0.7304
3.03830244 0.7759
3.06083701 0.8001
3.08466359 0.7968
3.09827893 0.7911
3.09147020 0.8070
3.05880328 0.8439
3.00875394 0.8880
2.97158174 0.8905
2.99248696 0.6724
3.02206294 0.6382
3.03755889 0.6180
3.04167402 0.6269
3.05185150 0.6644
3.07004015 0.6774
3.07506391 0.7068
3.06529099 0.7623
3.04239928 0.8048
3.02073536 0.8026
3.01375636 0.7570
3.01871022 0.7237
3.02224484 0.7142
3.02621524 0.7104
3.03098883 0.6776
3.03175533 0.6241
3.02770788 0.5760
3.01416152 0.5591
2.98835829 0.5630
2.96514878 0.5770
2.95416426 0.5909
2.95825751 0.6128
2.97327258 0.6523
2.99945148 0.6896
3.02090768 0.6786
3.03950836 0.6242
3.07686272 0.5850
3.11817765 0.5644
3.14178652 0.5495
3.12856730 0.5442
3.09080891 0.5554
3.05233987 0.6088
3.05241182 0.7174
3.08896784 0.7897
3.13691958 0.8066
3.17766153 0.7853
3.19433330 0.7490
3.17993810 0.7140
3.15052504 0.6961
3.11175634 0.6911
3.06524001 0.6932
3.02887364 0.7008
3.00637610 0.7196
2.99805706 0.7468
3.01140291 0.7700
3.03763010 0.7729
3.07199730 0.7587
3.09712908 0.7410
3.10860053 0.7268
3.10652413 0.7252
3.08907072 0.7353
3.06118305 0.7515
3.03856674 0.7663
3.02512723 0.7901
3.02169015 0.8233
3.02337959 0.8383
3.02603881 0.8215
3.02828519 0.7840
3.03244163 0.7453
3.03413629 0.7210
3.03811676 0.7122
3.04098233 0.7043
3.04538090 0.6873
3.04179203 0.6719
3.02698527 0.6966
3.02341866 0.8016
3.02387684 0.8136
3.01869175 0.7862
3.00913529 0.7742
3.00072011 0.7746
3.00007404 0.7824
3.00985968 0.7822
3.02314790 0.7756
3.04318157 0.7655
3.06156959 0.7677
3.07367791 0.7758
3.07906350 0.7853
3.07606917 0.7919
3.05946806 0.7981
3.03397446 0.8131
3.01367497 0.8330
2.99809626 0.8456
2.98981616 0.8459
2.99158794 0.8459
3.00700730 0.8515
3.02902045 0.8492
3.04073863 0.8253
3.04970433 0.7635
3.05640743 0.7172
3.04220850 0.7320
3.02537803 0.8206
3.03326516 0.8789
3.05067662 0.8728
3.06829961 0.8462
3.09057577 0.8152
3.10005865 0.7934
3.08272799 0.7790
3.05422482 0.7536
3.03802613 0.7143
3.03031607 0.6902
3.02383037 0.7087
3.03978253 0.7500
3.09386507 0.7715
3.16216280 0.7681
3.21768050 0.7512
3.24848123 0.7370
3.24442498 0.7386
3.19503065 0.7588
3.13053659 0.7732
3.07567234 0.7648
3.05337816 0.7376
3.06298334 0.7274
3.08521235 0.7368
3.10313291 0.7536
3.12479193 0.7543
3.16323245 0.7364
3.21570455 0.7190
3.25311406 0.7153
3.24724730 0.7167
3.21133560 0.7190
3.16986366 0.7267
3.13444240 0.7462
3.10613956 0.7783
3.08623630 0.8114
3.08126168 0.8291
3.09082172 0.8282
3.11116229 0.8177
3.13147267 0.8116
3.15638117 0.8008
3.17887665 0.7812
3.21420996 0.7566
3.24265140 0.7390
3.25826051 0.7291
3.24803177 0.7333
3.22334023 0.7410
3.19005796 0.7480
3.16771052 0.7536
3.16239504 0.7607
3.17194356 0.7665
3.19281640 0.7615
3.21752037 0.7407
3.24770686 0.7181
3.27664946 0.7107
3.28326203 0.7205
3.25261314 0.7343
3.18156478 0.7502
3.10007850 0.7700
3.03100327 0.7914
2.98653079 0.8088
2.97803145 0.7999
3.01509758 0.7724
3.07775063 0.7357
3.12623163 0.7050
3.14540485 0.6928
3.13955311 0.7049
3.10866570 0.7261
3.05647898 0.7469
3.00479205 0.7678
2.96783117 0.7887
2.96693977 0.8021
3.00483699 0.7975
3.06598310 0.7771
3.12253342 0.7521
3.16643738 0.7351
3.18939511 0.7263
3.17570946 0.7233
3.14010510 0.7261
3.10415103 0.7428
3.07465250 0.7764
3.05207122 0.8100
3.04743862 0.8192
3.06715426 0.7932
3.09610318 0.7635
3.12387671 0.7417
3.14644343 0.7259
3.16065278 0.7056
3.16034809 0.6748
3.14371686 0.6403
3.11660444 0.6152
3.09251028 0.6141
3.07935298 0.6313
3.07953459 0.6583
3.09322582 0.6825
3.11805027 0.7042
3.14180290 0.7271
3.15558633 0.7488
3.15755772 0.7642
3.14883014 0.7704
3.13337750 0.7568
3.12076021 0.7086
3.12843727 0.6565
3.15378876 0.6486
3.15492076 0.6635
3.13325433 0.6901
3.11006019 0.7250
3.09501342 0.7599
3.08194518 0.7877
3.06798891 0.8052
3.05971778 0.7959
3.06805952 0.7416
3.10290168 0.7074
3.13301971 0.7089
3.13745549 0.7293
3.13317853 0.7692
3.12854148 0.8140
3.10971668 0.8528
3.08311451 0.8730
3.05915401 0.8881
3.03929956 0.8931
3.02526685 0.8563
3.02506703 0.7856
3.04150652 0.7586
3.06608712 0.7569
3.08154421 0.7610
3.07601659 0.7659
3.04806788 0.7752
3.01108867 0.7896
2.98044356 0.8160
2.96426135 0.8616
2.95377289 0.8590
2.95938271 0.6949
2.98102297 0.6894
3.01562285 0.7025
3.04039174 0.7397
3.06337858 0.7744
3.08550790 0.7857
3.10175465 0.7690
3.09159516 0.7457
3.05524402 0.7368
3.01601127 0.7393
2.98295654 0.7446
2.96453453 0.7403
2.97112278 0.7254
2.99656289 0.7156
3.02838030 0.7162
3.06254823 0.7265
3.09099319 0.7311
3.10578805 0.7215
3.11029501 0.7037
3.11104523 0.6947
3.11193983 0.6957
3.10677120 0.7071
3.09288059 0.7300
3.07514439 0.7641
3.04612805 0.8090
3.00861189 0.8603
2.97801187 0.8970
2.96301279 0.9076
2.97356916 0.8880
3.00325186 0.8539
3.03914561 0.8295
3.08432133 0.8048
3.14868634 0.7743
3.22005961 0.7460
3.25466741 0.7467
3.23457331 0.7775
3.17367073 0.8180
3.09092094 0.8549
3.01581139 0.8848
2.98480038 0.8523
3.01805350 0.7419
3.05175258 0.7126
3.07393980 0.7463
3.11108840 0.8029
3.17164261 0.8280
3.21762101 0.8403
3.23212088 0.8511
3.20552650 0.8636
3.14756470 0.8832
3.08714899 0.9147
3.05006632 0.9192
3.07296513 0.7217
3.12612483 0.6265
3.14100718 0.6033
3.09874713 0.6402
3.05876410 0.9209
3.07984722 0.9463
3.09535352 0.9165
3.10112101 0.8923
3.09202325 0.8960
3.06742706 0.9210
3.05073201 0.9045
3.07082973 0.8165
3.10214596 0.7431
3.11624881 0.7175
3.09979558 0.7488
3.07173966 0.8361
3.06331474 0.9034
3.08661895 0.8997
3.12531845 0.8765
3.15758717 0.8646
3.17226258 0.8644
3.16915459 0.8695
3.15523238 0.8809
3.13123276 0.8993
3.10353363 0.9206
3.07852927 0.9310
3.06309821 0.9223
3.05829138 0.8975
3.06000451 0.8736
3.06585198 0.8619
3.06827476 0.8630
3.06065895 0.8771
3.04593471 0.9020
3.03779998 0.9342
3.04047368 0.9683
3.04359261 0.9887
3.04280328 0.9856
3.03691489 0.9601
3.03822444 0.9268
3.04181746 0.8995
3.05414064 0.8771
3.06438489 0.8607
3.07300974 0.8540
3.07354432 0.8634
3.07199514 0.8887
3.06484271 0.9234
3.05635338 0.9526
3.04612866 0.9601
3.03777072 0.9532
3.03460266 0.9459
3.02969826 0.9452
3.02092343 0.9491
3.00835540 0.9509
2.99131217 0.9545
2.97650751 0.9599
2.96866836 0.9708
2.96805980 0.9899
2.95814163 1.0003
2.94231893 0.9922
2.93112352 0.9658
2.93107653 0.9603
2.94772102 0.9579
2.98033686 0.9314
3.02189428 0.8876
3.07408569 0.8486
3.12001747 0.8308
3.14377091 0.8309
3.12568246 0.8375
3.07589906 0.8518
3.02549490 0.8766
3.00538005 0.9063
3.01113424 0.9312
3.03828191 0.9371
3.08204489 0.9256
3.13699564 0.9008
3.19233054 0.8691
3.23783036 0.8455
3.24077636 0.8432
3.19664591 0.8611
3.13310473 0.8881
3.07677908 0.9122
3.04418505 0.8629
3.05075289 0.7416
3.06670510 0.7183
3.05702192 0.7183
3.02823508 0.8370
3.03109597 0.9289
3.04082258 0.9003
3.04471892 0.8697
3.03327445 0.8515
3.00383687 0.8538
2.96379137 0.8754
2.95072480 0.7620
2.99722229 0.7205
3.04808197 0.6824
3.08665339 0.6455
3.09014047 0.6324
3.07360807 0.6406
3.05846651 0.6710
3.04740763 0.7308
3.04616584 0.8035
3.04769896 0.8411
3.04514964 0.8298
3.04396287 0.8191
3.04922683 0.8173
3.05373218 0.8207
3.05904076 0.8197
3.06784459 0.8127
3.08479814 0.8070
3.10125071 0.8049
3.11072657 0.8080
3.10248276 0.8127
3.08270564 0.8160
3.05840016 0.8164
3.04885194 0.8089
3.06139963 0.8070
3.07465092 0.8224
3.06986368 0.8477
3.04241514 0.8739
3.02317703 0.8582
3.04731866 0.8096
3.06834138 0.7750
3.08248752 0.7596
3.08846896 0.7629
3.08017946 0.7826
3.05840916 0.8066
3.02870849 0.8233
3.00335781 0.8258
2.98990507 0.8162
2.98896662 0.7972
2.98926039 0.7837
2.98871149 0.7756
2.99340617 0.7677
3.00156113 0.7592
3.00842738 0.7518
3.00812201 0.7469
3.00744627 0.7423
3.02437088 0.7371
3.05386997 0.7331
3.08053846 0.7372
3.09019995 0.7462
3.08086353 0.7580
3.06251624 0.7691
3.06019768 0.7628
3.07727359 0.7462
3.10108043 0.7224
3.09824233 0.7050
3.07442864 0.7141
3.06981020 0.7645
3.09682327 0.8000
3.13584594 0.8066
3.17166614 0.8072
3.18927000 0.8155
3.18008041 0.8227
3.16161700 0.8227
3.13828664 0.8311
3.11467028 0.8555
3.09997051 0.8949
3.09884973 0.9239
3.11433576 0.9248
3.14566501 0.8968
3.19567122 0.8569
3.24768106 0.8191
3.29048911 0.7808
3.31112167 0.7442
3.29345544 0.7144
3.23272241 0.7084
3.15110831 0.7359
3.08935034 0.7844
3.06470011 0.8201
3.07119349 0.8249
3.09552098 0.8343
3.11928736 0.8469
3.15344818 0.8537
3.21364174 0.8338
3.28068926 0.7913
3.32095713 0.7488
3.32690663 0.7274
3.30549946 0.7359
3.26042559 0.7701
3.20192602 0.8043
3.15131665 0.8294
3.12271156 0.8495
3.11371461 0.8797
3.12075237 0.9109
3.13779217 0.9127
3.15625280 0.8823
3.16932022 0.8479
3.17257350 0.8339
3.16105431 0.8378
3.13314936 0.8443
3.09572010 0.8470
3.06247898 0.8482
3.03739982 0.8515
3.01607480 0.8547
3.00381203 0.8466
3.00142047 0.8261
3.00548657 0.8025
3.00854936 0.7961
3.00660762 0.8014
2.99833789 0.8058
2.99104326 0.8003
2.98513844 0.7917
2.97839743 0.7866
2.97213949 0.7825
2.96316884 0.7828
2.95620451 0.7859
2.96003455 0.7891
2.97611380 0.7871
2.99952628 0.8033
3.02226711 0.8371
3.04255083 0.8651
3.05158476 0.8796
3.04352898 0.8872
3.02601808 0.8867
3.01418480 0.8715
3.01291252 0.8587
3.01154429 0.8513
3.00175532 0.8327
2.99122779 0.7876
3.02238183 0.7563
3.06648361 0.7634
3.09189348 0.7790
3.09086015 0.7968
3.07339837 0.8188
3.05636943 0.8419
3.04515956 0.8547
3.04899066 0.8534
3.05697643 0.8471
3.05674908 0.8347
3.05255677 0.8279
3.06445847 0.8376
3.08188573 0.8531
3.08944646 0.8588
3.08187169 0.8625
3.06482839 0.8715
3.05118627 0.8730
3.05321821 0.8607
3.06661912 0.8575
3.07960836 0.8459
3.08691887 0.8259
3.10221043 0.7951
3.12770634 0.7683
3.14996801 0.7489
3.14819619 0.7406
3.12349141 0.7465
3.09641551 0.7674
3.07754532 0.7950
3.06709115 0.8181
3.06417040 0.8247
3.07059868 0.8117
3.08580559 0.7946
3.11713412 0.7837
3.15020144 0.7658
3.15760717 0.7488
3.14449949 0.7388
3.11960435 0.7471
3.09021290 0.7666
3.06704001 0.7857
3.05298395 0.7956
3.05372991 0.7959
3.06877666 0.7944
3.09347337 0.7955
3.12264454 0.7952
3.14535444 0.7908
3.16259151 0.7809
3.16419139 0.7745
3.14626280 0.7756
3.10649896 0.7902
3.07313666 0.8073
3.05626618 0.8129
3.05164549 0.8065
3.04614500 0.7998
3.03669824 0.7989
3.03342311 0.7970
3.03688693 0.7957
3.04802864 0.7926
3.06548487 0.7886
3.07798302 0.7827
3.08104856 0.7767
3.07420909 0.7758
3.06145172 0.7749
3.04694145 0.7750
3.03112300 0.7779
3.01019805 0.7940
2.97928939 0.8177
2.95053151 0.8353
2.93588382 0.8393
2.93213525 0.8592
2.93415698 0.8735
2.94173608 0.8668
2.95452523 0.8480
2.98205258 0.8274
3.00950329 0.8119
3.01715098 0.8186
3.00863755 0.8393
2.99953509 0.8703
2.99549726 0.8868
2.98648056 0.8769
2.98344074 0.8394
2.99641607 0.8183
3.00761830 0.8109
3.00955748 0.7988
2.99732437 0.7860
2.97129017 0.7884
2.93645057 0.8263
2.91121716 0.9412
2.92994752 0.8812
2.96146546 0.8685
2.98796730 0.8524
2.99788121 0.8197
2.99136904 0.7733
2.96084130 0.7358
2.93200032 0.8563
2.95309251 0.9041
2.97773993 0.9036
3.00041339 0.9056
3.02900829 0.8961
3.05370378 0.8857
3.06101122 0.8846
3.05004623 0.8839
3.02658016 0.8563
2.99664262 0.8201
2.96973470 0.8004
2.96245896 0.7967
2.97160382 0.7978
2.98400415 0.8060
2.99706276 0.8162
3.01582569 0.8225
3.03316777 0.8269
3.03417778 0.8402
3.01865600 0.8564
2.99940519 0.8712
2.98020997 0.8829
2.96035799 0.8896
2.94873793 0.8814
2.95246433 0.8709
2.97038817 0.8308
3.00708238 0.7623
3.03603547 0.7138
3.03341173 0.7060
3.02218807 0.7339
3.01775960 0.7863
3.01922809 0.8028
3.02441568 0.7931
3.02354792 0.7895
3.01323227 0.8040
2.99097561 0.8269
2.96727512 0.8422
2.95246280 0.8826
2.95819601 0.8537
2.95585825 0.8321
2.94904342 0.8232
2.95565863 0.7931
2.97839897 0.7576
2.98889983 0.7310
2.97677699 0.7101
2.97237843 0.6931
2.97949381 0.7251
2.97307304 0.7978
2.95974026 0.8806
2.94428672 0.8678
2.95072579 0.8113
2.95732386 0.7716
2.96275496 0.7386
2.96466470 0.7142
2.96855976 0.7010
2.97657216 0.6926
2.97845042 0.6971
2.97357898 0.7089
2.97301588 0.7277
2.97811732 0.7611
2.98908359 0.7922
2.99643943 0.8091
2.99986464 0.8080
3.01283037 0.8077
3.03766575 0.8187
3.06350295 0.8217
3.07571104 0.8023
3.08528887 0.7674
3.09800521 0.7374
3.09967892 0.7206
3.07166098 0.7135
3.02956916 0.7186
2.99377008 0.7380
2.97829821 0.7639
2.97205578 0.7866
2.96840713 0.8028
2.96807321 0.8151
2.97641932 0.8169
2.99406275 0.8094
3.01542990 0.7913
3.04560045 0.7583
3.08139113 0.7216
3.11371776 0.7031
3.12744880 0.7134
3.11940186 0.7454
3.10067563 0.7878
3.07808166 0.8287
3.06523676 0.8602
3.05371064 0.8795
3.05113555 0.8820
3.05728437 0.8606
3.07022627 0.8315
3.09194088 0.8097
3.11046467 0.7928
3.12627924 0.7798
3.13721909 0.7833
3.13018173 0.7992
3.10960641 0.8194
3.09665750 0.8321
3.09928559 0.8348
3.11277574 0.8251
3.11870803 0.7955
3.11049743 0.7499
3.11284423 0.7004
3.12795226 0.6735
3.13525890 0.6719
3.12338626 0.6808
3.09226482 0.6987
3.07233541 0.7232
3.07286683 0.7469
3.08041334 0.7591
3.09208018 0.7532
3.10467412 0.7312
3.11745908 0.7087
3.12774218 0.6972
3.12264457 0.7068
3.09122089 0.7409
3.05495772 0.7828
3.03545012 0.8148
3.03371668 0.8353
3.04160117 0.8402
3.04440067 0.8295
3.03399892 0.8068
3.00948233 0.7839
2.97640973 0.7612
2.94516060 0.7428
2.93475537 0.7417
2.94663679 0.7609
2.97373266 0.7900
3.00678905 0.7927
3.03985412 0.7795
3.06801591 0.7715
3.08108455 0.7772
3.08895185 0.7796
3.09697926 0.7700
3.10472278 0.7465
3.10983759 0.7257
3.10615101 0.7091
3.09602929 0.7009
3.09953807 0.7092
3.12228793 0.7272
3.13636760 0.7373
3.13744083 0.7467
3.12376831 0.7695
3.08798197 0.8037
3.04060291 0.8275
2.99858539 0.8300
2.98377007 0.8156
2.99282018 0.7942
3.01592094 0.7721
3.04347534 0.7347
3.07546713 0.6950
3.11637918 0.6737
3.15162372 0.6822
3.15477984 0.7142
3.13185813 0.7500
3.10332689 0.7671
3.09793306 0.7651
3.11476048 0.7607
3.13482652 0.7564
3.14896020 0.7460
3.16570707 0.7209
3.18704918 0.6931
3.19879956 0.6793
3.20796336 0.6844
3.21285776 0.7012
3.21090251 0.7168
3.20351966 0.7289
3.20919670 0.7337
3.22707806 0.7356
3.24638147 0.7298
3.24714182 0.7086
3.22219906 0.6792
3.18244615 0.6583
3.14445279 0.6684
3.11532661 0.7220
3.09632788 0.7867
3.09907657 0.8168
3.12891486 0.8009
3.17493065 0.7666
3.21793464 0.7374
3.23333295 0.7168
3.20380720 0.7052
3.14802553 0.7073
3.08515249 0.7274
3.03098845 0.7570
2.99344888 0.7903
2.97961575 0.8099
3.00382126 0.8015
3.06101539 0.7757
3.12964484 0.7458
3.19599192 0.7134
3.23869168 0.6880
3.24642618 0.6769
3.22235030 0.6826
3.17130016 0.7001
3.11081320 0.7253
3.06471510 0.7499
3.04560445 0.7716
3.05054878 0.7779
3.06620944 0.7674
3.08106083 0.7528
3.09112127 0.7292
3.08575652 0.7035
3.06427993 0.6912
3.03541924 0.7012
3.01396252 0.7322
3.00887214 0.7677
3.01718204 0.7900
3.04015723 0.8002
3.06590397 0.7999
3.07695458 0.7934
3.07347015 0.7736
3.06299493 0.7429
3.05451283 0.7144
3.05528581 0.6951
3.05691777 0.6817
3.06397049 0.6623
3.08553477 0.6338
3.13174594 0.6079
3.19521470 0.5981
3.24391984 0.6091
3.25841097 0.6285
3.23449228 0.6482
3.18802590 0.6713
3.13144364 0.7032
3.07204206 0.7473
3.01976647 0.7852
2.99721405 0.8024
3.00181969 0.8042
3.02944142 0.7887
3.06436107 0.7702
3.10180200 0.7466
3.12985534 0.7236
3.13180046 0.7187
3.10853750 0.7368
3.07442561 0.7810
3.04634124 0.8277
3.03570031 0.8455
3.04005694 0.8331
3.05599504 0.8139
3.09529312 0.7977
3.16164343 0.7745
3.23168948 0.7413
3.27937685 0.7063
3.27900610 0.6910
3.22340566 0.6953
3.14791470 0.7052
3.10948537 0.6985
3.12897271 0.6742
3.17337758 0.6518
3.20216603 0.6570
3.20205457 0.6842
3.17463742 0.7065
3.14932050 0.7162
3.15946254 0.7447
3.16863530 0.7591
3.15212856 0.7598
3.12426573 0.7545
3.10011384 0.7323
3.10150103 0.6898
3.12520647 0.6608
3.14559647 0.6572
3.15490010 0.6661
3.15455204 0.6690
3.15850581 0.6573
3.15169853 0.6401
3.13825579 0.6290
3.13766540 0.6283
3.15859352 0.6402
3.19027945 0.6533
3.21021532 0.6721
3.21461979 0.6968
3.21710080 0.7213
3.22112365 0.7366
3.22783317 0.7308
3.23499952 0.7042
3.24058927 0.6675
3.25186361 0.6330
3.26022019 0.6197
3.25068472 0.6212
3.22034576 0.6263
3.17246836 0.6311
3.11301988 0.6410
3.05128118 0.6579
2.99783254 0.6727
2.97150005 0.6732
2.97383078 0.6615
3.00880148 0.6436
3.06169791 0.6254
3.11776110 0.6125
3.17896265 0.6091
3.22581926 0.6243
3.23091798 0.6510
3.20008390 0.6760
3.15594367 0.6960
3.12208942 0.7082
3.11109464 0.7100
3.11923407 0.6902
3.14027754 0.6547
3.17690064 0.6211
3.22823522 0.6085
3.26936519 0.6174
3.27992800 0.6438
3.24380495 0.6789
3.18648075 0.7055
3.12622606 0.7169
3.07680178 0.7179
3.04811294 0.7033
3.04910515 0.6725
3.08269480 0.6334
3.13114130 0.5920
3.16575698 0.5595
3.18602156 0.5377
3.19186396 0.5258
3.18034346 0.5177
3.14934431 0.5093
3.11322157 0.5050
3.09849085 0.5064
3.12010919 0.5142
3.16705978 0.5242
3.19900528 0.5319
3.21303217 0.5354
3.21315747 0.5374
3.20239984 0.5366
3.18030434 0.5305
3.15715294 0.5279
3.13789737 0.5361
3.12490933 0.5472
3.12414820 0.5659
3.13133438 0.5909
3.14597340 0.6087
3.15673031 0.6255
3.16646922 0.6422
3.17040883 0.6646
3.17784493 0.6829
3.18023264 0.6877
3.18030889 0.6809
3.18097693 0.6790
3.18249222 0.6793
3.19350407 0.6689
3.21575994 0.6536
3.22916379 0.6534
3.21897477 0.6695
3.19512507 0.6884
3.18486415 0.6913
3.19406328 0.6744
3.22154862 0.6423
3.25140028 0.6097
3.27531475 0.5859
3.30650919 0.5735
3.32537410 0.5727
3.30934419 0.5811
3.25002231 0.5948
3.17180311 0.6119
3.10684872 0.6222
3.07115856 0.6153
3.06169242 0.5928
3.07844602 0.5688
3.11364787 0.5534
3.15124197 0.5500
3.16334949 0.5497
3.15743187 0.5395
3.16070306 0.5441
3.15638868 0.5647
3.10883682 0.5844
3.03867319 0.6090
2.99124770 0.6404
2.96944391 0.6747
2.98390336 0.7056
3.03485364 0.7311
3.09670695 0.7401
3.15067902 0.7361
3.18843583 0.7234
3.19093565 0.7074
3.16582572 0.6869
3.13213331 0.6613
3.11501405 0.6409
3.10745211 0.6402
3.10063160 0.6535
3.08717103 0.6730
3.08983969 0.6787
3.10773692 0.6788
3.12558489 0.6856
3.12500539 0.7005
3.10844337 0.7147
3.08931656 0.7188
3.08760835 0.7096
3.10032766 0.6925
3.11279194 0.6800
3.10792179 0.6736
3.08490670 0.6644
3.04540877 0.6553
3.00444548 0.6489
2.96401095 0.6506
2.92979215 0.6602
2.90414783 0.6712
2.89777969 0.6712
2.92251440 0.6459
2.97684355 0.6151
3.05382291 0.5902
3.12952509 0.5734
3.17149103 0.5713
3.18659098 0.5849
3.17300414 0.6123
3.13858018 0.6503
3.09532682 0.6925
3.07202691 0.7233
3.07890894 0.7356
3.11337208 0.7340
3.17007008 0.7158
3.22259961 0.6900
3.25141425 0.6657
3.24606618 0.6588
3.21447918 0.6662
3.16004820 0.6843
3.09947204 0.7045
3.05985301 0.7167
3.03138983 0.7229
3.00942514 0.7142
3.00755474 0.6882
3.04069007 0.6733
3.08520827 0.6710
3.11267418 0.6660
3.10098114 0.6656
3.06494157 0.6794
3.02558815 0.7114
2.99304070 0.7584
2.97815431 0.8094
2.97690206 0.8452
2.99161818 0.8244
3.02092481 0.7778
3.05483857 0.7420
3.08041437 0.7223
3.07938877 0.7262
3.05512075 0.7414
3.01815290 0.7626
2.97486558 0.7835
2.94169614 0.7952
2.93210529 0.7977
2.93969232 0.7731
2.96466066 0.7378
2.99558542 0.7101
3.02214689 0.6953
3.02665665 0.7031
3.01027271 0.7275
2.97961730 0.7684
2.94990959 0.8114
2.93557905 0.8344
2.95262426 0.8387
2.98622186 0.8264
3.02276064 0.7874
3.06029199 0.7366
3.11760494 0.6972
3.17100513 0.6888
3.17996631 0.7030
3.13350310 0.7260
3.05732096 0.7464
2.99665675 0.7600
2.96677125 0.7701
2.96957046 0.7598
2.98702855 0.7363
3.00789963 0.7102
3.02931208 0.6816
3.03888876 0.6568
3.01804608 0.6623
2.98048033 0.7147
2.94917498 0.7801
2.93649472 0.8385
2.94669243 0.8654
2.97461514 0.8560
3.00923370 0.8222
3.04016780 0.7649
3.05307526 0.6993
3.03872159 0.6502
2.99978333 0.6302
2.94170166 0.6620
2.88038240 0.7411
2.84774317 0.9116
2.85666540 0.9559
2.87078787 0.9353
2.89087370 0.8328
2.94216568 0.7586
2.98633358 0.7338
3.01585537 0.7184
3.02846976 0.7142
3.02610732 0.7358
3.00931205 0.7785
2.99450569 0.8275
2.98210169 0.8521
2.97517527 0.8419
2.99148346 0.8315
3.01288444 0.8023
3.01719396 0.7719
3.01969511 0.7470
3.00865593 0.7318
2.98390370 0.7216
2.95412392 0.7124
2.93075548 0.7068
2.93502403 0.7107
2.96489601 0.7179
3.00190701 0.7196
3.03628269 0.7251
3.06172804 0.7345
3.06142802 0.7518
3.04440885 0.7742
3.02474942 0.7888
3.01291986 0.7865
3.01457498 0.7699
3.02765140 0.7644
3.05915943 0.7655
3.10662531 0.7370
3.15206265 0.6880
3.17429779 0.6561
3.16333640 0.6628
3.12837824 0.6979
3.07906496 0.7359
3.03568032 0.7620
3.01038703 0.7808
2.99689010 0.8103
3.00489133 0.8543
3.03259074 0.8521
3.06611196 0.8229
3.09643965 0.7888
3.11859137 0.7588
3.12167944 0.7412
3.08627387 0.7346
3.04433353 0.7328
3.02348865 0.7426
3.04334901 0.7526
3.07748620 0.7347
3.09641478 0.7104
3.09715250 0.6984
3.09117884 0.6926
3.09358881 0.6732
3.12496248 0.6402
3.15920287 0.6137
3.17306815 0.5989
3.17388632 0.6026
3.16715113 0.6215
3.14902895 0.6385
3.12121611 0.6434
3.08788212 0.6402
3.07352562 0.6363
3.07344535 0.6414
3.06607039 0.6533
3.04992215 0.6605
3.03417166 0.6642
3.03663307 0.6706
3.04821902 0.6889
3.06041704 0.7077
3.07549665 0.7068
3.10179913 0.6892
3.13097015 0.6847
3.14415269 0.7038
3.14017590 0.7244
3.11804595 0.7240
3.09773347 0.6992
3.09712894 0.6688
3.10720919 0.6621
3.12032549 0.6772
3.12500894 0.7032
3.11298713 0.7236
3.08667340 0.7466
3.06502189 0.7718
3.06083237 0.7839
3.06938604 0.7759
3.08137961 0.7465
3.09949864 0.7063
3.12116492 0.6723
3.14051818 0.6616
3.14818792 0.6764
3.13846231 0.7028
3.11530222 0.7204
3.09330148 0.7318
3.08974896 0.7371
3.09904576 0.7377
3.11193774 0.7158
3.12839940 0.6655
3.14865979 0.6116
3.16729029 0.5820
3.17404403 0.5813
3.17154831 0.6003
3.15639119 0.6305
3.14395739 0.6627
3.13248937 0.6930
3.11900165 0.7221
3.11270356 0.7391
3.12465920 0.7331
3.14952428 0.7090
3.17281610 0.6859
3.18564913 0.6792
3.19812670 0.6917
3.20034326 0.7137
3.19058594 0.7338
3.16564527 0.7491
3.14303275 0.7604
3.12546015 0.7563
3.10735322 0.7326
3.08989355 0.7009
3.07142222 0.6828
3.06153047 0.6831
3.06892594 0.6959
3.08756491 0.7109
3.12043106 0.7127
3.16930972 0.7024
3.21821449 0.6969
3.24374902 0.7063
3.23103726 0.7229
3.18104626 0.7377
3.12797279 0.7434
3.09315440 0.7546
3.07770575 0.7765
3.06045389 0.8036
3.05224949 0.8116
3.06560096 0.7960
3.10058797 0.7619
3.13024210 0.7201
3.13238512 0.6822
3.10224644 0.6568
3.06429832 0.6515
3.03974361 0.6835
3.02443033 0.7037
3.01325865 0.7133
3.01633848 0.7133
3.03041839 0.7161
3.07335216 0.7314
3.14995442 0.7239
3.22604244 0.6809
3.27474113 0.6330
3.27681863 0.5982
3.23158659 0.5851
3.16697127 0.6010
3.10348873 0.6406
3.04387638 0.6802
2.99095604 0.7052
2.95979172 0.7109
2.96468004 0.7040
2.99713039 0.6914
3.04450076 0.6707
3.09805483 0.6398
3.14796650 0.6119
3.19342303 0.6056
3.21884999 0.6234
3.23262664 0.6504
3.22786500 0.6738
3.21749711 0.6804
3.21767631 0.6717
3.21703410 0.6619
3.21566609 0.6536
3.20371402 0.6423
3.19791547 0.6249
3.19910593 0.6143
3.19299696 0.6190
3.18434612 0.6328
3.18594748 0.6502
3.20662037 0.6677
3.22376967 0.6810
3.21097796 0.6913
3.17907887 0.7040
3.15462291 0.7176
3.14234655 0.7323
3.13299428 0.7436
3.12564854 0.7514
3.13292815 0.7457
3.15513083 0.7326
3.18542910 0.7150
3.20813399 0.6961
3.21399567 0.6770
3.21077010 0.6618
3.20635124 0.6540
3.19442778 0.6535
3.18038083 0.6576
3.17244367 0.6675
3.17420541 0.6859
3.18177976 0.7060
3.19130759 0.7141
3.20065464 0.7041
3.20534537 0.6840
3.20528336 0.6607
3.19953019 0.6335
3.19204150 0.6008
3.20291250 0.5683
3.23270480 0.5482
3.26135593 0.5473
3.28924658 0.5589
3.31143130 0.5715
3.30894962 0.5826
3.28982786 0.5863
3.25510516 0.5845
3.22930241 0.5737
3.21261942 0.5601
3.20813417 0.5490
3.21130529 0.5428
3.20308116 0.5468
3.20899132 0.5614
3.23804300 0.5910
3.26690830 0.6288
3.27073740 0.6671
3.23425977 0.7083
3.17880960 0.7415
3.13214939 0.7448
3.09307136 0.7234
3.06239635 0.7052
3.03560724 0.7161
3.01803345 0.7395
2.99912141 0.7479
3.01263670 0.8150
3.05950880 0.8493
3.07955261 0.8704
3.07405552 0.8885
3.06184720 0.8899
3.05748990 0.8639
3.06855201 0.8165
3.08850983 0.7740
3.11389790 0.7531
3.14155721 0.7558
3.16177997 0.7743
3.16721822 0.7997
3.15112760 0.8283
3.11045227 0.8623
3.06511601 0.8904
3.04264771 0.8835
3.05793910 0.8214
3.09069970 0.7559
3.11506589 0.7038
3.12891053 0.6748
3.14103661 0.6746
3.13849974 0.6910
3.11257940 0.7151
3.07370411 0.7474
3.04731665 0.7764
3.04882000 0.7953
3.08283080 0.7994
3.14096731 0.7875
3.19709027 0.7621
3.23875390 0.7387
3.25905910 0.7295
3.25843955 0.7332
3.23388391 0.7471
3.18259300 0.7751
3.11616816 0.8150
3.05550595 0.8629
3.01734983 0.9080
3.00306987 0.9283
3.00479636 0.9207
3.01669334 0.8982
3.03523494 0.8732
3.05736159 0.8603
3.06420447 0.8524
3.05096791 0.8500
3.02685400 0.8489
3.01061614 0.8513
3.00288875 0.8555
2.99875224 0.8758
2.99097599 0.9016
2.98045710 0.9158
2.97574694 0.9299
2.97625971 0.9539
2.97834912 0.8987
2.98549119 0.8032
2.98002149 0.7988
2.95213752 0.8335
2.91919116 0.8789
2.92565464 0.8908
2.96257400 0.8477
2.99641219 0.8290
3.01449989 0.8440
3.01247524 0.8870
3.00431367 0.9080
3.01926865 0.8429
3.05308749 0.7667
3.07663318 0.7204
3.06913051 0.7085
3.03785200 0.7341
3.00158670 0.7987
3.00388369 0.8402
3.02647223 0.8224
3.04991925 0.7995
3.06657283 0.7953
3.07571352 0.8026
3.08334669 0.7829
3.08424785 0.7262
3.07065696 0.6749
3.03215338 0.6708
2.98963011 0.7055
2.96257252 0.7792
2.96938961 0.8172
2.98345460 0.8213
2.98049756 0.8363
2.96642637 0.8549
2.93892402 0.8693
2.89918862 0.8857
2.88052722 0.7914
2.91102230 0.7084
2.95973662 0.6680
3.01724717 0.6421
3.07258298 0.6321
3.10497997 0.6313
3.09581630 0.6383
3.05110419 0.6505
3.00877125 0.6923
2.98242028 0.7546
2.96877857 0.7971
2.95807103 0.8196
2.94770849 0.7995
2.95553573 0.8330
2.98260837 0.8571
3.01368793 0.8690
3.03048858 0.8640
3.02050917 0.8314
3.00525728 0.7801
3.00662965 0.7706
3.00347712 0.7675
2.99185295 0.7633
2.98520512 0.7660
2.98690816 0.7741
2.99223297 0.7827
2.99818569 0.7798
3.00367993 0.7741
3.01319238 0.7618
3.01987701 0.7517
3.01736032 0.7512
3.00470508 0.7575
2.98098006 0.7683
2.96368348 0.7883
2.95584978 0.8131
2.94927984 0.8344
2.94368964 0.8407
2.94218594 0.8357
2.94704651 0.8512
2.95669405 0.8747
2.96615368 0.8758
2.96556419 0.8677
2.95551186 0.8590
2.93762678 0.8628
2.91946734 0.8864
2.90252582 0.8977
2.88677423 0.9229
2.88192626 0.9276
2.88499726 0.8946
2.89580597 0.8581
2.90120330 0.8257
2.89166697 0.8056
2.87868730 0.7972
2.88260381 0.8131
2.90374520 0.8118
2.93328007 0.7896
2.97449798 0.7627
3.01434539 0.7541
3.03384685 0.7608
3.02894922 0.7726
3.01629865 0.7728
3.01452170 0.7606
3.03000240 0.7382
3.04985155 0.7151
3.06651966 0.6889
3.08247669 0.6565
3.10714234 0.6330
3.13593959 0.6289
3.14709184 0.6407
3.12858907 0.6526
3.09902237 0.6595
3.07905163 0.6733
3.07163048 0.7011
3.06550775 0.7338
3.06275654 0.7618
3.06925395 0.7775
3.07181545 0.7955
3.07101835 0.8191
3.06504982 0.8388
3.05943639 0.8454
3.04953291 0.8361
3.03649152 0.8219
3.01845082 0.8188
3.00420649 0.8244
2.99529626 0.8349
2.99410631 0.8404
3.00134138 0.8415
3.01270385 0.8429
3.02805934 0.8469
3.04594947 0.8463
3.05963044 0.8365
3.06147511 0.8280
3.05032696 0.8368
3.03203428 0.8668
3.01489346 0.8973
3.00691920 0.8961
3.00078939 0.8679
2.99170040 0.8336
2.98997393 0.8205
3.00462185 0.8247
3.03474753 0.8258
3.06590498 0.8055
3.08617066 0.7747
3.09315714 0.7563
3.08948887 0.7597
3.08048842 0.7782
3.07797707 0.7925
3.07512948 0.7948
3.06676157 0.7948
3.06693272 0.8030
3.07503765 0.8106
3.08778917 0.7999
3.09724453 0.7721
3.10496253 0.7455
3.11083792 0.7403
3.11529100 0.7549
3.11360188 0.7800
3.10674698 0.7987
3.09103388 0.8095
3.07395287 0.8262
3.05874329 0.8540
3.05618967 0.8722
3.05952536 0.8621
3.06767349 0.8281
3.07315688 0.8013
3.06886487 0.7962
3.04774568 0.8072
3.01693689 0.8170
2.99074866 0.8184
2.98276959 0.8174
2.98626114 0.8261
3.00133648 0.8424
3.02148239 0.8506
3.03500518 0.8394
3.03877778 0.8250
3.03049669 0.8298
3.01778068 0.8501
3.00569232 0.8698
3.00906044 0.8760
3.02340436 0.8843
3.03823484 0.8904
3.04439535 0.8960
3.04690013 0.8868
3.06272080 0.8593
3.08027045 0.8319
3.08547115 0.8173
3.06507198 0.8058
3.03304661 0.7904
3.01971895 0.7752
3.03325516 0.7678
3.04330970 0.7722
3.05296349 0.7736
3.09235020 0.7548
3.16217265 0.7183
3.23970188 0.6733
3.29709521 0.6377
3.31727899 0.6163
3.31036735 0.6167
3.26762706 0.6332
3.19241627 0.6580
3.10539666 0.6905
3.02711751 0.7332
2.98734311 0.7708
2.98705460 0.7925
3.01256908 0.8059
3.04034530 0.8216
3.05782277 0.8352
3.06098392 0.8489
3.06186134 0.8609
3.07019828 0.8711
3.08525189 0.8823
3.09202349 0.9016
3.08428402 0.9224
3.06615591 0.9338
3.05079700 0.9296
3.04560640 0.9196
3.04831410 0.9090
3.03614876 0.8914
3.00524988 0.8651
2.98202309 0.8238
2.98226364 0.7802
2.98449887 0.7511
2.97796103 0.7452
2.99413924 0.7400
3.01854142 0.7141
3.01090042 0.6895
2.98103921 0.6711
2.95769402 0.6770
2.95357370 0.6918
2.96596018 0.6869
2.98684187 0.6755
2.99881166 0.6767
2.98945463 0.7024
2.97398092 0.7538
2.97388864 0.8032
2.98558418 0.7991
2.99909585 0.7601
3.00401927 0.7252
2.99439188 0.7080
2.97061597 0.7000
2.95758988 0.6851
2.96873368 0.6692
2.99282697 0.6710
3.01125804 0.6879
3.02142281 0.7145
3.01985062 0.7562
3.01528439 0.7904
3.01210738 0.7912
3.00813845 0.7754
2.99385225 0.7715
2.97007026 0.7650
2.93789349 0.7289
2.91811216 0.6738
2.92061137 0.6911
2.94108998 0.7714
2.97362416 0.8318
3.00258406 0.8413
3.01922395 0.8183
3.02231058 0.7938
3.01712923 0.7754
3.00279881 0.7675
2.99178674 0.7652
2.99007287 0.7784
2.98705427 0.8680
3.02846624 0.8809
3.06809440 0.8827
3.09130019 0.8806
3.07850872 0.8897
3.04705959 0.9073
3.00426010 0.8973
3.01217321 0.7068
3.05666176 0.6632
3.10169668 0.6243
3.12595364 0.5988
3.11579101 0.5942
3.07559893 0.6103
3.01879179 0.6651
2.97634851 0.7925
2.96283074 0.8745
2.95504216 0.7920
2.99015737 0.7125
3.03816298 0.7113
3.07336318 0.7064
3.09553682 0.7058
3.10807524 0.7028
3.11211124 0.6970
3.09097702 0.7008
3.04969263 0.7188
3.00411388 0.7470
2.98983126 0.9400
2.99217717 0.9682
2.99203953 0.9707
2.98319598 0.9455
2.96268589 0.9058
2.94387407 0.8376
2.94435829 0.7935
2.94849347 0.7753
2.94511169 0.7464
2.93859250 0.7173
2.93103737 0.6911
2.92236600 0.6910
2.91346988 0.7520
2.91060939 0.7965
2.90636774 0.8029
2.91314483 0.8041
2.93039738 0.8021
2.94166487 0.8071
2.93145784 0.8109
2.91698888 0.8165
2.92627060 0.8192
2.94718246 0.8320
2.96139902 0.8400
2.95871797 0.8211
2.95366837 0.7627
2.95495336 0.7096
2.96198709 0.6869
2.96227484 0.6860
2.95891623 0.6896
2.95250555 0.7052
2.94875619 0.7240
2.94507154 0.7454
2.93494873 0.7723
2.92211853 0.8757
2.92752075 0.9654
2.94238584 0.9732
2.95645345 0.9904
2.97199826 1.0288
2.97841774 1.0604
2.97101308 1.0528
2.94827461 0.9988
2.92665731 0.8718
2.93507337 0.7522
2.95817013 0.7634
2.96966574 0.8044
2.96576168 0.8347
2.95593995 0.8492
2.94535864 0.8547
2.93946692 0.8677
2.94819651 0.8833
2.96096000 0.8511
2.98489523 0.7488
3.01386167 0.6686
3.02040630 0.6532
3.00250338 0.6826
2.97139520 0.7275
2.93925212 0.7912
2.91222367 0.8836
2.90001049 0.9855
2.90896081 1.0410
2.92969841 1.0498
2.94254875 1.0354
2.94921848 0.9971
2.95156100 0.9307
2.95964081 0.8598
2.97420915 0.8086
2.98795364 0.7856
2.99001845 0.7865
2.98879474 0.8266
2.99299371 0.9024
3.00814871 0.9468
3.01979724 0.9381
3.01939797 0.8660
3.02028888 0.7331
3.02700004 0.6338
3.02471431 0.6069
3.02474306 0.5966
3.04665114 0.5786
3.07665307 0.5751
3.10204575 0.5783
3.12492002 0.5847
3.14587814 0.5901
3.16202091 0.5890
3.17409794 0.6027
3.16411480 0.6376
3.13158641 0.6918
3.09379254 0.7587
3.06461191 0.8044
3.03966067 0.8220
3.01627477 0.8272
3.00283908 0.8268
3.00203641 0.8235
3.01299305 0.8184
3.01656385 0.8198
3.01095569 0.8325
3.00714243 0.8396
3.00203013 0.8345
2.99157103 0.8054
2.98145095 0.7703
2.97721956 0.7832
2.98709489 0.8335
3.01816551 0.8816
3.05851585 0.8951
3.07855765 0.8983
3.07388705 0.9110
3.06160465 0.9325
3.04350229 0.9465
3.01528947 0.9424
2.98435797 0.8974
2.96737921 0.8336
2.96221641 0.8378
2.98151251 0.8532
3.02885380 0.8267
3.07028321 0.7886
3.08489251 0.7659
3.07877603 0.7722
3.05056148 0.8111
3.00735211 0.8711
2.96609259 0.9208
2.93377929 0.9519
2.91493378 0.9782
2.91181713 0.9963
2.92927778 0.9948
2.97298166 0.9652
3.03739145 0.9152
3.09517995 0.8646
3.12323342 0.8362
3.12995543 0.8424
3.11107213 0.8826
3.06886906 0.9438
3.02170756 0.9962
2.99066696 1.0205
2.97178416 1.0250
3.00302776 0.7136
3.07991803 0.6332
3.11515053 0.6522
3.10787023 0.6774
3.08555936 0.7014
3.06211062 0.7282
3.02524801 0.7777
2.98146754 0.8638
2.95488355 0.9453
2.95114564 0.9620
2.96714946 0.8865
2.99613143 0.7886
3.01142348 0.7790
3.00919540 0.8106
3.00163966 0.8181
2.98716286 0.8123
2.97057303 0.8198
2.96462199 0.8382
2.96317539 0.8477
2.95984330 0.8536
2.95594154 0.8683
2.96977330 0.8805
2.99198226 0.8980
3.00993602 0.9039
3.01400227 0.9010
3.00980702 0.8988
3.01016542 0.9040
3.01906026 0.9079
3.02621832 0.9038
3.02245973 0.8946
3.01556551 0.8901
3.01683444 0.8904
3.01720133 0.8959
3.00659912 0.9051
2.99198976 0.8850
2.98374745 0.8286
2.98236610 0.7769
2.97501723 0.7386
2.96542114 0.7136
2.95230775 0.7171
2.93208112 0.7969
2.93861831 0.9231
2.97579143 0.9339
3.02287196 0.9235
3.06457366 0.9136
3.08544101 0.9146
3.07069477 0.9279
3.02768643 0.9439
2.97427167 0.9583
2.92664339 1.0173
2.93500739 0.8315
2.94027784 0.8386
2.94052277 0.8618
2.94821293 0.8729
2.96875292 0.8652
2.97700728 0.8719
2.97361847 0.8837
2.96887997 0.8236
2.97231806 0.7415
2.99469736 0.7472
3.00579507 0.7572
3.00708946 0.7896
3.03840905 0.7994
3.09798048 0.7742
3.15615349 0.7491
3.19361921 0.7480
3.20051356 0.7768
3.17417309 0.8207
3.11091079 0.8727
3.02458553 0.9175
2.94534199 0.9341
2.95630645 0.7392
2.97576480 0.7660
3.00051355 0.8060
3.05033366 0.7721
3.10584710 0.7245
3.15944546 0.7016
3.17906289 0.7211
3.15122655 0.7652
3.09682076 0.8124
3.03455688 0.8590
3.00679305 0.8926
3.01982870 0.9018
3.04829814 0.8895
3.07442178 0.8600
3.09665606 0.8214
3.10551402 0.7934
3.09146405 0.7921
3.05624814 0.8161
3.01638659 0.8500
2.98103975 0.8739
2.94927514 0.8874
2.93339363 0.8824
2.94097519 0.8605
2.96082196 0.8353
2.98934660 0.8055
3.01886587 0.7765
3.04482848 0.7653
3.07542802 0.7703
3.09385555 0.7877
3.09800212 0.8042
3.08619719 0.8184
3.07633645 0.8299
3.08260173 0.8459
3.08504179 0.8725
3.07352272 0.8938
3.05444944 0.8986
3.03567977 0.8982
3.01840913 0.9068
3.00410296 0.9215
2.98875277 0.9241
2.97984089 0.9154
2.98773607 0.9050
3.00810532 0.8973
3.02147868 0.8957
3.01430958 0.8993
2.98864334 0.9022
2.95874687 0.9076
2.93383889 0.9186
2.91642617 0.9182
2.90809923 0.9047
2.91706784 0.8950
2.93743786 0.9056
2.96628028 0.9115
2.99449713 0.9211
3.01356978 0.9415
3.02222404 0.9564
3.02990739 0.9563
3.04144811 0.9410
3.04611203 0.9310
3.04189535 0.9360
3.03372054 0.9442
3.02684991 0.9420
3.03289570 0.9221
3.07060114 0.8851
3.12674180 0.8582
3.16883327 0.8455
3.16748351 0.8381
3.15078315 0.8292
3.13754068 0.8266
3.13451255 0.8302
3.13562563 0.8327
3.13651618 0.8323
3.14049829 0.8263
3.14630140 0.8213
3.16342235 0.8135
3.17802256 0.8023
3.16934102 0.7881
3.14204670 0.7765
3.11981155 0.7732
3.11639174 0.7783
3.12406305 0.7885
3.13334513 0.8050
3.12755103 0.8255
3.11205156 0.8458
3.10081849 0.8556
3.10021988 0.8558
3.09319961 0.8468
3.07647544 0.8276
3.05498298 0.8026
3.04317415 0.7713
3.04332547 0.7542
3.04438082 0.7841
3.03182087 0.8418
3.01126740 0.8888
2.99361152 0.9165
2.99341425 0.9371
3.00475547 0.9498
3.01074542 0.9554
3.00851687 0.9448
3.00820809 0.9232
3.01843050 0.9067
3.03130102 0.8964
3.02446593 0.8982
2.99419800 0.9059
2.95870349 0.9121
2.93566337 0.9124
2.92533366 0.8971
2.93511722 0.8168
2.94891265 0.7812
2.96036720 0.8414
2.99481676 0.8564
3.03264705 0.8473
3.05195327 0.8515
3.04929936 0.8765
3.02797019 0.9072
2.99862827 0.9193
2.98851941 0.8674
3.01821845 0.7739
3.05474484 0.7225
3.07918788 0.7020
3.09387861 0.6894
3.08800520 0.6806
3.07215244 0.6994
3.05597733 0.7481
3.03078454 0.7942
2.99750878 0.8192
2.97171906 0.8222
2.97256011 0.7795
2.99878512 0.7214
3.02714380 0.7047
3.04078567 0.7217
3.03668461 0.7770
3.04257491 0.8728
3.04963107 0.8920
3.02999834 0.8916
2.98807340 0.8790
2.94613014 0.8472
2.92634861 0.7832
2.94793150 0.7275
2.98473090 0.7499
3.01436515 0.7942
3.03669008 0.8296
3.04408451 0.8465
3.03374584 0.8414
3.01210327 0.8172
2.99781857 0.7874
2.99821027 0.7707
3.00382709 0.7748
2.99898357 0.7883
2.98642658 0.8286
2.98187986 0.8886
2.98672655 0.9051
2.98279312 0.9098
2.97518013 0.8910
2.99548014 0.8131
3.02734764 0.8073
3.03533557 0.8083
3.02708625 0.7977
3.01215207 0.7876
2.99135284 0.7758
2.97075421 0.7601
2.97675415 0.7584
3.01225598 0.7691
3.04742295 0.7787
3.06991363 0.7835
3.08581744 0.7781
3.10460865 0.7656
3.12111685 0.7529
3.12602336 0.7455
3.12388770 0.7453
3.11229858 0.7530
3.09973734 0.7604
3.08150366 0.7665
3.05914140 0.7753
3.03890795 0.7799
3.02743455 0.7699
3.03555077 0.7516
3.05741862 0.7362
3.07090765 0.7436
3.06099398 0.7702
3.02346059 0.8031
2.98558321 0.8081
2.97267925 0.7772
2.98095136 0.7476
2.99658151 0.7379
3.01274046 0.7466
3.02797860 0.7640
3.04003547 0.7838
3.05073701 0.7958
3.05554800 0.8054
3.05226257 0.8186
3.04412763 0.8338
3.04259433 0.8432
3.04266516 0.8496
3.03901945 0.8590
3.03378283 0.8717
3.03650572 0.8800
3.05384357 0.8731
3.07515492 0.8589
3.08469849 0.8430
3.07439976 0.8200
3.04523954 0.7958
3.01659883 0.7692
2.99503733 0.7531
2.98518559 0.7591
2.98546899 0.7606
2.98996296 0.7496
3.00428908 0.7332
3.03528730 0.7263
3.08037797 0.7417
3.12050654 0.7628
3.14328096 0.7723
3.15390845 0.7685
3.15584221 0.7547
3.14562338 0.7383
3.13498461 0.7245
3.13215074 0.7150
3.13283769 0.7091
3.13027695 0.7114
3.12979639 0.7286
3.13702863 0.7532
3.14767370 0.7703
3.15626885 0.7802
3.16744298 0.7812
3.16293797 0.7817
3.13887502 0.7803
3.09144693 0.7751
3.05035713 0.7657
3.02929903 0.7486
3.03669127 0.7346
3.06861204 0.7299
3.11070939 0.7306
3.14338584 0.7297
3.15024553 0.7215
3.12541314 0.7103
3.07620370 0.7529
3.03788871 0.8749
3.00991971 0.9324
2.98761996 0.9207
2.98122890 0.8646
3.00004515 0.7762
3.03935910 0.6859
3.08913038 0.6502
3.11550887 0.6601
3.11897640 0.6797
3.10597626 0.7037
3.08146832 0.7241
3.04826695 0.7415
3.01712701 0.7546
3.00187119 0.7601
3.00327223 0.7752
3.02442402 0.7894
3.06298028 0.7832
3.10130070 0.7509
3.11193877 0.7218
3.10151394 0.7174
3.07907515 0.7435
3.05234859 0.7853
3.01526416 0.8235
2.97392020 0.8358
2.94286094 0.8296
2.93768186 0.8261
2.96318595 0.8077
2.99759648 0.7707
3.02864443 0.7331
3.04741596 0.7180
3.05172153 0.7290
3.04186774 0.7631
3.02138219 0.8012
2.99320793 0.8079
2.95841413 0.7896
2.93051154 0.7963
2.92658011 0.8685
2.95422143 0.9329
2.98565859 0.9361
3.00232680 0.9217
2.99964446 0.9021
2.98670366 0.8659
2.98196818 0.8299
2.99500305 0.7926
3.01283735 0.7506
3.02699693 0.7024
3.02064898 0.6634
2.99598912 0.6398
2.97330863 0.6218
2.96320537 0.5794
2.97640294 0.6757
2.98397021 0.7305
2.97166180 0.7260
2.97355750 0.6795
2.99689348 0.6679
3.00896224 0.6628
2.99618340 0.7009
3.00756222 0.8314
3.04700910 0.8782
3.08316937 0.8749
3.09588396 0.8724
3.08194872 0.8857
3.04782541 0.9084
3.01711384 0.9024
3.05362307 0.8460
3.11112862 0.8264
3.15978191 0.8126
3.19181549 0.8037
3.20596533 0.8045
3.20192336 0.8134
3.17822517 0.8368
3.12637187 0.8704
3.05665036 0.8844
3.01857419 0.7953
3.02009685 0.7490
3.02485404 0.7068
3.02279915 0.6835
3.01385094 0.7250
3.00445814 0.7960
2.99755069 0.8230
2.99358798 0.7796
3.01327436 0.6312
3.06371411 0.5429
3.13129073 0.4881
3.18553861 0.4468
3.20481401 0.4185
3.16433345 0.4067
3.09014437 0.4102
3.01020195 0.4380
2.96787631 0.4875
2.95288481 0.5465
2.95959802 0.5945
2.98343574 0.6074
3.03520405 0.5905
3.11263537 0.5772
3.17046681 0.5680
3.16923186 0.5535
3.13288548 0.5401
3.10353757 0.5458
3.09291241 0.5745
3.08451532 0.6216
3.06566812 0.6666
3.04389087 0.6936
3.03101629 0.6939
3.02329720 0.6806
3.01896697 0.6723
3.01362959 0.6912
2.99716919 0.7455
2.97619078 0.8343
2.95487446 0.9167
2.93738730 0.9547
2.91348498 0.8700
2.90291868 0.6412
2.89854251 0.6187
2.88772036 0.5871
2.88830773 0.5469
2.91186446 0.5037
2.94809464 0.4670
2.97331656 0.4429
2.99535540 0.4325
3.03801691 0.4246
3.10478397 0.4182
3.15058140 0.4258
3.13861550 0.4389
3.07491508 0.4512
2.99783818 0.4643
2.94049260 0.4723
2.91329841 0.4723
2.90623327 0.4716
2.93032178 0.4937
2.98329581 0.5215
3.06751434 0.5423
3.15706055 0.5626
3.22224623 0.5874
3.24252233 0.6091
3.21766626 0.6283
3.16872306 0.6447
3.13014519 0.6596
3.11418117 0.6742
3.11259084 0.6916
3.10864768 0.7092
3.10195108 0.7247
3.11464455 0.7294
3.14087342 0.7341
3.16619893 0.7458
3.16660341 0.7633
3.14106604 0.7862
3.10906400 0.8076
3.10147093 0.8143
3.12604262 0.8081
3.15992725 0.7951
3.19092493 0.7773
3.22416895 0.7547
3.24744762 0.7375
3.25432634 0.7279
3.22683557 0.7268
3.16282865 0.7327
3.07879205 0.7383
2.99628911 0.7422
2.93756627 0.7614
2.92989123 0.7953
2.96048524 0.8107
3.00420794 0.8117
3.04801693 0.8042
3.09215765 0.7985
3.12471866 0.8015
3.13204376 0.8168
3.10664084 0.8373
3.06083316 0.8571
3.02962531 0.8741
3.03069770 0.8888
3.04673859 0.8992
3.05512409 0.9009
3.05188022 0.8953
3.05595787 0.8791
3.07183077 0.8523
3.08021509 0.8228
3.07405849 0.7965
3.05631921 0.7915
3.02482531 0.8182
2.99659189 0.8430
3.00407824 0.8534
3.03855823 0.8586
3.06996070 0.8632
3.09868076 0.8650
3.12246184 0.8580
3.13602214 0.8374
3.13643383 0.8136
3.11790740 0.7988
3.08154807 0.7965
3.05410071 0.8015
3.06362484 0.7978
3.11152104 0.7806
3.16503628 0.7474
3.19265181 0.7161
3.20565704 0.7066
3.20904964 0.7180
3.17967118 0.7407
3.11843366 0.7700
3.04470725 0.8027
2.98645386 0.8157
2.98828266 0.7583
3.07947982 0.7265
3.18214465 0.7049
3.22921668 0.6926
3.22299973 0.7080
3.20848534 0.7462
3.17931191 0.7893
3.11684045 0.8324
3.04797129 0.8608
3.00957833 0.8647
3.00738982 0.8487
3.03398364 0.8226
3.07190487 0.7983
3.10561986 0.7817
3.12677602 0.7769
3.13369831 0.7826
3.12097481 0.7957
3.08776102 0.8092
3.03607338 0.8184
2.99825839 0.8208
2.98733670 0.8167
2.99336018 0.8033
3.00662989 0.7818
3.02853442 0.7635
3.04891473 0.7642
3.05863699 0.7825
3.06955918 0.8064
3.08567830 0.8291
3.10589335 0.8298
3.12359790 0.8106
3.12892279 0.7855
3.12954688 0.7599
3.13133901 0.7360
3.14460101 0.7106
3.15437576 0.6922
3.16053477 0.6880
3.17164180 0.6992
3.18366129 0.7254
3.18446419 0.7519
3.17785992 0.7661
3.17375782 0.7657
3.17346918 0.7562
3.16565305 0.7441
3.14381340 0.7327
3.11518922 0.7257
3.09566295 0.7199
3.07727498 0.7228
3.04609984 0.7442
3.01429480 0.7683
3.00579086 0.7847
3.03171210 0.7999
3.05730102 0.8013
3.05690169 0.7957
3.04094964 0.7978
3.03917295 0.7979
3.04746519 0.7874
3.04947300 0.7721
3.03257833 0.7654
3.01620454 0.7647
3.02534944 0.7731
3.06247795 0.7705
3.10205250 0.7461
3.11671853 0.7174
3.10140824 0.7064
3.07869024 0.7136
3.04809342 0.7323
3.01597048 0.7492
3.00260043 0.7543
3.00958604 0.7320
3.03004782 0.6916
3.06139609 0.6643
3.09259715 0.6435
3.13616966 0.6296
3.17125626 0.6296
3.18219510 0.6327
3.15954222 0.6418
3.13194953 0.6462
3.10980027 0.6407
3.09273296 0.6221
3.06850231 0.6006
3.04538676 0.5826
3.04064146 0.5674
3.06215223 0.5618
3.08081418 0.5776
3.09041202 0.6079
3.09904212 0.6555
3.12114766 0.7051
3.13632783 0.7350
3.12826322 0.7415
3.10162403 0.7326
3.07920207 0.7190
3.07151575 0.7055
3.06602326 0.6944
3.04707527 0.6908
3.03346307 0.6985
3.02805323 0.7181
3.02704242 0.7398
3.02645927 0.7487
3.02554499 0.7401
3.02445196 0.7206
3.01600199 0.7047
2.99311285 0.6951
2.95391997 0.6805
2.92361716 0.6629
2.92917437 0.6423
2.95137325 0.6416
2.96513934 0.6518
2.97617390 0.6525
3.00689157 0.6486
3.05631484 0.6475
3.09260663 0.6428
3.08797723 0.6253
3.05612430 0.5929
3.03173570 0.5477
3.01271982 0.5088
2.98178821 0.4875
2.93779175 0.5058
2.91020993 0.6025
2.90650844 0.6674
2.91794755 0.5878
2.95046391 0.5794
2.98407890 0.6174
3.00881551 0.6622
3.01837635 0.6950
3.01959272 0.6985
3.03261531 0.6797
3.05661270 0.6579
3.07925187 0.6483
3.08080006 0.6547
3.07218426 0.6638
3.06461702 0.6733
3.06409926 0.6867
3.04989816 0.7143
3.01977051 0.7461
2.98903381 0.7680
2.97875395 0.7716
2.99533497 0.7546
3.01874070 0.7292
3.03099508 0.7089
3.03919281 0.6989
3.06149865 0.6921
3.10280982 0.6966
3.12829570 0.7023
3.12484123 0.7147
3.11845676 0.7266
3.11271266 0.7398
3.10427976 0.7445
3.08915948 0.7412
3.07822554 0.7287
3.07450985 0.7097
3.07269913 0.6972
3.07697960 0.6964
3.07423962 0.7095
3.07521395 0.7227
3.06699249 0.7336
3.05583510 0.7438
3.04587836 0.7545
3.05206485 0.7641
3.08258976 0.7538
3.11769030 0.7244
3.14998471 0.6926
3.17582609 0.6821
3.20247737 0.6948
3.20719859 0.7195
3.18436930 0.7384
3.15566490 0.7503
3.14337526 0.7578
3.13276784 0.7654
3.12543901 0.7686
3.13482618 0.7610
3.15903578 0.7356
3.18200612 0.7056
3.18495882 0.6908
3.15827903 0.6954
3.10539200 0.7193
3.05532423 0.7376
3.02742605 0.7358
3.02668930 0.7331
3.05771808 0.7305
3.10513925 0.7226
3.15608610 0.7098
3.20670736 0.6981
3.24069586 0.6848
3.26033448 0.6677
3.26390934 0.6480
3.26127967 0.6292
3.25110193 0.6176
3.24035041 0.6093
3.23167034 0.6137
3.22671590 0.6299
3.22389997 0.6535
3.21188536 0.6841
3.19378570 0.7134
3.17499560 0.7311
3.16455043 0.7251
3.16043083 0.6955
3.17180440 0.6515
3.19674060 0.6150
3.22140090 0.5972
3.22943963 0.5927
3.22318036 0.6045
3.22137180 0.6316
3.20589586 0.6694
3.17045753 0.6972
3.11642241 0.7112
3.07680758 0.7071
3.06306021 0.6980
3.07890899 0.6765
3.09306467 0.6532
3.10397139 0.6324
3.11804190 0.6205
3.13693021 0.6257
3.15377675 0.6412
3.15927949 0.6547
3.15594044 0.6624
3.15705648 0.6706
3.17152055 0.6788
3.18712873 0.6810
3.19870549 0.6759
3.20426068 0.6727
3.19656198 0.6732
3.17813752 0.6673
3.14961464 0.6610
3.14007831 0.6377
3.15219496 0.5975
3.18714911 0.5487
3.22440875 0.5140
3.25204310 0.4960
3.26948729 0.4950
3.26096289 0.5036
3.21613805 0.5225
3.15238994 0.5397
3.10398538 0.5497
3.10118649 0.5496
3.13027436 0.5380
3.17359419 0.5191
3.22009687 0.4980
3.26385847 0.4880
3.31970749 0.4958
3.36239202 0.5145
3.36616494 0.5391
3.33221201 0.5605
3.28673109 0.5782
3.24262403 0.5902
3.21124949 0.5914
3.19950548 0.5783
3.21654663 0.5595
3.25915417 0.5484
3.30854976 0.5477
3.33557398 0.5533
3.35160310 0.5660
3.35570973 0.5882
3.33711634 0.6051
3.28580512 0.6040
3.21555705 0.5767
3.15516508 0.5372
3.11787984 0.4983
3.09759335 0.4662
3.08363061 0.4403
3.06359508 0.4259
3.07046697 0.4274
3.10460635 0.4393
3.13989551 0.4514
3.16807916 0.4505
3.18288788 0.4405
3.19062175 0.4266
3.17464969 0.4173
3.14033860 0.4192
3.10015373 0.4362
3.06781704 0.4675
3.05109174 0.5048
3.04489997 0.5462
3.06508330 0.5777
3.12441771 0.5860
3.20458107 0.5714
3.27147286 0.5440
3.30522069 0.5215
3.30917072 0.5125
3.30190620 0.5166
3.26414641 0.5343
3.19835518 0.5587
3.15221274 0.5856
3.14589463 0.6153
3.19301305 0.6323
3.26497992 0.6226
3.33606140 0.5916
3.40156172 0.5590
3.45235620 0.5423
3.48426735 0.5393
3.46197471 0.5427
3.39075692 0.5426
3.30100746 0.5435
3.22493129 0.5491
3.18809173 0.5506
3.18642709 0.5453
3.20698852 0.5344
3.24151515 0.5254
3.26422311 0.5279
3.26584136 0.5428
3.25200773 0.5634
3.22042137 0.5906
3.18185346 0.6163
3.14148520 0.6376
3.12012818 0.6495
3.13548964 0.6452
3.18088422 0.6319
3.22220474 0.6185
3.23436220 0.6142
3.21928396 0.6294
3.19786584 0.6550
3.17071562 0.6857
3.12736804 0.7100
3.08433992 0.7253
3.07248720 0.7247
3.10200612 0.7054
3.16110718 0.6741
3.21823069 0.6516
3.24869823 0.6490
3.24473378 0.6738
3.21621220 0.7082
3.15670819 0.7420
3.09663200 0.7625
3.05477492 0.7762
3.04107848 0.7792
3.04532265 0.7679
3.05557881 0.7350
3.06861661 0.6883
3.08464259 0.6502
3.11001519 0.6411
3.12728442 0.6545
3.13124559 0.6800
3.13372865 0.7083
3.14648742 0.7375
3.15251990 0.7586
3.14779149 0.7621
3.13929893 0.7495
3.13958295 0.7289
3.13552479 0.7113
3.11521446 0.7011
3.08996643 0.6955
3.07393293 0.6926
3.09313912 0.6813
3.13187723 0.6760
3.16889882 0.6733
3.18596817 0.6694
3.19249077 0.6637
3.17992702 0.6600
3.14650163 0.6632
3.09435228 0.6732
3.03929133 0.6955
3.00907361 0.7301
3.00751572 0.7605
3.02699471 0.7585
3.05816766 0.7358
3.09153115 0.7210
3.11290122 0.7254
3.11882583 0.7412
3.10407193 0.7693
3.07672577 0.8120
3.05141619 0.8552
3.04332312 0.8756
3.05641382 0.8693
3.08356178 0.8452
3.09917140 0.8122
3.09669333 0.7880
3.08677399 0.7879
3.07088363 0.8151
3.06073821 0.8448
3.05484198 0.8600
3.03844307 0.8613
3.01476512 0.8693
3.01033844 0.8831
3.01758443 0.8835
3.01867692 0.8610
3.01100643 0.8219
2.99871465 0.7906
2.97875802 0.7447
2.97398497 0.7282
2.98066225 0.7372
2.97683440 0.7292
2.96849971 0.7296
2.96756815 0.7453
2.98826197 0.7378
3.01653490 0.7192
3.04873775 0.7045
3.08142584 0.6995
3.09086458 0.7093
3.07627206 0.7358
3.05384817 0.7623
3.03589342 0.7704
3.02551064 0.7671
3.01679694 0.7572
3.00982596 0.7417
3.01442935 0.7205
3.03048842 0.7033
3.05291849 0.6998
3.06739432 0.7185
3.07259371 0.7476
3.06622155 0.7817
3.05082455 0.8077
3.03518726 0.8349
3.01910448 0.8725
3.00598241 0.9005
3.00148800 0.8952
2.99939950 0.8779
2.99189043 0.8670
2.99071704 0.8597
2.99600521 0.8582
2.99064654 0.8559
2.98513745 0.8402
2.98066592 0.8247
2.97293206 0.8168
2.95873219 0.8004
2.94909764 0.7461
2.94921409 0.7147
2.94477668 0.7241
2.94634007 0.7521
2.95771569 0.7818
2.96848228 0.8034
2.97391496 0.8110
2.98533105 0.8131
3.01803860 0.7975
3.05849867 0.7722
3.08987042 0.7438
3.10313874 0.7298
3.10413237 0.7312
3.09146570 0.7548
3.06367758 0.7845
3.02518053 0.8047
2.99685531 0.8027
2.97914518 0.7838
2.98290359 0.7565
3.00159780 0.7418
3.03713344 0.7391
3.07540275 0.7360
3.10078523 0.7229
3.11031311 0.7123
3.11212472 0.7168
3.11197610 0.7189
3.11920773 0.7043
3.12185545 0.6845
3.10563122 0.6634
3.06876057 0.6508
3.03928574 0.6521
3.03395460 0.6621
3.03184900 0.6752
3.02361682 0.6941
3.01480401 0.7125
3.02074750 0.7185
3.03863310 0.7142
3.05561522 0.7003
3.06210487 0.6832
3.06413898 0.6756
3.07405434 0.6924
3.08579262 0.7332
3.08465005 0.7768
3.06831386 0.8089
3.04654190 0.8328
3.02767668 0.8456
3.01775774 0.8362
3.01815671 0.8036
3.03669018 0.7559
3.07001024 0.7202
3.10214792 0.7041
3.12186245 0.7032
3.13098794 0.7101
3.12921532 0.7247
3.11335688 0.7513
3.08441342 0.7746
3.05589784 0.7795
3.04513866 0.7676
3.05758564 0.7496
3.07460990 0.7417
3.08914312 0.7383
3.09636529 0.7395
3.11409947 0.7317
3.13168228 0.7238
3.13367219 0.7221
3.12125062 0.7164
3.10858989 0.6934
3.11565660 0.6595
3.13343986 0.6284
3.14846431 0.6187
3.15409981 0.6261
3.14476967 0.6473
3.11872637 0.6683
3.08204265 0.6828
3.04073185 0.6883
3.00767790 0.6852
2.99622408 0.6670
3.01084877 0.6400
3.03797072 0.6147
3.07100228 0.5833
3.10367119 0.5603
3.13318810 0.5603
3.14447732 0.5841
3.13062897 0.6158
3.10824479 0.6459
3.09715752 0.6662
3.08089126 0.6784
3.05960079 0.6754
3.03533465 0.6726
3.02680819 0.6741
3.04963439 0.6822
3.08891492 0.6860
3.13153593 0.6833
3.16285904 0.6867
3.17509718 0.7023
3.15751536 0.7245
3.11678080 0.7415
3.08113750 0.7433
3.06567024 0.7333
3.05738580 0.7348
3.04875907 0.7627
3.04359434 0.7952
3.05530596 0.8045
3.07614054 0.7950
3.10252527 0.7795
3.11822251 0.7620
3.11434249 0.7441
3.08933909 0.7289
3.05882567 0.7217
3.02282799 0.7284
3.00814676 0.7427
3.02233293 0.7568
3.05203704 0.7550
3.07094741 0.7386
3.07239216 0.7211
3.06584572 0.7116
3.06469346 0.7057
3.06487757 0.6988
3.06095718 0.6988
3.05607582 0.7075
3.05865974 0.7114
3.07130443 0.7095
3.07679625 0.7075
3.06719976 0.7065
3.03744171 0.7056
3.00322418 0.7082
2.96751215 0.7168
2.92778595 0.7246
2.89886935 0.7287
2.88478595 0.7381
2.88681704 0.7690
2.90910460 0.7938
2.94958687 0.7960
2.99574318 0.7811
3.04506153 0.7559
3.08178762 0.7385
3.09283786 0.7394
3.07694912 0.7483
3.04443179 0.7639
3.01225204 0.7840
2.97965381 0.8120
2.96353323 0.8289
2.96312286 0.8280
2.97312830 0.8058
2.98654074 0.7676
2.99078073 0.7280
2.99150836 0.7039
3.00052212 0.6973
3.01735147 0.6982
3.03428588 0.7041
3.04773304 0.7149
3.06788033 0.7339
3.09710400 0.7504
3.12411420 0.7538
3.12692117 0.7503
3.11151346 0.7452
3.09757136 0.7456
3.08972311 0.7491
3.09275110 0.7528
3.10606706 0.7436
3.13381582 0.7273
3.16940199 0.7140
3.20388406 0.7076
3.22161627 0.7055
3.21087311 0.7129
3.16763226 0.7329
3.10966183 0.7651
3.06299839 0.7989
