2.92401426 0.7999
2.91981830 0.8017
2.91648853 0.8071
2.91317211 0.8131
2.91004975 0.8194
2.90690897 0.8250
2.90611010 0.8297
2.90839761 0.8327
2.91479368 0.8340
2.92487696 0.8336
2.93605039 0.8301
2.94664723 0.8235
2.95373389 0.8167
2.95645502 0.8129
2.95424920 0.8134
2.94925110 0.8124
2.94138530 0.8085
2.93248951 0.8032
2.92401497 0.7987
2.91757493 0.7974
2.91123378 0.7973
2.90465183 0.7958
2.89969014 0.7953
2.89604481 0.7952
2.89379668 0.7961
2.89369028 0.7980
2.89578708 0.8007
2.90074794 0.8093
2.90214287 0.8500
2.89425350 0.9021
2.88343546 0.9216
2.87427121 0.9302
2.86762285 0.9344
2.86408587 0.9352
2.86355669 0.9337
2.86502993 0.9296
2.86844389 0.9244
2.87328126 0.9185
2.87917567 0.9122
2.88474201 0.9049
2.88976249 0.8890
2.89016906 0.7572
2.88080379 0.7349
2.87444710 0.7331
2.87108099 0.7397
2.86948421 0.7604
2.86857325 0.8010
2.86630639 0.8586
2.86189566 0.9121
2.85626622 0.9515
2.85082263 0.9775
2.84734455 0.9929
2.84657502 1.0015
2.84832763 1.0045
2.85241373 1.0035
2.85786719 0.9986
2.86335849 0.9894
2.86838685 0.9762
2.87227679 0.9592
2.87508556 0.9359
2.87622962 0.9025
2.87446032 0.8586
2.87118857 0.8167
2.86831979 0.7898
2.86838919 0.7741
2.87100397 0.7686
2.87550618 0.7843
2.87855080 0.8827
2.87083900 0.9662
2.85745947 0.9737
2.84438931 0.9758
2.83359878 0.9770
2.82687389 0.9762
2.82491489 0.9744
2.82786024 0.9715
2.83530737 0.9678
2.84602477 0.9629
2.85867738 0.9569
2.87142456 0.9504
2.88294974 0.9429
2.89178027 0.9348
2.89695782 0.9207
2.89667496 0.8914
2.89125811 0.8622
2.88448777 0.8482
2.87762509 0.8438
2.87123886 0.8444
2.86609006 0.8483
2.86346087 0.8540
2.86371140 0.8625
2.86772221 0.8748
2.87566658 0.8913
2.88583403 0.9099
2.89699204 0.9262
2.90851450 0.9373
2.91987559 0.9423
2.93084514 0.9406
2.94173991 0.9338
2.95261679 0.9232
2.96415167 0.9127
2.97664146 0.9053
2.98839694 0.8900
2.98514183 0.8120
2.97737890 0.8034
2.97058561 0.8067
2.96579239 0.8162
2.96298497 0.8322
2.96118607 0.8564
2.95962443 0.8909
2.95530235 0.9280
2.94842668 0.9574
2.94108734 0.9777
2.93605533 0.9922
2.93395726 1.0029
2.93450235 1.0102
2.93780522 1.0134
2.94320056 1.0091
2.94878735 0.9936
2.95225314 0.9554
2.95241107 0.8917
2.95129328 0.8294
2.95114063 0.7850
2.95427908 0.7739
2.96000912 0.8101
2.96444990 0.9267
2.96218890 0.9693
2.95793707 0.9691
2.95437775 0.9767
2.95193204 0.9907
2.95035491 1.0076
2.94833965 1.0217
2.94635222 1.0337
2.94405383 1.0425
2.94189699 1.0483
2.94082707 1.0527
2.94167628 1.0530
2.94442134 1.0457
2.94809214 1.0249
2.95098303 0.9820
2.95188769 0.9232
2.95138784 0.8735
2.95099269 0.8459
2.95126112 0.8431
2.95183093 0.8639
2.95041279 0.9073
2.94399096 0.9422
2.93237601 0.9511
2.91809416 0.9495
2.90340298 0.9505
2.88913315 0.9540
2.87614561 0.9585
2.86375431 0.9603
2.85154939 0.9586
2.84121206 0.9550
2.83321919 0.9508
2.82826694 0.9474
2.82689320 0.9455
2.82788856 0.9429
2.83056234 0.9377
2.83299032 0.9268
2.83442521 0.9111
2.83587167 0.8958
2.83779493 0.8857
2.84081441 0.8828
2.84497193 0.8893
2.84844045 0.9039
2.85087095 0.9235
2.85131298 0.9425
2.85018995 0.9578
2.84811936 0.9698
2.84638005 0.9782
2.84538902 0.9821
2.84604461 0.9814
2.84854889 0.9761
2.85382862 0.9668
2.86235954 0.9562
2.87329193 0.9459
2.88502736 0.9361
2.89595456 0.9233
2.90528496 0.9002
2.91215558 0.8545
2.91572020 0.7742
2.91533141 0.6905
2.91194455 0.6782
2.90786719 0.7291
2.90490008 0.8003
2.90132734 0.8699
2.89557250 0.9250
2.88630033 0.9627
2.87406490 0.9865
2.85998915 1.0010
2.84610949 1.0100
2.83451803 1.0141
2.82677455 1.0134
2.82420813 1.0084
2.82679148 0.9996
2.83387438 0.9877
2.84467211 0.9740
2.85761342 0.9602
2.86984255 0.9444
2.87870119 0.9210
2.88180376 0.8810
2.87953166 0.8381
2.87591010 0.8132
2.87406278 0.8036
2.87519857 0.8107
2.87930477 0.8377
2.88377247 0.8901
2.88579406 0.9529
2.88291056 0.9844
2.87717466 0.9941
2.87130580 0.9990
2.86666895 1.0015
2.86461388 0.9995
2.86630111 0.9906
2.87228783 0.9717
2.88178489 0.9383
2.89338876 0.8850
2.89816635 0.8265
2.89330167 0.8207
2.88542517 0.8332
2.87859101 0.8441
2.87385202 0.8519
2.87100578 0.8573
2.86936694 0.8622
2.86786704 0.8687
2.86460844 0.8776
2.85901050 0.8894
2.85077160 0.9027
2.84220647 0.9169
2.83260684 0.9285
2.82448365 0.9381
2.81797506 0.9448
2.81280360 0.9485
2.80982981 0.9489
2.80992460 0.9458
2.81422594 0.9395
2.82385475 0.9292
2.83909799 0.9157
2.85851263 0.8969
2.87745776 0.8686
2.88931579 0.8414
2.89489794 0.8340
2.89829404 0.8344
2.90203146 0.8362
2.90672646 0.8363
2.91238656 0.8331
2.91951190 0.8272
2.92825463 0.8181
2.93870824 0.8044
2.95106806 0.7862
2.93759332 0.9487
2.92288908 0.9667
2.91201016 0.9775
2.90509822 0.9837
2.90175393 0.9871
2.90116780 0.9867
2.90227184 0.9820
2.90460508 0.9728
2.90812033 0.9607
2.91282811 0.9485
2.91900001 0.9386
2.92717237 0.9322
2.93639039 0.9301
2.94633132 0.9301
2.95678024 0.9318
2.96791503 0.9357
2.97861203 0.9418
2.98685728 0.9465
2.99017951 0.9416
2.98914915 0.9303
2.98543254 0.9289
2.98068047 0.9427
2.97465024 0.9677
2.96644991 0.9937
2.95717340 1.0131
2.94835144 1.0220
2.94024484 1.0191
2.93359111 1.0085
2.92791785 0.9936
2.92280183 0.9758
2.91847406 0.9575
2.91543671 0.9403
2.91391401 0.9244
2.91444827 0.9065
2.91764159 0.8810
2.92226781 0.8290
2.92124381 0.7356
2.91073247 0.6842
2.89794463 0.6766
2.88824328 0.6806
2.88426517 0.6892
2.88559872 0.7008
2.89205816 0.7154
2.90163646 0.7330
2.91168159 0.7518
2.92069123 0.7705
2.92835468 0.7880
2.93442577 0.8054
2.93827265 0.8234
2.93935175 0.8437
2.93777465 0.8672
2.93315479 0.8880
2.92708819 0.9017
2.92176374 0.9081
2.91884222 0.9076
2.92025017 0.9026
2.92702642 0.8944
2.93793411 0.8796
2.94704587 0.8319
2.94052727 0.7715
2.92635214 0.7621
2.91275322 0.7677
2.90278568 0.7770
2.89588104 0.7871
2.89202650 0.7964
2.89045798 0.8037
2.89079529 0.8087
2.89356001 0.8113
2.89890300 0.8131
2.90627747 0.8148
2.91558114 0.8172
2.92661406 0.8226
2.93827299 0.8346
2.94685018 0.8565
2.94893241 0.8872
2.94540464 0.9177
2.94086119 0.9418
2.93850553 0.9603
2.93878235 0.9751
2.93962883 0.9853
2.93942655 0.9895
2.93745890 0.9866
2.93533223 0.9774
2.93494298 0.9652
2.93745652 0.9511
2.94357567 0.9356
2.95304693 0.9209
2.96395757 0.9090
2.97482652 0.9030
2.98286527 0.9025
2.98617527 0.9026
2.98588459 0.9038
2.98340018 0.9112
2.97873842 0.9282
2.97131418 0.9502
2.96270121 0.9732
2.95483369 0.9941
2.94886363 1.0117
2.94555954 1.0247
2.94409497 1.0300
2.94235582 1.0212
2.93865439 0.9914
2.93315093 0.9456
2.92660257 0.8930
2.92096587 0.8374
2.91763263 0.7633
2.90989037 0.7102
2.89485849 0.7590
2.87927588 0.7883
2.86671215 0.8018
2.85897036 0.8088
2.85611685 0.8135
2.85781226 0.8186
2.86274235 0.8270
2.86873247 0.8422
2.87237852 0.8661
2.87067549 0.8914
2.86462832 0.9120
2.85710411 0.9270
2.85078764 0.9390
2.84689427 0.9495
2.84492579 0.9577
2.84395874 0.9626
2.84271731 0.9645
2.84112862 0.9638
2.83945447 0.9612
2.83767360 0.9568
2.83623376 0.9502
2.83651849 0.9429
2.83858164 0.9347
2.84291728 0.9277
2.84977211 0.9223
2.85976676 0.9200
2.87225414 0.9211
2.88640635 0.9252
2.90189034 0.9311
2.91675912 0.9365
2.92959409 0.9390
2.93986905 0.9364
2.94777251 0.9287
2.95245251 0.9122
2.95280151 0.8810
2.94923544 0.8385
2.94361712 0.8028
2.93853101 0.7837
2.93627249 0.7788
2.93726501 0.7910
2.94100940 0.8370
2.94370659 0.9092
2.94333039 0.9446
2.94207326 0.9534
2.93958834 0.9559
2.93681266 0.9572
2.93404203 0.9587
2.93169613 0.9609
2.93049517 0.9627
2.93044211 0.9626
2.93171824 0.9602
2.93369261 0.9550
2.93611591 0.9481
2.93842806 0.9410
2.93941402 0.9339
2.93893378 0.9294
2.93703250 0.9296
2.93421061 0.9347
2.93123882 0.9478
2.92844287 0.9667
2.92636131 0.9856
2.92581631 1.0018
2.92691628 1.0134
2.92985682 1.0175
2.93368938 1.0124
2.93744400 0.9985
2.93942310 0.9773
2.93949855 0.9570
2.93841062 0.9445
2.93724828 0.9396
2.93647900 0.9381
2.93591752 0.9359
2.93607486 0.9284
2.93563066 0.9145
2.93426480 0.8952
2.93247385 0.8730
2.93136932 0.8508
2.93206286 0.8319
2.93540270 0.8183
2.93970397 0.8182
2.93816889 0.8715
2.92717128 0.9268
2.91348401 0.9507
2.90067837 0.9639
2.88959999 0.9710
2.88179666 0.9733
2.87671923 0.9727
2.87566158 0.9699
2.87821382 0.9679
2.88248877 0.9669
2.88679847 0.9650
2.88803591 0.9436
2.88513733 0.8976
2.88220957 0.8609
2.88226713 0.8346
2.88358782 0.8125
2.88562497 0.8007
2.88577659 0.8004
2.88406901 0.8129
2.88105092 0.8352
2.87823243 0.8602
2.87756224 0.8817
2.88020267 0.8965
2.88576504 0.9039
2.89346002 0.9056
2.90307315 0.9037
2.91350122 0.8978
2.92547354 0.8914
2.93854277 0.8864
2.95231833 0.8827
2.96591637 0.8722
2.97797876 0.7709
2.97477352 0.8758
2.97426969 0.8829
2.97780779 0.8798
2.98543775 0.8689
2.99552148 0.8532
3.00689180 0.8371
3.01581607 0.8361
3.01489960 0.8723
3.00457653 0.9092
2.98849267 0.9357
2.97076472 0.9545
2.95316235 0.9667
2.93845489 0.9743
2.92747735 0.9777
2.91989869 0.9786
2.91459096 0.9784
2.91119083 0.9773
2.90945219 0.9779
2.90835281 0.9783
2.90811365 0.9786
2.90943314 0.9778
2.91393027 0.9763
2.92130349 0.9746
2.93088197 0.9721
2.94005211 0.9686
2.94807766 0.9625
2.95421642 0.9513
2.95865378 0.9369
2.96088375 0.9209
2.95893385 0.9087
2.95246191 0.9053
2.94373445 0.9092
2.93470139 0.9165
2.92644471 0.9222
2.91949596 0.9252
2.91370879 0.9254
2.90960488 0.9247
2.90694193 0.9249
2.90553785 0.9281
2.90533805 0.9350
2.90786032 0.9455
2.91303656 0.9574
2.92052420 0.9690
2.92887153 0.9772
2.93662811 0.9809
2.94203261 0.9807
2.94467759 0.9798
2.94400059 0.9797
2.94032242 0.9805
2.93380692 0.9806
2.92506602 0.9786
2.91582444 0.9741
2.90781122 0.9692
2.90191821 0.9631
2.89785164 0.9568
2.89493794 0.9497
2.89285085 0.9406
2.89083874 0.9299
2.88940575 0.9192
2.88901668 0.9102
2.88903898 0.9028
2.88906384 0.8967
2.88919653 0.8923
2.88941270 0.8900
2.88991274 0.8901
2.89109783 0.8946
2.89091295 0.8989
2.88734153 0.8860
2.88392867 0.8714
2.88379669 0.8633
2.88668259 0.8577
2.89124337 0.8528
2.89611875 0.8483
2.90079844 0.8439
2.90524609 0.8400
2.90946472 0.8378
2.91385115 0.8396
2.91947690 0.8465
2.92643723 0.8600
2.93342579 0.8744
2.94030289 0.8830
2.94875356 0.8870
2.95776755 0.8891
2.96810796 0.8908
2.97823801 0.8931
2.98788241 0.8960
2.99597138 0.8920
2.99075230 0.8782
2.98640380 0.8855
2.98417853 0.8925
2.98415944 0.8987
2.98494482 0.9013
2.98487116 0.8982
2.98272392 0.8883
2.97829775 0.8761
2.96970557 0.8657
2.95686870 0.8622
2.94177286 0.8664
2.92631850 0.8752
2.91294732 0.8845
2.90294390 0.8920
2.89529920 0.8964
2.88957359 0.8974
2.88437428 0.8950
2.87899565 0.8899
2.87298336 0.8837
2.86629778 0.8776
2.85978763 0.8723
2.85491149 0.8683
2.85390558 0.8661
2.85569298 0.8669
2.85955561 0.8728
2.86474387 0.8834
2.86975108 0.8949
2.87489416 0.9038
2.88000823 0.9081
2.88491090 0.9096
2.88970913 0.9088
2.89586537 0.9063
2.90509837 0.9035
2.91734297 0.9009
2.93109849 0.9003
2.94372033 0.9023
2.94920669 0.8904
2.94670522 0.8797
2.94209261 0.8810
2.93654217 0.8828
2.93059502 0.8847
2.92432641 0.8871
2.91840779 0.8925
2.91329694 0.9014
2.90904305 0.9107
2.90676089 0.9172
2.90712695 0.9201
2.90949297 0.9206
2.91263954 0.9186
2.91483365 0.9159
2.91484119 0.9132
2.91308258 0.9107
2.91066637 0.9087
2.90900314 0.9070
2.90997358 0.9062
2.91343704 0.9063
2.91764109 0.9019
2.91953562 0.8859
2.91868178 0.8752
2.91817838 0.8769
2.92028352 0.8847
2.92540492 0.8967
2.93327319 0.9140
2.94244569 0.9374
2.94998031 0.9567
2.95104738 0.9282
2.94778229 0.8931
2.94505034 0.8756
2.94404707 0.8649
2.94378451 0.8581
2.94396742 0.8535
2.94449721 0.8517
2.94565766 0.8516
2.94861079 0.8528
2.95344534 0.8549
2.96011302 0.8577
2.96865961 0.8601
2.97839930 0.8625
2.98761076 0.8709
2.98927550 0.9230
2.98260157 0.9323
2.97724107 0.9363
2.97301730 0.9388
2.96842029 0.9393
2.96225164 0.9375
2.95406436 0.9336
2.94411874 0.9292
2.93414587 0.9262
2.92562606 0.9241
2.91958242 0.9212
2.91746896 0.9184
2.91811526 0.9132
2.91969893 0.9022
2.92210071 0.8853
2.92305793 0.8651
2.92234407 0.8507
2.92172516 0.8464
2.92175100 0.8483
2.92203901 0.8529
2.92205552 0.8576
2.92117021 0.8611
2.91908546 0.8625
2.91570865 0.8637
2.91115709 0.8656
2.90477994 0.8689
2.89800593 0.8723
2.89235663 0.8756
2.88841377 0.8784
2.88679125 0.8821
2.88798274 0.8857
2.89131170 0.8889
2.89610597 0.8915
2.90171704 0.8945
2.90788102 0.8994
2.91391531 0.9068
2.91918133 0.9162
2.92343038 0.9276
2.92559261 0.9375
2.92571403 0.9400
2.92456171 0.9263
2.92084558 0.8891
2.91524576 0.8561
2.91066564 0.8447
2.90985536 0.8433
2.91361786 0.8457
2.92046625 0.8496
2.92853881 0.8523
2.93536464 0.8534
2.93803945 0.8539
2.93776237 0.8534
2.93660312 0.8541
2.93617407 0.8562
2.93647735 0.8545
2.93809070 0.8476
2.94100988 0.8378
2.94485788 0.8264
2.94846366 0.8153
2.95131734 0.8079
2.95295391 0.8043
2.95349109 0.8028
2.95229196 0.8076
2.94971983 0.8217
2.94589088 0.8426
2.94248386 0.8630
2.94103058 0.8786
2.94117715 0.8890
2.94302576 0.8926
2.94532912 0.8873
2.94828629 0.8731
2.95054798 0.8346
2.94506392 0.8264
2.93280361 0.8605
2.92025315 0.8759
2.90941781 0.8890
2.90123376 0.9004
2.89573237 0.9102
2.89152929 0.9173
2.88736033 0.9219
2.88283589 0.9231
2.87794406 0.9203
2.87353725 0.9130
2.87019380 0.9010
2.86882654 0.8835
2.86994933 0.8620
2.87417697 0.8396
2.88115746 0.8218
2.88858025 0.8195
2.89283736 0.8399
2.89147460 0.8576
2.88771346 0.8644
2.88287876 0.8667
2.87818150 0.8696
2.87289919 0.8748
2.86711418 0.8818
2.86112726 0.8894
2.85509703 0.8973
2.85009856 0.9044
2.84655923 0.9101
2.84472011 0.9140
2.84452393 0.9153
2.84546196 0.9138
2.84741610 0.9089
2.85134221 0.9000
2.85765713 0.8864
2.86606976 0.8683
2.87608889 0.8481
2.88661917 0.8282
2.89612342 0.8169
2.90246905 0.8169
2.90615740 0.8223
2.90951676 0.8277
2.91367831 0.8323
2.91746789 0.8326
2.91778050 0.8193
2.91370674 0.8147
2.90948065 0.8249
2.90795235 0.8415
2.90916756 0.8612
2.91210959 0.8799
2.91588550 0.8931
2.92010646 0.8982
2.92473450 0.8957
2.92930268 0.8794
2.93364010 0.8470
2.93534256 0.7833
2.92961171 0.7777
2.91927193 0.7968
2.90822343 0.8140
2.89821765 0.8281
2.89087667 0.8383
2.88676186 0.8445
2.88628617 0.8475
2.88851262 0.8490
2.89185140 0.8495
2.89506029 0.8501
2.89780608 0.8513
2.89994825 0.8523
2.90228912 0.8514
2.90534234 0.8470
2.90849888 0.8350
2.91239758 0.8161
2.91713591 0.7908
2.92324169 0.7627
2.92933107 0.7376
2.93601139 0.7196
2.94145792 0.7130
2.94526910 0.7210
2.94719702 0.7458
2.94726547 0.7608
2.94560604 0.7682
2.94288287 0.7755
2.94088754 0.7873
2.94030310 0.8023
2.94056665 0.8189
2.93985355 0.8323
2.93822415 0.8408
2.93587057 0.8447
2.93392017 0.8473
2.93376274 0.8507
2.93623646 0.8562
2.94079203 0.8614
2.94625290 0.8612
2.95016083 0.8458
2.95082097 0.8049
2.94733504 0.7505
2.94096806 0.7113
2.93336541 0.6890
2.92678620 0.6808
2.92156027 0.6818
2.91896406 0.6877
2.91870827 0.6967
2.92049192 0.7085
2.92333478 0.7233
2.92684169 0.7464
2.92782114 0.8182
2.92069334 0.8635
2.91081453 0.8605
2.90203595 0.8534
2.89600727 0.8479
2.89310837 0.8443
2.89258118 0.8426
2.89349563 0.8415
2.89405975 0.8400
2.89332339 0.8362
2.89150326 0.8300
2.88917361 0.8215
2.88728039 0.8133
2.88802017 0.8069
2.89178063 0.8032
2.89796760 0.8032
2.90412257 0.8065
2.91054034 0.8136
2.91984964 0.8239
2.93188862 0.8333
2.94434316 0.8392
2.95455028 0.8407
2.96032570 0.8385
2.96136529 0.8358
2.95893923 0.8358
2.95548399 0.8374
2.95344972 0.8392
2.95271450 0.8410
2.95344285 0.8419
2.95575794 0.8422
2.95885407 0.8410
2.96149480 0.8383
2.96267861 0.8347
2.96236786 0.8301
2.95996209 0.8275
2.95566247 0.8290
2.95094525 0.8351
2.94709894 0.8439
2.94561116 0.8536
2.94556911 0.8636
2.94391239 0.8724
2.93683395 0.8753
2.92446157 0.8788
2.91063953 0.8864
2.89873859 0.8970
2.89093184 0.9084
2.88795932 0.9193
2.88888388 0.9277
2.89262724 0.9303
2.89709658 0.9266
2.90080369 0.9174
2.90250806 0.9050
2.90111626 0.8926
2.89712487 0.8812
2.89232171 0.8713
2.88819317 0.8625
2.88504589 0.8549
2.88315420 0.8493
2.88161853 0.8465
2.88054852 0.8475
2.87949152 0.8525
2.87794238 0.8598
2.87617907 0.8674
2.87480089 0.8744
2.87515475 0.8790
2.87787583 0.8813
2.88367155 0.8805
2.89162174 0.8768
2.90088685 0.8704
2.91061307 0.8622
2.91991032 0.8529
2.92798756 0.8419
2.93368963 0.8310
2.93740042 0.8223
2.93901554 0.8162
2.93938310 0.8154
2.93874404 0.8180
2.93703458 0.8237
2.93374426 0.8320
2.92892253 0.8413
2.92293791 0.8513
2.91625112 0.8616
2.90942318 0.8715
2.90303401 0.8812
2.89814633 0.8906
2.89658133 0.8991
2.89883039 0.9074
2.90490454 0.9145
2.91376298 0.9196
2.92354645 0.9211
2.93328974 0.9175
2.94230894 0.9087
2.95020397 0.8931
2.95663719 0.8693
2.95920403 0.8447
2.95682661 0.8391
2.95184092 0.8464
2.94575140 0.8574
2.93944325 0.8668
2.93378467 0.8747
2.93043707 0.8805
2.92979590 0.8830
2.93229220 0.8809
2.93485134 0.8637
2.93074922 0.8389
2.92175085 0.8501
2.91522395 0.8701
2.91219068 0.8907
2.91236839 0.9087
2.91388263 0.9227
2.91505106 0.9314
2.91512350 0.9354
2.91387446 0.9359
2.91205102 0.9337
2.91073944 0.9294
2.91182054 0.9237
2.91511481 0.9158
2.92073562 0.9062
2.92878468 0.8964
2.93741988 0.8859
2.94454070 0.8755
2.94914856 0.8743
2.93944663 0.8323
2.92499349 0.8421
2.90909189 0.8504
2.89305447 0.8542
2.87972125 0.8561
2.87113465 0.8568
2.86734610 0.8557
2.86773482 0.8512
2.87082637 0.8395
2.87506185 0.8193
2.88027184 0.7893
2.88663991 0.7528
2.89468912 0.7161
2.90358390 0.6866
2.91235375 0.6746
2.92011240 0.6872
2.92516921 0.7162
2.92598573 0.7454
2.92243663 0.7698
2.91520153 0.7909
2.90572003 0.8095
2.89461261 0.8266
2.88302639 0.8426
2.87199174 0.8556
2.86242366 0.8646
2.85502354 0.8701
2.85015186 0.8724
2.84922014 0.8731
2.85176306 0.8729
2.85728523 0.8705
2.86416833 0.8641
2.87077580 0.8525
2.87644430 0.8379
2.88115177 0.8236
2.88593489 0.8144
2.89096073 0.8090
2.89666694 0.8074
2.90285148 0.8095
2.90827993 0.8160
2.91090909 0.8297
2.91041004 0.8511
2.90665821 0.8745
2.90067748 0.8914
2.89414019 0.8979
2.88949564 0.8941
2.88926639 0.8848
2.89419952 0.8722
2.90423199 0.8581
2.91694753 0.8454
2.92541179 0.8422
2.92761276 0.8444
2.92633305 0.8446
2.92297620 0.8425
2.91845743 0.8410
2.91201350 0.8397
2.90326926 0.8381
2.89324190 0.8361
2.88355879 0.8357
2.87563537 0.8373
2.87169495 0.8409
2.87342084 0.8469
2.88074199 0.8535
2.89264977 0.8623
2.90632299 0.8793
2.90830010 0.9164
2.89276079 0.9078
2.87739770 0.9036
2.86409723 0.8987
2.85364946 0.8924
2.84446988 0.8849
2.83609353 0.8778
2.82856895 0.8722
2.82285896 0.8696
2.81920682 0.8699
2.81793312 0.8727
2.81882771 0.8777
2.82199124 0.8834
2.82701408 0.8895
2.83315115 0.8947
2.84080334 0.8994
2.84862470 0.9019
2.85600744 0.9027
2.86274629 0.9028
2.86832177 0.9042
2.87267822 0.9075
2.87411001 0.9090
2.87147937 0.9041
2.86501088 0.8932
2.85540699 0.8781
2.84379140 0.8608
2.83216058 0.8433
2.82318147 0.8287
2.81820352 0.8180
2.81835592 0.8134
2.82422684 0.8154
2.83645955 0.8232
2.85385437 0.8357
2.87522392 0.8559
2.89513822 0.8969
2.89911664 0.9294
2.89191594 0.9236
2.88432457 0.9152
2.87980598 0.9050
2.87820628 0.8943
2.87944723 0.8849
2.88374154 0.8768
2.89240588 0.8721
2.90462645 0.8697
2.91961804 0.8692
2.93671970 0.8696
2.95410593 0.8721
2.97026827 0.8912
2.97059188 0.8554
2.96221135 0.8429
2.95447202 0.8409
2.94841120 0.8429
2.94414928 0.8474
2.94148115 0.8543
2.94107765 0.8623
2.94255530 0.8701
2.94565312 0.8771
2.94999352 0.8834
2.95569179 0.8878
2.96147087 0.8909
2.96582630 0.8978
2.96703623 0.9124
2.96400020 0.9245
2.95940563 0.9316
2.95418565 0.9320
2.94867274 0.9210
2.94171374 0.8990
2.93437073 0.8726
2.92773137 0.8468
2.92392599 0.8256
2.92441929 0.8087
2.92899520 0.7960
2.93655058 0.7890
2.94276423 0.8172
2.94127971 0.8745
2.93450259 0.9006
2.92493129 0.9102
2.91257092 0.9093
2.89819148 0.9001
2.88356140 0.8851
2.87050715 0.8674
2.86131428 0.8499
2.85754660 0.8349
2.86022472 0.8245
2.86904539 0.8196
2.88277790 0.8209
2.89971891 0.8270
2.91848084 0.8362
2.93614148 0.8467
2.95139394 0.8581
2.96321926 0.8696
2.96710949 0.8524
2.96749660 0.8398
2.96809224 0.8315
2.96836013 0.8235
2.96821435 0.8150
2.96713799 0.8051
2.96507239 0.7935
2.96088693 0.7818
2.95438117 0.7726
2.94653728 0.7683
2.93831678 0.7710
2.93197736 0.7810
2.92803582 0.7982
2.92740314 0.8205
2.92989194 0.8454
2.93539244 0.8702
2.94288382 0.8927
2.95084667 0.9115
2.95765235 0.9278
2.96318503 0.9427
2.96681324 0.9580
2.96863981 0.9708
2.96976214 0.9766
2.97072211 0.9768
2.97317361 0.9762
2.97671593 0.9760
2.98074586 0.9747
2.98338951 0.9697
2.98284090 0.9593
2.97759744 0.9421
2.96891344 0.9200
2.95792176 0.8952
2.94682836 0.8710
2.93828898 0.8514
2.93309738 0.8389
2.93152321 0.8359
2.93193449 0.8419
2.93188158 0.8549
2.93023562 0.8685
2.92668671 0.8786
2.92172328 0.8840
2.91682738 0.8868
2.91308133 0.8886
2.91183652 0.8921
2.91323072 0.8971
2.91700788 0.9042
2.92279226 0.9116
2.92887338 0.9183
2.93395572 0.9203
2.93725439 0.9175
2.93887137 0.9107
2.94020670 0.9010
2.94126907 0.8892
2.94316870 0.8766
2.94614416 0.8644
2.95117749 0.8532
2.95803365 0.8409
2.96589153 0.8274
2.97277818 0.8163
2.97720816 0.8133
2.97898070 0.8223
2.97767364 0.8382
2.97295974 0.8662
2.96255885 0.8961
2.95050739 0.9046
2.93936021 0.9142
2.92954137 0.9228
2.92096368 0.9283
2.91304072 0.9297
2.90592812 0.9284
2.90056467 0.9252
2.89731399 0.9207
2.89554731 0.9154
2.89549811 0.9093
2.89806743 0.9032
2.90316615 0.8974
2.91053355 0.8876
2.92023702 0.8688
2.91397989 0.7536
2.90620325 0.7748
2.89996827 0.8094
2.89258468 0.8463
2.88160273 0.8750
2.86779877 0.8931
2.85301309 0.9033
2.84045551 0.9090
2.83243270 0.9132
2.82973386 0.9164
2.83180012 0.9205
2.83747933 0.9264
2.84417456 0.9334
2.84963888 0.9360
2.85321487 0.9325
2.85563630 0.9278
2.85849818 0.9243
2.86264314 0.9226
2.86828277 0.9226
2.87485113 0.9229
2.88145946 0.9229
2.88835597 0.9266
2.89461968 0.9362
2.89948309 0.9610
2.90112429 0.9913
2.89970053 1.0002
2.89666319 0.9939
2.89355297 0.9869
2.89140626 0.9813
2.88977572 0.9757
2.88844065 0.9678
2.88673361 0.9538
2.88385495 0.9354
2.87974407 0.9128
2.87463309 0.8880
2.86994218 0.8479
2.85872215 0.7431
2.84403173 0.7410
2.83076742 0.7477
2.81943883 0.7532
2.81084875 0.7572
2.80495415 0.7595
2.80270942 0.7619
2.80485597 0.7661
2.81216690 0.7733
2.82459519 0.7874
2.83954543 0.8129
2.85181287 0.8487
2.85703729 0.8750
2.85754159 0.8880
2.85827454 0.8980
2.85954690 0.9039
2.86179246 0.9055
2.86425859 0.9016
2.86601683 0.8935
2.86699863 0.8831
2.86869431 0.8726
2.87222768 0.8643
2.87912432 0.8602
2.89030470 0.8613
2.90494153 0.8666
2.92208563 0.8756
2.92511888 0.8292
2.91691376 0.8204
2.91022059 0.8155
2.90611989 0.8133
2.90482985 0.8136
2.90723937 0.8156
2.91309502 0.8173
2.92240820 0.8177
2.93454850 0.8167
2.94890792 0.8133
2.96468417 0.8078
2.98060396 0.8047
2.99597215 0.8067
3.00833544 0.8245
3.01509170 0.9021
3.01358043 0.9144
3.01111958 0.9019
3.00930289 0.8892
3.00798595 0.8780
3.00702258 0.8670
3.00591845 0.8565
3.00288901 0.8454
2.99721987 0.8368
2.98967285 0.8369
2.98010853 0.8465
2.96913444 0.8599
2.95826567 0.8724
2.94921245 0.8847
2.94315272 0.8950
2.93969136 0.9030
2.93871350 0.9085
2.93871755 0.9106
2.93902602 0.9091
2.93990160 0.9057
2.94130546 0.9004
2.94383305 0.8944
2.94884559 0.8902
2.95634976 0.8879
2.96571905 0.8871
2.97402179 0.8816
2.97539401 0.8672
2.97071089 0.8572
2.96270397 0.8526
2.95510147 0.8503
2.94981800 0.8501
2.94750238 0.8554
2.94750281 0.8750
2.94766810 0.9150
2.94425089 0.9536
2.93884120 0.9675
2.93422313 0.9634
2.93138135 0.9480
2.93011034 0.9245
2.93026590 0.8947
2.93054746 0.8621
2.93028396 0.8297
2.92968265 0.7990
2.92880148 0.7739
2.92723615 0.7626
2.92502755 0.7673
2.92169858 0.7798
2.91748247 0.7946
2.91233590 0.8092
2.90698914 0.8243
2.90187565 0.8400
2.89821711 0.8561
2.89597171 0.8744
2.89437371 0.8969
2.89254349 0.9234
2.89114852 0.9505
2.89092736 0.9747
2.89370461 0.9924
2.89953641 1.0012
2.90872777 1.0010
2.92063549 0.9934
2.93411088 0.9800
2.94722478 0.9626
2.95954161 0.9437
2.97153044 0.9246
2.98400803 0.9071
2.99648890 0.8957
2.99163630 0.8218
2.98082580 0.8193
2.97404095 0.8185
2.97146226 0.8173
2.97143024 0.8174
2.97287975 0.8171
2.97601539 0.8157
2.98187920 0.8766
2.96367789 0.9266
2.94397953 0.9514
2.92708365 0.9773
2.91376852 0.9982
2.90415578 1.0112
2.89764551 1.0160
2.89269265 1.0143
2.88811697 1.0083
2.88292723 0.9994
2.87709234 0.9880
2.87136651 0.9750
2.86694268 0.9605
2.86367780 0.9443
2.86181585 0.9261
2.86051314 0.9058
2.85873363 0.8864
2.85569187 0.8713
2.85058696 0.8620
2.84309354 0.8556
2.83367111 0.8507
2.82316305 0.8478
2.81306399 0.8469
2.80508709 0.8487
2.79978878 0.8523
2.79885107 0.8577
2.80293914 0.8658
2.81177324 0.8755
2.82427156 0.8870
2.83942495 0.9010
2.85503510 0.9161
2.86926410 0.9301
2.88264100 0.9428
2.89434933 0.9518
2.90541687 0.9572
2.91674384 0.9654
2.92643512 0.9847
2.92557107 0.9659
2.91844869 0.9578
2.90976705 0.9582
2.90060854 0.9583
2.89053601 0.9557
2.87978590 0.9517
2.86948321 0.9465
2.85985253 0.9414
2.85253302 0.9367
2.84766456 0.9319
2.84508553 0.9257
2.84466163 0.9187
2.84627233 0.9105
2.84888972 0.9027
2.85173353 0.8970
2.85363022 0.8942
2.85475572 0.8937
2.85535453 0.8930
2.85538324 0.8912
2.85639383 0.8895
2.85942461 0.8922
2.86463483 0.9043
2.87093011 0.9241
2.87533190 0.9380
2.87674152 0.9393
2.87690000 0.9360
2.87819930 0.9325
2.88111244 0.9308
2.88522440 0.9320
2.89081072 0.9350
2.89762233 0.9389
2.90385262 0.9407
2.90825938 0.9350
2.91027098 0.9233
2.91136213 0.9115
2.91295603 0.9030
2.91437588 0.8975
2.91534590 0.8932
2.91597932 0.8892
2.91732638 0.8850
2.91998231 0.8791
2.92617495 0.8725
2.93540703 0.8676
2.94688956 0.8736
2.95457399 0.9033
2.95273479 0.9303
2.94541481 0.9411
2.93768509 0.9448
2.93169348 0.9442
2.92914785 0.9404
2.93028869 0.9349
2.93537193 0.9280
2.94378969 0.9193
2.95274812 0.9086
2.95869285 0.8945
2.95949075 0.8794
2.95687853 0.8695
2.95353286 0.8626
2.94947953 0.8561
2.94544284 0.8490
2.94234898 0.8416
2.94019456 0.8367
2.94020602 0.8389
2.94164460 0.8525
2.94303233 0.8769
2.94208111 0.9044
2.93910337 0.9230
2.93483654 0.9308
2.93081839 0.9301
2.92784515 0.9244
2.92645607 0.9147
2.92886353 0.9024
2.93526478 0.8872
2.94542091 0.8663
2.95727523 0.8280
2.96056370 0.7919
2.95702730 0.8052
2.95573397 0.8187
2.95735789 0.8276
2.96077725 0.8320
2.96477536 0.8318
2.96983897 0.8275
2.97682489 0.8186
2.98599570 0.8065
2.99720927 0.8092
3.00081666 0.9225
2.99349213 0.9656
2.98620771 0.9792
2.98108011 0.9853
2.97819942 0.9860
2.97672144 0.9825
2.97624855 0.9748
2.97644032 0.9622
2.97761653 0.9428
2.97803180 0.9126
2.97427234 0.8776
2.96648004 0.8590
2.96018058 0.8549
2.95778810 0.8551
2.95925437 0.8552
2.96313596 0.8535
2.96719692 0.8506
2.97004004 0.8479
2.97181718 0.8485
2.97230849 0.8569
2.97193617 0.8750
2.96995523 0.9032
2.96622848 0.9342
2.96261607 0.9600
2.96144626 0.9777
2.96366222 0.9878
2.96882050 0.9917
2.97588875 0.9916
2.98321159 0.9902
2.98879163 0.9905
2.98809323 0.9604
2.97118719 0.8708
2.95279247 0.8523
2.94117300 0.8532
2.93764748 0.8589
2.94029711 0.8647
2.94572816 0.8690
2.95176322 0.8714
2.95706777 0.8723
2.96123942 0.8720
2.96504802 0.8709
2.96916550 0.8702
2.97477766 0.8744
2.97949045 0.9105
2.97026277 0.8919
2.95864039 0.8995
2.94807865 0.9126
2.93851024 0.9254
2.93003399 0.9345
2.92270253 0.9392
2.91576812 0.9405
2.90934736 0.9398
2.90408547 0.9406
2.90114129 0.9477
2.90010072 0.9632
2.89978871 0.9815
2.89881448 0.9927
2.89771333 0.9939
2.89705491 0.9878
2.89670177 0.9782
2.89579544 0.9668
2.89365701 0.9556
2.89087794 0.9456
2.88855481 0.9391
2.88809798 0.9361
2.89027207 0.9360
2.89508776 0.9385
2.90159642 0.9452
2.90913293 0.9569
2.91663588 0.9759
2.92182956 0.9977
2.92404214 1.0125
2.92360331 1.0192
2.92253347 1.0257
2.92122333 1.0368
2.91903040 1.0502
2.91520009 1.0626
2.91006711 1.0705
2.90487065 1.0741
2.90127167 1.0737
2.89971427 1.0700
2.90091480 1.0624
2.90464906 1.0526
2.91014032 1.0409
2.91736630 1.0272
2.92492784 0.9905
2.91648146 0.8174
2.90373489 0.8290
2.89007072 0.8379
2.87573766 0.8414
2.86190185 0.8389
2.84922175 0.8316
2.84033720 0.8208
2.83764327 0.8099
2.84144174 0.8029
2.85046901 0.8099
2.86033459 0.8430
2.86512633 0.9009
2.86269680 0.9572
2.85556630 0.9961
2.84729536 1.0200
2.84031012 1.0360
2.83554664 1.0460
2.83352071 1.0514
2.83453936 1.0520
2.83871531 1.0485
2.84648795 1.0406
2.85747658 1.0255
2.87036008 0.9884
2.87809001 0.8687
2.87722515 0.8162
2.87573389 0.8089
2.87594610 0.8046
2.87884015 0.7985
2.88583990 0.7907
2.89734406 0.7819
2.91255007 0.7793
2.92493659 0.8127
2.92725140 0.8973
2.92300528 0.9415
2.91867093 0.9653
2.91619449 0.9847
2.91636313 1.0009
2.91934055 1.0153
2.92500424 1.0255
2.93219976 1.0266
2.93926243 0.9906
2.94088695 0.8644
2.93304545 0.7985
2.92302765 0.7943
2.91450027 0.8007
2.91008584 0.8060
2.90982699 0.8066
2.91395549 0.8028
2.92281544 0.7967
2.93562979 0.7886
2.95166425 0.7797
2.96838061 0.7688
2.97178470 0.8897
2.95468929 0.9092
2.93923743 0.9226
2.92612966 0.9371
2.91614951 0.9526
2.90860747 0.9693
2.90305051 0.9865
2.89908655 1.0026
2.89625619 1.0167
2.89459288 1.0242
2.89244926 1.0147
2.88910673 0.9812
2.88432507 0.9361
2.87897074 0.8969
2.87556570 0.8705
2.87506779 0.8535
2.87828206 0.8461
2.88522073 0.8487
2.89490528 0.8637
2.90423599 0.8900
2.91017279 0.9234
2.91077885 0.9528
2.90762856 0.9734
2.90332057 0.9865
2.89983151 0.9947
2.89701033 0.9914
2.89256828 0.9545
2.88461286 0.8775
2.87489301 0.8048
2.86704610 0.7571
2.86228301 0.7245
2.86073711 0.6988
2.86019992 0.6735
2.86105683 0.6491
2.86380972 0.6273
2.86998531 0.6103
2.88000217 0.5988
2.89414180 0.5991
2.91049402 0.6328
2.92159608 0.8429
2.91862623 0.9631
2.91161269 0.9724
2.90535321 0.9721
2.90179729 0.9709
2.90094762 0.9687
2.90303971 0.9613
2.90612311 0.9335
2.90706143 0.8624
2.90371762 0.7778
2.89875387 0.7302
2.89444026 0.7090
2.89140739 0.7012
2.89051838 0.7014
2.89209530 0.7066
2.89603134 0.7146
2.90187276 0.7240
2.90843158 0.7337
2.91600446 0.7484
2.92340494 0.7755
2.92959089 0.8225
2.93225285 0.8902
2.92967701 0.9452
2.92358881 0.9621
2.91732534 0.9555
2.91279639 0.9371
2.90960086 0.9046
2.90552372 0.8537
2.89862640 0.8102
2.88968216 0.7951
2.88225659 0.7901
2.87830744 0.7865
2.87724179 0.7817
2.87810395 0.7763
2.88078568 0.7713
2.88426827 0.7703
2.88762767 0.7863
2.88910084 0.8219
2.88844485 0.8603
2.88639959 0.8898
2.88431896 0.9084
2.88282691 0.9185
2.88304145 0.9234
2.88458495 0.9230
2.88664645 0.9155
2.88810048 0.9004
2.88487295 0.8745
2.87406835 0.8456
2.85502144 0.8292
2.83369763 0.8243
2.81705435 0.8220
2.80955137 0.8193
2.81156045 0.8164
2.82197831 0.8129
2.83769561 0.8061
2.85613348 0.7932
2.87666078 0.7735
2.89763847 0.7679
2.89961966 0.9119
2.88781037 0.9594
2.87608611 0.9859
2.86588923 1.0065
2.85755376 1.0224
2.85106899 1.0335
2.84594838 1.0389
2.84137156 1.0373
2.83632646 1.0269
2.82954388 1.0046
2.81785677 0.9665
2.79948936 0.9174
2.77770916 0.8777
2.76010675 0.8582
2.75332373 0.8546
2.75942526 0.8601
2.77565069 0.8672
2.79696424 0.8729
2.81995476 0.8756
2.84136626 0.8764
2.85864138 0.8786
2.86811529 0.8801
2.86664494 0.8737
2.85988499 0.8733
2.85295682 0.8814
2.84705228 0.8931
2.84317483 0.9075
2.84060675 0.9220
2.83870612 0.9352
2.83843788 0.9472
2.84086190 0.9576
2.84592855 0.9643
2.85340303 0.9624
2.86064174 0.9148
2.85908776 0.7784
2.85678325 0.7605
2.86206029 0.7760
2.87358924 0.7954
2.88796652 0.8135
2.90243850 0.8283
2.91662977 0.8386
2.92961727 0.8451
2.93849388 0.8448
2.93410188 0.8445
2.92817934 0.8500
2.92252854 0.8598
2.91692389 0.8718
2.91183839 0.8852
2.90782484 0.8990
2.90522072 0.9120
2.90408185 0.9214
2.90378001 0.9238
2.90387329 0.9123
2.90568442 0.8771
2.90930265 0.8344
2.91442196 0.9461
2.91467029 0.9338
2.91602337 0.9280
2.91793619 0.9189
2.92042532 0.9090
2.92369239 0.8988
2.92745583 0.8896
2.93126375 0.8812
2.93513403 0.8732
2.93941099 0.8648
2.94433069 0.8554
2.95061982 0.8467
2.95795543 0.8420
2.96566183 0.8532
2.96232389 0.9378
2.94527316 0.9276
2.92713206 0.9184
2.90901225 0.9047
2.89351897 0.8878
2.88407364 0.8707
2.88325336 0.8548
2.89299053 0.8406
2.91258364 0.8254
2.93855241 0.8089
2.96470007 0.7944
2.98195589 0.8220
2.98725932 0.8662
2.98728480 0.8904
2.98377744 0.9055
2.97684531 0.9140
2.96730126 0.9175
2.95761121 0.9170
2.94939202 0.9142
2.94430916 0.9112
2.94239754 0.9115
2.94343553 0.9204
2.94275853 0.9408
2.93452961 0.9491
2.92091012 0.9401
2.90795325 0.9285
2.89970449 0.9182
2.89752011 0.9099
2.90168906 0.9027
2.91060081 0.8938
2.92244430 0.8829
2.93521044 0.8690
2.94810934 0.8532
2.96008494 0.8426
2.96726486 0.8711
2.95924940 0.8612
2.95005824 0.8654
2.94174300 0.8706
2.93616611 0.8769
2.93339868 0.8867
2.93259801 0.9059
2.93057088 0.9344
2.92653873 0.9586
2.92200462 0.9716
2.91802245 0.9768
2.91524789 0.9765
2.91517418 0.9743
2.91784315 0.9728
2.92219211 0.9744
2.92769705 0.9779
2.93397022 0.9819
2.94076311 0.9843
2.94770587 0.9829
2.95488444 0.9760
2.96044361 0.9623
2.96309644 0.9436
2.96234660 0.9270
2.95983823 0.9173
2.95639196 0.9139
2.95326747 0.9128
2.95183163 0.9098
2.95267302 0.8996
2.95516290 0.8587
2.94395824 0.8495
2.92493224 0.8718
2.90722745 0.8836
2.89235504 0.8897
2.88052623 0.8917
2.87190227 0.8913
2.86661272 0.8881
2.86489719 0.8801
2.86699113 0.8664
2.87249097 0.8457
2.88118588 0.8145
2.89005660 0.7801
2.89343090 0.7872
2.88962985 0.8363
2.88397236 0.8763
2.87904651 0.9018
2.87537361 0.9187
2.87393824 0.9288
2.87487300 0.9348
2.87826090 0.9389
2.88399533 0.9417
2.89228828 0.9429
2.90222112 0.9428
2.91257106 0.9416
2.92291821 0.9404
2.93271663 0.9388
2.94147081 0.9387
2.94956176 0.9416
2.95610583 0.9504
2.95852465 0.8897
2.94752546 0.8003
2.93906863 0.7962
2.93562817 0.8013
2.93727548 0.8127
2.94324174 0.8283
2.95255736 0.8537
2.96029797 0.8947
2.96060969 0.9257
2.95237705 0.9297
2.93888069 0.9240
2.92282373 0.9147
2.90715953 0.9048
2.89435687 0.8960
2.88565263 0.8885
2.88172842 0.8836
2.88245882 0.8812
2.88697686 0.8824
2.89278591 0.8854
2.89804063 0.8866
2.90220619 0.8748
2.90249499 0.8045
2.89051922 0.7112
2.87263293 0.7362
2.85766125 0.7687
2.84790208 0.7998
2.84464525 0.8302
2.84590167 0.8573
2.85031145 0.8823
2.85528437 0.9049
2.85936104 0.9228
2.86282108 0.9341
2.86602447 0.9382
2.87040228 0.9365
2.87825913 0.9305
2.89041411 0.9228
2.90691651 0.9159
2.92777560 0.9119
2.95108765 0.9122
2.97427986 0.9182
2.99310678 0.9233
3.00231208 0.9097
3.00217887 0.8981
2.99806954 0.9051
2.99225873 0.9251
2.98551425 0.9508
2.97834249 0.9713
2.97064218 0.9825
2.96390604 0.9860
2.95885652 0.9841
2.95470114 0.9787
2.94968921 0.9710
2.94211364 0.9604
2.93203305 0.9490
2.92080090 0.9393
2.91093021 0.9297
2.90465019 0.9193
2.90339472 0.9078
2.90795494 0.8977
2.91759428 0.8902
2.93104304 0.8869
2.94518435 0.8840
2.94922755 0.8480
2.93826939 0.8269
2.92655290 0.8241
2.91726140 0.8245
2.91080746 0.8290
2.90661561 0.8383
2.90460107 0.8515
2.90411207 0.8650
2.90419400 0.8754
2.90538190 0.8784
2.90812381 0.8754
2.91266176 0.8652
2.91801705 0.8427
2.92208204 0.8046
2.91938602 0.7848
2.91162298 0.7974
2.90482046 0.8141
2.90049628 0.8283
2.89919229 0.8419
2.90030228 0.8543
2.90311511 0.8655
2.90771814 0.8752
2.91255719 0.8814
2.91884515 0.8866
2.92492970 0.8904
2.93006056 0.8987
2.93141961 0.9151
2.92714294 0.9377
2.91802164 0.9554
2.90839508 0.9635
2.90072850 0.9651
2.89555278 0.9641
2.89305353 0.9637
2.89175803 0.9638
2.89014118 0.9635
2.88889896 0.9631
2.88794946 0.9611
2.88800111 0.9559
2.88972011 0.9443
2.89168821 0.9115
2.88859892 0.8109
2.87580598 0.7218
2.86202270 0.7125
2.85381948 0.7198
2.85236783 0.7291
2.85724088 0.7388
2.86589810 0.7534
2.87471210 0.7861
2.87941463 0.8323
2.87961941 0.8674
2.87815727 0.8887
2.87595301 0.9023
2.87499199 0.9124
2.87531443 0.9219
2.87706474 0.9315
2.88018903 0.9408
2.88472800 0.9479
2.88986638 0.9534
2.89556421 0.9580
2.90215553 0.9630
2.90883456 0.9712
2.91541005 0.9857
2.92010574 1.0091
2.92011455 1.0194
2.91653251 1.0147
2.91206980 1.0091
2.90776912 1.0030
2.90433143 0.9944
2.90269647 0.9837
2.90347510 0.9712
2.90652889 0.9585
2.91206103 0.9470
2.92014545 0.9384
2.92955324 0.9316
2.93830753 0.9258
2.94536542 0.9189
2.94946442 0.9063
2.94865536 0.8627
2.93991619 0.7673
2.92618116 0.7338
2.91340533 0.7258
2.90440247 0.7240
2.89949318 0.7278
2.90034641 0.7396
2.90539394 0.7611
2.91362417 0.7980
2.92238332 0.8477
2.92838835 0.8921
2.93236566 0.9193
2.93597914 0.9332
2.94062878 0.9410
2.94679969 0.9454
2.95429104 0.9456
2.96278166 0.9434
2.97289921 0.9450
2.98437160 0.9642
2.98692503 0.9460
2.97533869 0.8981
2.96104096 0.8863
2.94647728 0.8806
2.93272280 0.8740
2.92031183 0.8643
2.91109555 0.8527
2.90682115 0.8399
2.90847999 0.8250
2.91658542 0.8095
2.92884243 0.7982
2.94122596 0.8196
2.94246286 0.9007
2.93656129 0.9356
2.93059198 0.9483
2.92624197 0.9537
2.92269418 0.9551
2.91978021 0.9531
2.91709978 0.9477
2.91479461 0.9403
2.91246879 0.9311
2.91054832 0.9206
2.90919457 0.9064
2.90670153 0.8749
2.90096845 0.8243
2.89372107 0.7905
2.88850171 0.7754
2.88714885 0.7723
2.89114217 0.7845
2.89990723 0.8282
2.90606149 0.9201
2.90404991 0.9133
2.90221147 0.9041
2.90147730 0.8992
2.90187653 0.8970
2.90329064 0.8972
2.90590235 0.8999
2.91013125 0.9038
2.91676267 0.9087
2.92581799 0.9126
2.93794308 0.9142
2.95218294 0.9131
2.96730801 0.9085
2.98128264 0.8998
2.99311641 0.8836
3.00044087 0.8509
3.00053668 0.8305
2.99562510 0.8480
2.98955603 0.8748
2.98302203 0.9034
2.97747951 0.9280
2.97333114 0.9462
2.97173397 0.9589
2.97289751 0.9669
2.97553936 0.9707
2.97875660 0.9723
2.98070557 0.9724
2.98071246 0.9704
2.97852245 0.9646
2.97415905 0.9462
2.96769632 0.8982
2.96065243 0.8442
2.95513760 0.8458
2.95040424 0.8982
2.94558675 0.9251
2.94198858 0.9250
2.93921307 0.9234
2.93614209 0.9262
2.93249321 0.9343
2.92811270 0.9477
2.92221683 0.9622
2.91631074 0.9737
2.91123939 0.9831
2.90675021 0.9888
2.90436891 0.9930
2.90408094 0.9964
2.90500984 1.0004
2.90624812 1.0051
2.90708175 1.0094
2.90691318 1.0124
2.90593165 1.0127
2.90448805 1.0100
2.90271150 1.0048
2.90088392 0.9972
2.89909269 0.9882
2.89735333 0.9787
2.89570754 0.9711
2.89396889 0.9656
2.89252029 0.9625
2.89071916 0.9612
2.88887758 0.9599
2.88703535 0.9578
2.88419427 0.9523
2.88029054 0.9418
2.87464505 0.9256
2.86637592 0.9039
2.85557266 0.8798
2.84302174 0.8542
2.82941609 0.8283
2.81621041 0.8035
2.80519692 0.7819
2.79841859 0.7662
2.79690443 0.7590
2.80003114 0.7638
2.80638743 0.7881
2.81112358 0.8313
2.81176600 0.8702
2.80877039 0.8906
2.80529726 0.9014
2.80163479 0.9083
2.79907909 0.9138
2.79766421 0.9174
2.79755643 0.9189
2.79897138 0.9191
2.80194501 0.9178
2.80665098 0.9152
2.81214782 0.9128
2.81869338 0.9118
2.82548271 0.9119
2.83186924 0.9131
2.83756909 0.9131
2.84266130 0.9101
2.84664610 0.9017
2.84885024 0.8895
2.85028411 0.8771
2.85083959 0.8670
2.85235464 0.8625
2.85463857 0.8633
2.85708548 0.8696
2.85899639 0.8791
2.85988836 0.8895
2.85981177 0.8985
2.85935951 0.9054
2.85933304 0.9091
2.86035217 0.9101
2.86290744 0.9084
2.86701191 0.9046
2.87167567 0.8989
2.87695229 0.8919
2.88320127 0.8839
2.89048517 0.8727
2.89835279 0.8524
2.90462109 0.8040
2.90403442 0.7712
2.90182215 0.7773
2.90242799 0.7773
2.90606621 0.7683
2.91170262 0.7558
2.90942395 0.8266
2.90028039 0.8585
2.89080242 0.8765
2.88215699 0.8906
2.87515203 0.9010
2.87060502 0.9076
2.86853452 0.9102
2.86885243 0.9097
2.87152467 0.9072
2.87588897 0.9032
2.88053470 0.8996
2.88472080 0.8968
2.88832657 0.8946
2.89199518 0.8921
2.89677868 0.8890
2.90304634 0.8847
2.90998701 0.8792
2.91627802 0.8740
2.92034265 0.8695
2.92111216 0.8657
2.91824668 0.8640
2.91163690 0.8659
2.90155525 0.8717
2.88887867 0.8815
2.87540306 0.8936
2.86290806 0.9067
2.85290426 0.9200
2.84650197 0.9320
2.84357328 0.9429
2.84307498 0.9514
2.84389821 0.9562
2.84525668 0.9565
2.84713877 0.9523
2.84871395 0.9440
2.85091025 0.9323
2.85386737 0.9179
2.85896306 0.9022
2.86769854 0.8870
2.87885350 0.8721
2.89075640 0.8569
2.90132076 0.8403
2.90623178 0.8199
2.90479041 0.8132
2.90205585 0.8266
2.90087883 0.8482
2.90200117 0.8703
2.90557298 0.8883
2.91213249 0.8995
2.92150591 0.9034
2.93381914 0.9007
2.94850324 0.8936
2.96550241 0.8853
2.98380751 0.8823
2.99499610 0.9093
2.99539418 0.9249
2.99562533 0.9355
2.99687821 0.9423
2.99811810 0.9456
2.99796688 0.9455
2.99599197 0.9433
2.99208697 0.9397
2.98636800 0.9354
2.97927109 0.9300
2.97193870 0.9233
2.96587822 0.9151
2.96219867 0.9052
2.96150222 0.8966
2.96307475 0.8897
2.96677648 0.8845
2.97187408 0.8803
2.97676922 0.8757
2.97806708 0.8637
2.96804324 0.8406
2.95439849 0.8366
2.94307889 0.8390
2.93616695 0.8452
2.93395936 0.8549
2.93640510 0.8659
2.94234823 0.8783
2.94973568 0.8911
2.95652510 0.9030
2.96086997 0.9130
2.96180241 0.9200
2.96019925 0.9247
2.95726559 0.9273
2.95394527 0.9274
2.95192687 0.9255
2.95211542 0.9203
2.95537395 0.9124
2.96127416 0.9031
2.96917709 0.8927
2.97724542 0.8780
2.97723555 0.8404
2.96725025 0.8430
2.95929053 0.8504
2.95518513 0.8579
2.95546882 0.8650
2.96057387 0.8703
2.96854862 0.8746
2.97758934 0.8830
2.98320400 0.8970
2.97998650 0.9014
2.97119070 0.9045
2.96083399 0.9102
2.95154189 0.9174
2.94444083 0.9237
2.93949209 0.9275
2.93667847 0.9277
2.93626524 0.9231
2.93837385 0.9134
2.94284457 0.8978
2.94685606 0.8673
2.94132915 0.8418
2.93037379 0.8467
2.92072852 0.8525
2.91431021 0.8576
2.91253149 0.8628
2.91538705 0.8683
2.92280472 0.8742
2.93322093 0.8795
2.94492486 0.8826
2.95666195 0.8834
2.96676882 0.8811
2.97499150 0.8779
2.98126421 0.8748
2.98416141 0.8729
2.98290046 0.8718
2.97758936 0.8752
2.97076590 0.8834
2.96264208 0.8938
2.95353313 0.9044
2.94303592 0.9146
2.93157227 0.9237
2.91964353 0.9314
2.90893290 0.9380
2.90072059 0.9439
2.89599264 0.9495
2.89471663 0.9555
2.89734978 0.9608
2.90417443 0.9644
2.91401810 0.9650
2.92526829 0.9570
2.93062453 0.9145
2.92291725 0.8527
2.90960026 0.8293
2.89724481 0.8233
2.88709351 0.8246
2.87995240 0.8295
2.87557103 0.8350
2.87364084 0.8380
2.87317662 0.8370
2.87289136 0.8328
2.87228249 0.8280
2.87106921 0.8272
2.86931775 0.8369
2.86644999 0.8629
2.86056952 0.8970
2.85332540 0.9259
2.84799532 0.9446
2.84598826 0.9569
2.84715281 0.9628
2.85168125 0.9652
2.85784149 0.9642
2.86429618 0.9611
2.86902608 0.9544
2.87202850 0.9472
2.87245341 0.9387
2.87109110 0.9328
2.86906652 0.9294
2.86725769 0.9274
2.86785459 0.9265
2.87142651 0.9251
2.87735258 0.9225
2.88562521 0.9188
2.89519219 0.9157
2.90491604 0.9137
2.91472944 0.9133
2.92464058 0.9151
2.93398636 0.9196
2.94349764 0.9262
2.95161957 0.9313
2.95872178 0.9350
2.96216228 0.9267
2.96012072 0.9001
2.95214578 0.8714
2.94074622 0.8527
2.92802095 0.8432
2.91654941 0.8420
2.90705905 0.8470
2.89971639 0.8546
2.89502367 0.8626
2.89209787 0.8695
2.89074377 0.8752
2.88963840 0.8808
2.88826190 0.8876
2.88747624 0.8958
2.88639671 0.8969
2.88549796 0.8765
2.88750457 0.8504
2.89239778 0.8270
2.90187618 0.8078
2.91676910 0.7856
2.92528651 0.8097
2.92172595 0.8273
2.91519804 0.8314
2.90823834 0.8340
2.90337653 0.8397
2.90280878 0.8506
2.90757621 0.8679
2.91647157 0.8903
2.92841898 0.9195
2.94074223 0.9541
2.95223735 0.9946
2.96086949 1.0329
2.96758018 1.0637
2.97123492 1.0837
2.97454964 1.0959
2.97824961 1.0990
2.98286774 1.0922
2.98876096 1.0724
2.99413485 1.0345
2.99614237 0.9785
2.99393500 0.9196
2.98732170 0.8740
2.97799008 0.8440
2.96701752 0.8245
2.95761175 0.8120
2.95110385 0.8027
2.94908520 0.7929
2.95092101 0.7792
2.95363194 0.7604
2.94366603 0.8340
2.91718554 0.9026
2.88881182 0.9292
2.86271908 0.9434
2.83998533 0.9525
2.82206277 0.9585
2.80961977 0.9635
2.80317137 0.9670
2.80437480 0.9704
2.81152407 0.9723
2.82244424 0.9713
2.83503390 0.9661
2.84431891 0.9530
2.84768157 0.9333
2.84491006 0.9130
2.83941285 0.9000
2.83671851 0.8960
2.84135447 0.8986
2.85484184 0.9058
2.87586042 0.9140
2.90218695 0.9206
2.93078219 0.9211
2.95847688 0.9136
2.98323866 0.7887
2.97692061 0.7901
2.97161897 0.8073
2.96944255 0.8236
2.96994286 0.8393
2.97247794 0.8543
2.97612120 0.8671
2.97979115 0.8795
2.98187612 0.8932
2.98111754 0.9115
2.97671982 0.9438
2.96608941 0.9578
2.94844621 0.9212
2.92965582 0.9167
2.91336220 0.9365
2.90068367 0.9672
2.89087840 0.9855
2.88376177 0.9857
2.88010765 0.9783
2.88010193 0.9691
2.88443056 0.9598
2.89267492 0.9495
2.90288752 0.9393
2.91506371 0.9297
2.92946430 0.9194
2.94394354 0.9035
2.95521835 0.8722
2.95960367 0.8317
2.95737430 0.8007
2.95005689 0.7809
2.94027482 0.7688
2.92915259 0.7593
2.91796730 0.7500
2.90686847 0.7414
2.89798685 0.7361
2.89371776 0.7366
2.89380824 0.7447
2.89783111 0.7711
2.90193304 0.8404
2.89956519 0.9515
2.88991591 1.0167
2.88002664 1.0371
2.87402456 1.0432
2.87195020 1.0448
2.87306655 1.0448
2.87688295 1.0443
2.88253565 1.0432
2.88952765 1.0408
2.89789339 1.0358
2.90649931 1.0260
2.91400059 1.0093
2.91861557 0.9827
2.91934221 0.9500
2.91722984 0.9218
2.91408500 0.9044
2.91186562 0.9002
2.91144701 0.9089
2.91266628 0.9261
2.91413516 0.9472
2.91500637 0.9646
2.91565919 0.9761
2.91637828 0.9826
2.91807754 0.9842
2.92138832 0.9832
2.92532121 0.9823
2.93044353 0.9831
2.93672491 0.9856
2.94423124 0.9892
2.95248479 0.9864
2.94881420 0.7236
2.93407039 0.7125
2.91958808 0.7249
2.90835096 0.7383
2.90105899 0.7496
2.89978991 0.7606
2.90522581 0.7738
2.91811048 0.7930
2.93758839 0.8224
2.95973906 0.8653
2.97867461 0.9169
2.99088345 0.9588
2.99602893 0.9796
2.99664128 0.9841
2.99430910 0.9802
2.99020456 0.9734
2.98473412 0.9667
2.97904941 0.9626
2.97374796 0.9618
2.96871458 0.9637
2.96443406 0.9680
2.96031114 0.9725
2.95533409 0.9751
2.94959423 0.9756
2.94288848 0.9732
2.93617906 0.9710
2.93003741 0.9732
2.92525382 0.9797
2.92182166 0.9903
2.91903578 1.0012
2.91671173 1.0090
2.91432952 1.0100
2.91201551 1.0047
2.91130065 0.9933
2.91027777 0.9749
2.91054670 0.9530
2.91043478 0.9266
2.90805498 0.8919
2.90138296 0.8502
2.89201439 0.8186
2.88435307 0.8038
2.88052374 0.8004
2.87949639 0.8014
2.88059198 0.8029
2.88310832 0.8025
2.88826280 0.8003
2.89622735 0.7981
2.90862708 0.7988
2.92642452 0.8102
2.94683366 0.8473
2.96132333 0.9228
2.96323884 0.9903
2.95762031 1.0278
2.95064650 1.0484
2.94571817 1.0602
2.94369285 1.0649
2.94567342 1.0646
2.95074273 1.0600
2.95839741 1.0522
2.96811858 1.0420
2.97697773 1.0236
2.98116637 0.9857
2.97856551 0.9228
2.96806377 0.8600
2.95255182 0.8226
2.93594501 0.7983
2.92008732 0.7790
2.90761222 0.7619
2.89999301 0.7486
2.89864711 0.7424
2.90264394 0.7495
2.90729446 0.7831
2.90454216 0.8500
2.89095561 0.9008
2.87282937 0.9243
2.85528269 0.9350
2.84140122 0.9414
2.83280981 0.9461
2.82923799 0.9511
2.82977031 0.9568
2.83412860 0.9629
2.84160424 0.9680
2.85132358 0.9701
2.86343625 0.9710
2.87865433 0.9751
2.89073480 0.7800
2.89868401 0.7704
2.90847029 0.7708
2.92002415 0.7696
2.93356579 0.7760
2.94860207 0.7962
2.96260403 0.8323
2.97305841 0.8774
2.97753841 0.9105
2.97740494 0.9253
2.97472634 0.9304
2.97170167 0.9320
2.96934856 0.9334
2.96821177 0.9344
2.96347310 0.7624
2.93995863 0.7660
2.91804847 0.7658
2.89895975 0.7638
2.88371403 0.7589
2.87263800 0.7510
2.86710539 0.7374
2.86842288 0.7166
2.87708182 0.6901
2.89191784 0.6590
2.91042624 0.6244
2.91286868 0.9923
2.90614537 0.9937
2.89953104 0.9860
2.89199309 0.9747
2.88395085 0.9593
2.87520884 0.9410
2.86582406 0.9214
2.85579911 0.9017
2.84525629 0.8811
2.83524302 0.8586
2.82625031 0.8335
2.81783792 0.8072
2.81108440 0.7860
2.80550805 0.7733
2.80247725 0.7667
2.80284646 0.7643
2.80732281 0.7613
2.81700032 0.7553
2.83385539 0.7451
2.85824979 0.7306
2.89080596 0.7160
2.92854494 0.7163
2.94695601 0.9872
2.94275854 1.0032
2.93781576 1.0114
2.93298330 1.0162
2.92942705 1.0182
2.92653623 1.0165
2.92465949 1.0120
2.92424637 1.0053
2.92514420 0.9962
2.92799182 0.9856
2.93316935 0.9718
2.93059017 0.7865
2.91097283 0.7920
2.89416043 0.8058
2.88152553 0.8164
2.87145876 0.8227
2.86506772 0.8244
2.86359318 0.8212
2.86758707 0.8139
2.87788455 0.8047
2.89307314 0.7965
2.91209388 0.7919
2.93196975 0.7989
2.94536915 0.8325
2.94233398 0.8630
2.93019395 0.8766
2.91699174 0.8894
2.90591274 0.9029
2.89788436 0.9166
2.89382402 0.9306
2.89382610 0.9436
2.89716824 0.9531
2.90303097 0.9585
2.90984088 0.9599
2.91629131 0.9582
2.92205648 0.9537
2.92670376 0.9469
2.93031706 0.9381
2.93322765 0.9271
2.93576989 0.9134
2.93806258 0.8984
2.94107206 0.8839
2.94440793 0.8715
2.94639779 0.8619
2.94573937 0.8554
2.94144232 0.8492
2.93378012 0.8427
2.92406352 0.8341
2.91384994 0.8239
2.90492806 0.8123
2.89864396 0.8020
2.89611812 0.7946
2.89798425 0.7926
2.90292682 0.8025
2.90891127 0.8280
2.91406988 0.8637
2.91640322 0.8968
2.91498407 0.9123
2.90981291 0.9134
2.90170787 0.9066
2.89225173 0.8950
2.88280408 0.8803
2.87370252 0.8636
2.86555413 0.8447
2.85913846 0.8251
2.85511362 0.8063
2.85383165 0.7911
2.85555117 0.7831
2.86051844 0.7860
2.86765601 0.8000
2.87700596 0.8221
2.88783616 0.8467
2.89944295 0.8701
2.91107547 0.8881
2.92280446 0.8987
2.93411674 0.9016
2.94558374 0.8981
2.95783812 0.8908
2.97022474 0.8836
2.98183240 0.8798
2.98955475 0.8825
2.98983509 0.8869
2.98410741 0.8912
2.97677122 0.8959
2.96961518 0.8998
2.96357066 0.9027
2.95940376 0.9052
2.95784401 0.9107
2.95838904 0.9239
2.95837829 0.9490
2.95446743 0.9737
2.94618364 0.9836
2.93538575 0.9826
2.92396145 0.9780
2.91228603 0.9713
2.90107313 0.9621
2.89099406 0.9504
2.88133419 0.9354
2.87228964 0.9171
2.86428540 0.8984
2.85733048 0.8822
2.85108826 0.8696
2.84756726 0.8647
2.84604352 0.8671
2.84488474 0.8751
2.84346467 0.8873
2.84240785 0.9037
2.84262613 0.9243
2.84466189 0.9474
2.84790091 0.9684
2.85236415 0.9857
2.85793035 0.9994
2.86462230 1.0119
2.87316622 1.0251
2.88342115 1.0381
2.89486629 1.0487
2.90653470 1.0541
2.91733792 1.0503
2.92820127 1.0403
2.93817981 1.0224
2.94740291 1.0003
2.95683594 0.9777
2.96599226 0.9595
2.97490277 0.9481
2.98219039 0.9450
2.98620388 0.9491
2.98556869 0.9555
2.97829428 0.8041
2.96958519 0.9650
2.95697083 0.9840
2.94285753 0.9929
2.92846796 0.9972
2.91585311 0.9992
2.90617267 1.0029
2.89850034 1.0064
2.89216365 1.0085
2.88699884 1.0062
2.88195925 0.9972
2.87722712 0.9805
2.87269139 0.9553
2.86827748 0.9252
2.86442771 0.8906
2.86170962 0.8534
2.86007438 0.8035
2.85745209 0.7395
2.85279689 0.7303
2.84898187 0.7525
2.84645722 0.7919
2.84282825 0.8487
2.83680249 0.8953
2.82888069 0.9217
2.82189539 0.9359
2.81774224 0.9440
2.81848980 0.9503
2.82400612 0.9567
2.83287587 0.9627
2.84398922 0.9679
2.85652007 0.9713
2.86899660 0.9714
2.88128275 0.9681
2.89320705 0.9614
2.90407114 0.9507
2.91334337 0.9363
2.92023810 0.9171
2.92362073 0.8956
2.92481729 0.8773
2.92441563 0.8641
2.92315809 0.8553
2.92233413 0.8484
2.92246643 0.8427
2.92324243 0.8359
2.92368389 0.8284
2.91869032 0.8520
2.90447400 0.9009
2.88932409 0.9179
2.87758219 0.9260
2.87076364 0.9334
2.86799645 0.9416
2.86778467 0.9507
2.86832237 0.9595
2.86681495 0.9580
2.85879156 0.9293
2.84389615 0.8931
2.82573357 0.8722
2.80790361 0.8636
2.79340169 0.8633
2.78485629 0.8707
2.78334601 0.8860
2.78894377 0.9100
2.79878277 0.9394
2.81159679 0.9743
2.82378358 1.0065
2.83402325 1.0286
2.84348991 1.0389
2.85449323 1.0414
2.86968733 1.0411
2.88970151 1.0392
2.91316369 1.0342
2.93807365 1.0282
2.96126709 1.0158
2.97873907 0.9594
2.97335318 0.8100
2.95345812 0.7938
2.93172345 0.7945
2.91166982 0.7942
2.89475165 0.7904
2.88156833 0.7856
2.87324478 0.7833
2.87020627 0.7860
2.87310104 0.7987
2.87991099 0.8288
2.88725101 0.8814
2.88976111 0.9394
2.88647637 0.9752
2.88014747 0.9887
2.87384359 0.9898
2.87073677 0.9881
2.87171876 0.9845
2.87543761 0.9730
2.87845235 0.9431
2.87667423 0.8884
2.86833163 0.8316
2.85619169 0.7936
2.84445716 0.7733
2.83568272 0.7649
2.83230656 0.7643
2.83528937 0.7705
2.84479589 0.7838
2.86051676 0.8101
2.87947985 0.8631
2.89612334 0.9504
2.90265279 1.0135
2.90199827 1.0283
2.89942691 1.0232
2.89736751 1.0110
2.89742657 0.9962
2.90095928 0.9825
2.90759113 0.9716
2.91690084 0.9647
2.92831148 0.9584
2.94219986 0.9533
2.95766284 0.9428
2.97290802 0.9189
2.98458278 0.8724
2.98865501 0.8159
2.98722162 0.7921
2.98493467 0.7904
2.98365147 0.7934
2.98313028 0.7943
2.98343803 0.7923
2.98624751 0.7903
2.98922430 0.7996
2.98736415 0.8603
2.96992196 0.9382
2.94401092 0.9555
2.91772370 0.9538
2.89518215 0.9487
2.87915229 0.9454
2.86951892 0.9439
2.86571648 0.9457
2.86633384 0.9515
2.86983352 0.9616
2.87204563 0.9625
2.86333775 0.8740
2.84291939 0.7630
2.82443524 0.7089
2.81525414 0.6840
2.81618069 0.6693
2.82561434 0.6625
2.84239433 0.6654
2.86248504 0.6869
2.88271860 0.7521
2.89819800 0.8860
2.90667750 0.9934
2.91242886 1.0310
2.91882754 1.0429
2.92756487 1.0452
2.93848914 1.0453
2.94962987 1.0431
2.95965961 1.0405
2.96814076 1.0435
2.97185433 1.0058
2.95928476 0.8253
2.94110520 0.8208
2.92286021 0.8312
2.90700290 0.8416
2.89582883 0.8502
2.89066209 0.8572
2.89185985 0.8679
2.89825092 0.8902
2.90680655 0.9274
2.91382532 0.9738
2.91723183 1.0135
2.91807655 1.0342
2.91711462 1.0406
2.91523647 1.0372
2.91386641 1.0292
2.91431330 1.0192
2.91746508 1.0095
2.92302892 1.0012
2.92910106 0.9931
2.93353568 0.9766
2.93198998 0.9337
2.92233965 0.8713
2.90906825 0.8288
2.89764908 0.8023
2.89064727 0.7803
2.88900858 0.7587
2.89182026 0.7331
2.89884572 0.7031
2.90597109 0.7219
2.90348457 0.8742
2.89650073 0.9360
2.88880644 0.9608
2.88241666 0.9734
2.87743546 0.9799
2.87468814 0.9817
2.87477384 0.9804
2.87883447 0.9786
2.88607813 0.9780
2.89423147 0.9781
2.89952181 0.9707
2.89792094 0.9523
2.89088130 0.9424
2.88324158 0.9451
2.87719757 0.9538
2.87375333 0.9643
2.87305320 0.9737
2.87466503 0.9812
2.87820612 0.9888
2.88190064 0.9976
2.88388966 1.0091
2.88208311 1.0227
2.87580187 1.0354
2.86645488 1.0435
2.85597888 1.0456
2.84601182 1.0432
2.83768442 1.0366
2.83212163 1.0250
2.82920122 1.0042
2.82523396 0.9626
2.81558369 0.8909
2.79911349 0.8240
2.78041186 0.7888
2.76448112 0.7775
2.75397335 0.7809
2.75008563 0.7936
2.75185328 0.8133
2.75868313 0.8384
2.76955194 0.8654
2.78275078 0.8910
2.79676691 0.9138
2.81006517 0.9336
2.82133592 0.9502
2.83028787 0.9660
2.83700761 0.9818
2.84191263 0.9973
2.84557284 1.0123
2.84907503 1.0262
2.85373032 1.0387
2.86012465 1.0495
2.86763727 1.0582
2.87434508 1.0629
2.87842677 1.0603
2.87928404 1.0498
2.87776208 1.0363
2.87496379 1.0264
2.87234983 1.0236
2.87020703 1.0279
2.86787706 1.0323
2.86529979 1.0335
2.86294692 1.0309
2.86097353 1.0268
2.85903008 1.0224
2.85714550 1.0187
2.85517411 1.0165
2.85287505 1.0156
2.84999235 1.0166
2.84681773 1.0192
2.84408809 1.0215
2.84218482 1.0235
2.84225413 1.0226
2.84188248 1.0121
2.83772632 0.9696
2.82505180 0.8743
2.80740740 0.7915
2.79412858 0.7587
2.78880203 0.7578
2.79041250 0.7821
2.79461955 0.8334
2.79696847 0.8924
2.79640335 0.9322
2.79423356 0.9520
2.79212642 0.9604
2.79175804 0.9631
2.79318494 0.9615
2.79744981 0.9578
2.80404547 0.9524
2.81232499 0.9477
2.82113758 0.9442
2.82878332 0.9426
2.83464386 0.9400
2.83757544 0.9333
2.83772568 0.9222
2.83546534 0.9088
2.83214185 0.8980
2.82969302 0.8938
2.82923128 0.8988
2.82907077 0.9122
2.82657756 0.9332
2.81818968 0.9552
2.80346146 0.9697
2.78479015 0.9757
2.76554524 0.9772
2.74764040 0.9762
2.73254944 0.9718
2.72038972 0.9639
2.71104951 0.9524
2.70562345 0.9401
2.70433672 0.9285
2.70670252 0.9175
2.71201098 0.9065
2.71844454 0.8914
2.72254342 0.8601
2.71862279 0.7938
2.70503665 0.7088
2.68822466 0.6498
2.67683915 0.6242
2.67672724 0.6203
2.68737653 0.6293
2.70614575 0.6485
2.73037760 0.6814
2.75478882 0.7265
2.77575181 0.7795
2.79151854 0.8326
2.80165675 0.8773
2.80786547 0.9106
2.81296805 0.9352
2.81863704 0.9523
2.82571920 0.9637
2.83304731 0.9700
2.83923217 0.9703
2.84214944 0.9629
2.83992994 0.9471
2.83164904 0.9243
2.81851933 0.8988
2.80484227 0.8773
2.79464333 0.8620
2.79064181 0.8532
2.79297116 0.8501
2.80070006 0.8525
2.81076713 0.8583
2.82001926 0.8655
2.82666930 0.8732
2.82967419 0.8797
2.82975778 0.8847
2.82855336 0.8895
2.82870845 0.8947
2.83200695 0.9021
2.83849919 0.9109
2.84871094 0.9209
2.86115604 0.9299
2.87330433 0.9354
2.88306940 0.9369
2.88912945 0.9359
2.89165473 0.9342
2.89255248 0.9354
2.89414611 0.9396
2.89902156 0.9477
2.90677422 0.9589
2.91528182 0.9701
2.92175107 0.9778
2.92425755 0.9795
2.92251132 0.9765
2.91717729 0.9720
2.90992715 0.9699
2.90163456 0.9715
2.89291481 0.9773
2.88452478 0.9856
2.87779664 0.9953
2.87319005 1.0064
2.87108152 1.0173
2.87138018 1.0266
2.87253037 1.0328
2.87380176 1.0345
2.87513857 1.0314
2.87617175 1.0249
2.87695061 1.0155
2.87748648 1.0041
2.87617760 0.9887
2.87021671 0.9665
2.85716868 0.9465
2.84037787 0.9410
2.82436374 0.9453
2.81158468 0.9534
2.80247264 0.9609
2.79720792 0.9667
2.79470696 0.9704
2.79437254 0.9715
2.79483719 0.9673
2.79300077 0.9526
2.78737261 0.9276
2.77773189 0.9000
2.76691100 0.8771
2.75662028 0.8603
2.74892970 0.8494
2.74444094 0.8423
2.74277634 0.8393
2.74361413 0.8393
2.74655325 0.8429
2.75050115 0.8500
2.75380607 0.8613
2.75565877 0.8778
2.75510171 0.8968
2.75271368 0.9140
2.75120004 0.9291
2.75157130 0.9404
2.75489516 0.9473
2.76136839 0.9511
2.76991881 0.9531
2.78029693 0.9557
2.79146891 0.9608
2.80314716 0.9688
2.81482885 0.9781
2.82592837 0.9851
2.83705213 0.9874
2.84886539 0.9853
2.86112425 0.9799
2.87335278 0.9728
2.88390493 0.9639
2.89084315 0.9482
2.89035288 0.9147
2.87907707 0.8710
2.86054044 0.8484
2.84106430 0.8465
2.82471188 0.8539
2.81299132 0.8654
2.80580291 0.8767
2.80213357 0.8859
2.80153830 0.8930
2.80312727 0.9015
2.80636421 0.9144
2.81098688 0.9334
2.81598409 0.9552
2.82013158 0.9708
2.82433961 0.9737
2.83007509 0.9670
2.83952791 0.9584
2.85315225 0.9510
2.87019856 0.9459
2.88155125 0.7910
2.87343004 0.7830
2.86502555 0.7877
2.85801429 0.7937
2.85359217 0.7992
2.85291237 0.8027
2.85688931 0.8020
2.86506821 0.7984
2.87768782 0.7929
2.89372326 0.7833
2.91289856 0.7711
2.93356159 0.7647
2.94466460 0.8697
2.93771817 0.9358
2.92997377 0.9525
2.92447099 0.9609
2.92114803 0.9661
2.92126970 0.9703
2.92439170 0.9723
2.92914519 0.9713
2.93399969 0.9655
2.93792859 0.9566
2.93944687 0.9459
2.93894601 0.9349
2.93697841 0.9244
2.93431699 0.9165
2.93083356 0.9128
2.92636741 0.9126
2.92101124 0.9161
2.91537201 0.9216
2.90985378 0.9255
2.90510146 0.9272
2.90060304 0.9245
2.89589979 0.9172
2.89044077 0.9054
2.88413180 0.8906
2.87723156 0.8753
2.87194287 0.8632
2.87093972 0.8561
2.87589782 0.8544
2.88595810 0.8564
2.89956477 0.8603
2.91402539 0.8625
2.92748125 0.8637
2.94018001 0.8654
2.95010050 0.8698
2.95999965 0.8835
2.96834174 0.9107
2.97465957 0.9435
2.97838284 0.9740
2.97952027 1.0000
2.97816190 1.0201
2.97531814 1.0337
2.97248705 1.0393
2.97020684 1.0379
2.96747045 1.0287
2.96424508 1.0154
2.95974018 0.9991
2.95378724 0.9814
2.94626548 0.9629
2.93846326 0.9444
2.93068568 0.9260
2.92363733 0.9086
2.91769635 0.8939
2.91207951 0.8832
2.90536117 0.8767
2.89754779 0.8752
2.88800361 0.8761
2.87878807 0.8811
2.87022986 0.8890
2.86315722 0.8990
2.85830359 0.9115
2.85495726 0.9240
2.85262628 0.9346
2.85073758 0.9418
2.84918055 0.9443
2.84815198 0.9420
2.84817545 0.9354
2.84958336 0.9253
2.85352535 0.9124
2.85955257 0.8971
2.86554131 0.8775
2.86773130 0.8531
2.86426571 0.8300
2.85617113 0.8187
2.84900242 0.8187
2.84502494 0.8276
2.84521172 0.8457
2.84725630 0.8773
2.84749611 0.9136
2.84409865 0.9371
2.84012927 0.9505
2.83731619 0.9596
2.83628669 0.9662
2.83703882 0.9704
2.83845578 0.9711
2.83964646 0.9684
2.83953884 0.9636
2.83836343 0.9594
2.83653007 0.9568
2.83434076 0.9554
2.83175659 0.9544
2.82895625 0.9521
2.82513800 0.9445
2.81942431 0.9275
2.81095226 0.9006
2.79990816 0.8712
2.78760759 0.8502
2.77577421 0.8445
2.76606260 0.8529
2.75843386 0.8719
2.75313951 0.8946
2.74994008 0.9137
2.74898493 0.9283
2.74971357 0.9367
2.75190395 0.9399
2.75461055 0.9387
2.75760887 0.9341
2.76062381 0.9279
2.76422625 0.9218
2.76923275 0.9162
2.77598098 0.9123
2.78330656 0.9076
2.78960652 0.8980
2.79396116 0.8814
2.79567820 0.8584
2.79493262 0.8409
2.79313476 0.8388
2.79118396 0.8576
2.78816796 0.8903
2.78363482 0.9268
2.77736143 0.9552
2.77119192 0.9727
2.76671984 0.9827
2.76518809 0.9873
2.76746498 0.9890
2.77266644 0.9874
2.77933572 0.9838
2.78563794 0.9785
2.79127085 0.9729
2.79525510 0.9665
2.79797115 0.9603
2.79856370 0.9531
2.79720321 0.9450
2.79346545 0.9349
2.78828567 0.9231
2.78164940 0.9101
2.77363183 0.8978
2.76508734 0.8885
2.75800459 0.8851
2.75299465 0.8882
2.75065661 0.8979
2.75077219 0.9116
2.75294563 0.9266
2.75647755 0.9400
2.76054658 0.9497
2.76502559 0.9551
2.76959151 0.9577
2.77447441 0.9584
2.77978495 0.9587
2.78618065 0.9597
2.79449025 0.9632
2.80464667 0.9690
2.81655852 0.9778
2.82999610 0.9879
2.84383628 0.9963
2.85647837 0.9985
2.86592165 0.9915
2.87101713 0.9797
2.87234366 0.9717
2.87099353 0.9690
2.86909008 0.9720
2.86680035 0.9785
2.86523274 0.9875
2.86442052 0.9976
2.86451363 1.0071
2.86560357 1.0148
2.86746417 1.0191
2.86928299 1.0206
2.87093166 1.0196
2.87170145 1.0159
2.87021092 1.0088
2.86560968 0.9961
2.85720163 0.9775
2.84687016 0.9608
2.83590355 0.9514
2.82755441 0.9512
2.82315320 0.9587
2.82231454 0.9690
2.82435074 0.9806
2.82797138 0.9890
2.83244565 0.9926
2.83708149 0.9919
2.84140113 0.9884
2.84490091 0.9833
2.84698711 0.9788
2.84828335 0.9743
2.84818113 0.9687
2.84578254 0.9621
2.84107638 0.9558
2.83432830 0.9501
2.82686008 0.9454
2.81966797 0.9423
2.81391371 0.9417
2.81055227 0.9439
2.80942358 0.9483
2.80961282 0.9530
2.80966006 0.9556
2.80900335 0.9546
2.80733275 0.9498
2.80523662 0.9426
2.80301888 0.9330
2.80134178 0.9236
2.80195555 0.9176
2.80483416 0.9194
2.80907071 0.9342
2.81237589 0.9639
2.81258336 0.9989
2.80911351 1.0219
2.80328989 1.0267
2.79712437 1.0196
2.79282316 1.0101
2.78981712 0.9996
2.79022025 0.9914
2.79404099 0.9850
2.79984765 0.9797
2.80607088 0.9737
2.81155327 0.9673
2.81710737 0.9629
2.82135227 0.9584
2.82337025 0.9523
2.82260281 0.9443
2.81971773 0.9356
2.81607276 0.9280
2.81242790 0.9214
2.80984934 0.9159
2.80925779 0.9120
2.81128298 0.9078
2.81572102 0.9024
2.82196286 0.8932
2.82996782 0.8801
2.83930050 0.8612
2.85036491 0.8365
2.86318313 0.8167
2.87891551 0.8230
2.89540452 0.8736
2.90836819 0.9605
2.91629783 1.0111
2.91950213 1.0245
2.91942465 1.0218
2.91742407 1.0173
2.91314411 1.0133
2.90825024 1.0121
2.90330612 1.0124
2.89935613 1.0140
2.89654017 1.0168
2.89539740 1.0204
2.89543178 1.0238
2.89735550 1.0255
2.90077882 1.0226
2.90440997 1.0104
2.90680883 0.9853
2.90716460 0.9548
2.90766638 0.9347
2.91045545 0.9330
2.91611714 0.9461
2.92321523 0.9662
2.92998104 0.9886
2.93411514 1.0061
2.93568651 1.0187
2.93519652 1.0259
2.93127829 1.0275
2.92618127 1.0285
2.91863592 1.0279
2.90952647 1.0231
2.90028016 1.0147
2.89110091 1.0046
2.88452443 0.9970
2.88051525 0.9917
2.87813448 0.9859
2.87659781 0.9797
2.87554783 0.9718
2.87395404 0.9630
2.87172066 0.9542
2.86942485 0.9508
2.86784748 0.9537
2.86747126 0.9627
2.86808996 0.9756
2.86888354 0.9887
2.87071115 0.9974
2.87390695 1.0016
2.87867448 1.0066
2.88365892 1.0127
2.88762568 1.0179
2.89081400 1.0235
2.89170897 1.0214
2.89176822 1.0093
2.89132157 0.9837
2.89234274 0.9407
2.89265705 0.8477
2.88796534 0.7357
2.87877737 0.7041
2.86872501 0.6981
2.85904195 0.6926
2.85026379 0.6832
2.84366068 0.6716
2.84130758 0.6595
2.84330248 0.6513
2.84885931 0.6551
2.85648743 0.6858
2.86307566 0.7415
2.86671980 0.7924
2.86844107 0.8252
2.86849249 0.8405
2.86622822 0.8410
2.86212438 0.8331
2.85745380 0.8216
2.85344779 0.8066
2.85131507 0.7886
2.85191376 0.7696
2.85472132 0.7496
2.85935102 0.7299
2.86413308 0.7118
2.86816185 0.6984
2.87098702 0.6910
2.87276429 0.6868
2.87492112 0.6829
2.87767861 0.6812
2.88094978 0.6870
2.88409111 0.7071
2.88735297 0.7421
2.89120860 0.7853
2.89574781 0.8217
2.90065684 0.8428
2.90512079 0.8532
2.90805017 0.8538
2.90896139 0.8454
2.90743908 0.8251
2.90382981 0.7934
2.89756097 0.7526
2.88817052 0.7176
2.87465481 0.7158
2.86000256 0.7362
2.84779092 0.7584
2.84126459 0.7763
2.84123006 0.7893
2.84720853 0.7976
2.85687850 0.8009
2.86782511 0.8010
2.87778908 0.8012
2.88463075 0.8043
2.88771135 0.8116
2.88931459 0.8214
2.89092611 0.8313
2.89344650 0.8393
2.89557296 0.8445
2.89720497 0.8459
2.89802130 0.8445
2.89753666 0.8415
2.89520779 0.8381
2.89104583 0.8363
2.88637379 0.8361
2.88375884 0.8373
2.88453387 0.8380
2.89006909 0.8371
2.90136853 0.8328
2.91929478 0.8237
2.94303128 0.8096
2.94905820 0.8946
2.93467593 0.9227
2.92382930 0.9391
2.91742025 0.9497
2.91523610 0.9559
2.91604501 0.9577
2.91981018 0.9584
2.92524088 0.9598
2.93139900 0.9626
2.93754924 0.9661
2.94278901 0.9667
2.94721032 0.9579
2.94493746 0.9003
2.93165724 0.8097
2.91454997 0.7735
2.89943377 0.7578
2.88640460 0.7466
2.87978004 0.7384
2.88028420 0.7291
2.88830072 0.7168
2.90203143 0.6996
2.91962159 0.6770
2.93807157 0.6553
2.95201739 0.6905
2.95370513 0.8284
2.94947132 0.8935
2.94583875 0.9144
2.94373830 0.9226
2.94478894 0.9264
2.94749360 0.9276
2.95232980 0.9285
2.95600790 0.8740
2.94249849 0.7602
2.92940970 0.7690
2.91805362 0.7818
2.90817521 0.7937
2.90035085 0.8042
2.89472727 0.8132
2.89260882 0.8195
2.89478826 0.8244
2.90119798 0.8279
2.91163193 0.8314
2.92391950 0.8352
2.93669282 0.8451
2.94674521 0.8845
2.94269991 0.8929
2.93057104 0.8841
2.91693591 0.8844
2.90317079 0.8861
2.89068051 0.8870
2.88113059 0.8869
2.87487287 0.8843
2.87240627 0.8788
2.87314248 0.8717
2.87641366 0.8636
2.88023556 0.8562
2.88225815 0.8484
2.88085688 0.8395
2.87483000 0.8302
2.86768067 0.8243
2.86335765 0.8200
2.86198495 0.8163
2.86277950 0.8121
2.86605927 0.8072
2.87091852 0.8013
2.87726891 0.7962
2.88470402 0.7936
2.89191166 0.7961
2.89664266 0.8050
2.89892764 0.8195
2.89894102 0.8361
2.89759111 0.8527
2.89546301 0.8668
2.89442901 0.8769
2.89472002 0.8836
2.89681513 0.8887
2.90065343 0.8924
2.90596787 0.8960
2.91352956 0.9015
2.92122342 0.9044
2.92791002 0.8995
2.92833836 0.8768
2.92066482 0.8583
2.90920492 0.8595
2.89924335 0.8688
2.89229408 0.8801
2.89093846 0.8916
2.89520510 0.9024
2.90522553 0.9119
2.91848227 0.9186
2.93350432 0.9222
2.94846156 0.9225
2.96172693 0.9230
2.96853135 0.9247
2.96058153 0.8977
2.94907868 0.8869
2.93817797 0.8779
2.92865616 0.8687
2.92123822 0.8601
2.91546224 0.8522
2.91145721 0.8438
2.90979467 0.8334
2.90999417 0.8203
2.91040768 0.8073
2.90234869 0.8581
2.88660559 0.8778
2.87465596 0.8823
2.86915493 0.8833
2.86953977 0.8828
2.87455251 0.8815
2.88296496 0.8789
2.89270550 0.8767
2.90192421 0.8738
2.90962530 0.8684
2.91602090 0.8589
2.92163046 0.8458
2.92721179 0.8309
2.93244105 0.8152
2.93644433 0.8003
2.93899665 0.7892
2.93909177 0.7827
2.93556058 0.7797
2.92929686 0.7803
2.92241677 0.7857
2.91725279 0.7958
2.91549065 0.8107
2.91746759 0.8322
2.92194198 0.8606
2.92654880 0.8929
2.92854060 0.9171
2.92658133 0.9274
2.92200138 0.9301
2.91506279 0.9314
2.90533432 0.9313
2.89450587 0.9295
2.88378399 0.9240
2.87372533 0.9144
2.86521935 0.9019
2.85720399 0.8850
2.84885180 0.8639
2.83978113 0.8432
2.83050786 0.8302
2.82251608 0.8251
2.81712544 0.8246
2.81500983 0.8247
2.81741638 0.8253
2.82328512 0.8240
2.83314792 0.8206
2.84810946 0.8159
2.86769344 0.8109
2.89037323 0.8116
2.90209287 0.8751
2.89337640 0.8814
2.88396710 0.8859
2.87668252 0.8899
2.87180267 0.8897
2.87120071 0.8868
2.87546990 0.8815
2.88403640 0.8754
2.89637428 0.8694
2.91201938 0.8634
2.93014742 0.8559
2.93830039 0.8041
2.93371785 0.8322
2.93288209 0.8601
2.93533441 0.8876
2.93947138 0.9137
2.94407237 0.9353
2.94851104 0.9504
2.95284881 0.9558
2.95766692 0.9433
2.96005757 0.8917
2.95540376 0.8355
2.94628111 0.8295
2.93864003 0.8445
2.93380970 0.8625
2.93194825 0.8782
2.93188027 0.8893
2.93237291 0.8950
2.93268068 0.8953
2.93285381 0.8895
2.93334495 0.8758
2.93318114 0.8515
2.92977425 0.8222
2.92084797 0.8201
2.90807177 0.8461
2.89455769 0.8784
2.88153022 0.9064
2.86988642 0.9274
2.85993007 0.9424
2.85328797 0.9530
2.85106999 0.9603
2.85458377 0.9635
2.86410885 0.9622
2.88020882 0.9532
2.90194387 0.9339
2.92694235 0.9060
2.94907741 0.9168
2.94535225 0.9080
2.94130582 0.9218
2.93610614 0.9307
2.92994909 0.9369
2.92237810 0.9417
2.91522662 0.9466
2.90851845 0.9507
2.90165912 0.9531
2.89415192 0.9515
2.88460135 0.9462
2.87399985 0.9372
2.86358110 0.9256
2.85498735 0.9157
2.84887567 0.9085
2.84568111 0.9044
2.84509790 0.9017
2.84671931 0.8970
2.85049834 0.8891
2.85559594 0.8776
2.86113877 0.8618
2.86722106 0.8461
2.87347921 0.8302
2.87843569 0.8129
2.88105338 0.7935
2.88160954 0.7789
2.88074709 0.7704
2.87888823 0.7678
2.87682087 0.7689
2.87502853 0.7716
2.87392048 0.7759
2.87191080 0.7806
2.86916013 0.7875
2.86598032 0.7991
2.86342576 0.8194
2.86212571 0.8500
2.86129880 0.8880
2.86147482 0.9240
2.86412610 0.9523
2.86992781 0.9711
2.87889836 0.9812
2.88942294 0.9832
2.90051002 0.9796
2.91109376 0.9726
2.92015646 0.9643
2.92725119 0.9568
2.93265058 0.9520
2.93622069 0.9496
2.93808305 0.9465
2.93879720 0.9418
2.93878083 0.9323
2.93788939 0.9199
2.93570838 0.9089
2.93287395 0.9029
2.93040788 0.9006
2.92768159 0.8969
2.92691295 0.8943
2.92721377 0.8881
2.92855141 0.8790
2.92930374 0.8633
2.93029354 0.8403
2.93110451 0.8185
2.93246451 0.8031
2.93567773 0.7945
2.93820999 0.8610
2.93532607 0.9034
2.92970970 0.9077
2.92320379 0.9098
2.91593800 0.9149
2.90895903 0.9233
2.90127995 0.9317
2.89387286 0.9396
2.88743191 0.9453
2.88239222 0.9485
2.87918939 0.9494
2.87813051 0.9491
2.88004800 0.9497
2.88486778 0.9527
2.89239746 0.9607
2.89936983 0.9723
2.90386407 0.9763
2.90584064 0.9671
2.90798004 0.9522
2.91098612 0.9302
2.91428350 0.9042
2.91647153 0.8787
2.91722168 0.8605
2.91601303 0.8539
2.91244143 0.8582
2.90818094 0.8774
2.90432885 0.9110
2.90103197 0.9582
2.89633379 1.0021
2.88882983 1.0158
2.87967904 1.0038
2.87145028 0.9862
2.86654366 0.9734
2.86476727 0.9655
2.86678330 0.9604
2.87115841 0.9535
2.87622807 0.9396
2.88095886 0.9152
2.88476545 0.8786
2.88687013 0.8230
2.88642407 0.7506
2.88303796 0.6836
2.87877236 0.6477
2.87686605 0.6381
2.87963905 0.6430
2.88717177 0.6568
2.89803080 0.6790
2.91003142 0.7197
2.91730062 0.8203
2.91445320 0.9193
2.90605837 0.9432
2.89686234 0.9434
2.88786240 0.9399
2.88221679 0.9402
2.88087135 0.9449
2.88358296 0.9525
2.88926760 0.9592
2.89660207 0.9618
2.90381535 0.9593
2.90977879 0.9514
2.91476577 0.9406
2.91956616 0.9303
2.92515255 0.9238
2.93118983 0.9284
2.93422627 0.9025
2.93401788 0.8820
2.93511298 0.9038
2.93683326 0.9359
2.93814311 0.9589
2.93824567 0.9699
2.93605132 0.9732
2.93122731 0.9743
2.92369156 0.9762
2.91339443 0.9782
2.90244129 0.9824
2.89168436 0.9842
2.88273079 0.9825
2.87532888 0.9751
2.86919647 0.9622
2.86394212 0.9458
2.85861802 0.9302
2.85239686 0.9166
2.84632603 0.9073
2.84089209 0.9020
2.83652534 0.8991
2.83293077 0.8965
2.83057396 0.8945
2.82834455 0.8919
2.82556326 0.8885
2.82391272 0.8863
2.82257951 0.8844
2.82130509 0.8829
2.81983557 0.8828
2.81877383 0.8844
2.81838954 0.8881
2.81899261 0.8926
2.81949597 0.8928
2.82064744 0.8884
2.82242553 0.8763
2.82238281 0.8550
2.81960023 0.8267
2.81484114 0.7970
2.80732858 0.7699
2.79935646 0.7488
2.79171209 0.7344
2.78444100 0.7268
2.77835321 0.7235
2.77337371 0.7237
2.77069881 0.7294
2.77070140 0.7416
2.77340756 0.7613
2.77832049 0.7860
2.78482399 0.8116
2.79211717 0.8364
2.79926018 0.8604
2.80575413 0.8803
2.81226711 0.8964
2.81843213 0.9069
2.82438961 0.9121
2.83009445 0.9124
2.83461544 0.9080
2.83751924 0.9013
2.83883590 0.8964
2.83798629 0.8945
2.83389032 0.8959
2.82717338 0.9020
2.81898469 0.9117
2.81074861 0.9222
2.80458171 0.9311
2.80303063 0.9366
2.80671803 0.9375
2.81493150 0.9321
2.82759075 0.9222
2.84293202 0.9082
2.85971270 0.8925
2.87585841 0.8771
2.89003694 0.8633
2.90108502 0.8506
2.90849763 0.8403
2.91212694 0.8325
2.91182208 0.8269
2.90909731 0.8276
2.90585870 0.8338
2.90458802 0.8467
2.90627195 0.8664
2.90940514 0.8903
2.91236905 0.9162
2.91286322 0.9402
2.91061538 0.9595
2.90599997 0.9719
2.90083279 0.9778
2.89669404 0.9782
2.89447705 0.9745
2.89450542 0.9686
2.89589918 0.9614
2.89693654 0.9516
2.89757095 0.9403
2.89730318 0.9268
2.89743160 0.9119
2.89851029 0.8975
2.89921644 0.8871
2.89687433 0.8840
2.89032092 0.8872
2.87935096 0.8919
2.86621214 0.8973
2.85311621 0.9054
2.84181677 0.9146
2.83360625 0.9252
2.82825035 0.9356
2.82364282 0.9409
2.82157094 0.9425
2.82265915 0.9398
2.82623167 0.9338
2.83167426 0.9249
2.83790074 0.9155
2.84187048 0.9056
2.84071336 0.8949
2.83378376 0.8869
2.82199978 0.8808
2.80793043 0.8745
2.79454746 0.8664
2.78410405 0.8566
2.77819838 0.8459
2.77685468 0.8368
2.77991996 0.8309
2.78576826 0.8314
2.79223126 0.8426
2.79836801 0.8647
2.80383768 0.8924
2.80939571 0.9203
2.81499867 0.9423
2.82030835 0.9557
2.82645904 0.9611
2.83320465 0.9589
2.84173588 0.9495
2.85245845 0.9348
2.86617289 0.9185
2.88220913 0.9037
2.89965836 0.8959
2.91526649 0.8963
2.92689629 0.9021
2.93341936 0.9086
2.93516584 0.9104
2.93413773 0.9078
2.93166968 0.9024
2.92809105 0.8931
2.92355584 0.8822
2.91650988 0.8801
2.90444998 0.9040
2.89015739 0.9309
2.87747339 0.9480
2.86695910 0.9539
2.85966926 0.9499
2.85503990 0.9380
2.85359698 0.9199
2.85348939 0.8966
2.85503429 0.8687
2.85733913 0.8423
2.86081218 0.8261
2.86496887 0.8210
2.87002944 0.8257
2.87457290 0.8344
2.87795447 0.8437
2.87918660 0.8516
2.87881871 0.8576
2.87789884 0.8615
