2.99252521 0.9057
3.00011063 0.9101
3.00747090 0.9109
3.01437114 0.9096
3.01926970 0.9061
3.02225942 0.9026
3.02272723 0.8991
3.02192167 0.8978
3.01960585 0.8994
3.01721607 0.9044
3.01390987 0.9115
3.01027643 0.9194
3.00738877 0.9244
3.00618946 0.9237
3.00773636 0.9167
3.01024973 0.9105
3.01296060 0.9060
3.01478465 0.9034
3.01551343 0.9030
3.01457545 0.9038
3.01197119 0.9060
3.00706321 0.9097
2.99983872 0.9144
2.99092694 0.9196
2.97990878 0.9251
2.96655247 0.9313
2.95210127 0.9372
2.93805899 0.9388
2.93088911 0.9069
2.93662294 0.8622
2.94784649 0.8472
2.96062490 0.8402
2.97160521 0.8348
2.97862627 0.8286
2.98051108 0.8213
2.97601958 0.8129
2.96680789 0.8038
2.95390470 0.7943
2.93827588 0.7854
2.92233278 0.7789
2.90702930 0.7836
2.89802699 0.9080
2.90129080 0.9269
2.90513575 0.9287
2.90878701 0.9252
2.91292249 0.9090
2.91850427 0.8730
2.92691196 0.8201
2.93964158 0.7703
2.95573612 0.7340
2.97335977 0.7094
2.99073438 0.6958
3.00490916 0.6902
3.01373691 0.6900
3.01642744 0.6935
3.01275527 0.6982
3.00258416 0.7044
2.98702070 0.7113
2.96915483 0.7199
2.95160311 0.7328
2.93712565 0.7565
2.92764532 0.7915
2.92294991 0.8270
2.92037698 0.8494
2.91747040 0.8623
2.91234847 0.8658
2.90461706 0.8484
2.89800559 0.7467
2.90263846 0.6579
2.91643414 0.6442
2.93330586 0.6357
2.95125257 0.6289
2.96768488 0.6263
2.98032052 0.6275
2.98860136 0.6320
2.99206634 0.6387
2.99084715 0.6463
2.98511323 0.6548
2.97661882 0.6623
2.96615913 0.6692
2.95650896 0.6765
2.94922149 0.6899
2.94813040 0.7205
2.95352480 0.7520
2.96202356 0.7690
2.97066491 0.7765
2.97871562 0.7796
2.98393395 0.7806
2.98542145 0.7805
2.98462843 0.7778
2.98294788 0.7724
2.98272457 0.7641
2.98541035 0.7546
2.99060654 0.7481
2.99724252 0.7453
3.00408210 0.7466
3.00926330 0.7523
3.01224513 0.7596
3.01226297 0.7676
3.00961350 0.7734
3.00454027 0.7754
2.99906939 0.7860
3.00760287 0.8621
3.01970111 0.8722
3.02872672 0.8749
3.03277006 0.8756
3.03187611 0.8721
3.02748126 0.8613
3.02281397 0.8404
3.02118379 0.8131
3.02436830 0.7905
3.03017806 0.7730
3.03663087 0.7578
3.04180308 0.7429
3.04334204 0.7277
3.04103681 0.7124
3.03494510 0.7007
3.02678561 0.6971
3.01682846 0.7136
3.00828828 0.7545
3.00250256 0.7952
2.99710649 0.8190
2.99149734 0.8128
2.98560202 0.7629
2.98352651 0.6384
2.99039404 0.5940
3.00069991 0.5983
3.01080636 0.6001
3.01855058 0.5993
3.02265925 0.5970
3.02429334 0.5953
3.02490011 0.5952
3.02364126 0.5965
3.02088959 0.5986
3.01689274 0.6005
3.01253295 0.6050
3.00932719 0.6149
3.00785133 0.6353
3.00827102 0.6742
3.01002929 0.7261
3.01299513 0.7657
3.01470772 0.7807
3.01319209 0.7689
3.00844989 0.7359
3.00266165 0.6825
2.99957428 0.6421
2.99993456 0.6322
3.00234018 0.6356
3.00502476 0.6381
3.00696684 0.6384
3.00816333 0.6370
3.00979712 0.6351
3.01200715 0.6328
3.01355086 0.6308
3.01317681 0.6293
3.01114998 0.6276
3.00860325 0.6256
3.00562567 0.6243
3.00320080 0.6256
3.00227849 0.6310
3.00389321 0.6400
3.00819842 0.6495
3.01359884 0.6540
3.01800558 0.6526
3.02093982 0.6451
3.02189489 0.6336
3.02326284 0.6239
3.02597351 0.6195
3.02950733 0.6230
3.03358062 0.6321
3.03625039 0.6434
3.03681327 0.6542
3.03658760 0.6633
3.03470096 0.6714
3.03024400 0.6792
3.02421878 0.6872
3.01673206 0.6962
3.00812713 0.7076
2.99774296 0.7242
2.98556473 0.7524
2.97198212 0.8024
2.96043887 0.8859
2.95367985 0.9688
2.95441703 0.9785
2.96032512 0.9232
2.96924172 0.8462
2.98057435 0.7717
2.99259072 0.7144
3.00417871 0.6779
3.01423351 0.6598
3.01994192 0.6561
3.02071864 0.6617
3.01634277 0.6732
3.00802080 0.6886
2.99693779 0.7046
2.98390305 0.7193
2.97075666 0.7318
2.95811327 0.7415
2.94754928 0.7490
2.93826863 0.7570
2.93057540 0.7714
2.92591951 0.8022
2.92495977 0.8351
2.92582641 0.8493
2.92677528 0.8496
2.92678074 0.8344
2.92645394 0.8012
2.92645898 0.7456
2.93029342 0.6840
2.93935811 0.6600
2.95057644 0.6630
2.96080252 0.6751
2.96691685 0.6918
2.96798674 0.7133
2.96487531 0.7397
2.95857715 0.7717
2.94968136 0.8104
2.94194796 0.8632
2.94370040 0.9147
2.95715506 0.9090
2.97257335 0.8833
2.98388202 0.8582
2.99054117 0.8391
2.99219654 0.8241
2.98977793 0.8121
2.98553936 0.8010
2.98084075 0.7895
2.97633772 0.7773
2.97093105 0.7645
2.96418496 0.7522
2.95574017 0.7417
2.94670778 0.7344
2.93773378 0.7307
2.92949253 0.7323
2.92208240 0.7387
2.91655679 0.7490
2.91344935 0.7620
2.91180476 0.7768
2.91142850 0.7916
2.91241584 0.8084
2.91777574 0.8317
2.93332948 0.8533
2.95586076 0.8561
2.97753463 0.8536
2.99508843 0.8525
3.00561182 0.8557
3.00816213 0.8640
3.00334161 0.8768
2.99153577 0.8937
2.97440391 0.9145
2.95592140 0.9390
2.96587941 0.7801
2.98004814 0.7618
2.99343950 0.7483
3.00491774 0.7381
3.01313031 0.7314
3.01943135 0.7298
3.02436974 0.7333
3.02861213 0.7413
3.03230820 0.7525
3.03624652 0.7645
3.04005049 0.7753
3.04302425 0.7844
3.04490613 0.7915
3.04454205 0.7958
3.04261247 0.7986
3.03837825 0.7984
3.03324236 0.7953
3.02885847 0.7931
3.02731994 0.8010
3.02730096 0.8164
3.02726979 0.8229
3.02568496 0.8158
3.02317142 0.7968
3.02092835 0.7740
3.01992121 0.7529
3.02026560 0.7365
3.02129943 0.7256
3.02226355 0.7183
3.02280235 0.7130
3.02273605 0.7095
3.02172118 0.7070
3.01850561 0.7055
3.01196926 0.7054
3.00094945 0.7092
2.98683551 0.7228
2.97280832 0.7655
2.96702516 0.8513
2.97441651 0.8969
2.98789683 0.9007
3.00218314 0.8945
3.01502877 0.8867
3.02618688 0.8788
3.03447388 0.8708
3.04051834 0.8616
3.04385635 0.8519
3.04540410 0.8427
3.04415490 0.8333
3.03993726 0.8219
3.03387098 0.8061
3.02724183 0.7841
3.02254927 0.7553
3.02102247 0.7283
3.02256110 0.7085
3.02556717 0.6970
3.02497390 0.6928
3.01912768 0.6937
3.00831276 0.6993
2.99510643 0.7121
2.98621579 0.7574
2.99520557 0.8135
3.01575441 0.8163
3.03932310 0.8019
3.06236241 0.7828
3.08398459 0.7619
3.10462401 0.7415
3.12240799 0.7237
3.13663737 0.7101
3.14392012 0.7040
3.14557721 0.7041
3.13953546 0.7112
3.12747526 0.7241
3.11124656 0.7402
3.09396888 0.7541
3.08120051 0.7587
3.07731402 0.7529
3.08264459 0.7435
3.09147024 0.7349
3.09833754 0.7278
3.10033475 0.7226
3.09745986 0.7213
3.09042510 0.7267
3.08226715 0.7397
3.07436154 0.7583
3.06735124 0.7771
3.06015717 0.7927
3.05251909 0.8042
3.04472077 0.8104
3.03719726 0.8094
3.03188739 0.8013
3.02896955 0.7887
3.02928414 0.7784
3.03057760 0.7722
3.03207500 0.7660
3.03350016 0.7552
3.03519081 0.7428
3.03638607 0.7301
3.03711833 0.7172
3.03606447 0.7029
3.03212509 0.6890
3.02445421 0.6799
3.01446642 0.6850
3.00344287 0.7132
2.99163522 0.7599
2.97769569 0.8159
2.96149365 0.8746
2.94427279 0.9486
2.93310567 0.9964
2.93353284 0.9362
2.93856552 0.8907
2.94481893 0.8585
2.95155379 0.8340
2.95775645 0.8159
2.96226356 0.8032
2.96390400 0.7932
2.96392883 0.7817
2.96530020 0.7650
2.96979027 0.7486
2.97702084 0.7364
2.98535174 0.7268
2.99381520 0.7183
3.00032594 0.7108
3.00510114 0.7060
3.00919541 0.7048
3.01349217 0.7066
3.01860858 0.7111
3.02270091 0.7168
3.02494056 0.7219
3.02491720 0.7267
3.02281789 0.7316
3.01816095 0.7357
3.01126170 0.7390
3.00246554 0.7411
2.99401991 0.7409
2.98701928 0.7393
2.98245728 0.7351
2.98082582 0.7292
2.98164874 0.7232
2.98451366 0.7204
2.98759884 0.7236
2.98948771 0.7328
2.98826363 0.7521
2.98429921 0.7886
2.97967184 0.8397
2.97508520 0.8866
2.97097695 0.9196
2.96667070 0.9380
2.96338385 0.9370
2.96248766 0.9002
2.96601349 0.8344
2.97259873 0.8028
2.97878768 0.7976
2.98265869 0.7989
2.98454065 0.8026
2.98520109 0.8073
2.98682232 0.8113
2.98915051 0.8148
2.99247208 0.8177
2.99694170 0.8202
3.00158368 0.8210
3.00458779 0.8208
3.00518249 0.8189
3.00329357 0.8161
2.99880597 0.8127
2.99274977 0.8079
2.98552264 0.8031
2.97881534 0.7945
2.97353471 0.7805
2.96992712 0.7648
2.96795757 0.7478
2.96802612 0.7316
2.97011446 0.7227
2.97331767 0.7224
2.97692337 0.7325
2.98290323 0.7542
2.99157865 0.7780
3.00204986 0.7974
3.01189861 0.8101
3.02128581 0.8181
3.02832482 0.8221
3.03146493 0.8286
3.03036597 0.8392
3.02584058 0.8518
3.01813503 0.8676
3.00785428 0.8843
2.99615778 0.9007
2.98291465 0.9151
2.96997022 0.9190
2.96325189 0.8702
2.96688549 0.8191
2.97213580 0.7956
2.97632656 0.7794
2.97818726 0.7645
2.97727094 0.7508
2.97458670 0.7388
2.96902275 0.7289
2.96033624 0.7214
2.94939940 0.7156
2.93806428 0.7131
2.93160247 0.7317
2.93385042 0.7751
2.94346445 0.8111
2.95509622 0.8364
2.96603075 0.8553
2.97736474 0.8666
2.98799506 0.8671
2.99914152 0.8586
3.01097020 0.8427
3.02327781 0.8254
3.03416848 0.8118
3.04284154 0.8054
3.04765188 0.8067
3.04790068 0.8151
3.04344772 0.8296
3.03452294 0.8483
3.02306880 0.8685
3.01034630 0.8865
2.99834753 0.8997
2.98818921 0.9154
2.98134796 1.0175
2.99332337 0.9116
3.00732823 0.9020
3.02127854 0.9012
3.03329568 0.9061
3.04161816 0.9140
3.04624155 0.9222
3.04952039 0.9169
3.05727515 0.8762
3.06726439 0.8365
3.07535481 0.8063
3.07981841 0.7836
3.08035171 0.7659
3.07907239 0.7520
3.07725381 0.7443
3.07529222 0.7414
3.07420793 0.7438
3.07345076 0.7507
3.07352791 0.7611
3.07440841 0.7733
3.07510310 0.7855
3.07410537 0.7953
3.07011170 0.8025
3.06299800 0.8060
3.05321524 0.8082
3.04271357 0.8091
3.03234337 0.8118
3.02253631 0.8174
3.01443442 0.8271
3.00857393 0.8390
3.00623418 0.8471
3.00662381 0.8461
3.00841443 0.8374
3.00988922 0.8261
3.01017732 0.8157
3.01068114 0.8069
3.01188823 0.7999
3.01559301 0.7950
3.02131859 0.7903
3.02830979 0.7847
3.03664015 0.7762
3.04610766 0.7641
3.05547266 0.7491
3.06469951 0.7320
3.07380040 0.7159
3.08211556 0.7038
3.08834620 0.6977
3.09142143 0.6971
3.08909738 0.7013
3.08236198 0.7093
3.07196916 0.7209
3.06057310 0.7337
3.04951469 0.7460
3.03983941 0.7549
3.03087498 0.7578
3.02484574 0.7565
3.02166009 0.7532
3.02234254 0.7513
3.02624677 0.7523
3.03036592 0.7559
3.03171048 0.7619
3.02889560 0.7691
3.01948332 0.7763
3.00406402 0.7828
2.98436903 0.7860
2.96181259 0.7849
2.94028682 0.7780
2.92673429 0.7714
2.92452622 0.7834
2.93117157 0.7994
2.94133272 0.8115
2.95229554 0.8227
2.96308002 0.8344
2.97211787 0.8444
2.97758711 0.8520
2.97875567 0.8571
2.97585689 0.8591
2.97128293 0.8569
2.96763572 0.8506
2.96727676 0.8392
2.97201058 0.8291
2.98008140 0.8266
2.98925052 0.8306
2.99784379 0.8372
3.00335319 0.8465
3.00507641 0.8548
3.00266475 0.8618
2.99761120 0.8748
3.00399747 0.8960
3.01092908 0.8945
3.01750799 0.8907
3.02336694 0.8857
3.02821713 0.8818
3.03072697 0.8818
3.03023548 0.8869
3.02734110 0.8942
3.02315270 0.8990
3.01946349 0.8940
3.01736568 0.8788
3.01942692 0.8564
3.02533026 0.8314
3.03307915 0.8069
3.04064362 0.7860
3.04764618 0.7708
3.05258599 0.7626
3.05482868 0.7615
3.05300448 0.7669
3.04668462 0.7767
3.03623646 0.7877
3.02290168 0.7970
3.00779719 0.8019
2.99447383 0.7983
2.98568846 0.7832
2.98195858 0.7589
2.98340488 0.7312
2.98835214 0.7066
2.99326415 0.6896
2.99553221 0.6814
2.99435154 0.6822
2.98961082 0.6911
2.98386506 0.7061
2.97780778 0.7243
2.97205856 0.7424
2.96803781 0.7568
2.97035464 0.7823
2.97790947 0.8030
2.98356577 0.8085
2.98543347 0.8111
2.98382158 0.8134
2.98024501 0.8139
2.97699016 0.8088
2.97624614 0.7966
2.98011316 0.7791
2.98847589 0.7578
2.99883518 0.7349
3.00931920 0.7117
3.01771829 0.6902
3.02197281 0.6728
3.02001476 0.6621
3.01190628 0.6587
2.99942444 0.6632
2.98390358 0.6726
2.96874412 0.6841
2.95772079 0.6958
2.95227370 0.7131
2.95436209 0.7420
2.96145399 0.7639
2.96994437 0.7728
2.97635258 0.7769
2.97951028 0.7775
2.97922025 0.7724
2.97720132 0.7613
2.97664006 0.7526
2.98258616 0.7886
2.99356448 0.8277
3.00627705 0.8461
3.01823099 0.8561
3.02922394 0.8605
3.03757920 0.8627
3.04275356 0.8632
3.04436585 0.8640
3.04235757 0.8675
3.03788508 0.8741
3.03065519 0.8817
3.02142313 0.8910
3.01146758 0.8996
3.00220777 0.8994
3.00134411 0.8522
3.00949188 0.8444
3.01683670 0.8404
3.02246958 0.8365
3.02546937 0.8334
3.02582869 0.8311
3.02427012 0.8285
3.02134607 0.8238
3.01675437 0.8154
3.01032091 0.8050
3.00161933 0.7944
2.99201635 0.7864
2.98217306 0.7825
2.97339008 0.7855
2.96792472 0.7985
2.96689620 0.8196
2.96948599 0.8395
2.97316942 0.8543
2.97597108 0.8670
2.97667611 0.8775
2.97421823 0.8869
2.96995720 0.8939
2.96591247 0.8975
2.96409699 0.8969
2.96656098 0.8919
2.97400628 0.8835
2.98462537 0.8747
2.99621325 0.8659
3.00670637 0.8567
3.01597976 0.8471
3.02339955 0.8372
3.02895431 0.8268
3.03231560 0.8171
3.03308255 0.8067
3.03113361 0.7967
3.02522493 0.7875
3.01574670 0.7796
3.00275244 0.7741
2.98776776 0.7731
2.97256974 0.7822
2.95932874 0.8089
2.95150106 0.8581
2.95037275 0.8993
2.95311365 0.9139
2.95632158 0.9132
2.95835082 0.9059
2.95888550 0.8956
2.95763949 0.8867
2.95660626 0.8806
2.95715699 0.8775
2.95839345 0.8776
2.95989175 0.8776
2.96193081 0.8781
2.96528184 0.8842
2.97013242 0.8974
2.97651657 0.9147
2.98333465 0.9343
2.98894967 0.9543
2.99273088 0.9719
2.99389932 0.9859
2.99273330 0.9984
2.99062162 1.0044
2.98902411 0.9984
2.98758252 0.9810
2.98636471 0.9578
2.98515500 0.9337
2.98387754 0.9100
2.98146164 0.8914
2.97668361 0.8824
2.96908649 0.8859
2.95963892 0.9165
2.95488771 0.9192
2.95682393 0.8824
2.95987439 0.8661
2.96275124 0.8514
2.96554220 0.8385
2.96809765 0.8276
2.96929071 0.8200
2.96881132 0.8162
2.96657554 0.8163
2.96193701 0.8210
2.95540677 0.8301
2.94803211 0.8429
2.94120638 0.8593
2.93518177 0.8768
2.93017965 0.8918
2.92653858 0.8996
2.92612499 0.8908
2.93190784 0.8609
2.94293113 0.8350
2.95519162 0.8235
2.96580764 0.8187
2.97257043 0.8152
2.97621796 0.8094
2.97707668 0.8016
2.97604519 0.7929
2.97312851 0.7829
2.96817126 0.7732
2.96119230 0.7644
2.95208322 0.7579
2.94209210 0.7542
2.93198162 0.7531
2.92333233 0.7546
2.91677275 0.7602
2.91239235 0.7710
2.91094830 0.7871
2.91266855 0.8058
2.91754666 0.8245
2.92530221 0.8342
2.93348688 0.8322
2.93925042 0.8221
2.94082402 0.8125
2.93876183 0.8066
2.93455844 0.8099
2.93318831 0.8317
2.93672168 0.8490
2.94174217 0.8535
2.94640361 0.8509
2.95056252 0.8422
2.95321727 0.8310
2.95452110 0.8214
2.95546479 0.8168
2.95524313 0.8174
2.95342947 0.8309
2.95116454 0.8607
2.94964518 0.9205
2.95531250 0.9213
2.96641081 0.8964
2.98281162 0.8733
3.00375131 0.8535
3.02708218 0.8383
3.04889479 0.8270
3.06665245 0.8201
3.07753221 0.8169
3.08106470 0.8160
3.07785125 0.8177
3.06997963 0.8228
3.05799203 0.8306
3.04405059 0.8404
3.03001244 0.8525
3.01637016 0.8659
3.00374249 0.8805
2.99243105 0.8959
2.98153877 0.9095
2.97168118 0.9186
2.96413560 0.9220
2.95879044 0.9157
2.95691376 0.9004
2.95902234 0.8732
2.96411599 0.8604
2.97134158 0.8582
2.97857219 0.8567
2.98479716 0.8513
2.98888435 0.8423
2.99118801 0.8314
2.99190349 0.8219
2.99224559 0.8173
2.99272504 0.8171
2.99373719 0.8176
2.99417255 0.8147
2.99387376 0.8073
2.99098598 0.7953
2.98680182 0.7846
2.98221060 0.7852
2.97766942 0.8089
2.97357530 0.8453
2.96996968 0.8681
2.96640707 0.8783
2.96289204 0.8803
2.96114680 0.8804
2.95962376 0.8795
2.95840882 0.8794
2.95574579 0.8777
2.95139027 0.8729
2.94486689 0.8589
2.93861513 0.7941
2.93931313 0.7547
2.94282540 0.7625
2.94681818 0.7732
2.95326424 0.7829
2.96065541 0.7894
2.96880142 0.7911
2.97634552 0.7875
2.98250247 0.7794
2.98504066 0.7687
2.98356068 0.7569
2.97801911 0.7456
2.96916390 0.7372
2.95877473 0.7346
2.95017982 0.7396
2.94859337 0.7540
2.95660266 0.7755
2.97098168 0.7986
2.98608212 0.8205
2.99718226 0.8408
3.00240243 0.8584
3.00230976 0.8729
2.99932998 0.8850
2.99685073 0.8941
2.99664358 0.8987
2.99850068 0.8996
3.00140535 0.8972
3.00440806 0.8903
3.00682620 0.8774
3.00948407 0.8595
3.01165973 0.8395
3.01278945 0.8194
3.01381574 0.8019
3.01372372 0.7885
3.01362721 0.7791
3.01368916 0.7720
3.01281758 0.7673
3.00987358 0.7655
3.00368394 0.7667
2.99558931 0.7704
2.98922800 0.7759
2.98861875 0.7870
2.99401991 0.7964
3.00289457 0.8003
3.01355965 0.7999
3.02444052 0.7977
3.03404928 0.7950
3.04123270 0.7929
3.04417983 0.7924
3.04292822 0.7925
3.03773794 0.7922
3.02983708 0.7902
3.02002712 0.7858
3.00890583 0.7797
2.99544678 0.7732
2.97967077 0.7681
2.96218999 0.7655
2.94526589 0.7654
2.93126589 0.7669
2.92174754 0.7695
2.91732992 0.7721
2.91783102 0.7745
2.92164815 0.7772
2.92790617 0.7802
2.93416581 0.7837
2.94060010 0.7869
2.94624193 0.7892
2.95115519 0.7897
2.95527366 0.7891
2.95940731 0.7878
2.96383773 0.7871
2.96807022 0.7888
2.97171078 0.7919
2.97405437 0.7953
2.97488132 0.7995
2.97436660 0.8026
2.97309209 0.8061
2.97177507 0.8094
2.97126140 0.8118
2.97293034 0.8141
2.97670558 0.8168
2.98285416 0.8199
2.99000704 0.8230
2.99726467 0.8253
3.00394926 0.8256
3.00886738 0.8240
3.01179971 0.8196
3.01246184 0.8137
3.01115769 0.8071
3.00811371 0.8015
3.00387653 0.7989
2.99928473 0.8001
2.99406020 0.8089
2.99020411 0.8277
2.99139496 0.8491
2.99852338 0.8529
3.00745242 0.8439
3.01466487 0.8316
3.01737914 0.8198
3.01474019 0.8103
3.00630974 0.8055
2.99257698 0.8073
2.97596859 0.8173
2.96084722 0.8455
2.95736422 0.8836
2.96462322 0.8858
2.97584785 0.8773
2.98826279 0.8644
3.00022559 0.8490
3.01038412 0.8311
3.01794319 0.8122
3.02249249 0.7931
3.02475392 0.7746
3.02519474 0.7586
3.02324960 0.7467
3.01847611 0.7409
3.01096591 0.7418
3.00104728 0.7483
2.98933047 0.7590
2.97689425 0.7726
2.96438824 0.7874
2.95257279 0.7938
2.95217287 0.8407
2.95314745 0.8354
2.95394799 0.8314
2.95435457 0.8298
2.95405323 0.8287
2.95284608 0.8257
2.95032738 0.8201
2.94737354 0.8159
2.94291714 0.8162
2.93834335 0.8249
2.93500637 0.8450
2.93379761 0.8751
2.93531515 0.9091
2.93880558 0.9405
2.94465376 0.9584
2.95274847 0.9539
2.96169224 0.9345
2.96997533 0.9152
2.97607621 0.9001
2.97966525 0.8870
2.98028798 0.8744
2.97817191 0.8609
2.97401565 0.8467
2.96939233 0.8334
2.96511621 0.8224
2.96190291 0.8132
2.96065829 0.8039
2.96149904 0.7939
2.96287275 0.7835
2.96502367 0.7754
2.96750196 0.7724
2.97097843 0.7777
2.97623781 0.7908
2.98184637 0.8078
2.98672469 0.8253
2.98875778 0.8435
2.98873912 0.8603
2.98621642 0.8743
2.98219254 0.8812
2.97728344 0.8773
2.97284025 0.8635
2.96913029 0.8453
2.96624654 0.8326
2.96413790 0.8297
2.96252148 0.8354
2.96099251 0.8453
2.95928215 0.8559
2.95781215 0.8636
2.95875786 0.8643
2.96665354 0.8512
2.98109321 0.8320
2.99702476 0.8166
3.01051691 0.8062
3.01879052 0.8017
3.02130737 0.8034
3.01858136 0.8112
3.01278866 0.8233
3.00449900 0.8367
2.99513528 0.8496
2.98482844 0.8605
2.97348089 0.8697
2.96062652 0.8772
2.94583229 0.8815
2.92978419 0.8752
2.92570361 0.8468
2.93946539 0.8599
2.95245700 0.8633
2.96300782 0.8616
2.97086391 0.8557
2.97707179 0.8471
2.98143947 0.8359
2.98346820 0.8235
2.98387580 0.8105
2.98187646 0.7987
2.97747904 0.7890
2.97172877 0.7810
2.96359354 0.7741
2.95504204 0.7690
2.94696004 0.7640
2.94033581 0.7612
2.93513243 0.7609
2.93193022 0.7630
2.93058906 0.7674
2.93069392 0.7725
2.93256864 0.7781
2.93716863 0.7870
2.94508231 0.8019
2.95480362 0.8203
2.96461602 0.8390
2.97200775 0.8541
2.97593914 0.8642
2.97666296 0.8693
2.97405256 0.8720
2.96855551 0.8738
2.96123840 0.8755
2.95202174 0.8784
2.94153072 0.8806
2.93115940 0.8783
2.92465430 0.8534
2.93546749 0.8335
2.95563259 0.8443
2.97421576 0.8505
2.98865246 0.8539
2.99903732 0.8535
3.00535081 0.8522
3.00820288 0.8501
3.00808265 0.8483
3.00577862 0.8458
3.00183894 0.8416
2.99608611 0.8364
2.98874162 0.8288
2.98055945 0.8041
2.98589132 0.8350
2.99722648 0.8449
3.00605244 0.8480
3.01258555 0.8523
3.01642658 0.8577
3.01976824 0.8646
3.02160090 0.8716
3.02070969 0.8775
3.01740057 0.8814
3.01196679 0.8823
3.00481550 0.8814
2.99665743 0.8785
2.98936658 0.8702
2.98510397 0.8537
2.98472416 0.8392
2.98581589 0.8286
2.98717943 0.8225
2.98822162 0.8260
2.98859234 0.8368
2.98753233 0.8500
2.98544316 0.8619
2.98182086 0.8722
2.97640504 0.8816
2.97035018 0.8919
2.96509844 0.9003
2.96441668 0.8755
2.97438536 0.8223
2.98870508 0.7977
3.00282397 0.7842
3.01590753 0.7773
3.02572394 0.7764
3.03032225 0.7808
3.03140116 0.7896
3.02917267 0.8023
3.02427500 0.8178
3.01699451 0.8336
3.00858865 0.8479
3.00055346 0.8578
2.99277841 0.8624
2.98563157 0.8625
2.97914617 0.8588
2.97412810 0.8519
2.97183639 0.8426
2.97743631 0.8607
2.98723920 0.8742
2.99720981 0.8839
3.00845618 0.8932
3.02027482 0.9021
3.03105895 0.9095
3.03906076 0.9145
3.04356139 0.9152
3.04513373 0.9112
3.04471310 0.9034
3.04380441 0.8932
3.04353188 0.8824
3.04471640 0.8709
3.04725178 0.8600
3.05035568 0.8490
3.05377885 0.8376
3.05505892 0.8267
3.05321549 0.8167
3.04767240 0.8072
3.03972648 0.7977
3.03247625 0.7876
3.02824012 0.7801
3.02901604 0.7796
3.03499326 0.7848
3.04534420 0.7898
3.05775986 0.7924
3.06979284 0.7922
3.08019608 0.7902
3.08751027 0.7887
3.08981431 0.7889
3.08684706 0.7916
3.07819001 0.7968
3.06602775 0.8039
3.05256532 0.8130
3.04084847 0.8214
3.03184754 0.8261
3.02605032 0.8244
3.02416946 0.8155
3.02412108 0.8039
3.02418361 0.7940
3.02193952 0.7878
3.01746567 0.7852
3.01089977 0.7849
3.00338944 0.7867
2.99615662 0.7898
2.99208170 0.7922
2.99108417 0.7929
2.99598165 0.7931
3.00562623 0.7955
3.01835355 0.7999
3.03127998 0.8053
3.04046155 0.8121
3.04353229 0.8182
3.04108706 0.8240
3.03349849 0.8281
3.02407822 0.8338
3.01451555 0.8457
3.00748236 0.8635
3.00234358 0.8813
2.99951138 0.8950
2.99527303 0.8974
2.98827888 0.8923
2.97867486 0.8730
2.97308700 0.8503
2.97039812 0.8466
2.97016889 0.8395
2.97243908 0.8291
2.97658930 0.8176
2.98075693 0.8065
2.98517405 0.7962
2.98844119 0.7866
2.98923248 0.7782
2.98678071 0.7712
2.97980083 0.7660
2.96914655 0.7597
2.95550270 0.7516
2.94029559 0.7455
2.92579664 0.7465
2.93149300 0.8428
2.94279778 0.8031
2.95246567 0.7521
2.96060211 0.7049
2.96565142 0.6715
2.96760023 0.6553
2.96591897 0.6518
2.96059202 0.6558
2.95311459 0.6608
2.94506712 0.6631
2.93756419 0.6596
2.93211576 0.6493
2.93167662 0.6352
2.93720228 0.6267
2.94763643 0.6277
2.96124145 0.6355
2.97396280 0.6477
2.98284314 0.6629
2.98656073 0.6787
2.98356005 0.6958
2.97551194 0.7102
2.96470511 0.7173
2.95337929 0.7131
2.94450734 0.6892
2.93976352 0.6543
2.93993967 0.6402
2.94280807 0.6425
2.94492847 0.6481
2.94556070 0.6547
2.94412772 0.6612
2.94009736 0.6674
2.93214023 0.6740
2.92105969 0.6806
2.90714172 0.6881
2.89207545 0.6965
2.87712116 0.7221
2.87151521 0.8165
2.87356386 0.8129
2.87892154 0.8046
2.88632397 0.8013
2.89426600 0.8022
2.90165744 0.8050
2.90684500 0.8068
2.90947058 0.8062
2.90932759 0.8025
2.90805078 0.7925
2.90789339 0.7726
2.91439558 0.7439
2.93153473 0.7266
2.95499853 0.7226
2.97798580 0.7213
2.99693392 0.7199
3.01033966 0.7202
3.01665968 0.7233
3.01706897 0.7303
3.01124687 0.7417
3.00151055 0.7570
2.98917521 0.7736
2.97557448 0.7900
2.96182745 0.8034
2.94905054 0.8121
2.93777370 0.8147
2.94199632 0.8688
2.95759988 0.8817
2.97021395 0.8883
2.97885443 0.8920
2.98344050 0.8943
2.98532772 0.8968
2.98675197 0.9014
2.98957686 0.9081
2.99515996 0.9169
3.00231414 0.9262
3.00919167 0.9344
3.01517643 0.9378
3.01872423 0.9334
3.01974859 0.9123
3.02277173 0.8339
3.02928039 0.8202
3.03383016 0.8347
3.03540142 0.8518
3.03481522 0.8680
3.03232447 0.8820
3.02867814 0.8932
3.02451181 0.9002
3.02050745 0.9002
3.01743951 0.8911
3.01646767 0.8730
3.01867531 0.8525
3.02412321 0.8345
3.03167272 0.8180
3.04018417 0.8040
3.04928575 0.7922
3.05737157 0.7811
3.06284173 0.7721
3.06532288 0.7658
3.06408521 0.7628
3.05975727 0.7640
3.05250685 0.7697
3.04311229 0.7787
3.03322865 0.7905
3.02499044 0.8059
3.02083638 0.8296
3.02202799 0.8624
3.02719986 0.8905
3.03122853 0.9070
3.03143030 0.9144
3.02629038 0.9128
3.01667404 0.9009
3.00611309 0.8729
2.99940681 0.8243
2.99917786 0.7776
3.00343169 0.7555
3.00780148 0.7509
3.01089074 0.7563
3.01133275 0.7684
3.00885319 0.7860
3.00349777 0.8060
2.99616621 0.8262
2.98833762 0.8444
2.98209182 0.8561
2.97946138 0.8541
2.97983518 0.8378
2.98196025 0.8159
2.98490123 0.7988
2.98636427 0.7905
2.98767571 0.7889
2.99036195 0.7913
2.99511146 0.7952
3.00412358 0.7959
3.01914175 0.7894
3.04036353 0.7749
3.06473334 0.7550
3.08771672 0.7336
3.10521181 0.7148
3.11580671 0.7010
3.11949769 0.6951
3.11573270 0.6980
3.10533824 0.7091
3.08947274 0.7265
3.06989500 0.7480
3.04801508 0.7696
3.02659339 0.7874
3.00786597 0.7956
3.01149734 0.8631
3.02403619 0.8570
3.03382565 0.8501
3.03812706 0.8481
3.03473679 0.8497
3.02351901 0.8554
3.00615971 0.8654
2.98713460 0.8156
2.99571772 0.7749
3.01202922 0.7566
3.03156231 0.7315
3.05185388 0.7059
3.07050739 0.6825
3.08588524 0.6649
3.09750331 0.6559
3.10256903 0.6566
3.10043795 0.6661
3.09014400 0.6831
3.07208620 0.7047
3.04737162 0.7270
3.01976034 0.7463
2.99236405 0.7607
2.96699871 0.7688
2.94604273 0.7715
2.92976976 0.7674
2.91820166 0.7587
2.90971082 0.7498
2.90416475 0.7447
2.90118798 0.7431
2.90119908 0.7434
2.90496040 0.7443
2.91255587 0.7452
2.92332060 0.7460
2.93548220 0.7448
2.94794547 0.7446
2.95972349 0.7447
2.96924210 0.7464
2.97580084 0.7511
2.97775515 0.7598
2.97537240 0.7720
2.96943431 0.7875
2.96122287 0.8043
2.95309579 0.8150
2.94843394 0.8074
2.95771402 0.8313
2.97676766 0.8378
2.99905254 0.8283
3.01989391 0.8129
3.03708869 0.7953
3.04899750 0.7767
3.05422175 0.7583
3.05280438 0.7410
3.04517473 0.7269
3.03239407 0.7181
3.01581994 0.7151
2.99801757 0.7180
2.98022152 0.7262
2.96326980 0.7380
2.94841043 0.7509
2.93650663 0.7626
2.92790838 0.7734
2.92168018 0.7841
2.91758638 0.7938
2.91449808 0.8019
2.91236078 0.8043
2.91141018 0.7959
2.91382285 0.7791
2.92282364 0.7688
2.93670790 0.7693
2.95166445 0.7718
2.96370249 0.7722
2.97081924 0.7691
2.97343366 0.7622
2.97283262 0.7525
2.97186185 0.7412
2.97335358 0.7331
2.97942244 0.7351
2.98945864 0.7450
3.00165124 0.7573
3.01287829 0.7705
3.02131082 0.7840
3.02564217 0.7980
3.02540701 0.8120
3.02179976 0.8267
3.01547283 0.8411
3.00806054 0.8546
3.00097412 0.8637
2.99637018 0.8594
2.99869348 0.8279
3.01211713 0.7972
3.02979894 0.7816
3.04520067 0.7730
3.05479784 0.7687
3.05737034 0.7687
3.05376160 0.7720
3.04512504 0.7780
3.03370093 0.7878
3.02282312 0.7999
3.01679383 0.8158
3.01770183 0.8318
3.02251627 0.8431
3.02736588 0.8507
3.03110511 0.8568
3.03302308 0.8616
3.03225719 0.8647
3.02924170 0.8623
3.02637417 0.8507
3.02512628 0.8258
3.02669001 0.7885
3.03313946 0.7493
3.04255974 0.7212
3.05200870 0.7068
3.05758292 0.7043
3.05715253 0.7105
3.05012755 0.7228
3.03729916 0.7406
3.01986125 0.7630
3.00146813 0.7917
2.98744829 0.8372
2.98861054 0.8807
3.00237393 0.8745
3.01691378 0.8674
3.02872205 0.8650
3.03644881 0.8672
3.03962900 0.8748
3.03871054 0.8873
3.03403600 0.9040
3.02662121 0.9206
3.01891591 0.9179
3.02331745 0.8003
3.04234559 0.7492
3.06353933 0.7264
3.08265097 0.7126
3.09599083 0.7069
3.10060902 0.7096
3.09665605 0.7196
3.08538143 0.7374
3.07012030 0.7629
3.05644029 0.7973
3.05209066 0.8334
3.05911914 0.8493
3.07143322 0.8476
3.08395163 0.8410
3.09322512 0.8357
3.09668473 0.8346
3.09431704 0.8377
3.08778122 0.8433
3.07968769 0.8488
3.07209560 0.8489
3.06579846 0.8375
3.06340670 0.8147
3.06696200 0.7875
3.07464246 0.7641
3.08327863 0.7480
3.08836515 0.7395
3.08601069 0.7371
3.07575264 0.7399
3.05772593 0.7440
3.03357666 0.7458
3.01273252 0.7769
3.01100627 0.8655
3.01657571 0.8807
3.02345899 0.8737
3.03036231 0.8594
3.03583202 0.8430
3.03967125 0.8265
3.04042361 0.8132
3.03802401 0.8051
3.03190445 0.8029
3.02243766 0.8059
3.01051481 0.8129
2.99800235 0.8186
2.98813356 0.7958
2.99440331 0.8283
3.00504848 0.8344
3.01449146 0.8331
3.02012328 0.8292
3.02050181 0.8248
3.01666713 0.8212
3.00888849 0.8185
2.99928700 0.8178
2.98922697 0.8159
2.97998494 0.8087
2.97332797 0.7939
2.96986414 0.7741
2.97041464 0.7598
2.97297261 0.7525
2.97670766 0.7494
2.98197811 0.7483
2.98793046 0.7493
2.99409966 0.7524
2.99971322 0.7583
3.00404680 0.7652
3.00677458 0.7730
3.00708864 0.7812
3.00392040 0.7877
2.99881033 0.7900
2.99206250 0.7857
2.98561336 0.7726
2.98327970 0.7537
2.98608517 0.7409
2.99287184 0.7357
3.00142991 0.7312
3.00983355 0.7237
3.01750764 0.7145
3.02263799 0.7059
3.02373136 0.7002
3.01980794 0.6982
3.01218776 0.6989
3.00136357 0.7029
2.98707048 0.7114
2.97149764 0.7239
2.95613742 0.7405
2.94181824 0.7598
2.92973892 0.8013
2.93575122 0.9760
2.94641922 0.9618
2.95772069 0.9459
2.96861380 0.9312
2.97698030 0.9199
2.98196672 0.9110
2.98168215 0.9057
2.97732690 0.9016
2.97049565 0.8950
2.96320015 0.8756
2.95809504 0.8318
2.95833297 0.7636
2.96379516 0.6977
2.97083182 0.6514
2.97644048 0.6227
2.97744787 0.6062
2.97239179 0.6004
2.96169916 0.6052
2.94764854 0.6206
2.93275727 0.6446
2.91862362 0.6748
2.90647465 0.7094
2.89824688 0.7606
2.90104046 0.8884
2.91657534 0.9401
2.93383948 0.9389
2.94861510 0.9314
2.95797620 0.9257
2.96130972 0.9241
2.95944662 0.9268
2.95495791 0.9269
2.95256083 0.8910
2.95900619 0.8035
2.96973478 0.7547
2.97903934 0.7255
2.98517202 0.7016
2.98706385 0.6832
2.98494614 0.6723
2.97958842 0.6714
2.97276728 0.6854
2.96603907 0.7388
2.96616522 0.8825
2.97547548 0.9600
2.98836487 0.9674
3.00225017 0.9560
3.01538513 0.9395
3.02541262 0.9230
3.02953971 0.9084
3.02759186 0.8984
3.01991579 0.8935
3.00715742 0.8938
2.99068346 0.8994
2.98530158 0.7755
2.99810660 0.7536
3.00714804 0.7378
3.01178652 0.7200
3.01124249 0.6996
3.00609096 0.6786
2.99853856 0.6593
2.99013285 0.6446
2.98272371 0.6364
2.97591772 0.6386
2.97016465 0.6576
2.96799030 0.6971
2.97166255 0.7427
2.97954252 0.7765
2.98998087 0.7921
3.00027230 0.7956
3.00904752 0.7907
3.01468908 0.7773
3.01551136 0.7552
3.01279068 0.7263
3.00849050 0.6932
3.00301793 0.6649
2.99547962 0.6456
2.98547996 0.6324
2.97249450 0.6226
2.95840088 0.6222
2.94753209 0.6538
2.94304893 0.7260
2.94433577 0.7952
2.94749405 0.8418
2.95027741 0.8755
2.95116192 0.9032
2.95066280 0.9295
2.94972603 0.9515
2.94861150 0.9668
2.94734879 0.9737
2.94559435 0.9741
2.94301622 0.9641
2.93937469 0.9238
2.94015707 0.7110
2.95388243 0.5920
2.96696169 0.5878
2.97428592 0.5967
2.97501875 0.6090
2.97047387 0.6237
2.96210139 0.6442
2.95349583 0.6849
2.94910351 0.7680
2.95178790 0.8644
2.95932276 0.9214
2.96868541 0.9497
2.97726702 0.9617
2.98459756 0.9630
2.99004564 0.9554
2.99360394 0.9396
2.99527272 0.9190
2.99476172 0.8969
2.99184959 0.8701
2.98722207 0.8335
2.98182653 0.7822
2.97682379 0.7158
2.97349638 0.6676
2.97032316 0.6635
2.96480519 0.6871
2.95648353 0.7237
2.94700169 0.7731
2.93910791 0.8367
2.93642243 0.8876
2.93812713 0.9056
2.94071597 0.9095
2.94299439 0.9109
2.94359437 0.9129
2.94223355 0.9149
2.93969469 0.9146
2.93651881 0.9065
2.93498992 0.8772
2.93756399 0.8251
2.94372076 0.7694
2.95307356 0.7252
2.96346746 0.6960
2.97346657 0.6819
2.98152273 0.6806
2.98496235 0.6914
2.98158237 0.7138
2.97258689 0.7466
2.96122861 0.7875
2.95260277 0.8255
2.94961998 0.8437
2.95045210 0.8438
2.95251756 0.8376
2.95361340 0.8331
2.95401600 0.8334
2.95244850 0.8397
2.94792252 0.8534
2.94097549 0.8738
2.93149301 0.8973
2.92202119 0.9004
2.93361020 0.7458
2.96267533 0.6818
2.99384071 0.6353
3.02448040 0.5959
3.04995158 0.5648
3.06690225 0.5433
3.07262779 0.5325
3.06536506 0.5324
3.04611183 0.5444
3.02019969 0.5696
2.99315976 0.6112
2.97370544 0.6620
2.96530969 0.7006
2.96486405 0.7170
2.96711608 0.7181
2.96794322 0.7124
2.96626963 0.7074
2.95998530 0.7048
2.95129534 0.7045
2.94049685 0.7030
2.93155304 0.6963
2.93002218 0.6881
2.94064500 0.6862
2.95873673 0.6792
2.97847780 0.6670
2.99626033 0.6538
3.00837957 0.6417
3.01122890 0.6325
3.00368956 0.6282
2.98609464 0.6297
2.96139358 0.6368
2.93314797 0.6504
2.90546994 0.6737
2.88517773 0.7420
2.88350084 0.8958
2.89333787 0.9263
2.90493177 0.9187
2.91604996 0.9033
2.92591281 0.8858
2.93386783 0.8695
2.93841335 0.8559
2.94043209 0.8475
2.94174598 0.8462
2.95300940 0.8470
2.96269347 0.8444
2.97125771 0.8407
2.97792038 0.8356
2.98139679 0.8293
2.97995710 0.8214
2.97342729 0.8120
2.96237179 0.8038
2.94830986 0.8003
2.93402205 0.8075
2.92258459 0.8370
2.91639485 0.8711
2.91918110 0.7499
2.93556192 0.7529
2.95782709 0.7505
2.98135104 0.7533
3.00333551 0.7588
3.02021709 0.7669
3.03145803 0.7767
3.03577507 0.7887
3.03403921 0.8033
3.02771588 0.8212
3.01758941 0.8420
3.00579490 0.8644
2.99299191 0.8828
2.97919209 0.8833
2.97600493 0.8084
2.98537328 0.8243
2.99444368 0.8344
3.00211126 0.8456
3.00651288 0.8566
3.00815594 0.8673
3.00685297 0.8761
3.00384018 0.8836
3.00037427 0.8910
2.99851492 0.8995
3.00033342 0.9065
3.01155873 0.8737
3.03063269 0.8274
3.04818260 0.8052
3.06045439 0.7970
3.06609636 0.7994
3.06606951 0.8094
3.06028282 0.8263
3.04971801 0.8455
3.03561552 0.8623
3.01924589 0.8712
3.00257163 0.8654
2.99093602 0.8412
2.98994847 0.8224
2.99736596 0.8165
3.00664690 0.8112
3.01344613 0.8052
3.01605692 0.7995
3.01468383 0.7948
3.00967238 0.7939
3.00307746 0.7964
2.99524010 0.8024
2.98675645 0.8117
2.97831687 0.8181
2.97286543 0.7881
2.97993246 0.7994
2.98550529 0.8013
2.98752541 0.8074
2.98613411 0.8178
2.98232352 0.8274
2.97885009 0.8280
2.98010867 0.8160
2.98902206 0.8020
3.00410874 0.7899
3.02257114 0.7766
3.04048164 0.7608
3.05478274 0.7436
3.06245632 0.7283
3.06415975 0.7155
3.06041011 0.7070
3.05282957 0.7045
3.04358163 0.7081
3.03500485 0.7176
3.02841122 0.7324
3.02456420 0.7524
3.02355705 0.7762
3.02440112 0.7970
3.02459259 0.8120
3.02223805 0.8230
3.01575551 0.8341
3.00374402 0.8479
2.98759055 0.8672
2.96928929 0.9134
2.96748608 0.9214
2.97732067 0.8906
2.98841254 0.8630
2.99752633 0.8365
3.00270295 0.8136
3.00301441 0.7969
2.99823039 0.7890
2.98794239 0.7934
2.97366145 0.8105
2.95833085 0.8397
2.94407239 0.8821
2.93449569 0.9280
2.93505561 0.9296
2.94523708 0.8862
2.95776618 0.8491
2.96914287 0.8249
2.97791635 0.8089
2.98404539 0.8003
2.98850319 0.7973
2.99314546 0.7972
2.99860525 0.7985
3.00515090 0.8002
3.01131273 0.8011
3.01525157 0.8003
3.01562584 0.7979
3.01137192 0.7935
3.00241210 0.7891
2.98959914 0.7834
2.97485116 0.7736
2.96318666 0.8353
2.96571708 0.9293
2.96918813 0.9400
2.97301565 0.9432
2.97720582 0.9404
2.98097143 0.9319
2.98372081 0.9119
2.98715499 0.8730
2.99410811 0.8401
3.00375449 0.8300
3.01304532 0.8261
3.02069472 0.8214
3.02645342 0.8145
3.02945151 0.8052
3.02996006 0.7945
3.02687811 0.7836
3.01879884 0.7730
3.00636584 0.7644
2.98964404 0.7583
2.96904887 0.7588
2.94569489 0.7759
2.92368600 0.8534
2.91409790 0.9540
2.91505760 0.9368
2.91962941 0.9115
2.92740231 0.8880
2.93660221 0.8658
2.94493120 0.8453
2.95202087 0.8267
2.95786879 0.8089
2.96324835 0.7936
2.96924020 0.7823
2.97593623 0.7757
2.98374580 0.7731
2.99120165 0.7731
2.99814924 0.7748
3.00471865 0.7782
3.01119815 0.7839
3.01637032 0.7899
3.02079918 0.7945
3.02525427 0.8031
3.03281973 0.8315
3.04164745 0.8571
3.04714396 0.8615
3.04986145 0.8480
3.05273399 0.8247
3.05632930 0.8021
3.06090611 0.7857
3.06449171 0.7765
3.06599996 0.7735
3.06450275 0.7750
3.06158510 0.7801
3.05861146 0.7874
3.05729812 0.7938
3.05660792 0.7969
3.05430439 0.7963
3.04862581 0.7941
3.03947345 0.7921
3.02682992 0.7918
3.01144692 0.7941
2.99486696 0.7993
2.97915028 0.8110
2.97295193 0.8600
2.98152080 0.8968
2.99015743 0.9147
2.99508154 0.9259
2.99742017 0.9279
2.99979138 0.9192
3.00395463 0.9020
3.00891900 0.8821
3.01229874 0.8649
3.01118776 0.8551
3.00459436 0.8539
2.99261412 0.8612
2.97866407 0.8817
2.96744826 0.9168
2.96685063 0.9317
2.97686747 0.9124
2.99254813 0.8883
3.01048734 0.8667
3.02939068 0.8481
3.04707357 0.8343
3.06080403 0.8255
3.06903763 0.8231
3.07092205 0.8262
3.06562971 0.8328
3.05449574 0.8393
3.04018062 0.8388
3.02789999 0.8243
3.02234361 0.7971
3.02489659 0.7678
3.03136397 0.7419
3.03827706 0.7194
3.04385976 0.7001
3.04612349 0.6840
3.04455271 0.6718
3.03795163 0.6637
3.02623712 0.6600
3.00895242 0.6606
2.98669044 0.6656
2.96169923 0.6790
2.93704546 0.7139
2.91861224 0.8161
2.91575940 0.9104
2.91868274 0.9235
2.92277630 0.9216
2.92501554 0.9172
2.92578515 0.9119
2.92630581 0.8999
2.93080330 0.8683
2.94189139 0.8221
2.95780738 0.7867
2.97456932 0.7669
2.99030165 0.7570
3.00356911 0.7536
3.01458936 0.7546
3.02323638 0.7583
3.02835432 0.7632
3.02769617 0.7689
3.02201817 0.7739
3.01250203 0.7772
2.99945215 0.7792
2.98556101 0.7778
2.97341521 0.7705
2.96646830 0.7541
2.96877136 0.7496
2.97951695 0.7565
2.99496059 0.7589
3.01242646 0.7563
3.02994647 0.7511
3.04504527 0.7449
3.05591630 0.7389
3.06111756 0.7343
3.05995280 0.7317
3.05243691 0.7308
3.03946019 0.7319
3.02281889 0.7347
3.00419902 0.7395
2.98514479 0.7494
2.96777558 0.7886
2.95735637 0.8794
2.95319875 0.9085
2.95095015 0.9143
2.94913034 0.9185
2.94860182 0.9210
2.94968761 0.9197
2.95367367 0.9100
2.96036057 0.8843
2.97111054 0.8443
2.98538336 0.8064
3.00178174 0.7839
3.01615805 0.7725
3.02581094 0.7675
3.03085526 0.7673
3.03131690 0.7719
3.02672387 0.7777
3.01868113 0.7800
3.00915382 0.7646
3.00861134 0.7855
3.02285644 0.8355
3.03889886 0.8493
3.05162996 0.8567
3.05781164 0.8655
3.05611810 0.8764
3.04781436 0.8893
3.03409939 0.9025
3.01701552 0.9157
2.99962531 0.9263
2.98432554 0.9302
2.97520770 0.9000
2.98172169 0.8089
2.99762809 0.7641
3.01283228 0.7432
3.02295523 0.7315
3.02620164 0.7248
3.02254555 0.7226
3.01213194 0.7237
2.99714375 0.7260
2.98041470 0.7283
2.96322089 0.7299
2.94750585 0.7334
2.93627949 0.7540
2.93192006 0.7956
2.93158075 0.8238
2.93097413 0.8362
2.92834337 0.8397
2.92422275 0.8310
2.92018572 0.7912
2.92373521 0.7026
2.94120551 0.7121
2.96353611 0.7245
2.98706625 0.7345
3.00943053 0.7443
3.02811761 0.7562
3.04172177 0.7700
3.04953969 0.7848
3.05243403 0.8001
3.05131434 0.8161
3.04746443 0.8317
3.04230620 0.8459
3.03606254 0.8586
3.02970081 0.8708
3.02295555 0.8870
3.01794247 0.9173
3.01775615 0.9347
3.02038643 0.9150
3.02390140 0.8852
3.03014614 0.8518
3.03968249 0.8202
3.05142048 0.7926
3.06293671 0.7692
3.07063033 0.7500
3.07073228 0.7348
3.06335348 0.7242
3.05064574 0.7177
3.03308346 0.7161
3.01398647 0.7203
2.99581961 0.7377
2.98137750 0.7841
2.97083080 0.8338
2.96295653 0.8245
2.95792848 0.7612
2.95642422 0.7227
2.95683326 0.7133
2.95812585 0.7090
2.96132192 0.7056
2.96788240 0.7015
2.97995462 0.6944
2.99785604 0.6851
3.02037861 0.6760
3.04664242 0.6670
3.07288026 0.6585
3.09630394 0.6509
3.11380480 0.6446
3.12424990 0.6398
3.12770321 0.6372
3.12365248 0.6362
3.11406682 0.6373
3.10204151 0.6402
3.09032920 0.6451
3.08199623 0.6510
3.07772641 0.6574
3.07609764 0.6626
3.07367723 0.6672
3.06836802 0.6701
3.05866675 0.6719
3.04436418 0.6733
3.02686921 0.6748
3.00902749 0.6764
2.99365357 0.6768
2.98300526 0.6764
2.97574738 0.6769
2.97070507 0.6799
2.96629611 0.6856
2.96153468 0.6937
2.95538898 0.7064
2.94767712 0.7231
2.93912772 0.7413
2.92958103 0.7569
2.91855717 0.7667
2.90697800 0.7659
2.89609378 0.7526
2.88838655 0.7207
2.88760243 0.6701
2.89674584 0.6272
2.91282942 0.6051
2.93243615 0.5959
2.95226461 0.5928
2.97055254 0.5933
2.98727315 0.5960
3.00294365 0.6013
3.01800813 0.6101
3.03161093 0.6222
3.04101409 0.6373
3.04427980 0.6540
3.03972684 0.6713
3.02754279 0.6887
3.01043921 0.7057
2.99066031 0.7225
2.97159875 0.7405
2.95659660 0.7595
2.94760240 0.7771
2.94409399 0.7906
2.94458528 0.7960
2.94733671 0.7947
2.95181571 0.7881
2.95755568 0.7769
2.96475808 0.7642
2.97200099 0.7531
2.97845549 0.7451
2.98375110 0.7407
2.98774855 0.7398
2.99016601 0.7414
2.99137181 0.7451
2.98951075 0.7508
2.98350924 0.7586
2.97411469 0.7682
2.96107234 0.7799
2.94584520 0.7948
2.93135711 0.8177
2.92138969 0.8667
2.92165473 0.8969
2.92579243 0.8846
2.92842820 0.8781
2.92684064 0.8797
2.92316490 0.8869
2.92760079 0.8120
2.93960204 0.7762
2.95437813 0.7539
2.97075780 0.7331
2.98816175 0.7136
3.00592506 0.6958
3.02219523 0.6818
3.03554631 0.6724
3.04552102 0.6688
3.05013074 0.6704
3.04792707 0.6775
3.03864926 0.6894
3.02397347 0.7048
3.00608988 0.7228
2.98911223 0.7417
2.97613233 0.7590
2.96694362 0.7727
2.96168223 0.7816
2.96022490 0.7865
2.96103775 0.7899
2.96375806 0.7923
2.96751269 0.7935
2.97209526 0.7927
2.97823245 0.7875
2.98550484 0.7776
2.99421491 0.7619
3.00527554 0.7399
3.01685183 0.7141
3.02961301 0.6860
3.04119294 0.6582
3.05133170 0.6347
3.05782425 0.6183
3.06001668 0.6093
3.05609981 0.6072
3.04527194 0.6117
3.02936008 0.6210
3.01161662 0.6333
2.99390851 0.6467
2.97689782 0.6604
2.96228646 0.6762
2.95323127 0.6962
2.95284544 0.7237
2.96217311 0.7426
2.97570151 0.7467
2.98897644 0.7473
3.00060245 0.7496
3.00883534 0.7563
3.01370076 0.7687
3.01565972 0.7859
3.01443080 0.8078
3.01132356 0.8321
3.00744273 0.8559
3.00445024 0.8723
3.01169904 0.8556
3.03215296 0.8463
3.05516013 0.8380
3.07720564 0.8285
3.09606515 0.8197
3.11038845 0.8115
3.12059619 0.8041
3.12653627 0.7987
3.12746125 0.7962
3.12347833 0.7972
3.11538206 0.8030
3.10347343 0.8127
3.08867884 0.8243
3.07301205 0.8347
3.05712731 0.8406
3.04086709 0.8410
3.02427711 0.8369
3.00842048 0.8310
2.99542399 0.8304
2.99468460 0.8416
3.00058553 0.8369
3.00760609 0.8276
3.01556366 0.8154
3.02428821 0.7992
3.03337500 0.7810
3.04251678 0.7597
3.05197962 0.7396
3.06148940 0.7235
3.07073652 0.7132
3.07784598 0.7103
3.08020669 0.7147
3.07773891 0.7247
3.07169952 0.7394
3.06335101 0.7562
3.05214601 0.7739
3.03830174 0.7913
3.02316585 0.8063
3.00788833 0.8188
2.99388212 0.8320
2.98991217 0.8668
2.99790629 0.8607
3.00605861 0.8502
3.01230896 0.8421
3.01585950 0.8360
3.01558741 0.8325
3.01295051 0.8289
3.00968075 0.8201
3.00917219 0.8031
3.01594438 0.7948
3.02559876 0.7888
3.03331387 0.7820
3.03689187 0.7772
3.03569614 0.7762
3.02970923 0.7803
3.02059990 0.7894
3.00838434 0.8017
2.99393799 0.8159
2.97888873 0.8324
2.96608755 0.8595
2.96552290 0.8782
2.97442607 0.8640
2.98692561 0.8481
3.00121749 0.8338
3.01604368 0.8208
3.03018168 0.8094
3.04115033 0.7990
3.04831741 0.7908
3.05067618 0.7853
3.04843095 0.7837
3.04197716 0.7866
3.03407806 0.7949
3.02523255 0.8081
3.01783555 0.8244
3.01339061 0.8419
3.01209354 0.8555
3.01155984 0.8631
3.01149851 0.8657
3.01169082 0.8640
3.01324456 0.8602
3.01647605 0.8550
3.02010744 0.8480
3.02417082 0.8409
3.02669894 0.8337
3.02690478 0.8270
3.02361007 0.8198
3.01623764 0.8118
3.00468972 0.8040
2.99019872 0.7968
2.97588799 0.7962
2.96797053 0.8281
2.97251344 0.8788
2.98180229 0.8941
2.99008027 0.8965
2.99548456 0.8964
2.99756845 0.8972
2.99676230 0.8996
2.99356128 0.9033
2.98777789 0.9070
2.97917693 0.9087
2.96762026 0.9064
2.95483092 0.8986
2.94213803 0.8806
2.93384472 0.8494
2.93302444 0.8131
2.93986041 0.7839
2.94930480 0.7652
2.95871322 0.7515
2.96430690 0.7404
2.96591828 0.7325
2.96417401 0.7289
2.96046892 0.7297
2.95647337 0.7370
2.95350153 0.7512
2.95300131 0.7717
2.95475573 0.7950
2.95661209 0.8178
2.95927574 0.8369
2.96250041 0.8509
2.96712091 0.8587
2.97240190 0.8604
2.97794888 0.8569
2.98314762 0.8512
2.98776509 0.8448
2.99185384 0.8405
2.99518433 0.8391
2.99828370 0.8390
3.00012867 0.8379
3.00057750 0.8349
3.00024497 0.8318
2.99966962 0.8376
2.99954803 0.8610
3.00045635 0.8882
3.00030635 0.9079
2.99801645 0.9217
2.99256872 0.9311
2.98375146 0.9369
2.97132643 0.9399
2.95703506 0.9386
2.94269205 0.9318
2.92948920 0.9169
2.91830447 0.8930
2.90988022 0.8601
2.90352425 0.8226
2.90083041 0.7932
2.90338613 0.7887
2.90832986 0.7959
2.91559812 0.8070
2.92236779 0.8199
2.92664729 0.8394
2.93773444 0.8144
2.96032025 0.7963
2.98419717 0.7932
3.00665085 0.7966
3.02579417 0.8055
3.03855477 0.8186
3.04576665 0.8346
3.04823756 0.8499
3.04806565 0.8585
3.04853526 0.8547
3.05207820 0.8351
3.05885638 0.8069
3.06632713 0.7771
3.07223864 0.7498
3.07550288 0.7281
3.07532339 0.7138
3.07331976 0.7097
3.07074313 0.7201
3.06989560 0.7495
3.07136914 0.7959
3.07427175 0.8445
3.07757659 0.8784
3.07888030 0.8975
3.07568317 0.9054
3.06710341 0.9084
3.05303742 0.9109
3.03343438 0.9181
3.00989712 0.9332
2.98572502 0.9555
2.97475152 0.8843
2.98153702 0.8137
2.99380362 0.7781
3.00689089 0.7475
3.01845884 0.7174
3.02611216 0.6916
3.02821874 0.6703
3.02488204 0.6560
3.01706714 0.6496
3.00677280 0.6494
2.99695299 0.6542
2.98904384 0.6634
2.98389582 0.6781
2.98343808 0.6970
2.98767581 0.7136
2.99411927 0.7218
3.00096417 0.7230
3.00579784 0.7225
3.00920261 0.7229
3.00936050 0.7264
3.00635357 0.7337
3.00074607 0.7462
2.99279979 0.7628
2.98455106 0.8913
3.00468496 0.8885
3.02222053 0.8678
3.03583328 0.8478
3.04458660 0.8301
3.04818357 0.8157
3.04578965 0.8057
3.03783480 0.7992
3.02555211 0.7928
3.01017897 0.7820
2.99354436 0.7553
2.97864951 0.7441
2.96712341 0.7803
2.95517317 0.7820
2.94320297 0.7578
2.93384642 0.7230
2.93101307 0.7023
2.93448354 0.7006
2.94284901 0.7067
2.95308596 0.7131
2.96365796 0.7175
2.97386336 0.7198
2.98288764 0.7188
2.99021246 0.7155
2.99575179 0.7133
3.00050807 0.7180
3.00710251 0.7399
3.01754851 0.7738
3.02991893 0.8018
3.04150028 0.8217
3.04895062 0.8371
3.05198648 0.8530
3.04952310 0.8710
3.04194584 0.8911
3.02938575 0.9112
3.01264476 0.9281
2.99361392 0.9378
2.97438629 0.9269
2.95921349 0.8685
2.95454729 0.7626
2.96239476 0.6971
2.97573103 0.6716
2.98867957 0.6577
2.99917532 0.6477
3.00568286 0.6410
3.00793060 0.6380
3.00651648 0.6388
3.00213912 0.6437
2.99672669 0.6518
2.99094292 0.6619
2.98594892 0.6760
2.98262976 0.6970
2.98228897 0.7226
2.98381791 0.7428
2.98588753 0.7528
2.98846216 0.7519
2.99255923 0.7419
2.99778350 0.7253
3.00378601 0.7051
3.00915049 0.6866
3.01306554 0.6708
3.01530266 0.6565
3.01582065 0.6451
3.01395958 0.6368
3.00902222 0.6315
3.00065030 0.6296
2.99000938 0.6328
2.97790687 0.6409
2.96531905 0.6590
2.96425206 0.9365
2.97573476 0.9596
2.99024797 0.9546
3.00667956 0.9443
3.02296682 0.9327
3.03723365 0.9215
3.04840517 0.9108
3.05643645 0.8982
3.06281208 0.8797
3.06950590 0.8501
3.07885602 0.8109
3.08994800 0.7782
3.10026594 0.7615
3.10727576 0.7558
3.11041669 0.7547
3.10867002 0.7539
3.10332736 0.7533
3.09439315 0.7533
3.08277923 0.7547
3.06938761 0.7571
3.05450869 0.7609
3.03984814 0.7641
3.02651982 0.7657
3.01691792 0.7651
3.01253935 0.7630
3.01265503 0.7582
3.01630189 0.7481
3.02232497 0.7351
3.03143400 0.7214
3.04344356 0.7105
3.05669622 0.7045
3.06817055 0.7038
3.07435185 0.7061
3.07087495 0.7108
3.05874132 0.7159
3.03860710 0.7226
3.01453682 0.7342
2.99319002 0.7566
2.98044919 0.7915
2.97706856 0.8236
2.97988419 0.8467
2.98579976 0.8634
2.99358395 0.8778
3.00268998 0.8906
3.01226418 0.9021
3.02099041 0.9118
3.02766622 0.9191
3.03129190 0.9238
3.03222655 0.9206
3.03416592 0.8961
3.04525094 0.8353
3.07068627 0.7834
3.10142680 0.7583
3.12700323 0.7434
3.14383839 0.7310
3.14999437 0.7210
3.14529994 0.7147
3.13208186 0.7127
3.11305096 0.7176
3.09149708 0.7298
3.07090825 0.7543
3.05302065 0.7969
3.04044999 0.8617
3.03493426 0.9207
3.03350904 0.9457
3.03269215 0.9490
3.03065898 0.9416
3.02582481 0.9306
3.01692444 0.9187
3.00467388 0.9066
2.99008472 0.8898
2.97688359 0.8537
2.97145793 0.7875
2.97487028 0.7380
2.97929367 0.7137
2.97808700 0.6990
2.96930385 0.6875
2.95265390 0.6802
2.93163219 0.6765
2.91204145 0.6782
2.89688470 0.6864
2.88727951 0.6993
2.88242747 0.7148
2.88233196 0.7288
2.88530038 0.7338
2.89740960 0.9319
2.91748912 0.9391
2.93812581 0.9318
2.95767392 0.9236
2.97450956 0.9095
2.98939325 0.8868
3.00197749 0.8536
3.01312839 0.8147
3.02353251 0.7887
3.02953551 0.7805
3.02944775 0.7795
3.02180749 0.7806
3.00767269 0.7810
2.98775241 0.7820
2.96865007 0.9575
2.96831559 0.9592
2.96772588 0.9660
2.96521580 0.9738
2.96075331 0.9820
2.95480554 0.9885
2.94764640 0.9940
2.94027573 0.9986
2.93325156 1.0027
2.92629886 1.0070
2.91969338 1.0131
2.93165131 0.6179
2.95205517 0.5927
2.96948765 0.5824
2.98305298 0.5807
2.99141370 0.5875
2.99400323 0.6024
2.99104781 0.6231
2.98211639 0.6491
2.96813894 0.6792
2.95236576 0.7140
2.93932827 0.7543
2.93174179 0.7982
2.93083492 0.8377
2.93518279 0.8678
2.94257514 0.8898
2.95029376 0.9039
2.95681250 0.9140
2.96120208 0.9233
2.96288759 0.9327
2.96162280 0.9439
2.95804967 0.9551
2.95400996 0.9523
2.97080755 0.6797
3.00773262 0.6637
3.04007466 0.6588
3.06212496 0.6589
3.07109791 0.6644
3.06763470 0.6745
3.05414957 0.6878
3.03382095 0.7034
3.00854486 0.7202
2.98153018 0.7376
2.95499525 0.7571
2.94163079 0.9462
2.94992827 0.9405
2.95983016 0.9221
2.96890538 0.8998
2.97798331 0.8764
2.98652589 0.8536
2.99336042 0.8332
2.99754389 0.8172
2.99895748 0.8072
2.99726048 0.8023
2.99240632 0.8016
2.98619656 0.7956
2.98477600 0.7684
2.99717659 0.7480
3.01621950 0.7464
3.03497959 0.7467
3.05073318 0.7469
3.06259780 0.7467
3.07250852 0.7470
3.08249336 0.7488
3.09212137 0.7538
3.10128668 0.7614
3.10935665 0.7699
3.11553688 0.7770
3.11847213 0.7811
3.11709996 0.7815
3.11130455 0.7791
3.10184338 0.7759
3.08989244 0.7743
3.07631519 0.7758
3.06241558 0.7813
3.04848902 0.7907
3.03605648 0.8030
3.02573771 0.8166
3.01703282 0.8317
3.00915657 0.8478
3.00020533 0.8647
2.98936581 0.8811
2.97669895 0.8972
2.96418091 0.9109
2.95390160 0.9204
2.94704554 0.9209
2.94500332 0.9049
2.94755893 0.8690
2.95292718 0.8196
2.96116779 0.7716
2.97277408 0.7409
2.98643719 0.7263
3.00050113 0.7212
3.01214652 0.7238
3.01875303 0.7338
3.01961786 0.7499
3.01497746 0.7702
3.00548550 0.7926
2.99295696 0.8142
2.98047341 0.8320
2.97166608 0.8425
2.96742925 0.8429
2.96885543 0.8331
2.97537881 0.8186
2.98498281 0.8050
2.99589783 0.7961
3.00614603 0.7942
3.01492605 0.7984
3.02141886 0.8064
3.02528859 0.8173
3.02613185 0.8282
3.02421827 0.8386
3.02070764 0.8476
3.01822588 0.8542
3.02244001 0.8643
3.03128042 0.8799
3.03874922 0.8985
3.04308983 0.9190
3.04301511 0.9359
3.03872143 0.9471
3.03168689 0.9469
3.02422391 0.9294
3.02014575 0.8909
3.02294879 0.8463
3.03321047 0.8139
3.04749788 0.7930
3.06245546 0.7775
3.07584715 0.7649
3.08466712 0.7535
3.08694261 0.7438
3.08084917 0.7343
3.06633522 0.7251
3.04500351 0.7169
3.02026867 0.7102
2.99444568 0.7062
2.97019695 0.7057
2.95025747 0.7087
2.93617118 0.7151
2.92790010 0.7226
2.92517635 0.7268
2.92833247 0.7242
2.93782911 0.7145
2.95344570 0.7008
2.97548827 0.6868
3.00103632 0.6757
3.02705481 0.6691
3.05126224 0.6662
3.07166286 0.6678
3.08720380 0.6733
3.09760941 0.6830
3.10235747 0.6970
3.10176644 0.7128
3.09603060 0.7300
3.08581004 0.7469
3.07149798 0.7634
3.05412466 0.7779
3.03551230 0.7905
3.01749341 0.8008
3.00093572 0.8081
2.98754848 0.8138
2.98006860 0.9751
2.97515029 0.8187
2.97844516 0.7977
2.98708519 0.7789
2.99970453 0.7587
3.01291071 0.7380
3.02334081 0.7179
3.02801269 0.6998
3.02574834 0.6868
3.01613414 0.6807
2.99989591 0.6829
2.97912667 0.6931
2.95693376 0.7105
2.93532827 0.7310
2.91456320 0.7543
2.89559775 0.7809
2.88074631 0.8240
2.87268599 0.8865
2.87084375 0.9006
2.87107962 0.8888
2.87192275 0.8631
2.87583545 0.8194
2.88589176 0.7840
2.90129170 0.7632
2.92010809 0.7496
2.94054416 0.7378
2.96055507 0.7288
2.97856398 0.7224
2.99356239 0.7192
3.00423695 0.7204
3.01012655 0.7264
3.01207091 0.7358
3.01162890 0.7490
3.00981586 0.7653
3.00745076 0.7848
3.00585603 0.8088
3.00492975 0.8378
3.00605475 0.8694
3.00872989 0.8999
3.01050405 0.9259
3.00943953 0.9465
3.00304220 0.9626
2.99113603 0.9723
2.97487579 0.9762
2.95625009 0.9733
2.94134144 0.9322
2.93667844 0.8601
2.93621528 0.8184
2.93640539 0.7860
2.93564219 0.7569
2.93277433 0.7305
2.92718870 0.7063
2.92068749 0.6846
2.91458345 0.6746
2.91246559 0.6916
2.91615217 0.7172
2.92382347 0.7293
2.93306826 0.7330
2.94322935 0.7340
2.95265446 0.7347
2.96099518 0.7329
2.96805565 0.7269
2.97330845 0.7159
2.97993547 0.6998
2.98920363 0.6843
3.00160206 0.6760
3.01528219 0.6766
3.02686893 0.6831
3.03494488 0.6916
3.03848611 0.7010
3.03604604 0.7125
3.02901578 0.7259
3.01785768 0.7448
3.00541222 0.8072
3.00915424 0.9606
3.02159975 0.9782
3.03076571 0.9761
3.03478711 0.9728
3.03388333 0.9735
3.02929044 0.9764
3.02147955 0.9768
3.01226203 0.9693
3.00279155 0.9469
2.99548209 0.9024
2.99242597 0.8300
2.99552026 0.7491
3.00227595 0.6915
3.00847142 0.6617
3.01000723 0.6504
3.00577799 0.6490
2.99624548 0.6550
2.98416158 0.6724
2.97239797 0.7082
2.96453159 0.7667
2.96250245 0.8236
2.96300472 0.8583
2.96346541 0.8737
2.96340778 0.8789
2.96250904 0.8799
2.96133104 0.8801
2.95991835 0.8778
2.95862785 0.8671
2.95974558 0.8293
2.96912313 0.7527
2.99372600 0.6919
3.03069823 0.6706
3.07178717 0.6621
3.11108710 0.6564
3.14265646 0.6535
3.16320975 0.6551
3.17019470 0.6613
3.16449767 0.6723
3.14742666 0.6899
3.12310158 0.7126
3.09632428 0.7435
3.07220403 0.7878
3.05651646 0.8538
3.05333070 0.9247
3.05906713 0.9581
3.06710927 0.9659
3.07344159 0.9647
3.07518159 0.9613
3.07126612 0.9576
3.06068341 0.9526
3.04341089 0.9329
3.02704889 0.8588
3.02351648 0.7644
3.02856242 0.7283
3.03385683 0.7088
3.03707803 0.6933
3.03673856 0.6789
3.02896773 0.6653
3.01323391 0.6516
2.98960660 0.6365
2.95981219 0.6181
2.92990664 0.6097
2.91241633 0.6917
2.90948670 0.7972
2.91102936 0.8479
2.91262093 0.8742
2.91385116 0.8942
2.91557410 0.9098
2.91810916 0.9182
2.92107910 0.9081
2.92568825 0.8525
2.93466425 0.7264
2.95005927 0.6256
2.96694225 0.5942
2.98150147 0.5902
2.99234886 0.5986
2.99931029 0.6126
3.00171702 0.6317
2.99899319 0.6528
2.99124313 0.6688
2.98156924 0.7226
2.98424039 0.9168
2.99064977 0.9310
2.99709671 0.9249
3.00251686 0.9137
3.00515241 0.8996
3.00388976 0.8841
3.00095524 0.8641
2.99804505 0.8327
2.99768975 0.7857
3.00245677 0.7280
3.01312266 0.6755
3.02741006 0.6427
3.04162839 0.6251
3.05318636 0.6197
3.06139536 0.6239
3.06262271 0.6354
3.05707073 0.6525
3.04503900 0.6737
3.02643008 0.6970
3.00493489 0.7285
2.98685323 0.7842
2.97651974 0.8565
2.97039772 0.9056
2.96380222 0.9347
2.95550600 0.9560
2.94567663 0.9737
2.93576316 0.9921
2.92701403 1.0124
2.92318617 0.9833
2.93148938 0.8202
2.94729389 0.7494
2.96457313 0.7174
2.97961662 0.7006
2.99101526 0.6916
2.99675517 0.6892
2.99662013 0.6919
2.99090326 0.6975
2.98189890 0.7043
2.97319320 0.7140
2.97072867 0.7349
2.97802704 0.7690
2.99349637 0.7952
3.01183388 0.8083
3.02856543 0.8130
3.04093547 0.8125
3.04717142 0.8081
3.04702510 0.8000
3.04108810 0.7875
3.03056063 0.7693
3.01791208 0.7448
3.00484559 0.7152
2.99388547 0.6845
2.98501804 0.6569
2.97676302 0.6352
2.96754276 0.6196
2.95754497 0.6088
2.94403203 0.6049
2.92776348 0.6115
2.91199550 0.6403
2.90241539 0.7012
2.90154683 0.7598
2.90564641 0.7884
2.91174980 0.7948
2.91820997 0.7877
2.92483213 0.7711
2.93168352 0.7472
2.94009465 0.7169
2.94964081 0.6840
2.96224347 0.6506
2.97626684 0.6191
2.99203272 0.5905
3.00785518 0.5657
3.02253956 0.5455
3.03619462 0.5305
3.04846008 0.5218
3.05876843 0.5202
3.06629845 0.5261
3.06919365 0.5379
3.06645020 0.5530
3.05682918 0.5696
3.04235431 0.5875
3.02663366 0.6075
3.01309770 0.6303
3.00437077 0.6500
2.99969547 0.6585
2.99983472 0.6535
3.00617350 0.6349
3.01958057 0.6104
3.03907676 0.5848
3.06064801 0.5614
3.08021413 0.5408
3.09699785 0.5235
3.10990723 0.5102
3.11725269 0.5022
3.11750416 0.4992
3.11023119 0.5009
3.09533284 0.5072
3.07158622 0.5171
3.03976128 0.5288
3.00093561 0.5434
2.96026712 0.5657
2.92424357 0.6195
2.90081255 0.7240
2.88980021 0.8141
2.88418063 0.8512
2.87966286 0.8528
2.87688562 0.8255
2.87916934 0.7672
2.88952840 0.6980
2.90812638 0.6455
2.93061388 0.6102
2.95428531 0.5853
2.97745698 0.5656
2.99883231 0.5493
3.01822264 0.5369
3.03403233 0.5292
3.04592097 0.5269
3.05260301 0.5316
3.05509662 0.5436
3.05158590 0.5645
3.04318349 0.5948
3.03423377 0.6305
3.02606438 0.6678
3.01922880 0.6975
3.01137688 0.7152
3.00198016 0.7163
2.99087846 0.7029
2.98099707 0.6761
2.97638243 0.6414
2.97954622 0.6074
2.98807284 0.5753
2.99835670 0.5423
3.00786355 0.5089
3.01452476 0.4787
3.01813868 0.4537
3.01802209 0.4348
3.01296077 0.4213
3.00226294 0.4135
2.98461300 0.4110
2.95906817 0.4145
2.92656552 0.4283
2.89354926 0.4623
2.86827484 0.5339
2.85882831 0.6255
2.86352445 0.6900
2.87472816 0.7192
2.88765832 0.7263
2.89947566 0.7210
2.90823780 0.7076
2.91591185 0.6857
2.92599689 0.6559
2.94022245 0.6227
2.95864159 0.5933
2.97923291 0.5755
3.00050830 0.5687
3.02220161 0.5693
3.04328878 0.5769
3.06272389 0.5901
3.07804959 0.6082
3.08815761 0.6318
3.09184687 0.6603
3.09072936 0.6939
3.08728471 0.7297
3.08445472 0.7631
3.08315500 0.7875
3.08257410 0.8004
3.08125553 0.8020
3.07819035 0.7945
3.07221337 0.7793
3.06304095 0.7583
3.05166453 0.7360
3.03975886 0.7158
3.02837433 0.7014
3.01841051 0.6941
3.01078702 0.6933
3.00661113 0.6986
3.00583187 0.7069
3.00703097 0.7161
3.00894709 0.7251
3.01074481 0.7341
3.01244277 0.7434
3.01414455 0.7535
3.01624253 0.7631
3.01971875 0.7711
3.02459114 0.7754
3.03044145 0.7744
3.03626614 0.7662
3.04228316 0.7505
3.04865648 0.7283
3.05545598 0.7045
3.06225059 0.6834
3.06767440 0.6671
3.06913224 0.6534
3.06582120 0.6415
3.05933349 0.6321
3.05260319 0.6252
3.04825354 0.6208
3.04675060 0.6183
3.04672960 0.6171
3.04658031 0.6160
3.04443950 0.6147
3.03950172 0.6154
3.03146070 0.6199
3.02039540 0.6300
3.00672103 0.6462
2.99078090 0.6672
2.97420237 0.6902
2.95897457 0.7144
2.94867545 0.7401
2.94913594 0.7579
2.95827398 0.7545
2.97131787 0.7352
2.98444996 0.7090
2.99362132 0.6817
2.99668113 0.6569
2.99268069 0.6353
2.98296417 0.6187
2.97042292 0.6114
2.96062170 0.6183
2.95776565 0.6384
2.96123475 0.6615
2.96841236 0.6794
2.97509277 0.6898
2.97932260 0.6933
2.97947652 0.6937
2.97494892 0.6929
2.96600495 0.6929
2.95365744 0.6937
2.93995655 0.6936
2.92835873 0.6903
2.92152607 0.6828
2.92193349 0.6731
2.92698004 0.6660
2.93517832 0.6641
2.94358002 0.6684
2.94925071 0.6792
2.95044266 0.6951
2.94754542 0.7135
2.94260589 0.7320
2.93828170 0.7467
2.93716893 0.7553
2.93993907 0.7578
2.94621023 0.7563
2.95454590 0.7517
2.96212481 0.7454
2.96691048 0.7380
2.96786000 0.7306
2.96459928 0.7254
2.95685834 0.7294
2.94945870 0.7536
2.94641651 0.7900
2.94807894 0.8072
2.95079217 0.8063
2.95293453 0.7981
2.95421581 0.7889
2.95374911 0.7823
2.95005081 0.7778
2.94177048 0.7753
2.92983433 0.7710
2.91709107 0.7617
2.90489669 0.7466
2.89556306 0.7301
2.89081418 0.7199
2.89065743 0.7232
2.89211987 0.7349
2.89307801 0.7475
2.89190589 0.7566
2.88819422 0.7624
2.88937063 0.9162
2.90790012 0.9207
2.92546238 0.9114
2.94210187 0.9015
2.95731264 0.8944
2.96904173 0.8900
2.97756806 0.8925
2.98237800 0.8994
2.98369487 0.9094
2.98095588 0.9213
2.97439711 0.9334
2.96617454 0.9364
2.96839187 0.8259
2.99203618 0.7532
3.02223551 0.7318
3.05349423 0.7194
3.08212537 0.7111
3.10755025 0.7066
3.12675663 0.7049
3.13678899 0.7060
3.13579934 0.7104
3.12579569 0.7170
3.10872993 0.7265
3.08699841 0.7382
3.06367548 0.7525
3.04345940 0.7682
3.02830082 0.7831
3.01816356 0.7958
3.01275322 0.8037
3.01205623 0.8057
3.01406265 0.8024
3.01889889 0.7952
3.02522742 0.7852
3.03262665 0.7734
3.03987748 0.7621
3.04671224 0.7527
3.05272162 0.7456
3.05781581 0.7398
3.06130646 0.7340
3.06141121 0.7278
3.05699675 0.7215
3.04788408 0.7163
3.03518597 0.7131
3.02164457 0.7131
3.01109586 0.7176
3.00689776 0.7233
3.00947334 0.7274
3.01951809 0.7230
3.03558282 0.7169
3.05347777 0.7129
3.07131288 0.7088
3.08638641 0.7039
3.09769366 0.6974
3.10564273 0.6914
3.11037297 0.6858
3.11252190 0.6845
3.11203742 0.6857
3.11029184 0.6898
3.10810612 0.6956
3.10535261 0.7027
3.10168356 0.7099
3.09604466 0.7172
3.08971020 0.7243
3.08438115 0.7304
3.08019944 0.7350
3.07862523 0.7375
3.08029566 0.7385
3.08550720 0.7389
3.09412124 0.7389
3.10424431 0.7385
3.11448195 0.7369
3.12422105 0.7315
3.12984531 0.7224
3.12946088 0.7102
3.12233162 0.6961
3.10929665 0.6847
3.09096039 0.6772
3.06845385 0.6768
3.04406007 0.6838
3.01836122 0.6983
2.99356880 0.7187
2.97093847 0.7443
2.95364192 0.7733
2.94372321 0.8000
2.93915924 0.8134
2.93509757 0.8150
2.92843164 0.8090
2.91960083 0.7944
2.91309278 0.7683
2.91553413 0.7374
2.92992239 0.7176
2.95250460 0.7033
2.97867509 0.6859
3.00573028 0.6642
3.03177899 0.6389
3.05361205 0.6120
3.06933569 0.5860
3.07789541 0.5634
3.07935190 0.5458
3.07366675 0.5345
3.06112891 0.5296
3.04116348 0.5324
3.01599032 0.5440
2.98864157 0.5658
2.96252554 0.5994
2.94032417 0.6434
2.92308319 0.6878
2.91008467 0.7203
2.89973195 0.7346
2.89160656 0.7330
2.88615337 0.7173
2.88511008 0.6941
2.88891149 0.6698
2.89699790 0.6447
2.90954247 0.6200
2.92522857 0.5963
2.94125930 0.5753
2.95487681 0.5579
2.96369967 0.5451
2.96670163 0.5380
2.96486753 0.5364
2.95852665 0.5412
2.94837056 0.5535
2.93549862 0.5761
2.92250185 0.6100
2.91128617 0.6536
2.90302020 0.6943
2.89709412 0.7218
2.89393665 0.7295
2.89371523 0.7234
2.89833498 0.7116
2.90815248 0.7034
2.92227101 0.6997
2.93907505 0.6958
2.95716079 0.6878
2.97616422 0.6750
2.99530428 0.6588
3.01302451 0.6411
3.02799005 0.6245
3.03961935 0.6098
3.04692020 0.5986
3.05001710 0.5912
3.04814794 0.5876
3.04178733 0.5874
3.03198971 0.5901
3.02050516 0.5963
3.00922945 0.6056
2.99998627 0.6174
2.99352217 0.6294
2.99037754 0.6386
2.99159964 0.6435
2.99619090 0.6441
3.00377815 0.6411
3.01343947 0.6361
3.02306573 0.6309
3.03083348 0.6257
3.03635120 0.6214
3.03979057 0.6173
3.04154467 0.6134
3.04158210 0.6098
3.03885224 0.6078
3.03371694 0.6075
3.02609278 0.6102
3.01722483 0.6156
3.00865854 0.6234
3.00266127 0.6348
3.00104756 0.6527
3.00559894 0.6773
3.01605392 0.7017
3.03007783 0.7178
3.04537995 0.7236
3.06086829 0.7215
3.07396085 0.7123
3.08356825 0.6994
3.08880260 0.6838
3.08877829 0.6678
3.08395572 0.6525
3.07423881 0.6402
3.05977052 0.6308
3.04282378 0.6243
3.02497527 0.6222
3.00829026 0.6272
2.99443116 0.6426
2.98596141 0.6683
2.98282114 0.6958
2.98248630 0.7182
2.98371651 0.7321
2.98600481 0.7387
2.98843255 0.7390
2.99207286 0.7358
2.99717521 0.7321
3.00384474 0.7290
3.01106012 0.7271
3.01842748 0.7259
3.02500434 0.7247
3.03149318 0.7225
3.03741884 0.7203
3.04298438 0.7178
3.04815860 0.7132
3.05313804 0.7059
3.05720242 0.6954
3.05937745 0.6837
3.06009670 0.6722
3.05941053 0.6623
3.05614050 0.6546
3.05019196 0.6506
3.04262989 0.6521
3.03387173 0.6593
3.02367295 0.6714
3.01176486 0.6861
2.99883620 0.6998
2.98462047 0.7116
2.96938650 0.7199
2.95350116 0.7230
2.93752883 0.7160
2.92234080 0.6937
2.90933339 0.6553
2.89999914 0.6100
2.89428572 0.5747
2.89223229 0.5563
2.89272049 0.5493
2.89464025 0.5466
2.89803684 0.5445
2.90305710 0.5427
2.90830185 0.5407
2.91449431 0.5385
2.92137584 0.5368
2.92951058 0.5358
2.93985902 0.5369
2.95102140 0.5428
2.96209576 0.5545
2.97241081 0.5711
2.98125658 0.5899
2.98660890 0.6090
2.98653608 0.6283
2.98125375 0.6460
2.97172562 0.6610
2.95870569 0.6747
2.94409737 0.6866
2.92951605 0.6987
2.91660422 0.7126
2.90704103 0.7320
2.90204828 0.7605
2.90326678 0.7900
2.90967637 0.7985
2.92081070 0.7664
2.93606273 0.6968
2.95433979 0.6592
2.97321921 0.6539
2.98979136 0.6604
3.00371766 0.6672
3.01480647 0.6719
3.02331698 0.6750
3.02849650 0.6761
3.02945261 0.6752
3.02584532 0.6719
3.01808466 0.6665
3.00889303 0.6596
2.99962316 0.6538
2.99227088 0.6515
2.98787052 0.6581
2.98733550 0.6771
2.99236805 0.7015
3.00114860 0.7175
3.01324676 0.7188
3.02652713 0.7108
3.04028081 0.6992
3.05225691 0.6898
3.06083172 0.6845
3.06500042 0.6840
3.06264590 0.6871
3.05336586 0.6901
3.03989242 0.6905
3.02570752 0.6885
3.01270947 0.6867
3.00223380 0.6856
2.99453821 0.6830
2.98761854 0.6778
2.98138476 0.6710
2.97560849 0.6644
2.97101646 0.6597
2.96634106 0.6579
2.96179890 0.6583
2.95907636 0.6608
2.95878951 0.6601
2.96093386 0.6561
2.96582886 0.6482
2.97344399 0.6376
2.98333360 0.6284
2.99303142 0.6247
3.00060452 0.6256
3.00395827 0.6278
3.00185444 0.6288
2.99490023 0.6302
2.98340065 0.6326
2.97010635 0.6405
2.95602176 0.6556
2.94076142 0.6796
2.92645726 0.7192
2.91573358 0.8064
2.91281290 0.9102
2.91619220 0.9323
2.91964465 0.9270
2.92105546 0.9203
2.91981728 0.9161
2.91663719 0.9160
2.91317294 0.9191
2.91083647 0.9204
2.91102839 0.9109
2.91593326 0.8752
2.92769581 0.8166
2.94506919 0.7652
2.96418047 0.7344
2.98196366 0.7242
2.99606237 0.7313
3.00540465 0.7499
3.00947380 0.7740
3.00663478 0.8023
2.99732655 0.8314
2.98363686 0.8595
2.96855966 0.8870
2.95544919 0.9143
2.94610749 0.9394
2.94090996 0.9591
2.93836709 0.9709
2.93728377 0.9783
2.93613141 0.9837
2.93361100 0.9844
2.93074863 0.9751
2.92995300 0.9493
2.93204768 0.9068
2.93722110 0.8563
2.94448118 0.8141
2.95166432 0.7900
2.95727991 0.7795
2.96032482 0.7809
2.95980829 0.7921
2.95515370 0.8150
2.94565505 0.8480
2.93407747 0.8895
2.92345387 0.9257
2.91754252 0.9306
2.91752838 0.9151
2.92133176 0.8999
2.92695274 0.8910
2.93298793 0.8869
2.93863964 0.8867
2.94381263 0.8890
2.94861592 0.8908
2.95413364 0.8892
2.96092253 0.8813
2.96969574 0.8673
2.98079320 0.8506
2.99294912 0.8349
3.00536585 0.8230
3.01762737 0.8161
3.02918837 0.8135
3.04012238 0.8148
3.04925548 0.8186
3.05677697 0.8219
3.06082456 0.8235
3.06119089 0.8249
3.05683626 0.8271
3.04707835 0.8322
3.03213737 0.8400
3.01260069 0.8518
2.99089373 0.8685
2.97054324 0.8888
2.97348083 0.8049
3.00162371 0.7741
3.02816140 0.7502
3.04926613 0.7293
3.06448780 0.7126
3.07235615 0.7019
3.07245578 0.6970
3.06505953 0.6970
3.05165995 0.7002
3.03335124 0.7046
3.01166169 0.7092
2.99126028 0.7214
2.97689716 0.7761
2.97454304 0.8592
2.97932502 0.8852
2.98568670 0.8926
2.99136707 0.8964
2.99537418 0.9012
2.99629915 0.9109
2.99461886 0.9260
2.99058828 0.9461
2.98522194 0.9690
2.98004758 0.9879
2.97824983 0.9452
2.98501389 0.7970
2.99408076 0.7214
2.99960341 0.6935
3.00017880 0.6825
2.99494791 0.6829
2.98478474 0.6898
2.97155677 0.6999
2.95922407 0.7645
2.96468360 0.8860
2.97168444 0.8816
2.97951527 0.8698
2.98703766 0.8557
2.99344122 0.8420
2.99849146 0.8288
3.00078473 0.8191
2.99979562 0.8125
2.99627944 0.8083
2.99043061 0.8054
2.98248583 0.8020
2.97318522 0.7919
2.96551381 0.7510
2.97041676 0.7403
2.98118580 0.7450
2.99143067 0.7410
2.99981765 0.7359
3.00522513 0.7336
3.00690550 0.7357
3.00321748 0.7434
2.99423701 0.7547
2.98127503 0.7677
2.96424846 0.7796
2.94624695 0.7897
2.92925715 0.7988
2.91723269 0.8086
2.91214105 0.8191
2.91096665 0.8251
2.91169179 0.8269
2.91370326 0.8254
2.91761475 0.8204
2.92337006 0.8138
2.93060920 0.8066
2.93844417 0.8005
2.94618013 0.7953
2.95547606 0.7898
2.96642927 0.7826
2.97842360 0.7735
2.99056972 0.7636
3.00068562 0.7532
3.00854220 0.7435
3.01344799 0.7359
3.01618141 0.7303
3.01696968 0.7275
3.01461414 0.7281
3.00971601 0.7318
3.00152408 0.7398
2.99028339 0.7521
2.97951969 0.7744
2.97530376 0.8131
2.98107393 0.8433
2.99229101 0.8477
3.00411193 0.8388
3.01426833 0.8251
3.02158673 0.8119
3.02541727 0.8041
3.02583454 0.8034
3.02205640 0.8100
3.01444126 0.8207
3.00385173 0.8327
2.99221160 0.8394
2.98398255 0.8386
2.98904875 0.8605
2.99667198 0.8622
3.00293707 0.8615
3.00610081 0.8626
3.00518087 0.8651
2.99829680 0.8687
2.98514043 0.8731
2.96743345 0.8787
2.94688339 0.8840
2.92654789 0.8869
2.91686576 0.8242
2.91810767 0.7907
2.92022341 0.7749
2.92203670 0.7661
2.92371051 0.7645
2.92562059 0.7709
2.92799197 0.7845
2.93084806 0.8015
2.93374678 0.8193
2.93706366 0.8362
2.94111089 0.8534
2.94589418 0.8700
2.95111680 0.8846
2.95687849 0.8976
2.96354178 0.9086
2.97059384 0.9162
2.97682777 0.9192
2.98221405 0.9178
2.98584311 0.9105
2.98847714 0.8977
2.98940449 0.8778
2.98985134 0.8531
2.98905652 0.8209
2.98842922 0.7834
2.98926962 0.7454
2.99289723 0.7195
2.99844099 0.7107
3.00300495 0.7127
3.00496038 0.7171
3.00269655 0.7213
2.99395638 0.7245
2.97851352 0.7284
2.95825193 0.7330
2.93679459 0.7404
2.91814448 0.7526
2.90401841 0.7728
2.89637957 0.7972
2.89400130 0.8164
2.89601447 0.8291
2.90097063 0.8366
2.90701131 0.8406
2.91401374 0.8424
2.92037853 0.8438
2.92431024 0.8446
2.92492842 0.8466
2.92142418 0.8491
2.91502197 0.8468
2.91938448 0.7817
2.94342147 0.7729
2.96516140 0.7629
2.98246039 0.7520
2.99228346 0.7427
2.99527591 0.7365
2.99072642 0.7354
2.98124414 0.7399
2.96964593 0.7493
2.95784839 0.7652
2.94739656 0.7890
2.95088994 0.8617
2.97034792 0.8559
2.98885025 0.8497
3.00499648 0.8414
3.01777376 0.8316
3.02605736 0.8233
3.02663728 0.8181
3.02090321 0.8234
3.01075185 0.8488
3.00119460 0.9128
3.00231964 0.9811
3.01265351 0.9949
3.02584845 0.9793
3.03761020 0.9503
3.04518127 0.9152
3.04640980 0.8805
3.04172464 0.8519
3.03216870 0.8333
3.01892917 0.8290
3.00388767 0.8419
2.98926764 0.8724
2.97807822 0.9115
2.97488779 0.9237
2.97868324 0.9039
2.98703474 0.8710
2.99766389 0.8371
3.00886038 0.8061
3.01692929 0.7799
3.02022930 0.7623
3.01721997 0.7540
3.00778432 0.7551
2.99425235 0.7665
2.97904398 0.7879
2.96530257 0.8151
2.95526976 0.8437
2.95321360 0.8233
2.97701895 0.8123
2.99853948 0.7721
3.01654941 0.7358
3.03174040 0.7071
3.04222669 0.6880
3.04773739 0.6793
3.04779738 0.6799
3.04220157 0.6886
3.03117525 0.7034
3.01545107 0.7202
2.99713693 0.7366
2.97744732 0.7516
2.95978040 0.7620
2.94558300 0.7709
2.93607917 0.7792
2.93004335 0.7884
2.92646698 0.8000
2.92453267 0.8133
2.92316852 0.8260
2.92204871 0.8375
2.92052770 0.8451
2.91709909 0.8523
2.91342016 0.8631
2.91131323 0.8800
2.91123756 0.8968
2.91193681 0.9094
2.91350899 0.9164
2.91652986 0.9183
2.92153035 0.9179
2.92629543 0.9145
2.92956985 0.9087
2.92996571 0.9010
2.92771244 0.8890
2.92476468 0.8715
2.92339152 0.8463
2.92510161 0.8170
2.93060630 0.7908
2.93851105 0.7708
2.94817988 0.7561
2.95899874 0.7450
2.96939668 0.7356
2.97815447 0.7282
2.98555744 0.7248
2.99135473 0.7277
2.99617773 0.7370
2.99928792 0.7508
2.99927345 0.7688
2.99610232 0.7914
2.99127940 0.8186
2.98667702 0.8502
2.98371038 0.8821
2.98275844 0.9075
2.98292015 0.9226
2.98316944 0.9306
2.98165153 0.9360
2.97805541 0.9404
2.97198581 0.9476
2.96458147 0.9576
2.95745248 0.9703
2.95244635 0.9839
2.94968650 0.9884
2.94785896 0.9784
2.94617429 0.9572
2.94727577 0.8610
2.95628481 0.7926
2.96940577 0.7695
2.98466059 0.7560
2.99958598 0.7470
3.01146153 0.7417
3.01944285 0.7390
3.02279449 0.7387
3.02064189 0.7412
3.01381996 0.7463
3.00318352 0.7535
2.98998892 0.7629
2.97597401 0.7734
2.96306948 0.7827
2.95293312 0.7868
2.94859195 0.7826
2.95232768 0.7783
2.96423173 0.7762
2.98135701 0.7695
2.99881948 0.7617
3.01431518 0.7563
3.02563821 0.7532
3.03113925 0.7507
3.02930097 0.7469
3.01973759 0.7429
3.00467520 0.7319
2.98758875 0.7095
2.97198235 0.6735
2.96166870 0.6375
2.95882715 0.6283
2.96190836 0.6408
2.96849849 0.6571
2.97720187 0.6703
2.98664628 0.6804
2.99347000 0.6916
2.99639278 0.7070
2.99455909 0.7290
2.98826856 0.7584
2.97831841 0.7959
2.96689134 0.8482
2.95651541 0.9141
2.95046343 0.9732
2.94884252 1.0033
2.94972293 1.0112
2.95036964 1.0100
2.94930669 1.0049
2.94603382 0.9948
2.94150614 0.9669
2.93894647 0.8755
2.94100556 0.7801
2.94422270 0.7537
2.94706715 0.7474
2.95098011 0.7418
2.95618855 0.7320
2.96266148 0.7188
2.96985659 0.7031
2.97626543 0.6884
2.98124377 0.6772
2.98326772 0.6706
2.98089106 0.6713
2.97367023 0.6773
2.96390728 0.6859
2.95373559 0.6935
2.94626502 0.6924
2.94630834 0.7229
2.95309600 0.7486
2.96201878 0.7332
2.97226441 0.7089
2.98518563 0.6956
2.99935586 0.6971
3.01341301 0.7078
3.02686653 0.7223
3.03807176 0.7349
3.04606758 0.7436
3.05092873 0.7466
3.05181312 0.7452
3.04915998 0.7406
3.04280292 0.7351
3.03326639 0.7290
3.02111181 0.7230
3.00652707 0.7167
2.99107450 0.7093
2.97720465 0.7025
2.96623147 0.6969
2.95947661 0.6942
2.95810740 0.6939
2.96164804 0.6952
2.96843855 0.6958
2.97891654 0.6945
2.99287491 0.6913
3.00816110 0.6873
3.02331816 0.6834
3.03597415 0.6791
3.04570102 0.6760
3.05156382 0.6732
3.05377104 0.6702
3.05145764 0.6692
3.04593728 0.6706
3.03967842 0.6764
3.03223289 0.6895
3.02238557 0.7078
3.01003549 0.7301
2.99304804 0.7516
2.97247210 0.7708
2.94889675 0.7848
2.92584051 0.7940
2.90512314 0.7997
2.88862454 0.8004
2.87859002 0.7933
2.87485932 0.7776
2.87816910 0.7534
2.88825997 0.7259
2.90206423 0.7008
2.91748187 0.6815
2.93394625 0.6677
2.94920991 0.6614
2.96312306 0.6580
2.97415893 0.6562
2.98302624 0.6556
2.98983546 0.6544
2.99457392 0.6520
2.99661508 0.6502
2.99620471 0.6500
2.99256353 0.6523
2.98535428 0.6568
2.97543084 0.6640
2.96314248 0.6727
2.95122092 0.6824
2.94100273 0.6930
2.93455605 0.7043
2.93222636 0.7151
2.93365395 0.7256
2.93803469 0.7362
2.94350220 0.7479
2.94914755 0.7605
2.95466216 0.7729
2.95948131 0.7838
2.96354219 0.7927
2.96782343 0.7983
2.97215487 0.8005
2.97726529 0.7989
2.98435258 0.7931
2.99296169 0.7845
3.00383806 0.7752
3.01678975 0.7657
3.02964042 0.7554
3.04176213 0.7470
3.05047854 0.7385
3.05458221 0.7326
3.05407824 0.7291
3.05152489 0.7294
3.04851656 0.7339
3.04559174 0.7425
3.04291853 0.7551
3.03942072 0.7694
3.03393763 0.7839
3.02525510 0.7971
3.01333355 0.8069
2.99878022 0.8132
2.98331879 0.8151
2.96952199 0.8093
2.95982518 0.7944
2.95459992 0.7745
2.95251785 0.7562
2.95330504 0.7417
2.95669733 0.7306
2.96124261 0.7212
2.96571679 0.7110
2.96929974 0.6990
2.96950526 0.6850
2.96708419 0.6702
2.96280504 0.6568
2.95908151 0.6467
2.95676333 0.6425
2.95812325 0.6469
2.96386811 0.6602
2.97205278 0.6798
2.98036556 0.7002
2.98489184 0.7200
2.98357362 0.7386
2.97634072 0.7571
2.96418915 0.7742
2.94951418 0.7900
2.93519084 0.8032
2.92267015 0.8135
2.91382093 0.8198
2.91017504 0.8167
2.91209887 0.8037
2.91826429 0.7842
2.92668201 0.7623
2.93513872 0.7430
2.94296763 0.7270
2.95000958 0.7163
2.95690871 0.7106
2.96325924 0.7107
2.96903067 0.7154
2.97498172 0.7241
2.98149942 0.7331
2.98859824 0.7391
2.99629472 0.7421
3.00341489 0.7459
3.00797587 0.7543
3.00767233 0.7690
3.00064039 0.7901
2.98888065 0.8155
2.97259742 0.8442
2.95473952 0.8730
2.93880163 0.8897
2.92889015 0.8746
2.92296871 0.8482
2.91849202 0.8238
2.91438560 0.8030
2.91039137 0.7886
2.90679677 0.7810
2.90429320 0.7823
2.90302498 0.7921
2.90366774 0.8101
2.90747151 0.8291
2.91602585 0.8389
2.92696783 0.8336
2.94040136 0.8164
2.95403861 0.7942
2.96443135 0.7705
2.96976040 0.7500
2.96902311 0.7356
2.96130101 0.7287
