    1001     -52.1515
    1002     -52.7501
    1003     -53.3535
    1004     -53.8962
    1005     -54.2253
    1006     -54.3991
    1007     -54.2007
    1008     -53.6135
    1009     -52.5899
    1010     -51.2469
    1011     -49.8521
    1012     -48.5039
    1013     -47.4098
    1014     -46.6643
    1015     -46.3794
    1016     -46.5501
    1017     -47.0408
    1018     -47.8834
    1019     -48.7843
    1020     -49.7087
    1021     -50.4415
    1022     -50.7542
    1023     -50.5559
    1024     -49.9767
    1025     -48.9428
    1026     -47.6806
    1027     -46.3772
    1028     -45.0771
    1029     -44.1768
    1030     -43.9385
    1031     -44.3393
    1032     -45.2454
    1033     -46.7307
    1034     -48.6447
    1035     -50.6033
    1036     -52.4637
    1037     -54.1180
    1038     -55.5523
    1039     -56.5838
    1040     -57.3632
    1041     -57.9965
    1042     -58.3855
    1043     -58.5354
    1044     -58.5267
    1045     -58.3193
    1046     -57.8508
    1047     -57.1742
    1048     -56.1176
    1049     -54.7419
    1050     -53.0211
    1051     -51.1908
    1052     -49.2832
    1053     -47.3082
    1054     -45.5668
    1055     -44.4079
    1056     -43.9928
    1057     -44.1053
    1058     -44.4914
    1059     -45.0640
    1060     -45.6597
    1061     -46.2277
    1062     -46.8923
    1063     -47.5396
    1064     -48.2243
    1065     -49.0219
    1066     -49.8743
    1067     -50.7215
    1068     -51.5466
    1069     -52.0491
    1070     -52.1164
    1071     -51.7702
    1072     -51.0881
    1073     -50.0331
    1074     -48.8154
    1075     -47.5259
    1076     -46.4877
    1077     -45.6822
    1078     -45.2820
    1079     -45.2722
    1080     -45.8693
    1081     -47.1250
    1082     -48.8920
    1083     -50.9235
    1084     -52.9664
    1085     -54.8603
    1086     -56.5373
    1087     -57.9367
    1088     -58.9684
    1089     -59.7712
    1090     -60.3003
    1091     -60.6936
    1092     -60.9687
    1093     -61.0630
    1094     -60.9039
    1095     -60.2795
    1096     -59.1416
    1097     -57.4911
    1098     -55.5886
    1099     -53.7842
    1100     -52.3284
    1101     -51.2592
    1102     -50.4552
    1103     -49.8444
    1104     -49.2770
    1105     -48.4092
    1106     -47.2235
    1107     -45.6577
    1108     -43.8989
    1109     -42.4270
    1110     -41.3806
    1111     -41.0849
    1112     -41.5875
    1113     -42.8138
    1114     -44.3920
    1115     -46.2912
    1116     -48.2343
    1117     -50.0571
    1118     -51.6446
    1119     -52.7769
    1120     -53.3748
    1121     -53.4533
    1122     -52.9249
    1123     -52.0585
    1124     -50.9287
    1125     -49.5758
    1126     -48.2551
    1127     -47.0396
    1128     -46.0799
    1129     -45.4595
    1130     -45.2286
    1131     -45.4016
    1132     -46.1685
    1133     -47.5255
    1134     -49.3335
    1135     -51.5722
    1136     -53.8914
    1137     -55.7581
    1138     -56.8685
    1139     -57.1632
    1140     -56.6234
    1141     -55.3756
    1142     -53.5246
    1143     -51.2263
    1144     -48.6102
    1145     -45.7051
    1146     -42.6795
    1147     -39.9780
    1148     -38.0449
    1149     -37.1709
    1150     -37.3599
    1151     -38.4680
    1152     -40.2901
    1153     -42.5171
    1154     -44.8735
    1155     -47.0727
    1156     -48.9451
    1157     -50.2662
    1158     -50.8577
    1159     -50.7321
    1160     -49.8215
    1161     -48.1690
    1162     -45.8531
    1163     -43.0305
    1164     -40.0427
    1165     -37.0494
    1166     -34.1946
    1167     -31.7283
    1168     -29.9941
    1169     -29.2953
    1170     -29.6975
    1171     -31.2622
    1172     -33.7503
    1173     -36.7848
    1174     -39.9283
    1175     -42.9010
    1176     -45.3613
    1177     -46.9904
    1178     -47.7019
    1179     -47.5814
    1180     -46.8234
    1181     -45.6010
    1182     -44.2461
    1183     -43.0546
    1184     -42.0693
    1185     -41.2374
    1186     -40.6101
    1187     -40.0420
    1188     -39.4728
    1189     -38.9285
    1190     -38.3932
    1191     -37.7580
    1192     -37.1087
    1193     -36.6299
    1194     -36.4196
    1195     -36.4703
    1196     -36.7906
    1197     -37.2181
    1198     -37.7447
    1199     -38.2224
    1200     -38.5036
    1201     -38.5515
    1202     -38.3057
    1203     -37.7940
    1204     -36.9746
    1205     -36.0705
    1206     -35.1621
    1207     -34.3947
    1208     -33.9053
    1209     -33.7048
    1210     -33.8639
    1211     -34.3764
    1212     -35.1223
    1213     -36.0958
    1214     -37.2638
    1215     -38.5069
    1216     -39.8450
    1217     -41.2787
    1218     -42.8067
    1219     -44.2800
    1220     -45.4817
    1221     -46.1760
    1222     -46.1358
    1223     -45.2324
    1224     -43.6662
    1225     -41.7212
    1226     -39.5327
    1227     -37.2928
    1228     -35.1782
    1229     -33.3524
    1230     -32.0738
    1231     -31.5735
    1232     -31.8817
    1233     -32.8846
    1234     -34.5732
    1235     -36.8998
    1236     -39.3484
    1237     -41.5743
    1238     -43.2705
    1239     -44.4495
    1240     -44.9980
    1241     -45.0317
    1242     -44.5024
    1243     -43.4979
    1244     -42.0685
    1245     -40.4525
    1246     -38.9116
    1247     -37.5382
    1248     -36.2936
    1249     -35.2089
    1250     -34.2522
    1251     -33.3670
    1252     -32.4166
    1253     -31.5489
    1254     -30.8886
    1255     -30.5654
    1256     -30.6333
    1257     -31.2583
    1258     -32.2778
    1259     -33.4252
    1260     -34.5559
    1261     -35.6263
    1262     -36.5577
    1263     -37.4343
    1264     -38.3603
    1265     -39.3787
    1266     -40.5658
    1267     -42.1141
    1268     -43.9050
    1269     -45.8576
    1270     -47.7508
    1271     -49.3109
    1272     -50.1624
    1273     -50.1901
    1274     -49.2544
    1275     -47.6592
    1276     -45.5728
    1277     -43.2082
    1278     -41.0462
    1279     -39.1667
    1280     -37.6090
    1281     -36.4956
    1282     -35.7438
    1283     -35.2371
    1284     -35.0293
    1285     -35.1364
    1286     -35.3699
    1287     -35.9626
    1288     -36.7188
    1289     -37.5405
    1290     -38.1359
    1291     -38.5092
    1292     -38.6528
    1293     -38.4934
    1294     -38.3001
    1295     -38.0722
    1296     -37.8910
    1297     -37.7330
    1298     -37.7489
    1299     -37.9388
    1300     -38.2809
    1301     -38.7899
    1302     -39.4347
    1303     -40.1815
    1304     -40.9283
    1305     -41.5122
    1306     -41.7596
    1307     -41.7121
    1308     -41.3193
    1309     -40.5555
    1310     -39.6006
    1311     -38.3433
    1312     -36.8114
    1313     -35.1858
    1314     -33.5546
    1315     -31.9872
    1316     -30.6442
    1317     -29.5984
    1318     -28.9944
    1319     -28.9442
    1320     -29.4600
    1321     -30.4970
    1322     -31.9301
    1323     -33.5779
    1324     -35.2825
    1325     -37.0968
    1326     -38.8538
    1327     -40.4293
    1328     -41.7731
    1329     -43.0117
    1330     -44.1905
    1331     -45.2476
    1332     -46.1332
    1333     -46.7653
    1334     -47.1126
    1335     -47.0370
    1336     -46.3643
    1337     -45.0677
    1338     -43.2131
    1339     -41.1258
    1340     -39.0747
    1341     -37.2923
    1342     -36.0395
    1343     -35.3672
    1344     -35.3362
    1345     -35.7344
    1346     -36.4971
    1347     -37.5093
    1348     -38.6110
    1349     -39.8039
    1350     -41.0043
    1351     -42.1356
    1352     -43.1877
    1353     -43.9374
    1354     -44.2581
    1355     -44.0623
    1356     -43.4098
    1357     -42.1248
    1358     -40.4649
    1359     -38.6253
    1360     -36.8523
    1361     -35.4319
    1362     -34.4929
    1363     -34.0006
    1364     -33.9725
    1365     -34.3181
    1366     -34.8193
    1367     -35.3385
    1368     -35.9002
    1369     -36.4246
    1370     -36.8415
    1371     -37.1430
    1372     -37.4332
    1373     -37.6497
    1374     -37.7450
    1375     -37.6500
    1376     -37.4290
    1377     -37.0034
    1378     -36.3063
    1379     -35.3573
    1380     -34.2173
    1381     -33.0839
    1382     -32.0290
    1383     -31.3729
    1384     -31.1575
    1385     -31.4205
    1386     -31.8935
    1387     -32.3401
    1388     -32.5930
    1389     -32.7187
    1390     -32.8519
    1391     -33.0310
    1392     -33.2809
    1393     -33.6762
    1394     -34.4357
    1395     -35.6514
    1396     -36.9881
    1397     -38.1282
    1398     -38.9500
    1399     -39.3140
    1400     -39.2189
    1401     -38.7922
    1402     -38.2497
    1403     -37.5521
    1404     -36.8683
    1405     -36.2637
    1406     -35.7453
    1407     -35.3751
    1408     -35.0519
    1409     -34.7953
    1410     -34.5522
    1411     -34.4428
    1412     -34.4915
    1413     -34.8044
    1414     -35.4701
    1415     -36.6299
    1416     -38.1853
    1417     -40.0635
    1418     -42.1294
    1419     -44.1944
    1420     -45.9449
    1421     -47.2749
    1422     -48.0941
    1423     -48.2859
    1424     -47.8392
    1425     -46.9749
    1426     -45.8157
    1427     -44.5472
    1428     -43.3710
    1429     -42.4442
    1430     -42.0120
    1431     -42.2320
    1432     -43.1274
    1433     -44.6297
    1434     -46.6638
    1435     -48.9287
    1436     -51.1577
    1437     -53.0714
    1438     -54.4712
    1439     -55.3487
    1440     -55.6764
    1441     -55.5786
    1442     -55.1406
    1443     -54.4221
    1444     -53.6136
    1445     -52.8886
    1446     -52.3913
    1447     -52.1721
    1448     -52.1603
    1449     -52.2651
    1450     -52.5222
    1451     -52.9869
    1452     -53.5816
    1453     -54.4924
    1454     -55.7272
    1455     -57.3464
    1456     -59.2384
    1457     -61.2808
    1458     -63.2198
    1459     -64.7999
    1460     -65.8565
    1461     -66.4235
    1462     -66.3981
    1463     -65.8115
    1464     -64.8269
    1465     -63.6445
    1466     -62.5133
    1467     -61.6619
    1468     -61.3028
    1469     -61.4007
    1470     -61.8084
    1471     -62.4320
    1472     -63.1780
    1473     -63.8902
    1474     -64.6681
    1475     -65.5190
    1476     -66.5382
    1477     -67.8360
    1478     -69.3860
    1479     -71.0732
    1480     -72.7407
    1481     -74.1567
    1482     -75.1173
    1483     -75.4608
    1484     -75.1437
    1485     -74.2867
    1486     -72.9963
    1487     -71.4195
    1488     -69.8291
    1489     -68.4013
    1490     -67.3078
    1491     -66.5236
    1492     -65.9235
    1493     -65.2880
    1494     -64.6613
    1495     -63.9659
    1496     -63.3591
    1497     -63.0649
    1498     -63.2293
    1499     -63.8631
    1500     -64.7712
    1501     -65.9151
    1502     -66.9313
    1503     -67.6357
    1504     -67.8793
    1505     -67.5204
    1506     -66.6068
    1507     -65.1709
    1508     -63.3676
    1509     -61.4655
    1510     -59.4104
    1511     -57.4016
    1512     -55.4651
    1513     -53.6791
    1514     -52.1998
    1515     -51.0994
    1516     -50.3772
    1517     -50.0997
    1518     -50.2959
    1519     -50.9906
    1520     -52.1834
    1521     -53.7880
    1522     -55.6376
    1523     -57.4175
    1524     -58.8186
    1525     -59.7441
    1526     -60.0064
    1527     -59.5650
    1528     -58.6193
    1529     -57.3952
    1530     -56.1217
    1531     -54.8236
    1532     -53.5261
    1533     -52.2066
    1534     -50.9133
    1535     -49.7118
    1536     -48.7021
    1537     -47.9496
    1538     -47.6381
    1539     -47.7716
    1540     -48.4106
    1541     -49.4356
    1542     -50.6020
    1543     -51.8543
    1544     -53.2200
    1545     -54.3559
    1546     -55.1472
    1547     -55.6911
    1548     -56.0511
    1549     -56.1102
    1550     -56.0145
    1551     -55.9665
    1552     -55.9370
    1553     -55.8901
    1554     -55.5289
    1555     -54.9908
    1556     -54.3993
    1557     -53.8372
    1558     -53.6051
    1559     -53.8433
    1560     -54.4763
    1561     -55.3120
    1562     -56.1565
    1563     -56.7607
    1564     -56.9452
    1565     -56.6099
    1566     -55.7346
    1567     -54.5823
    1568     -53.2235
    1569     -51.8777
    1570     -50.7299
    1571     -50.0322
    1572     -50.0112
    1573     -50.6310
    1574     -51.6834
    1575     -52.9444
    1576     -54.1667
    1577     -55.0492
    1578     -55.5443
    1579     -55.7609
    1580     -55.8565
    1581     -56.0371
    1582     -56.5341
    1583     -57.4150
    1584     -58.4494
    1585     -59.4386
    1586     -60.2600
    1587     -60.8376
    1588     -61.0240
    1589     -60.7896
    1590     -59.9982
    1591     -58.7366
    1592     -57.1567
    1593     -55.5349
    1594     -54.0951
    1595     -53.1175
    1596     -52.5659
    1597     -52.3159
    1598     -52.2713
    1599     -52.4142
    1600     -52.7379
    1601     -53.0877
    1602     -53.5237
    1603     -54.0385
    1604     -54.7007
    1605     -55.2906
    1606     -55.5972
    1607     -55.6122
    1608     -55.2599
    1609     -54.4686
    1610     -53.1885
    1611     -51.4355
    1612     -49.3117
    1613     -47.1231
    1614     -45.1662
    1615     -43.3076
    1616     -41.6732
    1617     -40.3885
    1618     -39.4713
    1619     -38.9031
    1620     -38.6849
    1621     -38.7369
    1622     -39.1525
    1623     -39.9820
    1624     -41.2488
    1625     -42.8299
    1626     -44.5871
    1627     -46.3249
    1628     -47.9189
    1629     -49.2752
    1630     -50.1890
    1631     -50.7195
    1632     -50.9445
    1633     -50.8018
    1634     -50.4449
    1635     -49.9763
    1636     -49.3355
    1637     -48.5166
    1638     -47.5278
    1639     -46.2920
    1640     -44.8624
    1641     -43.4917
    1642     -42.4097
    1643     -41.8311
    1644     -41.8805
    1645     -42.4713
    1646     -43.4866
    1647     -44.7104
    1648     -45.8256
    1649     -46.6245
    1650     -46.9180
    1651     -46.6751
    1652     -45.8212
    1653     -44.5796
    1654     -43.1637
    1655     -41.6161
    1656     -40.1254
    1657     -38.9167
    1658     -37.9906
    1659     -37.1772
    1660     -36.4244
    1661     -35.7134
    1662     -35.1105
    1663     -34.7348
    1664     -34.7983
    1665     -35.5295
    1666     -37.0639
    1667     -39.4240
    1668     -42.3724
    1669     -45.4467
    1670     -48.2895
    1671     -50.5600
    1672     -52.1420
    1673     -53.0116
    1674     -53.0696
    1675     -52.3967
    1676     -51.4097
    1677     -50.1289
    1678     -48.6842
    1679     -47.1680
    1680     -45.6151
    1681     -44.0707
    1682     -42.6745
    1683     -41.4449
    1684     -40.5559
    1685     -40.0549
    1686     -40.1147
    1687     -40.7502
    1688     -41.7764
    1689     -42.9663
    1690     -44.0507
    1691     -44.6387
    1692     -44.6861
    1693     -44.3566
    1694     -43.7780
    1695     -43.2181
    1696     -42.8259
    1697     -42.5376
    1698     -42.4246
    1699     -42.6101
    1700     -43.0760
    1701     -43.6468
    1702     -44.0762
    1703     -44.2857
    1704     -44.2922
    1705     -44.0688
    1706     -43.6470
    1707     -43.2119
    1708     -42.8570
    1709     -42.6031
    1710     -42.4114
    1711     -42.2601
    1712     -42.0342
    1713     -41.6046
    1714     -41.0087
    1715     -40.0409
    1716     -38.9582
    1717     -37.8190
    1718     -36.6520
    1719     -35.6529
    1720     -34.9158
    1721     -34.2491
    1722     -33.5919
    1723     -33.0542
    1724     -32.4934
    1725     -31.9980
    1726     -31.5220
    1727     -31.2988
    1728     -31.3371
    1729     -31.6691
    1730     -32.3393
    1731     -33.2854
    1732     -34.3198
    1733     -35.3377
    1734     -36.1344
    1735     -36.5802
    1736     -36.6387
    1737     -36.3872
    1738     -35.7980
    1739     -34.9923
    1740     -33.9653
    1741     -32.7421
    1742     -31.6865
    1743     -30.8565
    1744     -30.3801
    1745     -30.2570
    1746     -30.3614
    1747     -30.7508
    1748     -31.3226
    1749     -32.0056
    1750     -32.7093
    1751     -33.4527
    1752     -34.0459
    1753     -34.4323
    1754     -34.4644
    1755     -34.0811
    1756     -33.3248
    1757     -32.0904
    1758     -30.6430
    1759     -29.1057
    1760     -27.5082
    1761     -26.1440
    1762     -25.0211
    1763     -24.3043
    1764     -23.9335
    1765     -23.9293
    1766     -24.2900
    1767     -25.2109
    1768     -26.6224
    1769     -28.3703
    1770     -30.2910
    1771     -32.1961
    1772     -33.7880
    1773     -34.8653
    1774     -35.3993
    1775     -35.1496
    1776     -34.1576
    1777     -32.5251
    1778     -30.4056
    1779     -28.0233
    1780     -25.6899
    1781     -23.7512
    1782     -22.5788
    1783     -22.2100
    1784     -22.4938
    1785     -23.2350
    1786     -24.3053
    1787     -25.6692
    1788     -27.3510
    1789     -29.5122
    1790     -32.0512
    1791     -34.7790
    1792     -37.5326
    1793     -39.8761
    1794     -41.6655
    1795     -42.7186
    1796     -42.8692
    1797     -42.1119
    1798     -40.2246
    1799     -37.3533
    1800     -33.6983
    1801     -29.6428
    1802     -25.5898
    1803     -22.2031
    1804     -20.0347
    1805     -19.0353
    1806     -19.2466
    1807     -20.4230
    1808     -22.4267
    1809     -24.8479
    1810     -27.5031
    1811     -30.3369
    1812     -33.2950
    1813     -36.3964
    1814     -39.3781
    1815     -42.1624
    1816     -44.4089
    1817     -46.0355
    1818     -46.8735
    1819     -46.7691
    1820     -45.7726
    1821     -43.9865
    1822     -41.6364
    1823     -38.9615
    1824     -36.0912
    1825     -33.2391
    1826     -30.7119
    1827     -28.7816
    1828     -27.6684
    1829     -27.3574
    1830     -27.9098
    1831     -29.2077
    1832     -30.9009
    1833     -32.8483
    1834     -34.9103
    1835     -36.7980
    1836     -38.4983
    1837     -39.7621
    1838     -40.5155
    1839     -40.8235
    1840     -40.6389
    1841     -40.1157
    1842     -39.2768
    1843     -38.2339
    1844     -37.0479
    1845     -35.7205
    1846     -34.1833
    1847     -32.5102
    1848     -30.7690
    1849     -28.9888
    1850     -27.5049
    1851     -26.4262
    1852     -26.1069
    1853     -26.6798
    1854     -28.2434
    1855     -30.5654
    1856     -33.1637
    1857     -35.6001
    1858     -37.4345
    1859     -38.4189
    1860     -38.3489
    1861     -37.2646
    1862     -35.2544
    1863     -32.5616
    1864     -29.4206
    1865     -26.1652
    1866     -22.9734
    1867     -20.1860
    1868     -17.8243
    1869     -15.8073
    1870     -14.3291
    1871     -13.3979
    1872     -13.1401
    1873     -13.6169
    1874     -14.9694
    1875     -17.1072
    1876     -19.7590
    1877     -22.6071
    1878     -25.4415
    1879     -27.8509
    1880     -29.7716
    1881     -31.1935
    1882     -32.1244
    1883     -32.3783
    1884     -31.9365
    1885     -30.8784
    1886     -29.2300
    1887     -27.2107
    1888     -25.1706
    1889     -23.3839
    1890     -22.1891
    1891     -21.6904
    1892     -22.0143
    1893     -23.0925
    1894     -24.8266
    1895     -26.9777
    1896     -29.4664
    1897     -32.0121
    1898     -34.4055
    1899     -36.5202
    1900     -38.1129
    1901     -38.9939
    1902     -39.1730
    1903     -38.7097
    1904     -37.7015
    1905     -36.2608
    1906     -34.3630
    1907     -32.1224
    1908     -29.8487
    1909     -27.8076
    1910     -26.0275
    1911     -24.6850
    1912     -23.7476
    1913     -23.2632
    1914     -23.2063
    1915     -23.6011
    1916     -24.4829
    1917     -25.8505
    1918     -27.2989
    1919     -28.8291
    1920     -30.3843
    1921     -31.6763
    1922     -32.4922
    1923     -32.8715
    1924     -32.8473
    1925     -32.5458
    1926     -31.9182
    1927     -31.0313
    1928     -30.0520
    1929     -28.9259
    1930     -27.6786
    1931     -26.4912
    1932     -25.6557
    1933     -25.5196
    1934     -26.1786
    1935     -27.5775
    1936     -29.5536
    1937     -31.7724
    1938     -34.1055
    1939     -36.2974
    1940     -38.2649
    1941     -39.7833
    1942     -40.7342
    1943     -41.0102
    1944     -40.3812
    1945     -38.8852
    1946     -36.6900
    1947     -34.0948
    1948     -31.2693
    1949     -28.3726
    1950     -25.3364
    1951     -22.3089
    1952     -19.3999
    1953     -16.8103
    1954     -15.0035
    1955     -14.3877
    1956     -15.1375
    1957     -17.2452
    1958     -20.3577
    1959     -24.0397
    1960     -27.8853
    1961     -31.5264
    1962     -34.5766
    1963     -36.9349
    1964     -38.4047
    1965     -38.9316
    1966     -38.4495
    1967     -37.1951
    1968     -35.2855
    1969     -32.8374
    1970     -30.0318
    1971     -27.1398
    1972     -24.4472
    1973     -22.0141
    1974     -20.0691
    1975     -18.7235
    1976     -18.1271
    1977     -18.4848
    1978     -19.9937
    1979     -22.6208
    1980     -26.2980
    1981     -30.8327
    1982     -35.6249
    1983     -40.2892
    1984     -44.2881
    1985     -47.0274
    1986     -48.1800
    1987     -48.0582
    1988     -46.6138
    1989     -43.8936
    1990     -40.0644
    1991     -35.5519
    1992     -30.5329
    1993     -25.5655
    1994     -21.0793
    1995     -17.3424
    1996     -14.6028
    1997     -13.0315
    1998     -12.5653
    1999     -13.1983
    2000     -14.8013
    2001     -17.2955
    2002     -20.3395
    2003     -23.8502
    2004     -27.4365
    2005     -30.5943
    2006     -33.1089
    2007     -34.7445
    2008     -35.3605
    2009     -34.9413
    2010     -33.4300
    2011     -30.8550
    2012     -27.3129
    2013     -22.9232
    2014     -18.0405
    2015     -13.2351
    2016      -9.1113
    2017      -6.1522
    2018      -4.7313
    2019      -4.6823
    2020      -5.8891
    2021      -8.1811
    2022     -11.4951
    2023     -15.3356
    2024     -19.4847
    2025     -23.5869
    2026     -27.2961
    2027     -30.4210
    2028     -32.9942
    2029     -34.9483
    2030     -36.1756
    2031     -36.6248
    2032     -36.3534
    2033     -35.6177
    2034     -34.4358
    2035     -32.9340
    2036     -31.2342
    2037     -29.6888
    2038     -28.5350
    2039     -27.9400
    2040     -27.9601
    2041     -28.6426
    2042     -29.8197
    2043     -31.3696
    2044     -33.0793
    2045     -34.8307
    2046     -36.4216
    2047     -37.6709
    2048     -38.4440
    2049     -38.6623
    2050     -38.3560
    2051     -37.4376
    2052     -35.9289
    2053     -33.9848
    2054     -31.8320
    2055     -29.6028
    2056     -27.4191
    2057     -25.4559
    2058     -23.8908
    2059     -22.8496
    2060     -22.3543
    2061     -22.5768
    2062     -23.5829
    2063     -25.2888
    2064     -27.2961
    2065     -29.5109
    2066     -31.7607
    2067     -33.8427
    2068     -35.7985
    2069     -37.5965
    2070     -39.3207
    2071     -40.7926
    2072     -41.7242
    2073     -41.9218
    2074     -41.2762
    2075     -40.2044
    2076     -38.9796
    2077     -37.7189
    2078     -36.5138
    2079     -35.3057
    2080     -34.1456
    2081     -33.1359
    2082     -32.1528
    2083     -31.3839
    2084     -30.9530
    2085     -30.7431
    2086     -30.8723
    2087     -31.1863
    2088     -31.5135
    2089     -31.7938
    2090     -31.9565
    2091     -31.9861
    2092     -31.8304
    2093     -31.4727
    2094     -30.8684
    2095     -29.8763
    2096     -28.3487
    2097     -26.5374
    2098     -24.6272
    2099     -22.9007
    2100     -21.4000
    2101     -20.2820
    2102     -19.6058
    2103     -19.5145
    2104     -19.9552
    2105     -20.8446
    2106     -22.1155
    2107     -23.5477
    2108     -25.1067
    2109     -26.7422
    2110     -28.2039
    2111     -29.3256
    2112     -30.0166
    2113     -30.1891
    2114     -29.9110
    2115     -29.3167
    2116     -28.4349
    2117     -27.1071
    2118     -25.4959
    2119     -23.8111
    2120     -22.4583
    2121     -21.7802
    2122     -21.9701
    2123     -23.3222
    2124     -25.7553
    2125     -28.9739
    2126     -32.5773
    2127     -36.2049
    2128     -39.5724
    2129     -42.5013
    2130     -44.9605
    2131     -46.7419
    2132     -47.7878
    2133     -48.1392
    2134     -47.9462
    2135     -47.2632
    2136     -46.0801
    2137     -44.4385
    2138     -42.2931
    2139     -39.6805
    2140     -36.5944
    2141     -33.1225
    2142     -29.4856
    2143     -26.1301
    2144     -23.4956
    2145     -22.0629
    2146     -22.0155
    2147     -23.3815
    2148     -25.8361
    2149     -28.7271
    2150     -31.5454
    2151     -33.9034
    2152     -35.6915
    2153     -36.7713
    2154     -37.2035
    2155     -36.9427
    2156     -35.9794
    2157     -34.3860
    2158     -32.2443
    2159     -29.6535
    2160     -27.1637
    2161     -24.8305
    2162     -22.8167
    2163     -21.2036
    2164     -19.8454
    2165     -18.7807
    2166     -18.1171
    2167     -18.1652
    2168     -19.0890
    2169     -20.9658
    2170     -23.6436
    2171     -26.8320
    2172     -29.9655
    2173     -32.5556
    2174     -34.3838
    2175     -35.3233
    2176     -35.3727
    2177     -34.5053
    2178     -32.8182
    2179     -30.4344
    2180     -27.8650
    2181     -25.4778
    2182     -23.7173
    2183     -22.6868
    2184     -22.3950
    2185     -22.7197
    2186     -23.5220
    2187     -24.6292
    2188     -25.8411
    2189     -27.0765
    2190     -28.1960
    2191     -29.1395
    2192     -29.7826
    2193     -29.9601
    2194     -29.5965
    2195     -28.7785
    2196     -27.2266
    2197     -24.9996
    2198     -22.2398
    2199     -18.9817
    2200     -15.4902
    2201     -11.8765
    2202      -8.5017
    2203      -5.7628
    2204      -3.6285
    2205      -2.3148
    2206      -1.9268
    2207      -2.3669
    2208      -3.6460
    2209      -5.6253
    2210      -8.0193
    2211     -10.6068
    2212     -13.1321
    2213     -15.3179
    2214     -17.1082
    2215     -18.5965
    2216     -19.8239
    2217     -20.9306
    2218     -21.9654
    2219     -22.8565
    2220     -23.4998
    2221     -23.8183
    2222     -23.7266
    2223     -23.1945
    2224     -22.1379
    2225     -20.6370
    2226     -18.7918
    2227     -16.7055
    2228     -14.7133
    2229     -12.9623
    2230     -11.5008
    2231     -10.6740
    2232     -10.6553
    2233     -11.2856
    2234     -12.4687
    2235     -14.0962
    2236     -16.0822
    2237     -18.1595
    2238     -20.1868
    2239     -22.0529
    2240     -23.6236
    2241     -24.6412
    2242     -25.1587
    2243     -25.2740
    2244     -24.9980
    2245     -24.4923
    2246     -23.8951
    2247     -23.3106
    2248     -22.8476
    2249     -22.4740
    2250     -22.0338
    2251     -21.4806
    2252     -20.8475
    2253     -20.1979
    2254     -19.5980
    2255     -19.1872
    2256     -19.0055
    2257     -19.1972
    2258     -19.6023
    2259     -20.2598
    2260     -21.1987
    2261     -22.2692
    2262     -23.1420
    2263     -23.5639
    2264     -23.5423
    2265     -23.0912
    2266     -22.5404
    2267     -22.0458
    2268     -21.8790
    2269     -22.2365
    2270     -23.2251
    2271     -24.9478
    2272     -27.2565
    2273     -29.7478
    2274     -32.2403
    2275     -34.4175
    2276     -36.1175
    2277     -37.2020
    2278     -37.8022
    2279     -38.1495
    2280     -38.2487
    2281     -38.1053
    2282     -37.6721
    2283     -36.8438
    2284     -35.6040
    2285     -34.0294
    2286     -32.1104
    2287     -29.8555
    2288     -27.3287
    2289     -24.8247
    2290     -22.4659
    2291     -20.4580
    2292     -19.0468
    2293     -18.2856
    2294     -18.1776
    2295     -18.6306
    2296     -19.5254
    2297     -20.7182
    2298     -21.9431
    2299     -22.9226
    2300     -23.6347
    2301     -24.1426
    2302     -24.4133
    2303     -24.4861
    2304     -24.4687
    2305     -24.3650
    2306     -24.1884
    2307     -24.0266
    2308     -23.8475
    2309     -23.7143
    2310     -23.6999
    2311     -23.8863
    2312     -24.1670
    2313     -24.6426
    2314     -25.3948
    2315     -26.4047
    2316     -27.5794
    2317     -29.0319
    2318     -30.5692
    2319     -32.0015
    2320     -33.1422
    2321     -33.9839
    2322     -34.5257
    2323     -34.4963
    2324     -33.8352
    2325     -32.6839
    2326     -31.0981
    2327     -29.2828
    2328     -27.4511
    2329     -25.7857
    2330     -24.4012
    2331     -23.4658
    2332     -23.3198
    2333     -24.0653
    2334     -25.5082
    2335     -27.3608
    2336     -29.3034
    2337     -30.9877
    2338     -32.0793
    2339     -32.5329
    2340     -32.2467
    2341     -31.3925
    2342     -30.1082
    2343     -28.6388
    2344     -27.1591
    2345     -25.8423
    2346     -24.6911
    2347     -23.5471
    2348     -22.5376
    2349     -21.5810
    2350     -20.5001
    2351     -19.2979
    2352     -18.0336
    2353     -16.9593
    2354     -16.4824
    2355     -17.1662
    2356     -18.9667
    2357     -21.8334
    2358     -25.4134
    2359     -29.2708
    2360     -32.9178
    2361     -35.9019
    2362     -37.7880
    2363     -38.5813
    2364     -38.3068
    2365     -36.8306
    2366     -34.4545
    2367     -31.6181
    2368     -28.8474
    2369     -26.4959
    2370     -24.6211
    2371     -23.3035
    2372     -22.6590
    2373     -22.5563
    2374     -23.2134
    2375     -24.7053
    2376     -26.8152
    2377     -29.4968
    2378     -32.4575
    2379     -35.5147
    2380     -38.3957
    2381     -40.8813
    2382     -42.7049
    2383     -43.8361
    2384     -44.2338
    2385     -43.9294
    2386     -42.8030
    2387     -41.0905
    2388     -38.7942
    2389     -36.2011
    2390     -33.4630
    2391     -30.7967
    2392     -28.4288
    2393     -26.5560
    2394     -25.3119
    2395     -24.7486
    2396     -24.9741
    2397     -25.7844
    2398     -27.0452
    2399     -28.3837
    2400     -29.7016
    2401     -30.8520
    2402     -31.5802
    2403     -31.9258
    2404     -31.9816
    2405     -31.8733
    2406     -31.6880
    2407     -31.6057
    2408     -31.6591
    2409     -31.9171
    2410     -32.4246
    2411     -33.0552
    2412     -33.7753
    2413     -34.5182
    2414     -35.1472
    2415     -35.6726
    2416     -36.1181
    2417     -36.4778
    2418     -36.8073
    2419     -37.3051
    2420     -37.8602
    2421     -38.2952
    2422     -38.6299
    2423     -38.7857
    2424     -38.8090
    2425     -38.6577
    2426     -38.3856
    2427     -38.0675
    2428     -37.7779
    2429     -37.5330
    2430     -37.4973
    2431     -37.8069
    2432     -38.3654
    2433     -39.2182
    2434     -40.1972
    2435     -41.2646
    2436     -42.2489
    2437     -43.0441
    2438     -43.4597
    2439     -43.3777
    2440     -42.8145
    2441     -41.8450
    2442     -40.5457
    2443     -39.0236
    2444     -37.4295
    2445     -35.8753
    2446     -34.3443
    2447     -32.9111
    2448     -31.7067
    2449     -30.8453
    2450     -30.2149
    2451     -29.6932
    2452     -29.3450
    2453     -29.1518
    2454     -29.5126
    2455     -30.6089
    2456     -32.5996
    2457     -35.4132
    2458     -38.7465
    2459     -42.1674
    2460     -45.2822
    2461     -47.7630
    2462     -49.3471
    2463     -49.8911
    2464     -49.3235
    2465     -47.6300
    2466     -45.0450
    2467     -42.0175
    2468     -38.8341
    2469     -36.1725
    2470     -34.5739
    2471     -34.0508
    2472     -34.3958
    2473     -35.1877
    2474     -36.1636
    2475     -37.1820
    2476     -38.0580
    2477     -38.8695
    2478     -39.5220
    2479     -39.8562
    2480     -39.8341
    2481     -39.4653
    2482     -38.5980
    2483     -37.4199
    2484     -35.9814
    2485     -34.3939
    2486     -32.8082
    2487     -31.2005
    2488     -29.6122
    2489     -28.0312
    2490     -26.5924
    2491     -25.3074
    2492     -24.4505
    2493     -24.1037
    2494     -24.3334
    2495     -25.1688
    2496     -26.6435
    2497     -28.5376
    2498     -30.6168
    2499     -32.7530
    2500     -34.6766
    2501     -36.2300
    2502     -37.2952
    2503     -37.7221
    2504     -37.3621
    2505     -36.3179
    2506     -34.8289
    2507     -33.2102
    2508     -31.5809
    2509     -30.0648
    2510     -28.8607
    2511     -27.9393
    2512     -27.2757
    2513     -26.7866
    2514     -26.2193
    2515     -25.6053
    2516     -24.9395
    2517     -24.4131
    2518     -24.2593
    2519     -24.6135
    2520     -25.6804
    2521     -27.5017
    2522     -29.7447
    2523     -32.3019
    2524     -34.7031
    2525     -36.3890
    2526     -37.3825
    2527     -37.6734
    2528     -37.1790
    2529     -36.0498
    2530     -34.3674
    2531     -32.4959
    2532     -30.6401
    2533     -28.9261
    2534     -27.4486
    2535     -26.2653
    2536     -25.1636
    2537     -24.0895
    2538     -22.8774
    2539     -21.5446
    2540     -20.2124
    2541     -19.1199
    2542     -18.5503
    2543     -18.7574
    2544     -19.7654
    2545     -21.3371
    2546     -23.3071
    2547     -25.4598
    2548     -27.2890
    2549     -28.6070
    2550     -29.1033
    2551     -28.8682
    2552     -28.0606
    2553     -26.8160
    2554     -25.4226
    2555     -24.1518
    2556     -23.1134
    2557     -22.5559
    2558     -22.5660
    2559     -22.9317
    2560     -23.4803
    2561     -24.1257
    2562     -24.8273
    2563     -25.5005
    2564     -26.2383
    2565     -27.1736
    2566     -28.4046
    2567     -29.7996
    2568     -31.2995
    2569     -32.7814
    2570     -34.0904
    2571     -35.1057
    2572     -35.8131
    2573     -36.2455
    2574     -36.3143
    2575     -35.9185
    2576     -35.1328
    2577     -34.1055
    2578     -33.1906
    2579     -32.7039
    2580     -32.7563
    2581     -33.1851
    2582     -33.9292
    2583     -34.9969
    2584     -36.1091
    2585     -37.2090
    2586     -38.0568
    2587     -38.6585
    2588     -38.8961
    2589     -38.8075
    2590     -38.4551
    2591     -37.6418
    2592     -36.4223
    2593     -34.9404
    2594     -33.3331
    2595     -31.7998
    2596     -30.5017
    2597     -29.3835
    2598     -28.2907
    2599     -27.0602
    2600     -25.7218
    2601     -24.4860
    2602     -23.6309
    2603     -23.3948
    2604     -23.9549
    2605     -25.2339
    2606     -27.1034
    2607     -29.3203
    2608     -31.6835
    2609     -33.8475
    2610     -35.5284
    2611     -36.6610
    2612     -37.1880
    2613     -37.0961
    2614     -36.4689
    2615     -35.4526
    2616     -34.2861
    2617     -33.1760
    2618     -32.3032
    2619     -31.6825
    2620     -31.3916
    2621     -31.3924
    2622     -31.7010
    2623     -32.1183
    2624     -32.6511
    2625     -33.1945
    2626     -33.6304
    2627     -33.8501
    2628     -33.8865
    2629     -33.7076
    2630     -33.3152
    2631     -32.6605
    2632     -31.8159
    2633     -30.7993
    2634     -29.6730
    2635     -28.6204
    2636     -27.6160
    2637     -26.7975
    2638     -26.1171
    2639     -25.6010
    2640     -25.4253
    2641     -25.6056
    2642     -25.9084
    2643     -26.4790
    2644     -27.4150
    2645     -28.6243
    2646     -30.0590
    2647     -31.4882
    2648     -32.5821
    2649     -33.1223
    2650     -33.1111
    2651     -32.6054
    2652     -31.6447
    2653     -30.5291
    2654     -29.2300
    2655     -28.0809
    2656     -27.2932
    2657     -26.9423
    2658     -27.0274
    2659     -27.3294
    2660     -27.7383
    2661     -28.0483
    2662     -28.1159
    2663     -27.6920
    2664     -26.9073
    2665     -26.0811
    2666     -25.5865
    2667     -25.6351
    2668     -26.3952
    2669     -27.6068
    2670     -29.1637
    2671     -30.8552
    2672     -32.6411
    2673     -34.2069
    2674     -35.4562
    2675     -36.3022
    2676     -36.6493
    2677     -36.5059
    2678     -35.8494
    2679     -34.9955
    2680     -34.2933
    2681     -33.9949
    2682     -34.0242
    2683     -34.2906
    2684     -34.7122
    2685     -35.0593
    2686     -35.2555
    2687     -35.3526
    2688     -35.4058
    2689     -35.3704
    2690     -35.2707
    2691     -34.9802
    2692     -34.5944
    2693     -34.0745
    2694     -33.3285
    2695     -32.3997
    2696     -31.2888
    2697     -30.0712
    2698     -28.7551
    2699     -27.4287
    2700     -26.1521
    2701     -25.0438
    2702     -24.1654
    2703     -23.6699
    2704     -23.5371
    2705     -23.8741
    2706     -24.7086
    2707     -25.9818
    2708     -27.7188
    2709     -29.7956
    2710     -31.9117
    2711     -33.8624
    2712     -35.3463
    2713     -36.2588
    2714     -36.5840
    2715     -36.4073
    2716     -36.1463
    2717     -36.0640
    2718     -36.1697
    2719     -36.6334
    2720     -37.3697
    2721     -38.2361
    2722     -39.0555
    2723     -39.5791
    2724     -39.7125
    2725     -39.1603
    2726     -37.8854
    2727     -35.9420
    2728     -33.4579
    2729     -30.6304
    2730     -28.0720
    2731     -25.9371
    2732     -24.4793
    2733     -23.7672
    2734     -23.7709
    2735     -24.2762
    2736     -25.0338
    2737     -25.9079
    2738     -26.8551
    2739     -27.9796
    2740     -28.9455
    2741     -29.5316
    2742     -29.7836
    2743     -29.6889
    2744     -29.1558
    2745     -28.0896
    2746     -26.4333
    2747     -24.3490
    2748     -21.9273
    2749     -19.2408
    2750     -16.3910
    2751     -13.6378
    2752     -11.2574
    2753      -9.6845
    2754      -9.1561
    2755      -9.7577
    2756     -11.3383
    2757     -13.7954
    2758     -16.8266
    2759     -20.0024
    2760     -23.1875
    2761     -26.2484
    2762     -29.0981
    2763     -31.5483
    2764     -33.6571
    2765     -35.3050
    2766     -36.4709
    2767     -37.0679
    2768     -37.1734
    2769     -36.9088
    2770     -36.2115
    2771     -35.1573
    2772     -33.8321
    2773     -32.4181
    2774     -30.7839
    2775     -29.0817
    2776     -27.2831
    2777     -25.4452
    2778     -23.7523
    2779     -22.3078
    2780     -21.1709
    2781     -20.6948
    2782     -21.0108
    2783     -21.9991
    2784     -23.6667
    2785     -25.8670
    2786     -28.4354
    2787     -31.1197
    2788     -33.5737
    2789     -35.5126
    2790     -36.6330
    2791     -36.9457
    2792     -36.4328
    2793     -35.3432
    2794     -33.8098
    2795     -32.1104
    2796     -30.3623
    2797     -28.6807
    2798     -27.1787
    2799     -26.1472
    2800     -25.4898
    2801     -25.2028
    2802     -25.3601
    2803     -26.1468
    2804     -27.5166
    2805     -29.3269
    2806     -31.4245
    2807     -33.5292
    2808     -35.6628
    2809     -37.6467
    2810     -39.2424
    2811     -40.5183
    2812     -41.4621
    2813     -41.9826
    2814     -41.9361
    2815     -41.3315
    2816     -40.3058
    2817     -39.1324
    2818     -38.1615
    2819     -37.3426
    2820     -36.7928
    2821     -36.3559
    2822     -35.8549
    2823     -35.1645
    2824     -34.3303
    2825     -33.4313
    2826     -32.8171
    2827     -32.5489
    2828     -32.6360
    2829     -32.9391
    2830     -33.3933
    2831     -34.0770
    2832     -35.1371
    2833     -36.5830
    2834     -38.4869
    2835     -40.7090
    2836     -42.8452
    2837     -44.5862
    2838     -45.7244
    2839     -46.1979
    2840     -45.7152
    2841     -44.3542
    2842     -42.1995
    2843     -39.3892
    2844     -36.0730
    2845     -32.5386
    2846     -29.0312
    2847     -25.7488
    2848     -22.8670
    2849     -20.6003
    2850     -19.2007
    2851     -18.5016
    2852     -18.3882
    2853     -18.8291
    2854     -19.9114
    2855     -21.5962
    2856     -23.8607
    2857     -26.7375
    2858     -29.9157
    2859     -33.0752
    2860     -35.7290
    2861     -37.5736
    2862     -38.3815
    2863     -38.0795
    2864     -36.7939
    2865     -34.7716
    2866     -32.5194
    2867     -30.3651
    2868     -28.6428
    2869     -27.5236
    2870     -27.0987
    2871     -27.4611
    2872     -28.4496
    2873     -29.8601
    2874     -31.5419
    2875     -33.3732
    2876     -35.2123
    2877     -36.8719
    2878     -38.1750
    2879     -39.0202
    2880     -39.2607
    2881     -39.0434
    2882     -38.5976
    2883     -37.7921
    2884     -36.5457
    2885     -34.8502
    2886     -32.8358
    2887     -30.5349
    2888     -28.0713
    2889     -25.7870
    2890     -23.9102
    2891     -22.5835
    2892     -21.9357
    2893     -21.8987
    2894     -22.3562
    2895     -23.4998
    2896     -25.4497
    2897     -28.1005
    2898     -31.0676
    2899     -34.2432
    2900     -37.2861
    2901     -39.6901
    2902     -41.1137
    2903     -41.4220
    2904     -40.8402
    2905     -39.6419
    2906     -38.2369
    2907     -36.9524
    2908     -35.8460
    2909     -34.9367
    2910     -34.0962
    2911     -33.4185
    2912     -33.0600
    2913     -32.8218
    2914     -32.8502
    2915     -33.1875
    2916     -33.8085
    2917     -34.6406
    2918     -35.6454
    2919     -36.6845
    2920     -37.6636
    2921     -38.3082
    2922     -38.2053
    2923     -37.1789
    2924     -35.1906
    2925     -32.3335
    2926     -28.8771
    2927     -25.1836
    2928     -21.7612
    2929     -19.0805
    2930     -17.6134
    2931     -17.4890
    2932     -18.4063
    2933     -20.1068
    2934     -22.2344
    2935     -24.7319
    2936     -27.3428
    2937     -29.7730
    2938     -31.8924
    2939     -33.5186
    2940     -34.5268
    2941     -34.8546
    2942     -34.4641
    2943     -33.3250
    2944     -31.5610
    2945     -29.2983
    2946     -26.6673
    2947     -23.6528
    2948     -20.4679
    2949     -17.6314
    2950     -15.3177
    2951     -13.8841
    2952     -13.6209
    2953     -14.3372
    2954     -15.7666
    2955     -17.7103
    2956     -19.9787
    2957     -22.3401
    2958     -24.5640
    2959     -26.6744
    2960     -28.7219
    2961     -30.7195
    2962     -32.7249
    2963     -34.5901
    2964     -36.0565
    2965     -36.8563
    2966     -37.0471
    2967     -36.7769
    2968     -35.9534
    2969     -34.6907
    2970     -33.1029
    2971     -31.3244
    2972     -29.4924
    2973     -27.6063
    2974     -25.6076
    2975     -23.6590
    2976     -22.0532
    2977     -21.1100
    2978     -21.0210
    2979     -21.9947
    2980     -23.8714
    2981     -26.1227
    2982     -28.3167
    2983     -30.1502
    2984     -31.4714
    2985     -32.3116
    2986     -32.6035
    2987     -32.2561
    2988     -31.2467
    2989     -29.7465
    2990     -27.9876
    2991     -26.3389
    2992     -25.1033
    2993     -24.5502
    2994     -24.7143
    2995     -25.3865
    2996     -26.1619
    2997     -26.8905
    2998     -27.5156
    2999     -28.2217
    3000     -29.1867
    3001     -30.6531
    3002     -32.6086
    3003     -34.8309
    3004     -36.9283
    3005     -38.6296
    3006     -39.8423
    3007     -40.2549
    3008     -39.8442
    3009     -38.5866
    3010     -36.5147
    3011     -33.6774
    3012     -30.3327
    3013     -26.6565
    3014     -23.2817
    3015     -20.4830
    3016     -18.6976
    3017     -18.1211
    3018     -18.7810
    3019     -20.5322
    3020     -23.2342
    3021     -26.5247
    3022     -30.2061
    3023     -33.9528
    3024     -37.4760
    3025     -40.4929
    3026     -42.8559
    3027     -44.5897
    3028     -45.3889
    3029     -45.2438
    3030     -44.0239
    3031     -41.8094
    3032     -38.7285
    3033     -35.1011
    3034     -31.1830
    3035     -27.4300
    3036     -24.0049
    3037     -21.0212
    3038     -18.5810
    3039     -16.6973
    3040     -15.5382
    3041     -15.0757
    3042     -15.4795
    3043     -16.9787
    3044     -19.5621
    3045     -23.1442
    3046     -27.5771
    3047     -32.3760
    3048     -37.1566
    3049     -41.4117
    3050     -44.8510
    3051     -47.2510
    3052     -48.5610
    3053     -48.7221
    3054     -47.8858
    3055     -46.2507
    3056     -43.9825
    3057     -41.3901
    3058     -38.7895
    3059     -36.3763
    3060     -34.3264
    3061     -32.6808
    3062     -31.5718
    3063     -31.0138
    3064     -31.0952
    3065     -31.7242
    3066     -32.8994
    3067     -34.4014
    3068     -36.1192
    3069     -37.7473
    3070     -39.1070
    3071     -40.1104
    3072     -40.5935
    3073     -40.3794
    3074     -39.5428
    3075     -38.3195
    3076     -36.8970
    3077     -35.4094
    3078     -33.9391
    3079     -32.5842
    3080     -31.4618
    3081     -30.6795
    3082     -30.1630
    3083     -29.9520
    3084     -30.1218
    3085     -30.5560
    3086     -31.2417
    3087     -32.1073
    3088     -33.1354
    3089     -34.0203
    3090     -34.5677
    3091     -34.4516
    3092     -33.5992
    3093     -32.1423
    3094     -30.0269
    3095     -27.5255
    3096     -24.7078
    3097     -21.9140
    3098     -19.5431
    3099     -17.9082
    3100     -17.4215
    3101     -18.0071
    3102     -19.6754
    3103     -22.2755
    3104     -25.6627
    3105     -29.5986
    3106     -33.7650
    3107     -37.9107
    3108     -41.4611
    3109     -44.0844
    3110     -45.4811
    3111     -45.7435
    3112     -44.8391
    3113     -42.8738
    3114     -40.0624
    3115     -36.7401
    3116     -33.3811
    3117     -30.2516
    3118     -27.5514
    3119     -25.4017
    3120     -23.8169
    3121     -22.7581
    3122     -22.4275
    3123     -22.9868
    3124     -24.3485
    3125     -26.3307
    3126     -28.6397
    3127     -30.9772
    3128     -32.9270
    3129     -34.2527
    3130     -34.9361
    3131     -34.7696
    3132     -33.7725
    3133     -32.0369
    3134     -29.7245
    3135     -26.8135
    3136     -23.8033
    3137     -20.8507
    3138     -18.1107
    3139     -16.0641
    3140     -14.7316
    3141     -14.1485
    3142     -14.2245
    3143     -15.0609
    3144     -16.6719
    3145     -19.0370
    3146     -22.0542
    3147     -25.5624
    3148     -29.2573
    3149     -32.7812
    3150     -35.5454
    3151     -37.4008
    3152     -38.2612
    3153     -38.2417
    3154     -37.2511
    3155     -35.3515
    3156     -32.7546
    3157     -29.7423
    3158     -26.6993
    3159     -23.9344
    3160     -21.7229
    3161     -20.4320
    3162     -20.2479
    3163     -21.1481
    3164     -22.9904
    3165     -25.4596
    3166     -28.3294
    3167     -31.4009
    3168     -34.5237
    3169     -37.3028
    3170     -39.5559
    3171     -41.2702
    3172     -42.4578
    3173     -42.9623
    3174     -42.6556
    3175     -41.7311
    3176     -40.1902
    3177     -38.1389
    3178     -35.8203
    3179     -33.5626
    3180     -31.6453
    3181     -30.1656
    3182     -29.1945
    3183     -28.8810
    3184     -29.4680
    3185     -30.7385
    3186     -32.5467
    3187     -34.6223
    3188     -36.8956
    3189     -39.2876
    3190     -41.4390
    3191     -43.2520
    3192     -44.7624
    3193     -45.9947
    3194     -47.0698
    3195     -47.8983
    3196     -48.3771
    3197     -48.5041
    3198     -48.1722
    3199     -47.5469
    3200     -46.6197
    3201     -45.6349
    3202     -44.8254
    3203     -44.2020
    3204     -43.7108
    3205     -43.2823
    3206     -42.9244
    3207     -42.6344
    3208     -42.2723
    3209     -41.9842
    3210     -41.9153
    3211     -42.1850
    3212     -42.6935
    3213     -43.4186
    3214     -44.4742
    3215     -45.7256
    3216     -46.8219
    3217     -47.6307
    3218     -48.0526
    3219     -47.8763
    3220     -47.0001
    3221     -45.5236
    3222     -43.5000
    3223     -41.1180
    3224     -38.5984
    3225     -36.0803
    3226     -33.8560
    3227     -31.9244
    3228     -30.4168
    3229     -29.5976
    3230     -29.6046
    3231     -30.4598
    3232     -32.0496
    3233     -34.2491
    3234     -36.8483
    3235     -39.5740
    3236     -41.9329
    3237     -43.6450
    3238     -44.3971
    3239     -44.3890
    3240     -43.4811
    3241     -41.7438
    3242     -39.3652
    3243     -36.4756
    3244     -33.5904
    3245     -31.0121
    3246     -29.0863
    3247     -27.9854
    3248     -27.7736
    3249     -28.6211
    3250     -30.2275
    3251     -32.4760
    3252     -35.2073
    3253     -38.1857
    3254     -41.2259
    3255     -44.0400
    3256     -46.3348
    3257     -47.9195
    3258     -48.6932
    3259     -48.5864
    3260     -47.4755
    3261     -45.4360
    3262     -42.9034
    3263     -39.9268
    3264     -36.7856
    3265     -33.8643
    3266     -31.3663
    3267     -29.4081
    3268     -28.0188
    3269     -27.3649
    3270     -27.3054
    3271     -27.7053
    3272     -28.4967
    3273     -29.5166
    3274     -30.7426
    3275     -31.9574
    3276     -33.1058
    3277     -34.1934
    3278     -35.0495
    3279     -35.5190
    3280     -35.6534
    3281     -35.4350
    3282     -34.8816
    3283     -33.9593
    3284     -32.7723
    3285     -31.4482
    3286     -30.0370
    3287     -28.6650
    3288     -27.4873
    3289     -26.4707
    3290     -25.6439
    3291     -25.0652
    3292     -24.6382
    3293     -24.5194
    3294     -24.7446
    3295     -25.3272
    3296     -26.3559
    3297     -27.8130
    3298     -29.5156
    3299     -31.2662
    3300     -33.0251
    3301     -34.6498
    3302     -35.9615
    3303     -36.8206
    3304     -37.0406
    3305     -36.7075
    3306     -35.7768
    3307     -34.1943
    3308     -32.1315
    3309     -29.7161
    3310     -27.1733
    3311     -24.8669
    3312     -23.1888
    3313     -22.3429
    3314     -22.3567
    3315     -23.2436
    3316     -24.8377
    3317     -27.0671
    3318     -29.5798
    3319     -32.0797
    3320     -34.1876
    3321     -35.6050
    3322     -36.1311
    3323     -35.7139
    3324     -34.3971
    3325     -32.5438
    3326     -30.5090
    3327     -28.5533
    3328     -27.0926
    3329     -26.2519
    3330     -25.9898
    3331     -26.2781
    3332     -26.9536
    3333     -27.8756
    3334     -28.9933
    3335     -30.3613
    3336     -31.9019
    3337     -33.7194
    3338     -35.6129
    3339     -37.4662
    3340     -39.1643
    3341     -40.3721
    3342     -40.9447
    3343     -40.7719
    3344     -39.5963
    3345     -37.3510
    3346     -34.2504
    3347     -30.4789
    3348     -26.4509
    3349     -22.3915
    3350     -18.7038
    3351     -15.7528
    3352     -13.5620
    3353     -12.0555
    3354     -11.3293
    3355     -11.2400
    3356     -11.7000
    3357     -12.6386
    3358     -13.9138
    3359     -15.5309
    3360     -17.5038
    3361     -19.7872
    3362     -22.3693
    3363     -25.1279
    3364     -27.8457
    3365     -30.2040
    3366     -31.9911
    3367     -32.9637
    3368     -33.0941
    3369     -32.4388
    3370     -31.0745
    3371     -29.1187
    3372     -26.7629
    3373     -24.2180
    3374     -21.6273
    3375     -19.2598
    3376     -17.3293
    3377     -16.0751
    3378     -15.6512
    3379     -16.0740
    3380     -17.2727
    3381     -19.0787
    3382     -21.5175
    3383     -24.2962
    3384     -26.9645
    3385     -29.3558
    3386     -31.1972
    3387     -32.3852
    3388     -32.9450
    3389     -32.8414
    3390     -32.0637
    3391     -30.8618
    3392     -29.3427
    3393     -27.5853
    3394     -25.5341
    3395     -23.4201
    3396     -21.4612
    3397     -19.8188
    3398     -18.5523
    3399     -17.7410
    3400     -17.4451
    3401     -17.6342
    3402     -18.1865
    3403     -18.7948
    3404     -19.3697
    3405     -19.8235
    3406     -20.1732
    3407     -20.2424
    3408     -19.8686
    3409     -19.2596
    3410     -18.5089
    3411     -17.8208
    3412     -17.2955
    3413     -17.0656
    3414     -17.2070
    3415     -17.6297
    3416     -18.2792
    3417     -18.8759
    3418     -19.3585
    3419     -19.8237
    3420     -20.1966
    3421     -20.6455
    3422     -21.2479
    3423     -21.9993
    3424     -22.9701
    3425     -24.1377
    3426     -25.3883
    3427     -26.5924
    3428     -27.7051
    3429     -28.8715
    3430     -29.9666
    3431     -30.8787
    3432     -31.4953
    3433     -31.8716
    3434     -31.9694
    3435     -31.7934
    3436     -31.2954
    3437     -30.6385
    3438     -29.7175
    3439     -28.6810
    3440     -27.5511
    3441     -26.3155
    3442     -25.1144
    3443     -24.0700
    3444     -23.2793
    3445     -22.7239
    3446     -22.4010
    3447     -22.3698
    3448     -22.6158
    3449     -22.9410
    3450     -23.4164
    3451     -23.9910
    3452     -24.4759
    3453     -24.9530
    3454     -25.3246
    3455     -25.6015
    3456     -25.8441
    3457     -26.0468
    3458     -26.2136
    3459     -26.3266
    3460     -26.4982
    3461     -26.7850
    3462     -27.2995
    3463     -28.1534
    3464     -29.2415
    3465     -30.5381
    3466     -31.7588
    3467     -32.5242
    3468     -32.7674
    3469     -32.6687
    3470     -32.0808
    3471     -31.2235
    3472     -30.1738
    3473     -29.0800
    3474     -28.2661
    3475     -27.8178
    3476     -27.9716
    3477     -28.5213
    3478     -29.4148
    3479     -30.5909
    3480     -31.9826
    3481     -33.4814
    3482     -35.0349
    3483     -36.5065
    3484     -37.5864
    3485     -38.0490
    3486     -37.6504
    3487     -36.4227
    3488     -34.6518
    3489     -32.5253
    3490     -30.1194
    3491     -27.7491
    3492     -25.4107
    3493     -23.2405
    3494     -21.2732
    3495     -19.7633
    3496     -19.0716
    3497     -19.2613
    3498     -20.3126
    3499     -21.8868
    3500     -23.7298
    3501     -25.7131
    3502     -27.4782
    3503     -28.8746
    3504     -29.7061
    3505     -29.6979
    3506     -28.8325
    3507     -27.3252
    3508     -25.0930
    3509     -22.3659
    3510     -19.5674
    3511     -17.0233
    3512     -14.9644
    3513     -13.5672
    3514     -12.8334
    3515     -12.6296
    3516     -12.7879
    3517     -13.3291
    3518     -14.0765
    3519     -15.1229
    3520     -16.4277
    3521     -17.8506
    3522     -19.3217
    3523     -20.7608
    3524     -22.3070
    3525     -23.9271
    3526     -25.4313
    3527     -26.8909
    3528     -28.4634
    3529     -29.9420
    3530     -31.1111
    3531     -31.9472
    3532     -32.4008
    3533     -32.5182
    3534     -32.3783
    3535     -31.9867
    3536     -31.5482
    3537     -31.4063
    3538     -31.5654
    3539     -31.9272
    3540     -32.6243
    3541     -33.5287
    3542     -34.5468
    3543     -35.4447
    3544     -36.0109
    3545     -36.1822
    3546     -35.9369
    3547     -35.2638
    3548     -34.1643
    3549     -32.9039
    3550     -31.7886
    3551     -30.7824
    3552     -30.0725
    3553     -29.6237
    3554     -29.1845
    3555     -28.7145
    3556     -28.1946
    3557     -27.8228
    3558     -27.7956
    3559     -28.2263
    3560     -29.3216
    3561     -30.9466
    3562     -32.9543
    3563     -35.1118
    3564     -37.2751
    3565     -39.3076
    3566     -41.2933
    3567     -43.0864
    3568     -44.6140
    3569     -45.7906
    3570     -46.5588
    3571     -46.8284
    3572     -46.8682
    3573     -46.8174
    3574     -46.7997
    3575     -46.8053
    3576     -46.8582
    3577     -46.9716
    3578     -47.3034
    3579     -47.8787
    3580     -48.5647
    3581     -49.2682
    3582     -49.9904
    3583     -50.6215
    3584     -51.0232
    3585     -51.0918
    3586     -50.8684
    3587     -50.4466
    3588     -49.7603
    3589     -48.8962
    3590     -47.9955
    3591     -47.1772
    3592     -46.5094
    3593     -46.0319
    3594     -45.6211
    3595     -45.1838
    3596     -44.4810
    3597     -43.4382
    3598     -42.0100
    3599     -40.4292
    3600     -38.8290
    3601     -37.5584
    3602     -36.7162
    3603     -36.3050
    3604     -36.2755
    3605     -36.6208
    3606     -36.9659
    3607     -37.2463
    3608     -37.3943
    3609     -37.5695
    3610     -37.7886
    3611     -38.1973
    3612     -38.7250
    3613     -39.2578
    3614     -39.7765
    3615     -40.2722
    3616     -40.5652
    3617     -40.5350
    3618     -40.1445
    3619     -39.3802
    3620     -38.2042
    3621     -36.8567
    3622     -35.6145
    3623     -34.5877
    3624     -33.9732
    3625     -33.9827
    3626     -34.5860
    3627     -35.4535
    3628     -36.4017
    3629     -37.2116
    3630     -37.6587
    3631     -37.5358
    3632     -36.7599
    3633     -35.5191
    3634     -33.8215
    3635     -31.9693
    3636     -30.0351
    3637     -28.0383
    3638     -26.1834
    3639     -24.6289
    3640     -23.4322
    3641     -22.7077
    3642     -22.5956
    3643     -23.0103
    3644     -23.9038
    3645     -25.1043
    3646     -26.4570
    3647     -27.7260
    3648     -28.8463
    3649     -29.9661
    3650     -31.2601
    3651     -32.8640
    3652     -34.6218
    3653     -36.2511
    3654     -37.4047
    3655     -37.9618
    3656     -37.9124
    3657     -37.4117
    3658     -36.4351
    3659     -35.0776
    3660     -33.4308
    3661     -31.8459
    3662     -30.4915
    3663     -29.7340
    3664     -29.5557
    3665     -29.8144
    3666     -30.4002
    3667     -31.2847
    3668     -32.3358
    3669     -33.4808
    3670     -34.6309
    3671     -35.8963
    3672     -37.4050
    3673     -38.9891
    3674     -40.7920
    3675     -42.8520
    3676     -44.9608
    3677     -47.0741
    3678     -49.0002
    3679     -50.6181
    3680     -51.7577
    3681     -52.2814
    3682     -52.0613
    3683     -51.4075
    3684     -50.4003
    3685     -49.0274
    3686     -47.4835
    3687     -45.8251
    3688     -44.2168
    3689     -42.7409
    3690     -41.4611
    3691     -40.4236
    3692     -39.5457
    3693     -38.8775
    3694     -38.3620
    3695     -38.0982
    3696     -38.0783
    3697     -38.2089
    3698     -38.3549
    3699     -38.3417
    3700     -38.0810
    3701     -37.6010
    3702     -36.8374
    3703     -35.8997
    3704     -34.9832
    3705     -34.0919
    3706     -33.3324
    3707     -32.6736
    3708     -32.1411
    3709     -31.7398
    3710     -31.4810
    3711     -31.4963
    3712     -31.8341
    3713     -32.5829
    3714     -33.8327
    3715     -35.5072
    3716     -37.4687
    3717     -39.5430
    3718     -41.5928
    3719     -43.3585
    3720     -44.6733
    3721     -45.3814
    3722     -45.6088
    3723     -45.4688
    3724     -45.0485
    3725     -44.4113
    3726     -43.7558
    3727     -43.0622
    3728     -42.5279
    3729     -42.0722
    3730     -41.6506
    3731     -41.0720
    3732     -40.3502
    3733     -39.3594
    3734     -38.1718
    3735     -36.9354
    3736     -35.5918
    3737     -34.2642
    3738     -33.1166
    3739     -32.0754
    3740     -31.1235
    3741     -30.3108
    3742     -29.5614
    3743     -28.8860
    3744     -28.3254
    3745     -28.1619
    3746     -28.3355
    3747     -28.8270
    3748     -29.5087
    3749     -30.1739
    3750     -30.7777
    3751     -31.1769
    3752     -31.3303
    3753     -31.2386
    3754     -30.8926
    3755     -30.2733
    3756     -29.5452
    3757     -29.0167
    3758     -28.8899
    3759     -29.2507
    3760     -29.9543
    3761     -30.8722
    3762     -31.9462
    3763     -32.9242
    3764     -33.6560
    3765     -34.1061
    3766     -34.3798
    3767     -34.3896
    3768     -34.1396
    3769     -33.6967
    3770     -33.0745
    3771     -32.1670
    3772     -31.2957
    3773     -30.4191
    3774     -29.5332
    3775     -28.5761
    3776     -27.5595
    3777     -26.6734
    3778     -26.1072
    3779     -26.0481
    3780     -26.3186
    3781     -26.9101
    3782     -27.5619
    3783     -28.1691
    3784     -28.4716
    3785     -28.4105
    3786     -27.9570
    3787     -27.0446
    3788     -25.8764
    3789     -24.7313
    3790     -23.8957
    3791     -23.5879
    3792     -23.8765
    3793     -24.6798
    3794     -25.6866
    3795     -26.7871
    3796     -27.8993
    3797     -29.0481
    3798     -30.1433
    3799     -31.1815
    3800     -31.9518
    3801     -32.5872
    3802     -33.0718
    3803     -33.2672
    3804     -33.1347
    3805     -32.5812
    3806     -31.5938
    3807     -30.2631
    3808     -28.8045
    3809     -27.4727
    3810     -26.3612
    3811     -25.7685
    3812     -25.7013
    3813     -26.1621
    3814     -26.7896
    3815     -27.4686
    3816     -27.8991
    3817     -27.9316
    3818     -27.6495
    3819     -27.1804
    3820     -26.6974
    3821     -26.2270
    3822     -26.0420
    3823     -26.0366
    3824     -26.1897
    3825     -26.4262
    3826     -26.6610
    3827     -26.8202
    3828     -26.8788
    3829     -26.7707
    3830     -26.6121
    3831     -26.4327
    3832     -26.4548
    3833     -26.6050
    3834     -26.6455
    3835     -26.6229
    3836     -26.6633
    3837     -26.7713
    3838     -26.8158
    3839     -26.8030
    3840     -26.7635
    3841     -26.7375
    3842     -26.6928
    3843     -26.6231
    3844     -26.6988
    3845     -26.8003
    3846     -26.9295
    3847     -27.0301
    3848     -27.0310
    3849     -26.9616
    3850     -26.8523
    3851     -26.7503
    3852     -26.8563
    3853     -27.2177
    3854     -27.8894
    3855     -28.8188
    3856     -29.9678
    3857     -31.0559
    3858     -31.9883
    3859     -32.7085
    3860     -33.1747
    3861     -33.4742
    3862     -33.5323
    3863     -33.2294
    3864     -32.7750
    3865     -32.0473
    3866     -31.1394
    3867     -30.0991
    3868     -28.9400
    3869     -27.6342
    3870     -26.3265
    3871     -25.1564
    3872     -24.2168
    3873     -23.5906
    3874     -23.3302
    3875     -23.2617
    3876     -23.2024
    3877     -23.0806
    3878     -22.9742
    3879     -22.7582
    3880     -22.2665
    3881     -21.6327
    3882     -20.8089
    3883     -19.8489
    3884     -18.7809
    3885     -17.8641
    3886     -17.1874
    3887     -16.6617
    3888     -16.3520
    3889     -16.3495
    3890     -16.4764
    3891     -16.8288
    3892     -17.4162
    3893     -18.3785
    3894     -19.7160
    3895     -21.5533
    3896     -23.8303
    3897     -26.2212
    3898     -28.4574
    3899     -30.3906
    3900     -31.7671
    3901     -32.5401
    3902     -32.5528
    3903     -32.1449
    3904     -31.4834
    3905     -30.7349
    3906     -30.1993
    3907     -30.0411
    3908     -30.2355
    3909     -30.6625
    3910     -31.3809
    3911     -32.2752
    3912     -33.2366
    3913     -34.1277
    3914     -34.9020
    3915     -35.6441
    3916     -36.3985
    3917     -37.1205
    3918     -37.7641
    3919     -38.2939
    3920     -38.6617
    3921     -38.8163
    3922     -38.8207
    3923     -38.6974
    3924     -38.3836
    3925     -37.8947
    3926     -37.3942
    3927     -37.0357
    3928     -36.7511
    3929     -36.5539
    3930     -36.5199
    3931     -36.6241
    3932     -36.8764
    3933     -37.2530
    3934     -37.7562
    3935     -38.4438
    3936     -39.3020
    3937     -40.1813
    3938     -41.0695
    3939     -41.8918
    3940     -42.4796
    3941     -42.6459
    3942     -42.3569
    3943     -41.8222
    3944     -41.1248
    3945     -40.5520
    3946     -40.1629
    3947     -40.0453
    3948     -40.1049
    3949     -40.3759
    3950     -40.7032
    3951     -40.9511
    3952     -41.0498
    3953     -40.8267
    3954     -40.2945
    3955     -39.4350
    3956     -38.3226
    3957     -37.1510
    3958     -36.1051
    3959     -35.1716
    3960     -34.5078
    3961     -33.9899
    3962     -33.6166
    3963     -33.2719
    3964     -32.9532
    3965     -32.6572
    3966     -32.5032
    3967     -32.4345
    3968     -32.5509
    3969     -32.6687
    3970     -32.9064
    3971     -33.3127
    3972     -33.7860
    3973     -34.2256
    3974     -34.5302
    3975     -34.8749
    3976     -35.4109
    3977     -36.2690
    3978     -37.4556
    3979     -38.7159
    3980     -39.9712
    3981     -41.1971
    3982     -42.1564
    3983     -42.7535
    3984     -43.0568
    3985     -43.0906
    3986     -43.0040
    3987     -43.1339
    3988     -43.5346
    3989     -44.1555
    3990     -44.8668
    3991     -45.5916
    3992     -46.0147
    3993     -45.9642
    3994     -45.4719
    3995     -44.5289
    3996     -42.9819
    3997     -40.8886
    3998     -38.4249
    3999     -35.7598
    4000     -33.1616
    4001     -30.9261
    4002     -29.1696
    4003     -28.0189
    4004     -27.5262
    4005     -27.5549
    4006     -28.2341
    4007     -29.5035
    4008     -31.2206
    4009     -33.2295
    4010     -35.4100
    4011     -37.6258
    4012     -39.6828
    4013     -41.4011
    4014     -42.5044
    4015     -42.9705
    4016     -42.7608
    4017     -41.8176
    4018     -40.1969
    4019     -37.9648
    4020     -35.3782
    4021     -32.6197
    4022     -29.9141
    4023     -27.7784
    4024     -26.4522
    4025     -26.0470
    4026     -26.4137
    4027     -27.3505
    4028     -28.8861
    4029     -30.8557
    4030     -33.1311
    4031     -35.5877
    4032     -38.1954
    4033     -40.7100
    4034     -42.7548
    4035     -44.1263
    4036     -44.8082
    4037     -44.7437
    4038     -43.9164
    4039     -42.5370
    4040     -40.7826
    4041     -38.9478
    4042     -37.2285
    4043     -35.8209
    4044     -34.9509
    4045     -34.7516
    4046     -35.3576
    4047     -36.4346
    4048     -37.6828
    4049     -38.7869
    4050     -39.5724
    4051     -39.8636
    4052     -39.4503
    4053     -38.3223
    4054     -36.6603
    4055     -34.7512
    4056     -32.6347
    4057     -30.5197
    4058     -28.5631
    4059     -26.7398
    4060     -25.0666
    4061     -23.5954
    4062     -22.3311
    4063     -21.5214
    4064     -21.1156
    4065     -21.1193
    4066     -21.5482
    4067     -22.4021
    4068     -23.6105
    4069     -25.1475
    4070     -26.9063
    4071     -28.7404
    4072     -30.6069
    4073     -32.3009
    4074     -33.6869
    4075     -34.8350
    4076     -35.8123
    4077     -36.8227
    4078     -37.7851
    4079     -38.6025
    4080     -39.3268
    4081     -39.9695
    4082     -40.4718
    4083     -40.6957
    4084     -40.7500
    4085     -40.5845
    4086     -40.1476
    4087     -39.6149
    4088     -39.0360
    4089     -38.5977
    4090     -38.2897
    4091     -38.0945
    4092     -38.1424
    4093     -38.4535
    4094     -38.9684
    4095     -39.5595
    4096     -40.1029
    4097     -40.4715
    4098     -40.5952
    4099     -40.4628
    4100     -40.0693
    4101     -39.3493
    4102     -38.3946
    4103     -37.5006
    4104     -36.7885
    4105     -36.2954
    4106     -35.9326
    4107     -35.9045
    4108     -36.1479
    4109     -36.6672
    4110     -37.1834
    4111     -37.4196
    4112     -37.4375
    4113     -37.1929
    4114     -36.8783
    4115     -36.4927
    4116     -36.0524
    4117     -35.5310
    4118     -35.2304
    4119     -35.0536
    4120     -35.0332
    4121     -35.1351
    4122     -35.3869
    4123     -35.6808
    4124     -35.8722
    4125     -36.0285
    4126     -36.2967
    4127     -36.6949
    4128     -37.2987
    4129     -38.1155
    4130     -38.9137
    4131     -39.7059
    4132     -40.2721
    4133     -40.3975
    4134     -40.2100
    4135     -39.7730
    4136     -39.1305
    4137     -38.3972
    4138     -37.7599
    4139     -37.2513
    4140     -36.9660
    4141     -36.8185
    4142     -36.8258
    4143     -36.9799
    4144     -37.3448
    4145     -37.8577
    4146     -38.2726
    4147     -38.5307
    4148     -38.6061
    4149     -38.4246
    4150     -38.0293
    4151     -37.5791
    4152     -37.0225
    4153     -36.5176
    4154     -36.2534
    4155     -36.1009
    4156     -36.1992
    4157     -36.4687
    4158     -36.8721
    4159     -37.4148
    4160     -38.0562
    4161     -38.7356
    4162     -39.5679
    4163     -40.7397
    4164     -42.4298
    4165     -44.4416
    4166     -46.5543
    4167     -48.6515
    4168     -50.4962
    4169     -52.0703
    4170     -53.1678
    4171     -53.6165
    4172     -53.3739
    4173     -52.6181
    4174     -51.6143
    4175     -50.6988
    4176     -49.9406
    4177     -49.3712
    4178     -49.1331
    4179     -49.2048
    4180     -49.3898
    4181     -49.7129
    4182     -50.0506
    4183     -50.3247
    4184     -50.5909
    4185     -50.7621
    4186     -50.7446
    4187     -50.4483
    4188     -50.0233
    4189     -49.4113
    4190     -48.6686
    4191     -47.8320
    4192     -46.9433
    4193     -46.0916
    4194     -45.3246
    4195     -44.7531
    4196     -44.5658
    4197     -44.7283
    4198     -45.2456
    4199     -46.2767
    4200     -47.6852
    4201     -49.2479
    4202     -50.8012
    4203     -52.2972
    4204     -53.5766
    4205     -54.5926
    4206     -55.1865
    4207     -55.3472
    4208     -55.0433
    4209     -54.1989
    4210     -52.9617
    4211     -51.2871
    4212     -49.2021
    4213     -46.8023
    4214     -44.2042
    4215     -41.7220
    4216     -39.5050
    4217     -37.7294
    4218     -36.5879
    4219     -36.3187
    4220     -36.9999
    4221     -38.4269
    4222     -40.5114
    4223     -42.9357
    4224     -45.3357
    4225     -47.4320
    4226     -49.0018
    4227     -49.8726
    4228     -49.8471
    4229     -48.9731
    4230     -47.4192
    4231     -45.3027
    4232     -42.8157
    4233     -40.2086
    4234     -37.8237
    4235     -35.9150
    4236     -34.6539
    4237     -34.0687
    4238     -34.1358
    4239     -34.7387
    4240     -35.5508
    4241     -36.4500
    4242     -37.3774
    4243     -38.2605
    4244     -38.8257
    4245     -38.9886
    4246     -38.5635
    4247     -37.5356
    4248     -36.0126
    4249     -34.1145
    4250     -31.9987
    4251     -29.7663
    4252     -27.7601
    4253     -26.1330
    4254     -25.0227
    4255     -24.6178
    4256     -24.9914
    4257     -26.0472
    4258     -27.6440
    4259     -29.4826
    4260     -31.3953
    4261     -33.1321
    4262     -34.5160
    4263     -35.4660
    4264     -35.8784
    4265     -35.6965
    4266     -34.9285
    4267     -33.7527
    4268     -32.1884
    4269     -30.4256
    4270     -28.9593
    4271     -27.8547
    4272     -27.3825
    4273     -27.4454
    4274     -28.0541
    4275     -29.1565
    4276     -30.5817
    4277     -32.2865
    4278     -34.2384
    4279     -36.3799
    4280     -38.3941
    4281     -40.1266
    4282     -41.4059
    4283     -42.1030
    4284     -42.2305
    4285     -41.9342
    4286     -41.1852
    4287     -40.0063
    4288     -38.4261
    4289     -36.5582
    4290     -34.4939
    4291     -32.4022
    4292     -30.4872
    4293     -29.0407
    4294     -28.0139
    4295     -27.3691
    4296     -27.1652
    4297     -27.2153
    4298     -27.4674
    4299     -27.8718
    4300     -28.4263
    4301     -28.9857
    4302     -29.4576
    4303     -29.9429
    4304     -30.3496
    4305     -30.5780
    4306     -30.7414
    4307     -30.8469
    4308     -30.6025
    4309     -29.9596
    4310     -29.2446
    4311     -28.5913
    4312     -28.1723
    4313     -28.1122
    4314     -28.5141
    4315     -29.4315
    4316     -30.9509
    4317     -32.9226
    4318     -35.2079
    4319     -37.4635
    4320     -39.3520
    4321     -40.6800
    4322     -41.3819
    4323     -41.4096
    4324     -40.8135
    4325     -39.5519
    4326     -37.6479
    4327     -35.1774
    4328     -32.2136
    4329     -28.8392
    4330     -25.2854
    4331     -21.6458
    4332     -18.2679
    4333     -15.6808
    4334     -14.2630
    4335     -13.9842
    4336     -14.7537
    4337     -16.4386
    4338     -18.9086
    4339     -21.9057
    4340     -24.9833
    4341     -27.8840
    4342     -30.2873
    4343     -32.0994
    4344     -33.0614
    4345     -33.1467
    4346     -32.3648
    4347     -30.9169
    4348     -28.8473
    4349     -26.3602
    4350     -23.7469
    4351     -21.2661
    4352     -19.2464
    4353     -17.7836
    4354     -17.2019
    4355     -17.7514
    4356     -19.1032
    4357     -21.1322
    4358     -23.3188
    4359     -25.2203
    4360     -26.7145
    4361     -27.5295
    4362     -27.6686
    4363     -27.2212
    4364     -26.5076
    4365     -25.7436
    4366     -25.1062
    4367     -24.7396
    4368     -24.7107
    4369     -24.9830
    4370     -25.5039
    4371     -26.1410
    4372     -26.8361
    4373     -27.5011
    4374     -28.2801
    4375     -29.2058
    4376     -30.2890
    4377     -31.4940
    4378     -32.7816
    4379     -33.9622
    4380     -34.6347
    4381     -34.6717
    4382     -34.1068
    4383     -33.0810
    4384     -31.6938
    4385     -30.0552
    4386     -28.3913
    4387     -26.9573
    4388     -26.0239
    4389     -25.7988
    4390     -26.2267
    4391     -27.1759
    4392     -28.4635
    4393     -29.8133
    4394     -31.1974
    4395     -32.5905
    4396     -33.9353
    4397     -35.1041
    4398     -35.8077
    4399     -35.9056
    4400     -35.3911
    4401     -34.2653
    4402     -32.7144
    4403     -30.9056
    4404     -29.0544
    4405     -27.3409
    4406     -25.8312
    4407     -24.6374
    4408     -23.7720
    4409     -23.4252
    4410     -23.5317
    4411     -23.9042
    4412     -24.5320
    4413     -25.2672
    4414     -25.9455
    4415     -26.5101
    4416     -26.8818
    4417     -27.0597
    4418     -27.1487
    4419     -27.0146
    4420     -26.7652
    4421     -26.2361
    4422     -25.3076
    4423     -24.0397
    4424     -22.5725
    4425     -20.9822
    4426     -19.4216
    4427     -18.2027
    4428     -17.4629
    4429     -17.2341
    4430     -17.4052
    4431     -18.0192
    4432     -18.9788
    4433     -20.1410
    4434     -21.3234
    4435     -22.4425
    4436     -23.1536
    4437     -23.3735
    4438     -23.0897
    4439     -22.3607
    4440     -21.2598
    4441     -19.9377
    4442     -18.4498
    4443     -16.9743
    4444     -15.5773
    4445     -14.4317
    4446     -13.5116
    4447     -12.6409
    4448     -12.0929
    4449     -12.1959
    4450     -13.0664
    4451     -14.9555
    4452     -17.8500
    4453     -21.4007
    4454     -25.1425
    4455     -28.6821
    4456     -31.6341
    4457     -33.6057
    4458     -34.6042
    4459     -34.6517
    4460     -33.6706
    4461     -31.9785
    4462     -29.8381
    4463     -27.4815
    4464     -25.4206
    4465     -24.1001
    4466     -23.5942
    4467     -23.9014
    4468     -24.9346
    4469     -26.4870
    4470     -28.1696
    4471     -29.9082
    4472     -31.6068
    4473     -33.0236
    4474     -34.1863
    4475     -35.1405
    4476     -35.7227
    4477     -35.8277
    4478     -35.5636
    4479     -34.9189
    4480     -33.9018
    4481     -32.6442
    4482     -31.1863
    4483     -29.5267
    4484     -27.8945
    4485     -26.4180
    4486     -25.2013
    4487     -24.4294
    4488     -24.1597
    4489     -24.4084
    4490     -25.1257
    4491     -26.1071
    4492     -27.2476
    4493     -28.2744
    4494     -29.1826
    4495     -29.8752
    4496     -30.2085
    4497     -30.1197
    4498     -29.5840
    4499     -28.5123
    4500     -26.9907
    4501     -25.2075
    4502     -23.2442
    4503     -21.3731
    4504     -19.8176
    4505     -18.7738
    4506     -18.2218
    4507     -17.9123
    4508     -17.8482
    4509     -18.0373
    4510     -18.4793
    4511     -19.1517
    4512     -20.1464
    4513     -21.4530
    4514     -23.0163
    4515     -24.8378
    4516     -26.6173
    4517     -28.1964
    4518     -29.4054
    4519     -30.0341
    4520     -29.9823
    4521     -29.3505
    4522     -28.0821
    4523     -26.3914
    4524     -24.4724
    4525     -22.5460
    4526     -20.7290
    4527     -19.2921
    4528     -18.5516
    4529     -18.4953
    4530     -19.0464
    4531     -20.1141
    4532     -21.5518
    4533     -23.2103
    4534     -24.9054
    4535     -26.5896
    4536     -28.1951
    4537     -29.6359
    4538     -30.8048
    4539     -31.7546
    4540     -32.6261
    4541     -33.4358
    4542     -34.2325
    4543     -35.0816
    4544     -35.8610
    4545     -36.5093
    4546     -36.9502
    4547     -37.1587
    4548     -37.0935
    4549     -36.7804
    4550     -36.3099
    4551     -35.8399
    4552     -35.4628
    4553     -35.2370
    4554     -35.2493
    4555     -35.5315
    4556     -36.0907
    4557     -36.9259
    4558     -37.8066
    4559     -38.5348
    4560     -39.1480
    4561     -39.7390
    4562     -40.3626
    4563     -41.1436
    4564     -41.8974
    4565     -42.5706
    4566     -43.1603
    4567     -43.3814
    4568     -42.9656
    4569     -41.8978
    4570     -40.1650
    4571     -37.7140
    4572     -34.7502
    4573     -31.4704
    4574     -28.2684
    4575     -25.3772
    4576     -23.1347
    4577     -21.7934
    4578     -21.5555
    4579     -22.5314
    4580     -24.4715
    4581     -26.9928
    4582     -29.9271
    4583     -32.9181
    4584     -35.7188
    4585     -38.1632
    4586     -39.9376
    4587     -40.9568
    4588     -41.1512
    4589     -40.4047
    4590     -38.8017
    4591     -36.4619
    4592     -33.4951
    4593     -30.1738
    4594     -26.7924
    4595     -23.6213
    4596     -20.7380
    4597     -18.2030
    4598     -16.0464
    4599     -14.5564
    4600     -13.9844
    4601     -14.4174
    4602     -16.0299
    4603     -18.6328
    4604     -21.9218
    4605     -25.5668
    4606     -28.9130
    4607     -31.6470
    4608     -33.4852
    4609     -34.2156
    4610     -33.9065
    4611     -32.5314
    4612     -30.3350
    4613     -27.5839
    4614     -24.6801
    4615     -21.8173
    4616     -19.3709
    4617     -17.6307
    4618     -16.9572
    4619     -17.2538
    4620     -18.2095
    4621     -19.7560
    4622     -21.6832
    4623     -23.7713
    4624     -26.0269
    4625     -28.6533
    4626     -31.4696
    4627     -34.2237
    4628     -36.6705
    4629     -38.5157
    4630     -39.6349
    4631     -39.9940
    4632     -39.5733
    4633     -38.5016
    4634     -36.8000
    4635     -34.7098
    4636     -32.3140
    4637     -29.8733
    4638     -27.5479
    4639     -25.6144
    4640     -24.1335
    4641     -23.2557
    4642     -23.1585
    4643     -23.6617
    4644     -24.6486
    4645     -26.1607
    4646     -27.8902
    4647     -29.5370
    4648     -30.8909
    4649     -31.6984
    4650     -31.9272
    4651     -31.7833
    4652     -31.1576
    4653     -29.9034
    4654     -28.3856
    4655     -26.6816
    4656     -24.9362
    4657     -23.3905
    4658     -22.1848
    4659     -21.5356
    4660     -21.5147
    4661     -22.1783
    4662     -23.3488
    4663     -24.9016
    4664     -26.6860
    4665     -28.4696
    4666     -30.0872
    4667     -31.3497
    4668     -31.9756
    4669     -31.8914
    4670     -31.0193
    4671     -29.4383
    4672     -27.4224
    4673     -25.4471
    4674     -23.6219
    4675     -22.1675
    4676     -21.3598
    4677     -21.3905
    4678     -22.2655
    4679     -23.8243
    4680     -25.7597
    4681     -27.9174
    4682     -29.9531
    4683     -31.8301
    4684     -33.3559
    4685     -34.3809
    4686     -34.8958
    4687     -34.8744
    4688     -34.3526
    4689     -33.6955
    4690     -32.9179
    4691     -32.0353
    4692     -31.1696
    4693     -30.3879
    4694     -29.4299
    4695     -28.2727
    4696     -26.8854
    4697     -25.5738
    4698     -24.6017
    4699     -24.0489
    4700     -23.8696
    4701     -23.9527
    4702     -24.5251
    4703     -25.4484
    4704     -26.7045
    4705     -28.0918
    4706     -29.4003
    4707     -30.5741
    4708     -31.4729
    4709     -32.0865
    4710     -32.4011
    4711     -32.5206
    4712     -32.6001
    4713     -32.6407
    4714     -32.6008
    4715     -32.4145
    4716     -32.1577
    4717     -31.8742
    4718     -31.5173
    4719     -31.1003
    4720     -30.5636
    4721     -30.0039
    4722     -29.5288
    4723     -29.1504
    4724     -29.0464
    4725     -29.2636
    4726     -29.6761
    4727     -30.4494
    4728     -31.4660
    4729     -32.4964
    4730     -33.3714
    4731     -34.0249
    4732     -34.3499
    4733     -34.1781
    4734     -33.5250
    4735     -32.4250
    4736     -30.9302
    4737     -29.3265
    4738     -27.7008
    4739     -26.3973
    4740     -25.4573
    4741     -24.9364
    4742     -24.8323
    4743     -25.0082
    4744     -25.5566
    4745     -26.4164
    4746     -27.4882
    4747     -28.8093
    4748     -30.2540
    4749     -31.6430
    4750     -32.8745
    4751     -33.9063
    4752     -34.5381
    4753     -34.7093
    4754     -34.5064
    4755     -33.8076
    4756     -32.7190
    4757     -31.2364
    4758     -29.5684
    4759     -27.8379
    4760     -26.2311
    4761     -24.8834
    4762     -23.8732
    4763     -23.1285
    4764     -22.7364
    4765     -22.6090
    4766     -22.8648
    4767     -23.5186
    4768     -24.6205
    4769     -26.1444
    4770     -27.9735
    4771     -29.9966
    4772     -32.0869
    4773     -34.2593
    4774     -36.5919
    4775     -38.8677
    4776     -40.7331
    4777     -41.8966
    4778     -42.3294
    4779     -41.9626
    4780     -40.7872
    4781     -38.9257
    4782     -36.4821
    4783     -33.6702
    4784     -30.6424
    4785     -27.6210
    4786     -24.8740
    4787     -22.5644
    4788     -20.7398
    4789     -19.5948
    4790     -19.3581
    4791     -20.1238
    4792     -21.6591
    4793     -23.7455
    4794     -26.2007
    4795     -28.7651
    4796     -31.3011
    4797     -33.4891
    4798     -35.1418
    4799     -36.2931
    4800     -36.9367
    4801     -37.0976
    4802     -36.7970
    4803     -36.2268
    4804     -35.4954
    4805     -34.7271
    4806     -34.0518
    4807     -33.5096
    4808     -33.0588
    4809     -32.8487
    4810     -32.9156
    4811     -33.2622
    4812     -34.0027
    4813     -34.9711
    4814     -36.0187
    4815     -37.1809
    4816     -38.2677
    4817     -39.2864
    4818     -40.1262
    4819     -40.5754
    4820     -40.6793
    4821     -40.5870
    4822     -40.3233
    4823     -40.0267
    4824     -39.8519
    4825     -39.7488
    4826     -39.6683
    4827     -39.7657
    4828     -40.1352
    4829     -40.6901
    4830     -41.3624
    4831     -41.9758
    4832     -42.3362
    4833     -42.4231
    4834     -42.2917
    4835     -41.9216
    4836     -41.2791
    4837     -40.5606
    4838     -39.6297
    4839     -38.5813
    4840     -37.4148
    4841     -36.3019
    4842     -35.4449
    4843     -34.8669
    4844     -34.6665
    4845     -34.9855
    4846     -35.7326
    4847     -36.8054
    4848     -38.0616
    4849     -39.3431
    4850     -40.3871
    4851     -41.0966
    4852     -41.4226
    4853     -41.3210
    4854     -40.7462
    4855     -39.8262
    4856     -38.6892
    4857     -37.5201
    4858     -36.5256
    4859     -35.7012
    4860     -34.8927
    4861     -34.0366
    4862     -33.0770
    4863     -31.9503
    4864     -30.7855
    4865     -29.6573
    4866     -28.8581
    4867     -28.2920
    4868     -27.9797
    4869     -28.0714
    4870     -28.5998
    4871     -29.6351
    4872     -31.1424
    4873     -32.8219
    4874     -34.5874
    4875     -36.1735
    4876     -37.1461
    4877     -37.3672
    4878     -36.7965
    4879     -35.4299
    4880     -33.7056
    4881     -31.9088
    4882     -30.2415
    4883     -28.7528
    4884     -27.6271
    4885     -26.9256
    4886     -26.8326
    4887     -27.3823
    4888     -28.6241
    4889     -30.6789
    4890     -33.5113
    4891     -36.8313
    4892     -40.3128
    4893     -43.6100
    4894     -46.5209
    4895     -48.6728
    4896     -50.0040
    4897     -50.4725
    4898     -49.8973
    4899     -48.2556
    4900     -45.6261
    4901     -42.2940
    4902     -38.6782
    4903     -35.2987
    4904     -32.3871
    4905     -30.0681
    4906     -28.3477
    4907     -27.2092
    4908     -26.7049
    4909     -27.0240
    4910     -28.2580
    4911     -30.3660
    4912     -33.0632
    4913     -36.0547
    4914     -38.7673
    4915     -40.8977
    4916     -42.2022
    4917     -42.6734
    4918     -42.4226
    4919     -41.6403
    4920     -40.4879
    4921     -39.0089
    4922     -37.3316
    4923     -35.5734
    4924     -33.8078
    4925     -32.0027
    4926     -30.3621
    4927     -29.0940
    4928     -28.2017
    4929     -27.5991
    4930     -27.4095
    4931     -27.6595
    4932     -28.3489
    4933     -29.4654
    4934     -31.0517
    4935     -33.0354
    4936     -35.1080
    4937     -37.1526
    4938     -38.8704
    4939     -40.1147
    4940     -40.7717
    4941     -40.8715
    4942     -40.3718
    4943     -39.4205
    4944     -38.1417
    4945     -36.5826
    4946     -34.8310
    4947     -32.9991
    4948     -31.0916
    4949     -29.1261
    4950     -27.2904
    4951     -25.9042
    4952     -25.1378
    4953     -25.0296
    4954     -25.4634
    4955     -26.3556
    4956     -27.5479
    4957     -28.9373
    4958     -30.6535
    4959     -32.5468
    4960     -34.4829
    4961     -36.2154
    4962     -37.5781
    4963     -38.3209
    4964     -38.3954
    4965     -37.8061
    4966     -36.5859
    4967     -34.9570
    4968     -33.1319
    4969     -31.2194
    4970     -29.1595
    4971     -27.1152
    4972     -25.1717
    4973     -23.6099
    4974     -22.6202
    4975     -22.2078
    4976     -22.1753
    4977     -22.4584
    4978     -22.8988
    4979     -23.2684
    4980     -23.6123
    4981     -23.9140
    4982     -24.2712
    4983     -24.6716
    4984     -25.0651
    4985     -25.4394
    4986     -25.8336
    4987     -26.1851
    4988     -26.6013
    4989     -27.0831
    4990     -27.6304
    4991     -28.0326
    4992     -28.4353
    4993     -28.7420
    4994     -29.0286
    4995     -29.2734
    4996     -29.5494
    4997     -29.8128
    4998     -30.1346
    4999     -30.4525
    5000     -30.7367
   