    1001     -27.0042
    1002     -25.9839
    1003     -24.5006
    1004     -22.8268
    1005     -21.2721
    1006     -19.9711
    1007     -19.1354
    1008     -18.8234
    1009     -19.0712
    1010     -19.7095
    1011     -20.5726
    1012     -21.6330
    1013     -22.7631
    1014     -23.9356
    1015     -25.0453
    1016     -26.1899
    1017     -27.3994
    1018     -28.4656
    1019     -29.3635
    1020     -29.9488
    1021     -30.1574
    1022     -30.0412
    1023     -29.7158
    1024     -29.1250
    1025     -28.5132
    1026     -27.8899
    1027     -27.2168
    1028     -26.5609
    1029     -25.8059
    1030     -24.8872
    1031     -23.7935
    1032     -22.7978
    1033     -21.8516
    1034     -21.0404
    1035     -20.5176
    1036     -20.1986
    1037     -19.9467
    1038     -19.5527
    1039     -19.1233
    1040     -18.5294
    1041     -17.7066
    1042     -16.8393
    1043     -15.9961
    1044     -15.1918
    1045     -14.5008
    1046     -13.9022
    1047     -13.2885
    1048     -12.7950
    1049     -12.5093
    1050     -12.5673
    1051     -12.8732
    1052     -13.5456
    1053     -14.5948
    1054     -15.8993
    1055     -17.1837
    1056     -18.2740
    1057     -19.2150
    1058     -19.9783
    1059     -20.3099
    1060     -20.2403
    1061     -19.8147
    1062     -19.0394
    1063     -18.1559
    1064     -17.2073
    1065     -16.4480
    1066     -15.9991
    1067     -15.9038
    1068     -15.9797
    1069     -16.1199
    1070     -16.0601
    1071     -15.6257
    1072     -14.7830
    1073     -13.8140
    1074     -12.8449
    1075     -12.0604
    1076     -11.3932
    1077     -10.9613
    1078     -10.7546
    1079     -10.8521
    1080     -10.9594
    1081     -10.9369
    1082     -10.8424
    1083     -10.6604
    1084     -10.3854
    1085      -9.9846
    1086      -9.6362
    1087      -9.3467
    1088      -9.3957
    1089      -9.6943
    1090     -10.2539
    1091     -10.9296
    1092     -11.6430
    1093     -12.3383
    1094     -12.8832
    1095     -13.3311
    1096     -13.8019
    1097     -14.5457
    1098     -15.6611
    1099     -16.8808
    1100     -18.2825
    1101     -19.9450
    1102     -21.9382
    1103     -24.1432
    1104     -26.6013
    1105     -29.2800
    1106     -31.8970
    1107     -34.2360
    1108     -36.1220
    1109     -37.0993
    1110     -37.1816
    1111     -36.3263
    1112     -34.4961
    1113     -31.8974
    1114     -28.9511
    1115     -25.7237
    1116     -22.7430
    1117     -20.3659
    1118     -18.7427
    1119     -18.0072
    1120     -18.2415
    1121     -19.3455
    1122     -21.2641
    1123     -23.7677
    1124     -26.6861
    1125     -29.7307
    1126     -32.4505
    1127     -34.6613
    1128     -36.2978
    1129     -37.2939
    1130     -37.5639
    1131     -36.9525
    1132     -35.3414
    1133     -32.7009
    1134     -29.3227
    1135     -25.4035
    1136     -21.4653
    1137     -18.2926
    1138     -16.2905
    1139     -15.4568
    1140     -15.8339
    1141     -17.1249
    1142     -19.0554
    1143     -21.4854
    1144     -24.2462
    1145     -27.2077
    1146     -30.2284
    1147     -32.8214
    1148     -34.6735
    1149     -35.5302
    1150     -35.4533
    1151     -34.5919
    1152     -33.0316
    1153     -30.9445
    1154     -28.5097
    1155     -25.8354
    1156     -23.0247
    1157     -20.3991
    1158     -18.2929
    1159     -16.8283
    1160     -16.1712
    1161     -16.4055
    1162     -17.5618
    1163     -19.6357
    1164     -22.2299
    1165     -25.1271
    1166     -28.2191
    1167     -31.2714
    1168     -34.0738
    1169     -36.4619
    1170     -38.2502
    1171     -39.3413
    1172     -39.7621
    1173     -39.6233
    1174     -38.9948
    1175     -37.8190
    1176     -36.2014
    1177     -34.3186
    1178     -32.4445
    1179     -30.7905
    1180     -29.4653
    1181     -28.4131
    1182     -27.5376
    1183     -26.8112
    1184     -26.3043
    1185     -26.1987
    1186     -26.4233
    1187     -26.9152
    1188     -27.6606
    1189     -28.5466
    1190     -29.4539
    1191     -30.4002
    1192     -31.2457
    1193     -31.9196
    1194     -32.3391
    1195     -32.4585
    1196     -32.1684
    1197     -31.6184
    1198     -30.8530
    1199     -30.0565
    1200     -29.4020
    1201     -28.9998
    1202     -28.8267
    1203     -28.9279
    1204     -29.2982
    1205     -29.8390
    1206     -30.5845
    1207     -31.4673
    1208     -32.3323
    1209     -33.1292
    1210     -33.7002
    1211     -33.9597
    1212     -33.9127
    1213     -33.5176
    1214     -32.8054
    1215     -31.7418
    1216     -30.2714
    1217     -28.7033
    1218     -27.2399
    1219     -26.2193
    1220     -25.7125
    1221     -25.8683
    1222     -26.6053
    1223     -27.7307
    1224     -28.8899
    1225     -29.8665
    1226     -30.6562
    1227     -31.2203
    1228     -31.5515
    1229     -31.7085
    1230     -31.7223
    1231     -31.5488
    1232     -31.1707
    1233     -30.6675
    1234     -30.0469
    1235     -29.1974
    1236     -28.3492
    1237     -27.5806
    1238     -26.8665
    1239     -26.2380
    1240     -25.8185
    1241     -25.6822
    1242     -25.9075
    1243     -26.3628
    1244     -26.9467
    1245     -27.3792
    1246     -27.4460
    1247     -27.1068
    1248     -26.5739
    1249     -25.9867
    1250     -25.5365
    1251     -25.2507
    1252     -25.3124
    1253     -25.7437
    1254     -26.4143
    1255     -27.0680
    1256     -27.6917
    1257     -28.0492
    1258     -27.9856
    1259     -27.5380
    1260     -26.8677
    1261     -26.1308
    1262     -25.5511
    1263     -25.1088
    1264     -24.7241
    1265     -24.5151
    1266     -24.4225
    1267     -24.2391
    1268     -23.9582
    1269     -23.5197
    1270     -22.9578
    1271     -22.3040
    1272     -21.7650
    1273     -21.3854
    1274     -21.2706
    1275     -21.3398
    1276     -21.6093
    1277     -22.0888
    1278     -22.6020
    1279     -23.0426
    1280     -23.4788
    1281     -23.6944
    1282     -23.7621
    1283     -23.6714
    1284     -23.4216
    1285     -23.0397
    1286     -22.6767
    1287     -22.1370
    1288     -21.5980
    1289     -21.1056
    1290     -20.9610
    1291     -21.1749
    1292     -21.6235
    1293     -22.3512
    1294     -23.0415
    1295     -23.6550
    1296     -24.0575
    1297     -24.2466
    1298     -24.1752
    1299     -23.9699
    1300     -23.6347
    1301     -23.1340
    1302     -22.4677
    1303     -21.6725
    1304     -20.9938
    1305     -20.4574
    1306     -20.0669
    1307     -19.7424
    1308     -19.5671
    1309     -19.6303
    1310     -19.8438
    1311     -20.4462
    1312     -21.6285
    1313     -23.4023
    1314     -25.7086
    1315     -28.3641
    1316     -30.9662
    1317     -33.2002
    1318     -34.7380
    1319     -35.4750
    1320     -35.2554
    1321     -34.0313
    1322     -31.9163
    1323     -29.2173
    1324     -26.2723
    1325     -23.2245
    1326     -20.4524
    1327     -18.3192
    1328     -16.8813
    1329     -16.0993
    1330     -15.8042
    1331     -15.9198
    1332     -16.2969
    1333     -16.9496
    1334     -17.8231
    1335     -18.9383
    1336     -20.4108
    1337     -22.1818
    1338     -24.1794
    1339     -26.0313
    1340     -27.4240
    1341     -28.1529
    1342     -28.0038
    1343     -27.0103
    1344     -25.2090
    1345     -22.9730
    1346     -20.4700
    1347     -18.0213
    1348     -15.8332
    1349     -14.0159
    1350     -12.7591
    1351     -12.1305
    1352     -12.1073
    1353     -12.7400
    1354     -14.0043
    1355     -15.9461
    1356     -18.4289
    1357     -21.4295
    1358     -24.7111
    1359     -28.0463
    1360     -31.2130
    1361     -33.8957
    1362     -36.0278
    1363     -37.5118
    1364     -38.2771
    1365     -38.3842
    1366     -37.9571
    1367     -37.1308
    1368     -35.9815
    1369     -34.6888
    1370     -33.4589
    1371     -32.3541
    1372     -31.4529
    1373     -30.7753
    1374     -30.4667
    1375     -30.4836
    1376     -30.6692
    1377     -30.9631
    1378     -31.3217
    1379     -31.6505
    1380     -31.9028
    1381     -31.9447
    1382     -31.7263
    1383     -31.0804
    1384     -30.0779
    1385     -28.7225
    1386     -27.2729
    1387     -25.9818
    1388     -25.0691
    1389     -24.5399
    1390     -24.2700
    1391     -24.2051
    1392     -24.2983
    1393     -24.3660
    1394     -24.3079
    1395     -24.0807
    1396     -23.9380
    1397     -24.2301
    1398     -25.0247
    1399     -26.3485
    1400     -28.0950
    1401     -30.0464
    1402     -32.0344
    1403     -33.9463
    1404     -35.5891
    1405     -36.9028
    1406     -37.8200
    1407     -38.2926
    1408     -38.4635
    1409     -38.2698
    1410     -37.8000
    1411     -37.0310
    1412     -36.0265
    1413     -34.8723
    1414     -33.5442
    1415     -31.9368
    1416     -30.0742
    1417     -28.1238
    1418     -26.2342
    1419     -24.6673
    1420     -23.6771
    1421     -23.3386
    1422     -23.6561
    1423     -24.6645
    1424     -26.3187
    1425     -28.3097
    1426     -30.4344
    1427     -32.5918
    1428     -34.5972
    1429     -36.2504
    1430     -37.2825
    1431     -37.5965
    1432     -37.2212
    1433     -36.2187
    1434     -34.6732
    1435     -32.8305
    1436     -30.9809
    1437     -29.3626
    1438     -28.2049
    1439     -27.5231
    1440     -27.3874
    1441     -27.4870
    1442     -27.6576
    1443     -27.8214
    1444     -27.9854
    1445     -28.1361
    1446     -28.2435
    1447     -28.2479
    1448     -28.2710
    1449     -28.5423
    1450     -28.8672
    1451     -29.0801
    1452     -29.1065
    1453     -28.8019
    1454     -28.1285
    1455     -26.9388
    1456     -25.3532
    1457     -23.5591
    1458     -21.7621
    1459     -20.2424
    1460     -19.2216
    1461     -18.6959
    1462     -18.8470
    1463     -19.7089
    1464     -21.0961
    1465     -22.9015
    1466     -24.8612
    1467     -26.6825
    1468     -28.1688
    1469     -29.3771
    1470     -30.3185
    1471     -31.0472
    1472     -31.4790
    1473     -31.6195
    1474     -31.2560
    1475     -30.3977
    1476     -29.0752
    1477     -27.3850
    1478     -25.4442
    1479     -23.4116
    1480     -21.4706
    1481     -19.7325
    1482     -18.4535
    1483     -17.7674
    1484     -17.6332
    1485     -18.0939
    1486     -19.2546
    1487     -20.8692
    1488     -22.7855
    1489     -24.9325
    1490     -27.0696
    1491     -28.9798
    1492     -30.5789
    1493     -31.7629
    1494     -32.3594
    1495     -32.3225
    1496     -31.6731
    1497     -30.3824
    1498     -28.5918
    1499     -26.5031
    1500     -24.4913
    1501     -22.7378
    1502     -21.5840
    1503     -20.9435
    1504     -20.7857
    1505     -21.1758
    1506     -21.9511
    1507     -23.0158
    1508     -24.3613
    1509     -25.8952
    1510     -27.8227
    1511     -30.1440
    1512     -32.7129
    1513     -35.3464
    1514     -37.7795
    1515     -39.5708
    1516     -40.6691
    1517     -40.9392
    1518     -40.4220
    1519     -39.1380
    1520     -37.0833
    1521     -34.3654
    1522     -31.1700
    1523     -27.8558
    1524     -24.8331
    1525     -22.2885
    1526     -20.4579
    1527     -19.4598
    1528     -19.0009
    1529     -18.9371
    1530     -19.2498
    1531     -19.9964
    1532     -21.2375
    1533     -22.9091
    1534     -24.8201
    1535     -26.8192
    1536     -28.5749
    1537     -29.7827
    1538     -30.3548
    1539     -30.3377
    1540     -29.7740
    1541     -28.7063
    1542     -27.3332
    1543     -25.7458
    1544     -23.9415
    1545     -22.3184
    1546     -21.1226
    1547     -20.4317
    1548     -20.2987
    1549     -20.9057
    1550     -22.0973
    1551     -23.6863
    1552     -25.5365
    1553     -27.4834
    1554     -29.5277
    1555     -31.4903
    1556     -33.2000
    1557     -34.5176
    1558     -35.2399
    1559     -35.2745
    1560     -34.7641
    1561     -33.7207
    1562     -32.2205
    1563     -30.5814
    1564     -29.0192
    1565     -27.7529
    1566     -26.9197
    1567     -26.5766
    1568     -26.7955
    1569     -27.5250
    1570     -28.5817
    1571     -29.7078
    1572     -30.7185
    1573     -31.5078
    1574     -32.1551
    1575     -32.7120
    1576     -33.2045
    1577     -33.6485
    1578     -33.9627
    1579     -34.0787
    1580     -33.9390
    1581     -33.4749
    1582     -32.5556
    1583     -31.3810
    1584     -30.0594
    1585     -28.8715
    1586     -28.0049
    1587     -27.4297
    1588     -27.4198
    1589     -27.8728
    1590     -28.8937
    1591     -30.5385
    1592     -32.6344
    1593     -34.8902
    1594     -37.1545
    1595     -39.0383
    1596     -40.3964
    1597     -41.0877
    1598     -41.0595
    1599     -40.3702
    1600     -39.1064
    1601     -37.4363
    1602     -35.3667
    1603     -33.0702
    1604     -30.6366
    1605     -28.3580
    1606     -26.5962
    1607     -25.5175
    1608     -25.2240
    1609     -25.7026
    1610     -26.8402
    1611     -28.6192
    1612     -30.9167
    1613     -33.4556
    1614     -35.9723
    1615     -38.5125
    1616     -40.8803
    1617     -42.8141
    1618     -44.0332
    1619     -44.4780
    1620     -44.1230
    1621     -42.9864
    1622     -41.1119
    1623     -38.5124
    1624     -35.2895
    1625     -31.4864
    1626     -27.5128
    1627     -23.8505
    1628     -20.8223
    1629     -18.7540
    1630     -17.7909
    1631     -17.7991
    1632     -18.6125
    1633     -20.1158
    1634     -21.9246
    1635     -23.9041
    1636     -25.9990
    1637     -27.9899
    1638     -29.7271
    1639     -31.1552
    1640     -32.3202
    1641     -33.0039
    1642     -33.3197
    1643     -33.1758
    1644     -32.5451
    1645     -31.4779
    1646     -30.0534
    1647     -28.4319
    1648     -26.8028
    1649     -25.4147
    1650     -24.4889
    1651     -24.0158
    1652     -24.1528
    1653     -24.7520
    1654     -25.7911
    1655     -27.2893
    1656     -29.0696
    1657     -30.9375
    1658     -32.8067
    1659     -34.6113
    1660     -36.2382
    1661     -37.6679
    1662     -38.8269
    1663     -39.7366
    1664     -40.3640
    1665     -40.6143
    1666     -40.4536
    1667     -39.8017
    1668     -38.7686
    1669     -37.4964
    1670     -36.0368
    1671     -34.5107
    1672     -33.0778
    1673     -31.9805
    1674     -31.5962
    1675     -32.0660
    1676     -33.1679
    1677     -34.8586
    1678     -36.8264
    1679     -38.6942
    1680     -40.2737
    1681     -41.4508
    1682     -42.1574
    1683     -42.5423
    1684     -42.6391
    1685     -42.4752
    1686     -41.9803
    1687     -41.0941
    1688     -39.9118
    1689     -38.3651
    1690     -36.4855
    1691     -34.5026
    1692     -32.5443
    1693     -30.7921
    1694     -29.4308
    1695     -28.5126
    1696     -28.1462
    1697     -28.4584
    1698     -29.4731
    1699     -30.8737
    1700     -32.2886
    1701     -33.4614
    1702     -34.1785
    1703     -34.3419
    1704     -34.0121
    1705     -33.4163
    1706     -32.7531
    1707     -31.9830
    1708     -31.1373
    1709     -30.1738
    1710     -29.0703
    1711     -27.8046
    1712     -26.3687
    1713     -24.8598
    1714     -23.2685
    1715     -22.0724
    1716     -21.0166
    1717     -20.2003
    1718     -19.6185
    1719     -19.0912
    1720     -18.5933
    1721     -18.3033
    1722     -18.3273
    1723     -18.6004
    1724     -19.2337
    1725     -20.0847
    1726     -21.0314
    1727     -21.8214
    1728     -22.4315
    1729     -22.7737
    1730     -22.7864
    1731     -22.4574
    1732     -21.9841
    1733     -21.4547
    1734     -21.1408
    1735     -21.2520
    1736     -21.8463
    1737     -22.7747
    1738     -23.9649
    1739     -25.1705
    1740     -26.2697
    1741     -27.1111
    1742     -27.6013
    1743     -27.9089
    1744     -28.0704
    1745     -28.1096
    1746     -28.0349
    1747     -27.8487
    1748     -27.5412
    1749     -27.0229
    1750     -26.2666
    1751     -25.2908
    1752     -24.1598
    1753     -22.9944
    1754     -22.0128
    1755     -21.3750
    1756     -21.2727
    1757     -22.0626
    1758     -23.5828
    1759     -25.7817
    1760     -28.5773
    1761     -31.4161
    1762     -33.9112
    1763     -35.7773
    1764     -37.0402
    1765     -37.7008
    1766     -37.9247
    1767     -37.6360
    1768     -36.9785
    1769     -36.1073
    1770     -35.1665
    1771     -34.1918
    1772     -33.1272
    1773     -31.9816
    1774     -30.6775
    1775     -29.4713
    1776     -28.6291
    1777     -28.2079
    1778     -28.3364
    1779     -29.0791
    1780     -30.3088
    1781     -31.7935
    1782     -33.1646
    1783     -34.3148
    1784     -35.2377
    1785     -35.9916
    1786     -36.4843
    1787     -36.6065
    1788     -36.3146
    1789     -35.5237
    1790     -34.2642
    1791     -32.7454
    1792     -31.0611
    1793     -29.4899
    1794     -27.9787
    1795     -26.6846
    1796     -25.6420
    1797     -24.8970
    1798     -24.6129
    1799     -24.7465
    1800     -25.4888
    1801     -26.8135
    1802     -28.5420
    1803     -30.2709
    1804     -31.6483
    1805     -32.6950
    1806     -33.4398
    1807     -33.9354
    1808     -34.1146
    1809     -34.0548
    1810     -33.7465
    1811     -33.2404
    1812     -32.3524
    1813     -31.0310
    1814     -29.5929
    1815     -28.1111
    1816     -26.9318
    1817     -26.0977
    1818     -25.8178
    1819     -26.2134
    1820     -27.2944
    1821     -28.9276
    1822     -30.9352
    1823     -33.2290
    1824     -35.6614
    1825     -38.0973
    1826     -40.2641
    1827     -41.9403
    1828     -42.8792
    1829     -43.1521
    1830     -42.5891
    1831     -41.2053
    1832     -39.1659
    1833     -36.4675
    1834     -33.3486
    1835     -30.0435
    1836     -26.7161
    1837     -23.8608
    1838     -21.7089
    1839     -20.1972
    1840     -19.5642
    1841     -19.7745
    1842     -20.7128
    1843     -22.3117
    1844     -24.5118
    1845     -27.0847
    1846     -29.9266
    1847     -32.6345
    1848     -34.9985
    1849     -36.9623
    1850     -38.2937
    1851     -39.1384
    1852     -39.2833
    1853     -38.8097
    1854     -37.5742
    1855     -35.6803
    1856     -33.4370
    1857     -31.1522
    1858     -29.2203
    1859     -27.7880
    1860     -27.0769
    1861     -27.0327
    1862     -27.6172
    1863     -28.6011
    1864     -30.0354
    1865     -31.6545
    1866     -33.3396
    1867     -34.7366
    1868     -35.9207
    1869     -36.9345
    1870     -37.7315
    1871     -38.3692
    1872     -38.8830
    1873     -39.2451
    1874     -39.3133
    1875     -39.0988
    1876     -38.7105
    1877     -38.2011
    1878     -37.7576
    1879     -37.5592
    1880     -37.5451
    1881     -37.7182
    1882     -38.0142
    1883     -38.4483
    1884     -38.8225
    1885     -39.0871
    1886     -39.3559
    1887     -39.6597
    1888     -40.0611
    1889     -40.5650
    1890     -40.9648
    1891     -41.1047
    1892     -40.8504
    1893     -40.2804
    1894     -39.4116
    1895     -38.3063
    1896     -36.8303
    1897     -35.1600
    1898     -33.4168
    1899     -31.5715
    1900     -29.9570
    1901     -28.8449
    1902     -28.3643
    1903     -28.2847
    1904     -28.5226
    1905     -29.0760
    1906     -29.8971
    1907     -30.8575
    1908     -31.9119
    1909     -33.0274
    1910     -34.3066
    1911     -35.5929
    1912     -36.8805
    1913     -38.0053
    1914     -38.8803
    1915     -39.4296
    1916     -39.4194
    1917     -38.8472
    1918     -38.0488
    1919     -36.9973
    1920     -35.7766
    1921     -34.6621
    1922     -34.0258
    1923     -33.9852
    1924     -34.5933
    1925     -35.5885
    1926     -36.8937
    1927     -38.2211
    1928     -39.3682
    1929     -40.1488
    1930     -40.5106
    1931     -40.3918
    1932     -39.8718
    1933     -38.8446
    1934     -37.3099
    1935     -35.5187
    1936     -33.5803
    1937     -31.7155
    1938     -30.0639
    1939     -28.6956
    1940     -27.6337
    1941     -26.8727
    1942     -26.5211
    1943     -26.6067
    1944     -27.4474
    1945     -29.0292
    1946     -31.2174
    1947     -33.7209
    1948     -36.3192
    1949     -38.8456
    1950     -41.2188
    1951     -43.3325
    1952     -45.1085
    1953     -46.5235
    1954     -47.2901
    1955     -47.2126
    1956     -46.2033
    1957     -44.3378
    1958     -41.8663
    1959     -39.0854
    1960     -36.3672
    1961     -33.8595
    1962     -31.7624
    1963     -30.1940
    1964     -29.2443
    1965     -28.9509
    1966     -29.4234
    1967     -30.5068
    1968     -32.1913
    1969     -34.3344
    1970     -36.8189
    1971     -39.3355
    1972     -41.6820
    1973     -43.6646
    1974     -44.9737
    1975     -45.4088
    1976     -45.0457
    1977     -43.9003
    1978     -41.8680
    1979     -39.0102
    1980     -35.3718
    1981     -31.1460
    1982     -26.8450
    1983     -22.6973
    1984     -19.0834
    1985     -16.4431
    1986     -15.0798
    1987     -14.7936
    1988     -15.5595
    1989     -17.3176
    1990     -19.8675
    1991     -22.9562
    1992     -26.4623
    1993     -29.9956
    1994     -33.2836
    1995     -36.0324
    1996     -37.9679
    1997     -38.9908
    1998     -39.0592
    1999     -38.2113
    2000     -36.6058
    2001     -34.3420
    2002     -31.8056
    2003     -29.1009
    2004     -26.5515
    2005     -24.6150
    2006     -23.5496
    2007     -23.5530
    2008     -24.6729
    2009     -26.8394
    2010     -29.8352
    2011     -33.3165
    2012     -36.9517
    2013     -40.5268
    2014     -43.8630
    2015     -46.7102
    2016     -48.9502
    2017     -50.3153
    2018     -50.5488
    2019     -49.6993
    2020     -47.8788
    2021     -45.2618
    2022     -41.9741
    2023     -38.3477
    2024     -34.5994
    2025     -31.0176
    2026     -27.8704
    2027     -25.4261
    2028     -23.8223
    2029     -23.1886
    2030     -23.4836
    2031     -24.5851
    2032     -26.2958
    2033     -28.2025
    2034     -30.1734
    2035     -31.9899
    2036     -33.6773
    2037     -35.1365
    2038     -36.3154
    2039     -37.1360
    2040     -37.4686
    2041     -37.4342
    2042     -37.0544
    2043     -36.2699
    2044     -35.1393
    2045     -33.6623
    2046     -31.9833
    2047     -30.3667
    2048     -29.0438
    2049     -28.1587
    2050     -27.7109
    2051     -27.9793
    2052     -28.9183
    2053     -30.5080
    2054     -32.4834
    2055     -34.3831
    2056     -36.0823
    2057     -37.2791
    2058     -37.8714
    2059     -37.9910
    2060     -37.7025
    2061     -37.0195
    2062     -36.0183
    2063     -34.8221
    2064     -33.8242
    2065     -33.0141
    2066     -32.3276
    2067     -31.8397
    2068     -31.5317
    2069     -31.3173
    2070     -30.9819
    2071     -30.5227
    2072     -30.1493
    2073     -29.9811
    2074     -30.3376
    2075     -30.8482
    2076     -31.4621
    2077     -32.2740
    2078     -33.1600
    2079     -33.8755
    2080     -34.3234
    2081     -34.2802
    2082     -33.6485
    2083     -32.4437
    2084     -30.7223
    2085     -28.7192
    2086     -26.5750
    2087     -24.6077
    2088     -23.1494
    2089     -22.3709
    2090     -22.1797
    2091     -22.4987
    2092     -23.3582
    2093     -24.7096
    2094     -26.3263
    2095     -28.1828
    2096     -30.3069
    2097     -32.4103
    2098     -34.5438
    2099     -36.3987
    2100     -37.9538
    2101     -39.0002
    2102     -39.4277
    2103     -39.1145
    2104     -38.1772
    2105     -36.7697
    2106     -35.1124
    2107     -33.4229
    2108     -31.7452
    2109     -30.2023
    2110     -29.0709
    2111     -28.4245
    2112     -28.1930
    2113     -28.4586
    2114     -28.9567
    2115     -29.4671
    2116     -29.8913
    2117     -30.4154
    2118     -30.9841
    2119     -31.5437
    2120     -31.9671
    2121     -32.1245
    2122     -31.9097
    2123     -31.2029
    2124     -30.0833
    2125     -28.8135
    2126     -27.4699
    2127     -26.1104
    2128     -24.6955
    2129     -23.2145
    2130     -21.6467
    2131     -20.1061
    2132     -18.7755
    2133     -17.8366
    2134     -17.2237
    2135     -17.0097
    2136     -17.1903
    2137     -17.7817
    2138     -18.8238
    2139     -20.3431
    2140     -22.4367
    2141     -24.9866
    2142     -27.6803
    2143     -30.0740
    2144     -31.7864
    2145     -32.5684
    2146     -32.2561
    2147     -30.9059
    2148     -28.9076
    2149     -26.6859
    2150     -24.6984
    2151     -23.1569
    2152     -22.2515
    2153     -22.0654
    2154     -22.5500
    2155     -23.7934
    2156     -25.7096
    2157     -28.0681
    2158     -30.7159
    2159     -33.5635
    2160     -36.1784
    2161     -38.3828
    2162     -39.8035
    2163     -40.3231
    2164     -40.0657
    2165     -39.0100
    2166     -37.2401
    2167     -34.7782
    2168     -31.5777
    2169     -27.7379
    2170     -23.4393
    2171     -19.1193
    2172     -15.3578
    2173     -12.5228
    2174     -10.8612
    2175     -10.4408
    2176     -11.2527
    2177     -13.1796
    2178     -15.9026
    2179     -19.2058
    2180     -22.6950
    2181     -25.9949
    2182     -28.6411
    2183     -30.5248
    2184     -31.6370
    2185     -32.0133
    2186     -31.7832
    2187     -31.1187
    2188     -30.2099
    2189     -29.2377
    2190     -28.4444
    2191     -27.9430
    2192     -27.8473
    2193     -28.2383
    2194     -29.0218
    2195     -30.0550
    2196     -31.4317
    2197     -32.8527
    2198     -34.1666
    2199     -35.4142
    2200     -36.6457
    2201     -37.8097
    2202     -38.6914
    2203     -39.2053
    2204     -39.5060
    2205     -39.4164
    2206     -38.8754
    2207     -37.9217
    2208     -36.5837
    2209     -34.9782
    2210     -33.3157
    2211     -31.7249
    2212     -30.4391
    2213     -29.7131
    2214     -29.4019
    2215     -29.4701
    2216     -29.8862
    2217     -30.3796
    2218     -30.8140
    2219     -31.0462
    2220     -31.0161
    2221     -30.8914
    2222     -30.6872
    2223     -30.5117
    2224     -30.4646
    2225     -30.6005
    2226     -30.9085
    2227     -31.3850
    2228     -31.9997
    2229     -32.6889
    2230     -33.4409
    2231     -34.0536
    2232     -34.3587
    2233     -34.4833
    2234     -34.3675
    2235     -33.9730
    2236     -33.3516
    2237     -32.6547
    2238     -31.8554
    2239     -31.0906
    2240     -30.5779
    2241     -30.4946
    2242     -30.8067
    2243     -31.4530
    2244     -32.3430
    2245     -33.2526
    2246     -34.1588
    2247     -35.0282
    2248     -35.8566
    2249     -36.5599
    2250     -37.1498
    2251     -37.6607
    2252     -38.1482
    2253     -38.5389
    2254     -38.8564
    2255     -38.8757
    2256     -38.6538
    2257     -38.0921
    2258     -37.3217
    2259     -36.2827
    2260     -35.0333
    2261     -33.6692
    2262     -32.6182
    2263     -32.1805
    2264     -32.4101
    2265     -33.1952
    2266     -34.1143
    2267     -34.8377
    2268     -34.9546
    2269     -34.2623
    2270     -32.7417
    2271     -30.5038
    2272     -27.7657
    2273     -24.8775
    2274     -22.2548
    2275     -20.3234
    2276     -19.4345
    2277     -19.7914
    2278     -21.0063
    2279     -22.7052
    2280     -24.6249
    2281     -26.4505
    2282     -28.0345
    2283     -29.4448
    2284     -30.8578
    2285     -32.3168
    2286     -33.8759
    2287     -35.5911
    2288     -37.3067
    2289     -38.5400
    2290     -39.2562
    2291     -39.3225
    2292     -38.6555
    2293     -37.3330
    2294     -35.4297
    2295     -33.3002
    2296     -31.2375
    2297     -29.5037
    2298     -28.3313
    2299     -27.9374
    2300     -28.1997
    2301     -29.0132
    2302     -30.2162
    2303     -31.6380
    2304     -32.9932
    2305     -34.1561
    2306     -35.1691
    2307     -36.0115
    2308     -36.6649
    2309     -37.0466
    2310     -36.9735
    2311     -36.3350
    2312     -35.2980
    2313     -33.8287
    2314     -31.9133
    2315     -29.7060
    2316     -27.3973
    2317     -25.0531
    2318     -22.8302
    2319     -20.9218
    2320     -19.6131
    2321     -18.9843
    2322     -18.9765
    2323     -19.6412
    2324     -20.9662
    2325     -22.8407
    2326     -25.2314
    2327     -27.8081
    2328     -30.2720
    2329     -32.3804
    2330     -34.0435
    2331     -35.0464
    2332     -35.0540
    2333     -33.9936
    2334     -32.0452
    2335     -29.4365
    2336     -26.5515
    2337     -23.8879
    2338     -21.8072
    2339     -20.6240
    2340     -20.6349
    2341     -21.6181
    2342     -23.3616
    2343     -25.6074
    2344     -28.2673
    2345     -31.2515
    2346     -34.5922
    2347     -38.2460
    2348     -41.9179
    2349     -45.2400
    2350     -47.8601
    2351     -49.4200
    2352     -49.8784
    2353     -49.2478
    2354     -47.4657
    2355     -44.4208
    2356     -40.4554
    2357     -35.7570
    2358     -30.7661
    2359     -25.8492
    2360     -21.6619
    2361     -18.6824
    2362     -17.3033
    2363     -17.4926
    2364     -19.0736
    2365     -22.0132
    2366     -25.8229
    2367     -30.0144
    2368     -33.8768
    2369     -37.0279
    2370     -39.3196
    2371     -40.6966
    2372     -41.0242
    2373     -40.4355
    2374     -39.0055
    2375     -36.8243
    2376     -34.2574
    2377     -31.6797
    2378     -29.3908
    2379     -27.4760
    2380     -26.0828
    2381     -25.1555
    2382     -24.6219
    2383     -24.3677
    2384     -24.4158
    2385     -24.8452
    2386     -25.8153
    2387     -27.2657
    2388     -29.2035
    2389     -31.3242
    2390     -33.5109
    2391     -35.4194
    2392     -36.9074
    2393     -37.8311
    2394     -38.1720
    2395     -37.8326
    2396     -36.8931
    2397     -35.4889
    2398     -33.7430
    2399     -31.9294
    2400     -30.1286
    2401     -28.3859
    2402     -27.0888
    2403     -26.1450
    2404     -25.4212
    2405     -24.7526
    2406     -24.1798
    2407     -23.6904
    2408     -23.3635
    2409     -23.1778
    2410     -23.0629
    2411     -23.1527
    2412     -23.4774
    2413     -24.0048
    2414     -24.6003
    2415     -25.1052
    2416     -25.4225
    2417     -25.6248
    2418     -25.5830
    2419     -25.2597
    2420     -24.7554
    2421     -24.1758
    2422     -23.6066
    2423     -23.2459
    2424     -23.1340
    2425     -23.2279
    2426     -23.4866
    2427     -23.9250
    2428     -24.5495
    2429     -25.2850
    2430     -25.9746
    2431     -26.4076
    2432     -26.6018
    2433     -26.4545
    2434     -25.9447
    2435     -24.9538
    2436     -23.7548
    2437     -22.5436
    2438     -21.5555
    2439     -20.9594
    2440     -20.7813
    2441     -21.1282
    2442     -21.9661
    2443     -22.9811
    2444     -23.9710
    2445     -24.7974
    2446     -25.4250
    2447     -25.8426
    2448     -26.0584
    2449     -26.0178
    2450     -25.8066
    2451     -25.6984
    2452     -25.7249
    2453     -25.9922
    2454     -26.0142
    2455     -25.7002
    2456     -24.9843
    2457     -23.8732
    2458     -22.4913
    2459     -21.0587
    2460     -19.8013
    2461     -19.0013
    2462     -18.9138
    2463     -19.7062
    2464     -21.2569
    2465     -23.2723
    2466     -25.4536
    2467     -27.3146
    2468     -28.7302
    2469     -29.3271
    2470     -28.9466
    2471     -27.8904
    2472     -26.4922
    2473     -25.2531
    2474     -24.4545
    2475     -24.1806
    2476     -24.6135
    2477     -25.6026
    2478     -27.0315
    2479     -28.6481
    2480     -30.2321
    2481     -31.6063
    2482     -32.8191
    2483     -33.7754
    2484     -34.5680
    2485     -35.3225
    2486     -36.0556
    2487     -36.8466
    2488     -37.7008
    2489     -38.6907
    2490     -39.7494
    2491     -40.6979
    2492     -41.3511
    2493     -41.7759
    2494     -42.0007
    2495     -41.9037
    2496     -41.3892
    2497     -40.5301
    2498     -39.3894
    2499     -38.0571
    2500     -36.7071
    2501     -35.4607
    2502     -34.3107
    2503     -33.4168
    2504     -32.8958
    2505     -32.6838
    2506     -32.7110
    2507     -32.7097
    2508     -32.6962
    2509     -32.6933
    2510     -32.7352
    2511     -32.7917
    2512     -32.7957
    2513     -32.6418
    2514     -32.6242
    2515     -32.7072
    2516     -32.9175
    2517     -33.1115
    2518     -33.1283
    2519     -32.8908
    2520     -32.2494
    2521     -31.1294
    2522     -29.6102
    2523     -27.7982
    2524     -26.0218
    2525     -24.7653
    2526     -23.9909
    2527     -23.6825
    2528     -23.9724
    2529     -24.8209
    2530     -26.1645
    2531     -27.7284
    2532     -29.2449
    2533     -30.7149
    2534     -31.9501
    2535     -32.7477
    2536     -33.1837
    2537     -33.2621
    2538     -33.1920
    2539     -33.1508
    2540     -33.1820
    2541     -33.1883
    2542     -33.1163
    2543     -32.6493
    2544     -31.8153
    2545     -30.7361
    2546     -29.4402
    2547     -27.9229
    2548     -26.4294
    2549     -25.1892
    2550     -24.5307
    2551     -24.4876
    2552     -25.0941
    2553     -26.2916
    2554     -27.7912
    2555     -29.2759
    2556     -30.5339
    2557     -31.3066
    2558     -31.5349
    2559     -31.4214
    2560     -31.1155
    2561     -30.7101
    2562     -30.2984
    2563     -29.8962
    2564     -29.6116
    2565     -29.2933
    2566     -28.7646
    2567     -28.0614
    2568     -27.0170
    2569     -25.6404
    2570     -24.0402
    2571     -22.4350
    2572     -21.0168
    2573     -19.9489
    2574     -19.4950
    2575     -19.8160
    2576     -20.8710
    2577     -22.4491
    2578     -24.1094
    2579     -25.3927
    2580     -26.1039
    2581     -26.0799
    2582     -25.3997
    2583     -24.1618
    2584     -22.8051
    2585     -21.5331
    2586     -20.6697
    2587     -20.2638
    2588     -20.4154
    2589     -21.0334
    2590     -21.8939
    2591     -22.9019
    2592     -23.8741
    2593     -24.6400
    2594     -25.1958
    2595     -25.5560
    2596     -25.6693
    2597     -25.5204
    2598     -25.3030
    2599     -25.1495
    2600     -25.0543
    2601     -24.8085
    2602     -24.3624
    2603     -23.6658
    2604     -22.7807
    2605     -21.7555
    2606     -20.4931
    2607     -19.2300
    2608     -18.2018
    2609     -17.6710
    2610     -17.8872
    2611     -18.8814
    2612     -20.6813
    2613     -22.9310
    2614     -25.3555
    2615     -27.6317
    2616     -29.5423
    2617     -31.0000
    2618     -31.8887
    2619     -32.2785
    2620     -32.0890
    2621     -31.4197
    2622     -30.3630
    2623     -29.2195
    2624     -28.1194
    2625     -27.2884
    2626     -26.8503
    2627     -26.9016
    2628     -27.3586
    2629     -28.0764
    2630     -28.8886
    2631     -29.6378
    2632     -30.1504
    2633     -30.4135
    2634     -30.4820
    2635     -30.4235
    2636     -30.4145
    2637     -30.4863
    2638     -30.6404
    2639     -30.7866
    2640     -30.6036
    2641     -29.9683
    2642     -29.0468
    2643     -27.6988
    2644     -25.9724
    2645     -24.0081
    2646     -21.9646
    2647     -20.1696
    2648     -18.9736
    2649     -18.6450
    2650     -19.0924
    2651     -20.1883
    2652     -21.6749
    2653     -23.2343
    2654     -24.6346
    2655     -25.5984
    2656     -26.1032
    2657     -26.1425
    2658     -25.8199
    2659     -25.3926
    2660     -24.9834
    2661     -24.7781
    2662     -24.7500
    2663     -25.0118
    2664     -25.4174
    2665     -25.6042
    2666     -25.3797
    2667     -24.6915
    2668     -23.7060
    2669     -22.7261
    2670     -21.9741
    2671     -21.6564
    2672     -21.8077
    2673     -22.6743
    2674     -24.1212
    2675     -25.8344
    2676     -27.5349
    2677     -28.9245
    2678     -29.9088
    2679     -30.3453
    2680     -30.3558
    2681     -30.0661
    2682     -29.5182
    2683     -28.8291
    2684     -28.0280
    2685     -27.4509
    2686     -27.0057
    2687     -26.5684
    2688     -26.0408
    2689     -25.4697
    2690     -24.9061
    2691     -24.6671
    2692     -24.6796
    2693     -24.9943
    2694     -25.6346
    2695     -26.7020
    2696     -28.0529
    2697     -29.5510
    2698     -31.0184
    2699     -32.2500
    2700     -33.0703
    2701     -33.3503
    2702     -33.1938
    2703     -32.7261
    2704     -31.9724
    2705     -31.0083
    2706     -29.8298
    2707     -28.5244
    2708     -27.1669
    2709     -25.6761
    2710     -24.1960
    2711     -22.8942
    2712     -21.8957
    2713     -21.2776
    2714     -21.1065
    2715     -21.3126
    2716     -21.7442
    2717     -22.2639
    2718     -22.7908
    2719     -23.2183
    2720     -23.4807
    2721     -23.6364
    2722     -23.7482
    2723     -23.7841
    2724     -23.7091
    2725     -23.6445
    2726     -23.7434
    2727     -24.1230
    2728     -24.7653
    2729     -25.6850
    2730     -26.4224
    2731     -26.7782
    2732     -26.6026
    2733     -25.8139
    2734     -24.4998
    2735     -22.7503
    2736     -20.8725
    2737     -19.1689
    2738     -17.9443
    2739     -17.1778
    2740     -16.9629
    2741     -17.3559
    2742     -18.1965
    2743     -19.3171
    2744     -20.5569
    2745     -21.8616
    2746     -23.2840
    2747     -24.7567
    2748     -26.2931
    2749     -27.8017
    2750     -29.2595
    2751     -30.6005
    2752     -31.7588
    2753     -32.4453
    2754     -32.5945
    2755     -32.1677
    2756     -31.0784
    2757     -29.2911
    2758     -26.9898
    2759     -24.4317
    2760     -21.6977
    2761     -18.9602
    2762     -16.5272
    2763     -14.7047
    2764     -13.5006
    2765     -12.8646
    2766     -12.7375
    2767     -13.2260
    2768     -14.0714
    2769     -15.1554
    2770     -16.4453
    2771     -17.8756
    2772     -19.3531
    2773     -20.8027
    2774     -22.2516
    2775     -23.5316
    2776     -24.7755
    2777     -25.9352
    2778     -26.8799
    2779     -27.6274
    2780     -28.2614
    2781     -28.5807
    2782     -28.4478
    2783     -27.9161
    2784     -26.9581
    2785     -25.5889
    2786     -23.8566
    2787     -21.9785
    2788     -20.3008
    2789     -19.0915
    2790     -18.5322
    2791     -18.7037
    2792     -19.5466
    2793     -20.9046
    2794     -22.5389
    2795     -24.1078
    2796     -25.3810
    2797     -26.2580
    2798     -26.7953
    2799     -26.9593
    2800     -26.9847
    2801     -26.9964
    2802     -27.0218
    2803     -26.9992
    2804     -26.9267
    2805     -26.6978
    2806     -26.0913
    2807     -25.1868
    2808     -23.9095
    2809     -22.3032
    2810     -20.5620
    2811     -18.8189
    2812     -17.3659
    2813     -16.5572
    2814     -16.7772
    2815     -17.9060
    2816     -19.7948
    2817     -22.0847
    2818     -24.4320
    2819     -26.6357
    2820     -28.5019
    2821     -29.9646
    2822     -31.1779
    2823     -32.3061
    2824     -33.4811
    2825     -34.5635
    2826     -35.3381
    2827     -35.7088
    2828     -35.6070
    2829     -35.0182
    2830     -33.9381
    2831     -32.3814
    2832     -30.3169
    2833     -27.9005
    2834     -25.3316
    2835     -22.9060
    2836     -20.8451
    2837     -19.4179
    2838     -18.7494
    2839     -18.8446
    2840     -19.7344
    2841     -21.1312
    2842     -22.8023
    2843     -24.5572
    2844     -26.4878
    2845     -28.6478
    2846     -31.0892
    2847     -33.7050
    2848     -36.4148
    2849     -39.0603
    2850     -41.3201
    2851     -43.0610
    2852     -44.0762
    2853     -44.3104
    2854     -43.7157
    2855     -42.4548
    2856     -40.7085
    2857     -38.4660
    2858     -35.9299
    2859     -33.5149
    2860     -31.6443
    2861     -30.4839
    2862     -30.1955
    2863     -30.8354
    2864     -32.3020
    2865     -34.3220
    2866     -36.4097
    2867     -38.3360
    2868     -39.8740
    2869     -40.9703
    2870     -41.5755
    2871     -41.5968
    2872     -40.9586
    2873     -39.7885
    2874     -38.2471
    2875     -36.3951
    2876     -34.4199
    2877     -32.4643
    2878     -30.5549
    2879     -28.7474
    2880     -27.2591
    2881     -26.1412
    2882     -25.3223
    2883     -24.9913
    2884     -25.4058
    2885     -26.6210
    2886     -28.3188
    2887     -30.2648
    2888     -32.2629
    2889     -33.8107
    2890     -34.7375
    2891     -34.9168
    2892     -34.3304
    2893     -33.2058
    2894     -31.8295
    2895     -30.3534
    2896     -28.8330
    2897     -27.5111
    2898     -26.5757
    2899     -26.0464
    2900     -26.0068
    2901     -26.6101
    2902     -27.8158
    2903     -29.3878
    2904     -31.0108
    2905     -32.5232
    2906     -33.7506
    2907     -34.6197
    2908     -35.0561
    2909     -35.1347
    2910     -34.9322
    2911     -34.3363
    2912     -33.1256
    2913     -31.4450
    2914     -29.2590
    2915     -26.9614
    2916     -24.8810
    2917     -23.2599
    2918     -22.0239
    2919     -21.1995
    2920     -20.7852
    2921     -20.7971
    2922     -21.3772
    2923     -22.7221
    2924     -24.8703
    2925     -27.8151
    2926     -31.4541
    2927     -35.4171
    2928     -39.2358
    2929     -42.5113
    2930     -44.9557
    2931     -46.5396
    2932     -47.3642
    2933     -47.4348
    2934     -46.8080
    2935     -45.4038
    2936     -43.3896
    2937     -41.1299
    2938     -38.7876
    2939     -36.6085
    2940     -34.6022
    2941     -32.9493
    2942     -31.6619
    2943     -30.7991
    2944     -30.2959
    2945     -30.2708
    2946     -30.8277
    2947     -32.1359
    2948     -34.0915
    2949     -36.1751
    2950     -37.9891
    2951     -39.2500
    2952     -39.7825
    2953     -39.6224
    2954     -38.8100
    2955     -37.3921
    2956     -35.6041
    2957     -33.6780
    2958     -31.9577
    2959     -30.5771
    2960     -29.4252
    2961     -28.5323
    2962     -27.7438
    2963     -27.1285
    2964     -26.7573
    2965     -26.8185
    2966     -27.1737
    2967     -27.8407
    2968     -29.1217
    2969     -30.8660
    2970     -32.9415
    2971     -35.1706
    2972     -37.2391
    2973     -38.9167
    2974     -40.0083
    2975     -40.2432
    2976     -39.4576
    2977     -37.6285
    2978     -34.9701
    2979     -31.6748
    2980     -28.0947
    2981     -24.8046
    2982     -22.1880
    2983     -20.4514
    2984     -19.5365
    2985     -19.1933
    2986     -19.4473
    2987     -20.3699
    2988     -22.0688
    2989     -24.5295
    2990     -27.5758
    2991     -30.7385
    2992     -33.7416
    2993     -36.3583
    2994     -38.4686
    2995     -40.0410
    2996     -41.1320
    2997     -41.6633
    2998     -41.3601
    2999     -39.9491
    3000     -37.6010
    3001     -34.3485
    3002     -30.4438
    3003     -26.3336
    3004     -22.4872
    3005     -19.2289
    3006     -16.6798
    3007     -15.1704
    3008     -14.7230
    3009     -15.5274
    3010     -17.5569
    3011     -20.7157
    3012     -24.6364
    3013     -29.1715
    3014     -33.7323
    3015     -37.9954
    3016     -41.4401
    3017     -43.7357
    3018     -44.6300
    3019     -44.2473
    3020     -42.6389
    3021     -40.0873
    3022     -36.7916
    3023     -32.9490
    3024     -28.9021
    3025     -24.9703
    3026     -21.5841
    3027     -19.0313
    3028     -17.8295
    3029     -18.0364
    3030     -19.6251
    3031     -22.1899
    3032     -25.4457
    3033     -28.9123
    3034     -32.4406
    3035     -35.8182
    3036     -38.9394
    3037     -41.7258
    3038     -44.0853
    3039     -45.8948
    3040     -46.9922
    3041     -47.3662
    3042     -46.9176
    3043     -45.6474
    3044     -43.7244
    3045     -41.1569
    3046     -38.1746
    3047     -35.0588
    3048     -31.9886
    3049     -29.4239
    3050     -27.5450
    3051     -26.5562
    3052     -26.5045
    3053     -27.3150
    3054     -28.6529
    3055     -30.3608
    3056     -32.2325
    3057     -33.9757
    3058     -35.4507
    3059     -36.5405
    3060     -37.1747
    3061     -37.4168
    3062     -37.1059
    3063     -36.3325
    3064     -35.0568
    3065     -33.3223
    3066     -31.1204
    3067     -28.6665
    3068     -26.0801
    3069     -23.6184
    3070     -21.6687
    3071     -20.3838
    3072     -20.0467
    3073     -20.8510
    3074     -22.5255
    3075     -24.8497
    3076     -27.5590
    3077     -30.4542
    3078     -33.4419
    3079     -36.3210
    3080     -38.8506
    3081     -40.8204
    3082     -42.1730
    3083     -42.8844
    3084     -42.9244
    3085     -42.3961
    3086     -41.4098
    3087     -40.0027
    3088     -38.2405
    3089     -36.3693
    3090     -34.5889
    3091     -33.3147
    3092     -32.7575
    3093     -32.8550
    3094     -33.7711
    3095     -35.2511
    3096     -37.0857
    3097     -38.8192
    3098     -40.1614
    3099     -40.9307
    3100     -40.8747
    3101     -39.9593
    3102     -38.2930
    3103     -36.1188
    3104     -33.5472
    3105     -30.8057
    3106     -28.1489
    3107     -25.7859
    3108     -24.0169
    3109     -22.8631
    3110     -22.4279
    3111     -22.7388
    3112     -23.9616
    3113     -26.0065
    3114     -28.8156
    3115     -32.0359
    3116     -35.1262
    3117     -37.8093
    3118     -39.7752
    3119     -40.7865
    3120     -40.7361
    3121     -39.5870
    3122     -37.3025
    3123     -33.9715
    3124     -29.9469
    3125     -25.6238
    3126     -21.4395
    3127     -17.8458
    3128     -15.2368
    3129     -13.7394
    3130     -13.2047
    3131     -13.7573
    3132     -15.3833
    3133     -17.9190
    3134     -21.1854
    3135     -25.0798
    3136     -29.0950
    3137     -32.9437
    3138     -36.5118
    3139     -39.3019
    3140     -41.1003
    3141     -41.8915
    3142     -41.8115
    3143     -40.8664
    3144     -39.2429
    3145     -36.9412
    3146     -34.0580
    3147     -30.8062
    3148     -27.4471
    3149     -24.0583
    3150     -20.9244
    3151     -18.2994
    3152     -16.4134
    3153     -15.2708
    3154     -14.9798
    3155     -15.6599
    3156     -17.2731
    3157     -19.5893
    3158     -22.2734
    3159     -25.0268
    3160     -27.5781
    3161     -29.4871
    3162     -30.7117
    3163     -31.0679
    3164     -30.4782
    3165     -29.1143
    3166     -27.2116
    3167     -24.9829
    3168     -22.6493
    3169     -20.4006
    3170     -18.4495
    3171     -16.8454
    3172     -15.5424
    3173     -14.7329
    3174     -14.5204
    3175     -14.7863
    3176     -15.7102
    3177     -17.2709
    3178     -19.3431
    3179     -21.6997
    3180     -24.1033
    3181     -26.4869
    3182     -28.6123
    3183     -30.2174
    3184     -31.0006
    3185     -31.0671
    3186     -30.5698
    3187     -29.7494
    3188     -28.6533
    3189     -27.3865
    3190     -26.1875
    3191     -25.0902
    3192     -24.0790
    3193     -23.2238
    3194     -22.4829
    3195     -22.0361
    3196     -22.0668
    3197     -22.6923
    3198     -24.0176
    3199     -25.6995
    3200     -27.6078
    3201     -29.4211
    3202     -30.9471
    3203     -32.0447
    3204     -32.6372
    3205     -32.7627
    3206     -32.4570
    3207     -31.8374
    3208     -31.1815
    3209     -30.6404
    3210     -30.0730
    3211     -29.3052
    3212     -28.4040
    3213     -27.3137
    3214     -25.8296
    3215     -24.0642
    3216     -22.3204
    3217     -20.9270
    3218     -20.0440
    3219     -19.9511
    3220     -20.8458
    3221     -22.5955
    3222     -25.1006
    3223     -27.8815
    3224     -30.5896
    3225     -32.9371
    3226     -34.7601
    3227     -36.1294
    3228     -36.9309
    3229     -37.1962
    3230     -36.8550
    3231     -35.9432
    3232     -34.5633
    3233     -32.7311
    3234     -30.4348
    3235     -27.8466
    3236     -25.2444
    3237     -22.7935
    3238     -20.8716
    3239     -19.4884
    3240     -19.0203
    3241     -19.4937
    3242     -20.8889
    3243     -23.1106
    3244     -25.6139
    3245     -28.1933
    3246     -30.4384
    3247     -32.1121
    3248     -32.9474
    3249     -32.7179
    3250     -31.6004
    3251     -29.9206
    3252     -27.8947
    3253     -25.7078
    3254     -23.4274
    3255     -21.1745
    3256     -19.0224
    3257     -17.2279
    3258     -15.8789
    3259     -15.0551
    3260     -14.8813
    3261     -15.3895
    3262     -16.1786
    3263     -17.4016
    3264     -18.8180
    3265     -20.2276
    3266     -21.4935
    3267     -22.4986
    3268     -23.2500
    3269     -23.6493
    3270     -23.8149
    3271     -23.8260
    3272     -23.6002
    3273     -23.3539
    3274     -23.0790
    3275     -22.9139
    3276     -22.8099
    3277     -22.7031
    3278     -22.7432
    3279     -22.8709
    3280     -23.1092
    3281     -23.4727
    3282     -23.9460
    3283     -24.6055
    3284     -25.4361
    3285     -26.3234
    3286     -27.2515
    3287     -28.1880
    3288     -29.0670
    3289     -29.8336
    3290     -30.4212
    3291     -30.8852
    3292     -31.2254
    3293     -31.3585
    3294     -31.2504
    3295     -30.8502
    3296     -30.0641
    3297     -28.7987
    3298     -27.2336
    3299     -25.4402
    3300     -23.4831
    3301     -21.6593
    3302     -20.1686
    3303     -19.2138
    3304     -18.9160
    3305     -19.2772
    3306     -20.2851
    3307     -21.8664
    3308     -23.7248
    3309     -25.5023
    3310     -26.8156
    3311     -27.5954
    3312     -27.5943
    3313     -26.7477
    3314     -25.1729
    3315     -23.0472
    3316     -20.5607
    3317     -17.9777
    3318     -15.5803
    3319     -13.6821
    3320     -12.6460
    3321     -12.7690
    3322     -13.9596
    3323     -16.0641
    3324     -18.9237
    3325     -22.1192
    3326     -25.3773
    3327     -28.4134
    3328     -30.8482
    3329     -32.4495
    3330     -33.2802
    3331     -33.3348
    3332     -32.7895
    3333     -31.6926
    3334     -30.0998
    3335     -28.1087
    3336     -25.9917
    3337     -23.8228
    3338     -21.8083
    3339     -20.0109
    3340     -18.4964
    3341     -17.3868
    3342     -16.7289
    3343     -16.5598
    3344     -17.0273
    3345     -18.2332
    3346     -20.0293
    3347     -22.3574
    3348     -25.0089
    3349     -27.7872
    3350     -30.2966
    3351     -32.3213
    3352     -33.9112
    3353     -35.0176
    3354     -35.5301
    3355     -35.5901
    3356     -35.3236
    3357     -34.7850
    3358     -34.0481
    3359     -33.0411
    3360     -31.7257
    3361     -30.0770
    3362     -28.0134
    3363     -25.7166
    3364     -23.4213
    3365     -21.3449
    3366     -19.7492
    3367     -18.8609
    3368     -18.7403
    3369     -19.3650
    3370     -20.5543
    3371     -22.2550
    3372     -24.2231
    3373     -26.2506
    3374     -28.2664
    3375     -30.0552
    3376     -31.5647
    3377     -32.6116
    3378     -33.0913
    3379     -32.9841
    3380     -32.2379
    3381     -31.0240
    3382     -29.2421
    3383     -27.1964
    3384     -25.3505
    3385     -23.8820
    3386     -23.0527
    3387     -22.9596
    3388     -23.4801
    3389     -24.7139
    3390     -26.5023
    3391     -28.5770
    3392     -30.5718
    3393     -32.3908
    3394     -33.9168
    3395     -34.9894
    3396     -35.5629
    3397     -35.5807
    3398     -35.1116
    3399     -34.1744
    3400     -32.8754
    3401     -31.2788
    3402     -29.4207
    3403     -27.4359
    3404     -25.4096
    3405     -23.5789
    3406     -22.1006
    3407     -21.2352
    3408     -21.2807
    3409     -22.0892
    3410     -23.4363
    3411     -25.1182
    3412     -26.9918
    3413     -28.8588
    3414     -30.5450
    3415     -31.9909
    3416     -33.1157
    3417     -34.0409
    3418     -34.8254
    3419     -35.3419
    3420     -35.7976
    3421     -36.0583
    3422     -36.0080
    3423     -35.5935
    3424     -34.7158
    3425     -33.4612
    3426     -32.1873
    3427     -31.0655
    3428     -30.1678
    3429     -29.5896
    3430     -29.4900
    3431     -29.9339
    3432     -30.9609
    3433     -32.4849
    3434     -34.2726
    3435     -36.0617
    3436     -37.7952
    3437     -39.1863
    3438     -40.2939
    3439     -41.0696
    3440     -41.6267
    3441     -42.1020
    3442     -42.4612
    3443     -42.6659
    3444     -42.8175
    3445     -43.1108
    3446     -43.6269
    3447     -44.3687
    3448     -45.2688
    3449     -46.3628
    3450     -47.5743
    3451     -48.9192
    3452     -50.4677
    3453     -52.0347
    3454     -53.6615
    3455     -55.1821
    3456     -56.3871
    3457     -56.9716
    3458     -56.7157
    3459     -55.6241
    3460     -53.9020
    3461     -51.7928
    3462     -49.3652
    3463     -46.7311
    3464     -44.0004
    3465     -41.3361
    3466     -39.0473
    3467     -37.5996
    3468     -37.0919
    3469     -37.2755
    3470     -38.1712
    3471     -39.5829
    3472     -41.3280
    3473     -43.2031
    3474     -44.8149
    3475     -46.0265
    3476     -46.5805
    3477     -46.5570
    3478     -45.9089
    3479     -44.5799
    3480     -42.4494
    3481     -39.6545
    3482     -36.3128
    3483     -32.8173
    3484     -29.6517
    3485     -27.0061
    3486     -25.1519
    3487     -23.9070
    3488     -23.0844
    3489     -22.5735
    3490     -22.4035
    3491     -22.4336
    3492     -22.7842
    3493     -23.4940
    3494     -24.4944
    3495     -25.6089
    3496     -26.4532
    3497     -26.9689
    3498     -27.0575
    3499     -26.8276
    3500     -26.2901
    3501     -25.3639
    3502     -24.3042
    3503     -23.3450
    3504     -22.6791
    3505     -22.5591
    3506     -22.8858
    3507     -23.5203
    3508     -24.6537
    3509     -26.0762
    3510     -27.5978
    3511     -28.9952
    3512     -30.1486
    3513     -30.8841
    3514     -31.1892
    3515     -31.1139
    3516     -30.7408
    3517     -30.2189
    3518     -29.7833
    3519     -29.3602
    3520     -28.9004
    3521     -28.3757
    3522     -27.7275
    3523     -26.9025
    3524     -25.8211
    3525     -24.4927
    3526     -23.0691
    3527     -21.5977
    3528     -20.0666
    3529     -18.7172
    3530     -17.7542
    3531     -17.2093
    3532     -17.1494
    3533     -17.7168
    3534     -18.8082
    3535     -20.2544
    3536     -21.8042
    3537     -23.0949
    3538     -24.0016
    3539     -24.5683
    3540     -24.7267
    3541     -24.5350
    3542     -23.9954
    3543     -23.4897
    3544     -23.1666
    3545     -23.0538
    3546     -23.0330
    3547     -23.0672
    3548     -23.1613
    3549     -23.1793
    3550     -22.8920
    3551     -22.4981
    3552     -21.9949
    3553     -21.5976
    3554     -21.6269
    3555     -22.2911
    3556     -23.6155
    3557     -25.3758
    3558     -27.4412
    3559     -29.5446
    3560     -31.3898
    3561     -32.8937
    3562     -33.9931
    3563     -34.7555
    3564     -35.2901
    3565     -35.6820
    3566     -35.8539
    3567     -35.9576
    3568     -35.9292
    3569     -35.7335
    3570     -35.2023
    3571     -34.2418
    3572     -32.6904
    3573     -30.5933
    3574     -28.2425
    3575     -25.8974
    3576     -23.8943
    3577     -22.3392
    3578     -21.2410
    3579     -20.5172
    3580     -20.1312
    3581     -20.0087
    3582     -19.9789
    3583     -19.9745
    3584     -20.0646
    3585     -20.3907
    3586     -20.9483
    3587     -21.7828
    3588     -22.8807
    3589     -24.1586
    3590     -25.3722
    3591     -26.2256
    3592     -26.6688
    3593     -26.5060
    3594     -25.9604
    3595     -25.2550
    3596     -24.7044
    3597     -24.4348
    3598     -24.5948
    3599     -25.0212
    3600     -25.8015
    3601     -26.5967
    3602     -27.2362
    3603     -27.7230
    3604     -28.2932
    3605     -28.9827
    3606     -29.9465
    3607     -31.1591
    3608     -32.6017
    3609     -34.0139
    3610     -35.2153
    3611     -35.9674
    3612     -36.2542
    3613     -36.1666
    3614     -35.4873
    3615     -34.1881
    3616     -32.4768
    3617     -30.6776
    3618     -28.9406
    3619     -27.3773
    3620     -26.1939
    3621     -25.2819
    3622     -24.4807
    3623     -23.8520
    3624     -23.2639
    3625     -22.6919
    3626     -22.2050
    3627     -22.0021
    3628     -22.1185
    3629     -22.5621
    3630     -23.3083
    3631     -24.3228
    3632     -25.5629
    3633     -26.8656
    3634     -28.1573
    3635     -29.2243
    3636     -30.0370
    3637     -30.5047
    3638     -30.5219
    3639     -30.1344
    3640     -29.4324
    3641     -28.4174
    3642     -27.1297
    3643     -25.7383
    3644     -24.2973
    3645     -22.9695
    3646     -22.0158
    3647     -21.6720
    3648     -21.9120
    3649     -22.5664
    3650     -23.3790
    3651     -23.9055
    3652     -24.0270
    3653     -23.6744
    3654     -22.9127
    3655     -21.8437
    3656     -20.8589
    3657     -20.1821
    3658     -20.0804
    3659     -20.6660
    3660     -21.8361
    3661     -23.3509
    3662     -24.9565
    3663     -26.1493
    3664     -26.8470
    3665     -27.0786
    3666     -26.8862
    3667     -26.2508
    3668     -25.5420
    3669     -24.9572
    3670     -24.6606
    3671     -24.6155
    3672     -24.7539
    3673     -25.0477
    3674     -25.2819
    3675     -25.3167
    3676     -25.1796
    3677     -24.8210
    3678     -24.4895
    3679     -24.3483
    3680     -24.5397
    3681     -25.2078
    3682     -26.3029
    3683     -27.5196
    3684     -28.6765
    3685     -29.5949
    3686     -30.0684
    3687     -30.1890
    3688     -30.0819
    3689     -29.7563
    3690     -29.2720
    3691     -28.7052
    3692     -28.2647
    3693     -28.0454
    3694     -28.0941
    3695     -28.3381
    3696     -28.7661
    3697     -29.2008
    3698     -29.6119
    3699     -30.1013
    3700     -30.6529
    3701     -31.1033
    3702     -31.5917
    3703     -32.0742
    3704     -32.4543
    3705     -32.7954
    3706     -33.2146
    3707     -33.6685
    3708     -34.2434
    3709     -34.9747
    3710     -35.7493
    3711     -36.6210
    3712     -37.5967
    3713     -38.4820
    3714     -39.1190
    3715     -39.3748
    3716     -39.1690
    3717     -38.6016
    3718     -37.5757
    3719     -36.3348
    3720     -35.1011
    3721     -33.9805
    3722     -32.9366
    3723     -31.9868
    3724     -31.0376
    3725     -29.8489
    3726     -28.2159
    3727     -26.0897
    3728     -23.3506
    3729     -20.2919
    3730     -17.1719
    3731     -14.4517
    3732     -12.3295
    3733     -11.0450
    3734     -10.4722
    3735     -10.3590
    3736     -10.4712
    3737     -10.7144
    3738     -10.9730
    3739     -11.4346
    3740     -12.1356
    3741     -12.9947
    3742     -14.0566
    3743     -15.2877
    3744     -16.6168
    3745     -17.6427
    3746     -18.2829
    3747     -18.5251
    3748     -18.4414
    3749     -18.1365
    3750     -17.6122
    3751     -17.0597
    3752     -16.5473
    3753     -16.0854
    3754     -15.8044
    3755     -15.8225
    3756     -16.1103
    3757     -16.4427
    3758     -16.7484
    3759     -16.9856
    3760     -17.1727
    3761     -17.1782
    3762     -16.9251
    3763     -16.5833
    3764     -16.2979
    3765     -16.0721
    3766     -15.7577
    3767     -15.3669
    3768     -14.8879
    3769     -14.4118
    3770     -14.0249
    3771     -13.9168
    3772     -13.9343
    3773     -14.1944
    3774     -14.8680
    3775     -15.9728
    3776     -17.4147
    3777     -19.0278
    3778     -20.6148
    3779     -22.1761
    3780     -23.7683
    3781     -25.2667
    3782     -26.6767
    3783     -27.8551
    3784     -29.0071
    3785     -30.0098
    3786     -30.8349
    3787     -31.4477
    3788     -31.6819
    3789     -31.5948
    3790     -31.2087
    3791     -30.4402
    3792     -29.3233
    3793     -27.9188
    3794     -26.5474
    3795     -25.4651
    3796     -24.7840
    3797     -24.4208
    3798     -24.2967
    3799     -24.3410
    3800     -24.6009
    3801     -25.0337
    3802     -25.6011
    3803     -26.4569
    3804     -27.7154
    3805     -29.3785
    3806     -31.2065
    3807     -33.0736
    3808     -34.7234
    3809     -35.9993
    3810     -36.9207
    3811     -37.4285
    3812     -37.5308
    3813     -37.2739
    3814     -36.9440
    3815     -36.4382
    3816     -36.0111
    3817     -35.6699
    3818     -35.2839
    3819     -34.8815
    3820     -34.3990
    3821     -34.0133
    3822     -33.5881
    3823     -33.1927
    3824     -32.9433
    3825     -33.0121
    3826     -33.4185
    3827     -34.2043
    3828     -35.2512
    3829     -36.6332
    3830     -38.0785
    3831     -39.4327
    3832     -40.3851
    3833     -40.9377
    3834     -41.2430
    3835     -41.2867
    3836     -41.0543
    3837     -40.6062
    3838     -40.0059
    3839     -39.2708
    3840     -38.3103
    3841     -37.1235
    3842     -35.8552
    3843     -34.6607
    3844     -33.3738
    3845     -32.1319
    3846     -31.0729
    3847     -30.3116
    3848     -29.9004
    3849     -29.8160
    3850     -29.9293
    3851     -30.3106
    3852     -30.7570
    3853     -31.1417
    3854     -31.3418
    3855     -31.3913
    3856     -31.1916
    3857     -30.9453
    3858     -30.7181
    3859     -30.5623
    3860     -30.4520
    3861     -30.3325
    3862     -30.3161
    3863     -30.5863
    3864     -31.0234
    3865     -31.6997
    3866     -32.4995
    3867     -33.3254
    3868     -34.1525
    3869     -34.9510
    3870     -35.5154
    3871     -35.6897
    3872     -35.4534
    3873     -34.8758
    3874     -33.9903
    3875     -33.0197
    3876     -32.1005
    3877     -31.2292
    3878     -30.3325
    3879     -29.4809
    3880     -28.7435
    3881     -28.0622
    3882     -27.5076
    3883     -27.2143
    3884     -27.1928
    3885     -27.4061
    3886     -27.8528
    3887     -28.5931
    3888     -29.6838
    3889     -30.9598
    3890     -32.4953
    3891     -34.1204
    3892     -35.7037
    3893     -37.0647
    3894     -38.1819
    3895     -38.9013
    3896     -39.0757
    3897     -38.8721
    3898     -38.5648
    3899     -38.1508
    3900     -37.8358
    3901     -37.6132
    3902     -37.6128
    3903     -37.6265
    3904     -37.6698
    3905     -37.8360
    3906     -38.0417
    3907     -38.2586
    3908     -38.4766
    3909     -38.7456
    3910     -38.9129
    3911     -39.0239
    3912     -38.9859
    3913     -38.7672
    3914     -38.2573
    3915     -37.2918
    3916     -36.1433
    3917     -34.9329
    3918     -33.8373
    3919     -33.0229
    3920     -32.5348
    3921     -32.2497
    3922     -32.0476
    3923     -31.7504
    3924     -31.3875
    3925     -30.9982
    3926     -30.6147
    3927     -30.3348
    3928     -30.2419
    3929     -30.4140
    3930     -30.7972
    3931     -31.3977
    3932     -32.0228
    3933     -32.5498
    3934     -32.9101
    3935     -32.9228
    3936     -32.5411
    3937     -31.9307
    3938     -31.2596
    3939     -30.8354
    3940     -30.7494
    3941     -31.0519
    3942     -31.7580
    3943     -32.6371
    3944     -33.5214
    3945     -34.1014
    3946     -34.2037
    3947     -33.8455
    3948     -33.1243
    3949     -32.1933
    3950     -31.3517
    3951     -30.8258
    3952     -30.6301
    3953     -30.8264
    3954     -31.3837
    3955     -32.0881
    3956     -32.7512
    3957     -33.2566
    3958     -33.5418
    3959     -33.6634
    3960     -33.6666
    3961     -33.6453
    3962     -33.5405
    3963     -33.4574
    3964     -33.2749
    3965     -32.9804
    3966     -32.4380
    3967     -31.6558
    3968     -30.5102
    3969     -29.1327
    3970     -27.5298
    3971     -25.7986
    3972     -24.1293
    3973     -22.6896
    3974     -21.5621
    3975     -20.6889
    3976     -20.0772
    3977     -19.6572
    3978     -19.1744
    3979     -18.7061
    3980     -18.2060
    3981     -17.6611
    3982     -17.0698
    3983     -16.4066
    3984     -15.5918
    3985     -14.7822
    3986     -14.1148
    3987     -13.4224
    3988     -12.7415
    3989     -12.1177
    3990     -11.7157
    3991     -11.7273
    3992     -12.3261
    3993     -13.5606
    3994     -15.2841
    3995     -17.3137
    3996     -19.6358
    3997     -22.0289
    3998     -24.2890
    3999     -26.4603
    4000     -28.3794
    4001     -29.9289
    4002     -31.0831
    4003     -31.7196
    4004     -31.6575
    4005     -31.0204
    4006     -29.7387
    4007     -27.9366
    4008     -25.9323
    4009     -23.9143
    4010     -22.0924
    4011     -20.5892
    4012     -19.6420
    4013     -19.2873
    4014     -19.5240
    4015     -20.1920
    4016     -21.1413
    4017     -22.1913
    4018     -23.2199
    4019     -24.0823
    4020     -24.7814
    4021     -25.3227
    4022     -25.8101
    4023     -26.0086
    4024     -25.8156
    4025     -25.0484
    4026     -23.7711
    4027     -22.2351
    4028     -20.4147
    4029     -18.4388
    4030     -16.4014
    4031     -14.3272
    4032     -12.3285
    4033     -10.6568
    4034      -9.6177
    4035      -9.4121
    4036      -9.9062
    4037     -11.2346
    4038     -13.2381
    4039     -15.5929
    4040     -18.0777
    4041     -20.5290
    4042     -22.8762
    4043     -25.0809
    4044     -27.0084
    4045     -28.5564
    4046     -29.6269
    4047     -30.3876
    4048     -31.0700
    4049     -31.6943
    4050     -32.0439
    4051     -32.1589
    4052     -32.2619
    4053     -32.4167
    4054     -32.6035
    4055     -32.7901
    4056     -33.1793
    4057     -33.9221
    4058     -34.8178
    4059     -35.9107
    4060     -37.1548
    4061     -38.4403
    4062     -39.6180
    4063     -40.4040
    4064     -40.7875
    4065     -40.7744
    4066     -40.4007
    4067     -39.7106
    4068     -38.8411
    4069     -37.8942
    4070     -36.9037
    4071     -36.1468
    4072     -35.7453
    4073     -35.7583
    4074     -36.2148
    4075     -36.9272
    4076     -37.7203
    4077     -38.4626
    4078     -39.3659
    4079     -40.3183
    4080     -41.0955
    4081     -41.7048
    4082     -42.1083
    4083     -42.2497
    4084     -42.0704
    4085     -41.6032
    4086     -40.9561
    4087     -40.1069
    4088     -39.0193
    4089     -37.6937
    4090     -36.2369
    4091     -34.7421
    4092     -33.1793
    4093     -31.6270
    4094     -30.3263
    4095     -29.2926
    4096     -28.5535
    4097     -28.2400
    4098     -28.4204
    4099     -28.9598
    4100     -29.6556
    4101     -30.5652
    4102     -31.6835
    4103     -32.7726
    4104     -33.7595
    4105     -34.5565
    4106     -35.1884
    4107     -35.4245
    4108     -35.3406
    4109     -34.9090
    4110     -34.2607
    4111     -33.5358
    4112     -32.6932
    4113     -31.8970
    4114     -31.1661
    4115     -30.5463
    4116     -30.0635
    4117     -29.6383
    4118     -29.1558
    4119     -28.7656
    4120     -28.3319
    4121     -27.7670
    4122     -27.0377
    4123     -26.1116
    4124     -25.2118
    4125     -24.3710
    4126     -23.5930
    4127     -22.7513
    4128     -21.8628
    4129     -20.9167
    4130     -20.0327
    4131     -19.2380
    4132     -18.4724
    4133     -17.9523
    4134     -17.7002
    4135     -17.7652
    4136     -18.2794
    4137     -19.1052
    4138     -20.1384
    4139     -21.3550
    4140     -22.4997
    4141     -23.5918
    4142     -24.6240
    4143     -25.4545
    4144     -26.0334
    4145     -26.3615
    4146     -26.5571
    4147     -26.6440
    4148     -26.5502
    4149     -26.3557
    4150     -25.9831
    4151     -25.3722
    4152     -24.5890
    4153     -23.6791
    4154     -22.5942
    4155     -21.6632
    4156     -20.9187
    4157     -20.5602
    4158     -20.5726
    4159     -20.7797
    4160     -21.1288
    4161     -21.5869
    4162     -22.0854
    4163     -22.5251
    4164     -22.6953
    4165     -22.6656
    4166     -22.6133
    4167     -22.6145
    4168     -22.7255
    4169     -22.8462
    4170     -23.1079
    4171     -23.6015
    4172     -24.2481
    4173     -24.9494
    4174     -25.6562
    4175     -26.2220
    4176     -26.7151
    4177     -27.0653
    4178     -27.1139
    4179     -26.9862
    4180     -26.7847
    4181     -26.4474
    4182     -26.0219
    4183     -25.5449
    4184     -25.0136
    4185     -24.4947
    4186     -24.2313
    4187     -24.4609
    4188     -25.0528
    4189     -26.0388
    4190     -27.4162
    4191     -29.0123
    4192     -30.5515
    4193     -31.6831
    4194     -32.3150
    4195     -32.3682
    4196     -31.8267
    4197     -30.7812
    4198     -29.3717
    4199     -27.6611
    4200     -25.9949
    4201     -24.6816
    4202     -23.8317
    4203     -23.3011
    4204     -22.9977
    4205     -22.7893
    4206     -22.5909
    4207     -22.3574
    4208     -22.2174
    4209     -22.2916
    4210     -22.5619
    4211     -23.1843
    4212     -24.1341
    4213     -25.2112
    4214     -26.2896
    4215     -27.1208
    4216     -27.5692
    4217     -27.6811
    4218     -27.4125
    4219     -26.6722
    4220     -25.4478
    4221     -23.9265
    4222     -22.2173
    4223     -20.6227
    4224     -19.3209
    4225     -18.4796
    4226     -18.3942
    4227     -18.9951
    4228     -20.1814
    4229     -21.8339
    4230     -23.7300
    4231     -25.7562
    4232     -27.8156
    4233     -29.6764
    4234     -31.0588
    4235     -31.6694
    4236     -31.4068
    4237     -30.2524
    4238     -28.1995
    4239     -25.4670
    4240     -22.4379
    4241     -19.2723
    4242     -16.1734
    4243     -13.2974
    4244     -10.9822
    4245      -9.3617
    4246      -8.6247
    4247      -8.8649
    4248      -9.9955
    4249     -11.7432
    4250     -13.9305
    4251     -16.5144
    4252     -19.2257
    4253     -21.8091
    4254     -24.1580
    4255     -26.1069
    4256     -27.4507
    4257     -28.1506
    4258     -28.1565
    4259     -27.5429
    4260     -26.4056
    4261     -24.9775
    4262     -23.4676
    4263     -22.0506
    4264     -20.9295
    4265     -20.2187
    4266     -19.9046
    4267     -19.9813
    4268     -20.4385
    4269     -21.1846
    4270     -21.9102
    4271     -22.5733
    4272     -23.1499
    4273     -23.5909
    4274     -23.8642
    4275     -24.0318
    4276     -24.0845
    4277     -23.9730
    4278     -23.6484
    4279     -23.0586
    4280     -22.2329
    4281     -21.2339
    4282     -20.3221
    4283     -19.7432
    4284     -19.5518
    4285     -19.7639
    4286     -20.6082
    4287     -22.0771
    4288     -24.1001
    4289     -26.3491
    4290     -28.7143
    4291     -30.9774
    4292     -32.9826
    4293     -34.5569
    4294     -35.6973
    4295     -36.3746
    4296     -36.6243
    4297     -36.5719
    4298     -36.2265
    4299     -35.6186
    4300     -34.7255
    4301     -33.5853
    4302     -32.3576
    4303     -31.0082
    4304     -29.8163
    4305     -28.8849
    4306     -28.2240
    4307     -27.8885
    4308     -28.1560
    4309     -29.0198
    4310     -30.1631
    4311     -31.4151
    4312     -32.5889
    4313     -33.4599
    4314     -33.9915
    4315     -34.1929
    4316     -34.0447
    4317     -33.5322
    4318     -32.5290
    4319     -31.0999
    4320     -29.4346
    4321     -27.6929
    4322     -26.0305
    4323     -24.6251
    4324     -23.5436
    4325     -22.9782
    4326     -23.0717
    4327     -23.8776
    4328     -25.2296
    4329     -27.0271
    4330     -28.9768
    4331     -30.9882
    4332     -32.8654
    4333     -34.2928
    4334     -35.1082
    4335     -35.3909
    4336     -35.1727
    4337     -34.4627
    4338     -33.1849
    4339     -31.5228
    4340     -29.7994
    4341     -28.1812
    4342     -26.9805
    4343     -26.3291
    4344     -26.3788
    4345     -27.2513
    4346     -28.9224
    4347     -31.1595
    4348     -33.8015
    4349     -36.3845
    4350     -38.5516
    4351     -40.1304
    4352     -41.0261
    4353     -41.2710
    4354     -40.8173
    4355     -39.5237
    4356     -37.6100
    4357     -35.0925
    4358     -32.2407
    4359     -29.4301
    4360     -26.9151
    4361     -25.1228
    4362     -24.1322
    4363     -23.9726
    4364     -24.3795
    4365     -25.1907
    4366     -26.2117
    4367     -27.3484
    4368     -28.4780
    4369     -29.5362
    4370     -30.3877
    4371     -31.0501
    4372     -31.2240
    4373     -30.9247
    4374     -30.2054
    4375     -29.2985
    4376     -28.2577
    4377     -27.1453
    4378     -26.0989
    4379     -25.1298
    4380     -24.4954
    4381     -24.1522
    4382     -24.1183
    4383     -24.3823
    4384     -24.9978
    4385     -25.9953
    4386     -27.3042
    4387     -28.6515
    4388     -29.7554
    4389     -30.3489
    4390     -30.3793
    4391     -29.8750
    4392     -28.8509
    4393     -27.4760
    4394     -25.7536
    4395     -23.7173
    4396     -21.6269
    4397     -19.7506
    4398     -18.5934
    4399     -18.4228
    4400     -19.1770
    4401     -20.7242
    4402     -22.7199
    4403     -24.9442
    4404     -27.0806
    4405     -28.9389
    4406     -30.4559
    4407     -31.5522
    4408     -32.2781
    4409     -32.5184
    4410     -32.2408
    4411     -31.5899
    4412     -30.5718
    4413     -29.3078
    4414     -27.9282
    4415     -26.4962
    4416     -25.0861
    4417     -23.8238
    4418     -22.7678
    4419     -22.0859
    4420     -21.7367
    4421     -21.8933
    4422     -22.7579
    4423     -24.2205
    4424     -26.1692
    4425     -28.5786
    4426     -31.2542
    4427     -33.8328
    4428     -36.0954
    4429     -37.9012
    4430     -39.1934
    4431     -39.9198
    4432     -40.0176
    4433     -39.7182
    4434     -39.1562
    4435     -38.4455
    4436     -37.9542
    4437     -37.8562
    4438     -38.1459
    4439     -38.7559
    4440     -39.6722
    4441     -40.6467
    4442     -41.6732
    4443     -42.6107
    4444     -43.4166
    4445     -43.9670
    4446     -44.3175
    4447     -44.6126
    4448     -44.7243
    4449     -44.5199
    4450     -44.0153
    4451     -42.9742
    4452     -41.3634
    4453     -39.2244
    4454     -36.8001
    4455     -34.3708
    4456     -32.0529
    4457     -30.2660
    4458     -29.1264
    4459     -28.8005
    4460     -29.3685
    4461     -30.5330
    4462     -31.9902
    4463     -33.3806
    4464     -34.3867
    4465     -34.8110
    4466     -34.7180
    4467     -34.1499
    4468     -33.2064
    4469     -32.0160
    4470     -30.9763
    4471     -30.1186
    4472     -29.5710
    4473     -29.4287
    4474     -29.5699
    4475     -29.8225
    4476     -30.0799
    4477     -30.3042
    4478     -30.4766
    4479     -30.6410
    4480     -30.8048
    4481     -31.0916
    4482     -31.5764
    4483     -32.2095
    4484     -32.8679
    4485     -33.4663
    4486     -33.8509
    4487     -33.8620
    4488     -33.5167
    4489     -32.7340
    4490     -31.4970
    4491     -30.0722
    4492     -28.6421
    4493     -27.4252
    4494     -26.5007
    4495     -26.0309
    4496     -25.9768
    4497     -26.3457
    4498     -27.0649
    4499     -27.9944
    4500     -28.9812
    4501     -29.7702
    4502     -30.4536
    4503     -30.8488
    4504     -30.9781
    4505     -30.7447
    4506     -30.1637
    4507     -29.4537
    4508     -28.6453
    4509     -27.6661
    4510     -26.6345
    4511     -25.7545
    4512     -24.8958
    4513     -24.0410
    4514     -23.1035
    4515     -22.1215
    4516     -21.2560
    4517     -20.6185
    4518     -20.3168
    4519     -20.4573
    4520     -21.1865
    4521     -22.4552
    4522     -24.2079
    4523     -26.3267
    4524     -28.7217
    4525     -31.1577
    4526     -33.5358
    4527     -35.5297
    4528     -36.8996
    4529     -37.6606
    4530     -37.8320
    4531     -37.5037
    4532     -36.7853
    4533     -35.8649
    4534     -34.8614
    4535     -33.7637
    4536     -32.5555
    4537     -31.3118
    4538     -30.1508
    4539     -29.0240
    4540     -27.8814
    4541     -26.7948
    4542     -25.8382
    4543     -25.1745
    4544     -24.8839
    4545     -25.0075
    4546     -25.5085
    4547     -26.3763
    4548     -27.4603
    4549     -28.6368
    4550     -29.8090
    4551     -30.7220
    4552     -31.3195
    4553     -31.6238
    4554     -31.4863
    4555     -31.0811
    4556     -30.4552
    4557     -29.5686
    4558     -28.5697
    4559     -27.6694
    4560     -26.9277
    4561     -26.3494
    4562     -25.8891
    4563     -25.3917
    4564     -24.9432
    4565     -24.5543
    4566     -24.1679
    4567     -23.9706
    4568     -24.0870
    4569     -24.4617
    4570     -25.2707
    4571     -26.6039
    4572     -28.4131
    4573     -30.5730
    4574     -32.8075
    4575     -35.0177
    4576     -36.9635
    4577     -38.4304
    4578     -39.1301
    4579     -38.8140
    4580     -37.5850
    4581     -35.6682
    4582     -33.1127
    4583     -30.1908
    4584     -27.2510
    4585     -24.5227
    4586     -22.4056
    4587     -20.8591
    4588     -20.1230
    4589     -20.2512
    4590     -21.2587
    4591     -23.1520
    4592     -25.8797
    4593     -29.2785
    4594     -32.9675
    4595     -36.4777
    4596     -39.4868
    4597     -41.6939
    4598     -43.1518
    4599     -43.7781
    4600     -43.4357
    4601     -42.0908
    4602     -39.7037
    4603     -36.4830
    4604     -32.6615
    4605     -28.5004
    4606     -24.6171
    4607     -21.3657
    4608     -18.9969
    4609     -17.6065
    4610     -17.2306
    4611     -17.8040
    4612     -19.1716
    4613     -21.1759
    4614     -23.5692
    4615     -26.1784
    4616     -28.7849
    4617     -30.9713
    4618     -32.3651
    4619     -33.0100
    4620     -33.0328
    4621     -32.3804
    4622     -31.0348
    4623     -29.2519
    4624     -27.1599
    4625     -24.6379
    4626     -21.9510
    4627     -19.3667
    4628     -17.1476
    4629     -15.5665
    4630     -14.7142
    4631     -14.5853
    4632     -15.1391
    4633     -16.2802
    4634     -17.8636
    4635     -19.6654
    4636     -21.6161
    4637     -23.5616
    4638     -25.3922
    4639     -26.9540
    4640     -28.2417
    4641     -29.0759
    4642     -29.3491
    4643     -29.1668
    4644     -28.5963
    4645     -27.6283
    4646     -26.4340
    4647     -25.2824
    4648     -24.3449
    4649     -23.8219
    4650     -23.7851
    4651     -24.1043
    4652     -24.9172
    4653     -26.3918
    4654     -28.1722
    4655     -30.1093
    4656     -32.1539
    4657     -34.1304
    4658     -35.8561
    4659     -37.2051
    4660     -38.0001
    4661     -38.1275
    4662     -37.8118
    4663     -37.1592
    4664     -36.2660
    4665     -35.3799
    4666     -34.7071
    4667     -34.4723
    4668     -34.8515
    4669     -35.8016
    4670     -37.3127
    4671     -39.1266
    4672     -41.0233
    4673     -42.7004
    4674     -44.1866
    4675     -45.3874
    4676     -46.0923
    4677     -46.2106
    4678     -45.6253
    4679     -44.4109
    4680     -42.7847
    4681     -40.7874
    4682     -38.8121
    4683     -36.9241
    4684     -35.2682
    4685     -34.0398
    4686     -33.4001
    4687     -33.4350
    4688     -34.1380
    4689     -35.1755
    4690     -36.4349
    4691     -37.5509
    4692     -38.3881
    4693     -38.8905
    4694     -39.1916
    4695     -39.2770
    4696     -39.4250
    4697     -39.5401
    4698     -39.4726
    4699     -39.2035
    4700     -38.7403
    4701     -38.1780
    4702     -37.4324
    4703     -36.6147
    4704     -35.6947
    4705     -34.8101
    4706     -34.1677
    4707     -33.7742
    4708     -33.8188
    4709     -34.2856
    4710     -35.1270
    4711     -36.2179
    4712     -37.2759
    4713     -38.1617
    4714     -38.7379
    4715     -38.9746
    4716     -38.8813
    4717     -38.5049
    4718     -37.9183
    4719     -37.1554
    4720     -36.3309
    4721     -35.4749
    4722     -34.5191
    4723     -33.6169
    4724     -32.7690
    4725     -31.9439
    4726     -31.1392
    4727     -30.2974
    4728     -29.5294
    4729     -29.0249
    4730     -28.8718
    4731     -28.9339
    4732     -29.2087
    4733     -29.8154
    4734     -30.6985
    4735     -31.8487
    4736     -33.1823
    4737     -34.5071
    4738     -35.7364
    4739     -36.5590
    4740     -36.9442
    4741     -36.8967
    4742     -36.3744
    4743     -35.6065
    4744     -34.6145
    4745     -33.4373
    4746     -32.1469
    4747     -30.8067
    4748     -29.6580
    4749     -28.7865
    4750     -28.2465
    4751     -27.9043
    4752     -27.8576
    4753     -28.0040
    4754     -28.2548
    4755     -28.8282
    4756     -29.8025
    4757     -31.1741
    4758     -32.8231
    4759     -34.5548
    4760     -36.0774
    4761     -37.3085
    4762     -38.0557
    4763     -38.4084
    4764     -38.1871
    4765     -37.4730
    4766     -36.2588
    4767     -34.6598
    4768     -32.7935
    4769     -30.8738
    4770     -29.1574
    4771     -27.7790
    4772     -26.8470
    4773     -26.2323
    4774     -25.7512
    4775     -25.3383
    4776     -24.9856
    4777     -24.9689
    4778     -25.3938
    4779     -26.1495
    4780     -27.1829
    4781     -28.3530
    4782     -29.7105
    4783     -31.1087
    4784     -32.4944
    4785     -33.6411
    4786     -34.3709
    4787     -34.5996
    4788     -34.4020
    4789     -33.8766
    4790     -33.0854
    4791     -32.1570
    4792     -31.2820
    4793     -30.6620
    4794     -30.2505
    4795     -29.9838
    4796     -29.7735
    4797     -29.7383
    4798     -29.9466
    4799     -30.1894
    4800     -30.4818
    4801     -30.8736
    4802     -31.3940
    4803     -32.0511
    4804     -32.7274
    4805     -33.4474
    4806     -34.0310
    4807     -34.4135
    4808     -34.6283
    4809     -34.5118
    4810     -33.8734
    4811     -32.7786
    4812     -31.2720
    4813     -29.5499
    4814     -27.7876
    4815     -26.1131
    4816     -24.8535
    4817     -24.0638
    4818     -23.7635
    4819     -24.2444
    4820     -25.4456
    4821     -26.9870
    4822     -28.7073
    4823     -30.3663
    4824     -31.5771
    4825     -32.3280
    4826     -32.6091
    4827     -32.3502
    4828     -31.6857
    4829     -30.7298
    4830     -29.6403
    4831     -28.6799
    4832     -28.0548
    4833     -27.6963
    4834     -27.4844
    4835     -27.5698
    4836     -27.8931
    4837     -28.2971
    4838     -28.9171
    4839     -29.7216
    4840     -30.7159
    4841     -31.7836
    4842     -32.8258
    4843     -33.7237
    4844     -34.3058
    4845     -34.4442
    4846     -34.2023
    4847     -33.6576
    4848     -32.8740
    4849     -32.0552
    4850     -31.4941
    4851     -31.2400
    4852     -31.3244
    4853     -31.7481
    4854     -32.4638
    4855     -33.3610
    4856     -34.1889
    4857     -34.7667
    4858     -34.9992
    4859     -34.9482
    4860     -34.7737
    4861     -34.6082
    4862     -34.7202
    4863     -35.1895
    4864     -35.9259
    4865     -36.8974
    4866     -37.8471
    4867     -38.6468
    4868     -39.0331
    4869     -38.6928
    4870     -37.5420
    4871     -35.4388
    4872     -32.4680
    4873     -28.9767
    4874     -25.2577
    4875     -21.7414
    4876     -19.1601
    4877     -17.8094
    4878     -17.7938
    4879     -19.2442
    4880     -21.7068
    4881     -24.8011
    4882     -28.2159
    4883     -31.7808
    4884     -35.1457
    4885     -38.1771
    4886     -40.6719
    4887     -42.4562
    4888     -43.3156
    4889     -43.1733
    4890     -42.0182
    4891     -39.9455
    4892     -37.0565
    4893     -33.5412
    4894     -29.6515
    4895     -25.7552
    4896     -22.1951
    4897     -19.4688
    4898     -18.1017
    4899     -18.3433
    4900     -20.2136
    4901     -23.4934
    4902     -27.6770
    4903     -32.1065
    4904     -36.2176
    4905     -39.6193
    4906     -42.0298
    4907     -43.3480
    4908     -43.5500
    4909     -42.7667
    4910     -41.0852
    4911     -38.6164
    4912     -35.6781
    4913     -32.6066
    4914     -29.9807
    4915     -28.0598
    4916     -27.0129
    4917     -26.7924
    4918     -27.2010
    4919     -28.1404
    4920     -29.4414
    4921     -31.0222
    4922     -32.7447
    4923     -34.5129
    4924     -36.2779
    4925     -38.0639
    4926     -39.6859
    4927     -40.9571
    4928     -41.9705
    4929     -42.6778
    4930     -43.0429
    4931     -43.1285
    4932     -42.7908
    4933     -41.9789
    4934     -40.6435
    4935     -38.8608
    4936     -36.9418
    4937     -34.9455
    4938     -33.0939
    4939     -31.4892
    4940     -30.1719
    4941     -29.0954
    4942     -28.1750
    4943     -27.5430
    4944     -27.2880
    4945     -27.5805
    4946     -28.4178
    4947     -29.8357
    4948     -31.8103
    4949     -34.2337
    4950     -36.8522
    4951     -39.3544
    4952     -41.4039
    4953     -42.7563
    4954     -43.2529
    4955     -42.9033
    4956     -41.5139
    4957     -39.0820
    4958     -35.6696
    4959     -31.6293
    4960     -27.2201
    4961     -22.9203
    4962     -19.2161
    4963     -16.3995
    4964     -14.5725
    4965     -13.6905
    4966     -13.8454
    4967     -14.9496
    4968     -16.8377
    4969     -19.2915
    4970     -22.2335
    4971     -25.3745
    4972     -28.3957
    4973     -30.9260
    4974     -32.8279
    4975     -34.0101
    4976     -34.4115
    4977     -33.9913
    4978     -32.7819
    4979     -30.9739
    4980     -28.7721
    4981     -26.5384
    4982     -24.4575
    4983     -22.7258
    4984     -21.4393
    4985     -20.5254
    4986     -19.9169
    4987     -19.6466
    4988     -19.5509
    4989     -19.5479
    4990     -19.5489
    4991     -19.6347
    4992     -19.6706
    4993     -19.8149
    4994     -20.0245
    4995     -20.3976
    4996     -21.0140
    4997     -21.9440
    4998     -22.9511
    4999     -24.0442
    5000     -25.0653
