    1001     -20.2996
    1002     -23.3888
    1003     -26.8243
    1004     -30.2783
    1005     -33.2472
    1006     -35.5228
    1007     -36.9089
    1008     -37.6590
    1009     -37.7996
    1010     -37.4027
    1011     -36.6882
    1012     -35.7536
    1013     -34.6958
    1014     -33.7294
    1015     -33.0669
    1016     -32.7692
    1017     -32.8359
    1018     -33.2747
    1019     -33.9104
    1020     -34.8039
    1021     -35.7167
    1022     -36.5152
    1023     -37.0666
    1024     -37.4698
    1025     -37.4933
    1026     -37.1839
    1027     -36.5031
    1028     -35.5743
    1029     -34.5737
    1030     -33.6317
    1031     -32.7843
    1032     -32.0588
    1033     -31.5275
    1034     -31.1288
    1035     -30.6450
    1036     -30.1230
    1037     -29.6208
    1038     -29.2860
    1039     -29.0761
    1040     -29.0410
    1041     -29.2566
    1042     -29.4891
    1043     -29.6348
    1044     -29.7034
    1045     -29.7256
    1046     -29.7877
    1047     -29.9570
    1048     -30.1038
    1049     -30.2632
    1050     -30.3392
    1051     -30.4597
    1052     -30.5814
    1053     -30.5454
    1054     -30.3726
    1055     -30.1109
    1056     -29.8157
    1057     -29.4379
    1058     -29.0447
    1059     -28.7835
    1060     -28.7714
    1061     -28.9270
    1062     -29.3818
    1063     -29.9151
    1064     -30.4795
    1065     -31.0400
    1066     -31.4985
    1067     -31.9382
    1068     -32.2545
    1069     -32.3952
    1070     -32.4421
    1071     -32.5032
    1072     -32.7487
    1073     -33.0222
    1074     -33.2182
    1075     -33.3318
    1076     -33.4534
    1077     -33.4357
    1078     -33.3274
    1079     -33.0612
    1080     -32.6647
    1081     -32.2644
    1082     -31.9429
    1083     -31.7918
    1084     -31.8807
    1085     -32.1771
    1086     -32.6178
    1087     -33.0060
    1088     -33.1314
    1089     -33.0110
    1090     -32.6119
    1091     -31.9628
    1092     -31.1488
    1093     -30.3278
    1094     -29.7720
    1095     -29.3850
    1096     -29.1469
    1097     -28.9888
    1098     -28.9428
    1099     -28.8682
    1100     -28.7287
    1101     -28.3276
    1102     -27.5105
    1103     -26.2724
    1104     -24.6928
    1105     -22.7783
    1106     -20.8903
    1107     -19.2950
    1108     -18.2839
    1109     -18.0875
    1110     -18.6695
    1111     -19.9370
    1112     -21.7799
    1113     -24.0262
    1114     -26.4502
    1115     -29.0363
    1116     -31.4853
    1117     -33.5648
    1118     -35.1388
    1119     -35.9658
    1120     -35.8585
    1121     -34.8251
    1122     -32.9356
    1123     -30.4951
    1124     -27.6037
    1125     -24.4308
    1126     -21.1818
    1127     -18.0327
    1128     -15.3566
    1129     -13.4771
    1130     -12.7256
    1131     -13.4119
    1132     -15.6704
    1133     -19.1351
    1134     -23.1813
    1135     -27.1488
    1136     -30.7923
    1137     -33.7572
    1138     -35.8452
    1139     -36.9527
    1140     -36.8920
    1141     -35.8060
    1142     -33.7735
    1143     -31.1573
    1144     -28.3674
    1145     -25.5624
    1146     -22.9852
    1147     -20.6661
    1148     -18.6628
    1149     -17.0126
    1150     -15.7375
    1151     -15.0091
    1152     -15.1039
    1153     -16.2129
    1154     -18.1884
    1155     -20.8052
    1156     -23.7181
    1157     -26.4406
    1158     -28.8445
    1159     -30.7899
    1160     -32.2214
    1161     -33.2574
    1162     -33.7824
    1163     -33.7856
    1164     -33.3054
    1165     -32.3917
    1166     -31.3549
    1167     -30.2938
    1168     -29.4154
    1169     -28.9126
    1170     -28.6916
    1171     -28.7206
    1172     -29.0133
    1173     -29.4478
    1174     -29.7303
    1175     -29.8490
    1176     -29.7460
    1177     -29.4698
    1178     -29.0912
    1179     -28.6010
    1180     -28.1588
    1181     -27.8815
    1182     -27.9556
    1183     -28.3821
    1184     -28.9978
    1185     -29.5193
    1186     -29.8837
    1187     -30.0112
    1188     -29.8322
    1189     -29.3621
    1190     -28.6707
    1191     -27.8817
    1192     -27.3245
    1193     -27.2929
    1194     -27.9546
    1195     -29.0731
    1196     -30.4321
    1197     -31.8902
    1198     -33.2649
    1199     -34.4006
    1200     -35.1648
    1201     -35.5232
    1202     -35.4353
    1203     -34.8639
    1204     -33.7074
    1205     -32.1594
    1206     -30.2639
    1207     -28.1651
    1208     -26.0357
    1209     -23.9812
    1210     -22.3291
    1211     -21.1855
    1212     -20.6190
    1213     -20.7938
    1214     -21.6902
    1215     -23.2355
    1216     -25.1399
    1217     -26.9365
    1218     -28.4406
    1219     -29.4950
    1220     -30.1483
    1221     -30.4605
    1222     -30.4746
    1223     -30.2001
    1224     -29.7568
    1225     -29.3798
    1226     -29.0800
    1227     -28.9229
    1228     -28.8248
    1229     -28.8079
    1230     -28.9855
    1231     -29.3574
    1232     -29.9701
    1233     -30.7599
    1234     -31.6018
    1235     -32.4437
    1236     -33.1061
    1237     -33.3510
    1238     -33.0418
    1239     -32.3874
    1240     -31.1837
    1241     -29.4275
    1242     -27.2171
    1243     -24.8448
    1244     -22.5958
    1245     -20.9028
    1246     -20.1066
    1247     -20.3291
    1248     -21.2144
    1249     -22.5765
    1250     -24.1346
    1251     -25.5913
    1252     -26.7704
    1253     -27.6424
    1254     -28.1593
    1255     -28.3665
    1256     -28.2604
    1257     -27.8425
    1258     -27.3126
    1259     -26.8354
    1260     -26.5493
    1261     -26.5807
    1262     -26.8169
    1263     -27.2962
    1264     -27.9333
    1265     -28.7693
    1266     -29.8290
    1267     -31.2688
    1268     -32.8368
    1269     -34.4115
    1270     -35.7524
    1271     -36.7548
    1272     -37.2333
    1273     -37.0463
    1274     -36.2493
    1275     -34.9234
    1276     -33.1448
    1277     -31.0127
    1278     -28.8878
    1279     -26.7794
    1280     -24.8476
    1281     -23.4160
    1282     -22.5955
    1283     -22.3864
    1284     -22.8033
    1285     -23.7698
    1286     -24.9186
    1287     -26.1897
    1288     -27.3514
    1289     -28.2083
    1290     -28.5143
    1291     -28.3228
    1292     -27.7467
    1293     -26.9249
    1294     -26.2991
    1295     -25.9441
    1296     -26.0928
    1297     -26.6593
    1298     -27.4991
    1299     -28.4998
    1300     -29.3713
    1301     -30.0146
    1302     -30.3238
    1303     -30.2486
    1304     -29.9388
    1305     -29.4441
    1306     -28.8074
    1307     -28.2415
    1308     -27.9390
    1309     -27.9302
    1310     -28.3666
    1311     -29.0425
    1312     -29.7804
    1313     -30.4697
    1314     -31.0552
    1315     -31.5032
    1316     -31.9726
    1317     -32.4631
    1318     -32.8580
    1319     -33.0461
    1320     -32.9925
    1321     -32.9138
    1322     -32.8773
    1323     -32.7740
    1324     -32.5519
    1325     -32.3448
    1326     -32.0833
    1327     -31.6190
    1328     -31.0457
    1329     -30.4362
    1330     -30.0420
    1331     -29.9846
    1332     -30.2309
    1333     -30.6518
    1334     -31.3146
    1335     -32.0100
    1336     -32.3661
    1337     -32.2120
    1338     -31.7056
    1339     -31.0239
    1340     -30.3162
    1341     -29.6873
    1342     -29.3600
    1343     -29.4189
    1344     -29.9458
    1345     -30.8308
    1346     -32.0323
    1347     -33.3551
    1348     -34.6419
    1349     -35.8106
    1350     -36.6388
    1351     -36.8654
    1352     -36.3287
    1353     -35.1142
    1354     -33.3671
    1355     -31.1851
    1356     -28.7091
    1357     -26.0143
    1358     -23.4009
    1359     -21.2519
    1360     -19.7322
    1361     -19.2075
    1362     -19.6362
    1363     -20.7320
    1364     -22.2088
    1365     -23.8548
    1366     -25.4030
    1367     -26.7531
    1368     -28.1177
    1369     -29.4915
    1370     -30.8247
    1371     -31.9774
    1372     -32.7979
    1373     -33.3400
    1374     -33.6115
    1375     -33.5561
    1376     -33.4779
    1377     -33.3740
    1378     -33.0741
    1379     -32.6823
    1380     -32.2213
    1381     -31.6911
    1382     -30.9983
    1383     -30.2642
    1384     -29.5376
    1385     -28.7336
    1386     -27.6609
    1387     -26.1402
    1388     -24.1629
    1389     -21.9578
    1390     -19.7835
    1391     -17.9241
    1392     -16.6522
    1393     -16.0784
    1394     -16.2459
    1395     -17.1481
    1396     -18.7488
    1397     -20.6719
    1398     -22.5936
    1399     -24.2926
    1400     -25.5589
    1401     -26.3995
    1402     -26.9914
    1403     -27.2214
    1404     -27.2390
    1405     -27.1496
    1406     -26.9301
    1407     -26.6692
    1408     -26.3256
    1409     -25.8655
    1410     -25.0939
    1411     -24.1906
    1412     -23.2634
    1413     -22.4609
    1414     -21.9670
    1415     -21.8011
    1416     -21.9725
    1417     -22.4319
    1418     -23.1241
    1419     -23.9003
    1420     -24.6569
    1421     -25.3167
    1422     -25.7720
    1423     -25.8824
    1424     -25.6226
    1425     -24.9988
    1426     -24.0969
    1427     -23.2004
    1428     -22.4901
    1429     -21.9313
    1430     -21.4626
    1431     -21.1256
    1432     -20.7838
    1433     -20.4663
    1434     -20.3327
    1435     -20.3390
    1436     -20.3531
    1437     -20.2188
    1438     -19.7661
    1439     -19.1623
    1440     -18.5416
    1441     -17.9992
    1442     -17.6361
    1443     -17.4258
    1444     -17.2152
    1445     -17.1082
    1446     -17.0707
    1447     -16.9355
    1448     -16.6083
    1449     -16.0997
    1450     -15.4715
    1451     -14.8801
    1452     -14.2697
    1453     -13.7439
    1454     -13.5084
    1455     -13.7507
    1456     -14.5557
    1457     -15.9072
    1458     -17.6729
    1459     -19.5144
    1460     -21.1232
    1461     -22.4413
    1462     -23.3332
    1463     -23.5336
    1464     -22.9281
    1465     -21.4332
    1466     -19.3327
    1467     -16.8658
    1468     -14.4060
    1469     -12.1719
    1470     -10.3776
    1471      -9.0450
    1472      -8.0581
    1473      -7.4441
    1474      -7.2689
    1475      -7.5363
    1476      -8.2455
    1477      -9.3707
    1478     -10.7525
    1479     -12.3260
    1480     -13.8891
    1481     -15.2463
    1482     -16.1911
    1483     -16.6457
    1484     -16.5124
    1485     -15.6960
    1486     -14.2821
    1487     -12.5434
    1488     -10.7402
    1489      -8.9803
    1490      -7.4189
    1491      -6.1990
    1492      -5.5754
    1493      -5.6555
    1494      -6.6738
    1495      -8.4241
    1496     -10.7003
    1497     -13.1530
    1498     -15.3591
    1499     -16.9711
    1500     -17.9011
    1501     -18.1951
    1502     -17.8726
    1503     -17.1714
    1504     -16.1912
    1505     -15.0318
    1506     -13.9321
    1507     -13.0098
    1508     -12.2556
    1509     -11.8618
    1510     -11.6063
    1511     -11.5383
    1512     -11.5298
    1513     -11.5641
    1514     -11.5220
    1515     -11.6097
    1516     -11.9037
    1517     -12.4566
    1518     -13.2307
    1519     -14.1304
    1520     -15.0814
    1521     -16.0217
    1522     -17.0538
    1523     -18.0154
    1524     -18.7877
    1525     -19.2399
    1526     -19.3119
    1527     -18.9028
    1528     -18.1470
    1529     -17.2310
    1530     -16.2917
    1531     -15.3566
    1532     -14.4582
    1533     -13.6298
    1534     -12.8730
    1535     -12.1884
    1536     -11.6841
    1537     -11.4414
    1538     -11.5196
    1539     -11.9568
    1540     -12.7169
    1541     -13.7968
    1542     -14.9770
    1543     -16.0817
    1544     -17.0029
    1545     -17.4226
    1546     -17.3280
    1547     -16.7975
    1548     -15.7497
    1549     -14.2291
    1550     -12.5108
    1551     -10.9468
    1552      -9.8264
    1553      -9.3444
    1554      -9.5383
    1555     -10.5851
    1556     -12.3000
    1557     -14.3721
    1558     -16.6950
    1559     -19.1544
    1560     -21.4814
    1561     -23.4959
    1562     -25.1660
    1563     -26.2546
    1564     -26.7695
    1565     -26.5502
    1566     -25.5378
    1567     -23.9807
    1568     -21.8913
    1569     -19.5668
    1570     -17.3730
    1571     -15.5725
    1572     -14.1408
    1573     -13.2426
    1574     -13.0353
    1575     -13.4751
    1576     -14.4236
    1577     -15.6523
    1578     -17.1303
    1579     -18.6109
    1580     -19.9876
    1581     -21.0874
    1582     -21.9025
    1583     -22.2868
    1584     -22.1570
    1585     -21.5199
    1586     -20.4765
    1587     -19.1145
    1588     -17.3636
    1589     -15.4097
    1590     -13.3373
    1591     -11.3209
    1592      -9.7042
    1593      -8.5310
    1594      -7.6457
    1595      -7.2306
    1596      -7.3168
    1597      -7.8786
    1598      -9.1300
    1599     -11.0199
    1600     -13.4039
    1601     -16.0974
    1602     -18.9243
    1603     -21.6077
    1604     -23.9615
    1605     -25.8253
    1606     -27.0169
    1607     -27.6288
    1608     -27.7391
    1609     -27.3693
    1610     -26.4456
    1611     -25.1403
    1612     -23.5992
    1613     -22.1147
    1614     -20.7741
    1615     -19.5537
    1616     -18.4587
    1617     -17.4800
    1618     -16.5930
    1619     -15.8754
    1620     -15.4867
    1621     -15.6821
    1622     -16.4834
    1623     -18.0021
    1624     -20.0859
    1625     -22.5050
    1626     -25.0273
    1627     -27.2676
    1628     -28.9182
    1629     -29.6031
    1630     -29.0945
    1631     -27.6482
    1632     -25.5212
    1633     -22.8606
    1634     -20.0771
    1635     -17.3824
    1636     -14.8351
    1637     -12.5116
    1638     -10.5731
    1639      -9.2078
    1640      -8.4214
    1641      -8.2739
    1642      -8.8459
    1643     -10.1130
    1644     -11.9945
    1645     -14.3372
    1646     -17.0990
    1647     -20.1113
    1648     -23.0725
    1649     -25.6419
    1650     -27.4512
    1651     -28.3672
    1652     -28.1560
    1653     -27.0344
    1654     -25.1344
    1655     -22.6796
    1656     -19.8760
    1657     -17.0172
    1658     -14.2137
    1659     -11.6302
    1660      -9.4052
    1661      -7.7508
    1662      -6.7951
    1663      -6.4436
    1664      -6.6192
    1665      -7.3324
    1666      -8.7131
    1667     -10.8617
    1668     -13.8274
    1669     -17.3200
    1670     -20.8756
    1671     -24.0140
    1672     -26.4712
    1673     -27.9898
    1674     -28.6534
    1675     -28.6100
    1676     -28.1897
    1677     -27.4014
    1678     -26.4813
    1679     -25.5772
    1680     -24.8401
    1681     -24.3716
    1682     -24.2299
    1683     -24.3872
    1684     -24.8325
    1685     -25.4059
    1686     -26.0829
    1687     -26.7702
    1688     -27.4392
    1689     -28.2218
    1690     -29.1975
    1691     -30.1651
    1692     -30.8476
    1693     -31.0553
    1694     -30.6560
    1695     -29.6197
    1696     -28.0913
    1697     -26.2797
    1698     -24.3708
    1699     -22.6079
    1700     -21.2170
    1701     -20.2723
    1702     -19.7080
    1703     -19.5884
    1704     -19.9459
    1705     -20.6069
    1706     -21.5502
    1707     -22.7753
    1708     -24.3182
    1709     -26.3071
    1710     -28.6079
    1711     -31.0731
    1712     -33.4564
    1713     -35.6397
    1714     -37.3830
    1715     -38.3449
    1716     -38.6408
    1717     -38.2993
    1718     -37.6243
    1719     -36.7555
    1720     -35.9274
    1721     -35.0854
    1722     -34.1962
    1723     -33.3689
    1724     -32.4610
    1725     -31.5522
    1726     -30.6382
    1727     -29.9320
    1728     -29.6894
    1729     -30.1445
    1730     -31.2888
    1731     -33.1460
    1732     -35.3288
    1733     -37.5406
    1734     -39.4284
    1735     -40.7297
    1736     -41.1877
    1737     -40.7085
    1738     -39.1651
    1739     -36.6583
    1740     -33.6266
    1741     -30.6720
    1742     -28.5426
    1743     -27.2409
    1744     -26.6936
    1745     -26.6476
    1746     -26.8962
    1747     -27.5069
    1748     -28.4808
    1749     -29.7888
    1750     -31.2954
    1751     -33.1751
    1752     -35.3563
    1753     -37.6791
    1754     -39.7962
    1755     -41.3575
    1756     -42.2780
    1757     -42.4440
    1758     -41.9151
    1759     -40.7901
    1760     -39.1987
    1761     -37.3595
    1762     -35.5334
    1763     -34.1403
    1764     -33.4032
    1765     -33.5583
    1766     -34.5681
    1767     -36.2768
    1768     -38.4992
    1769     -41.0133
    1770     -43.7156
    1771     -46.3680
    1772     -48.7936
    1773     -50.8532
    1774     -52.3980
    1775     -53.1465
    1776     -52.8579
    1777     -51.6684
    1778     -49.8294
    1779     -47.4887
    1780     -44.9050
    1781     -42.2326
    1782     -39.6990
    1783     -37.4236
    1784     -35.6344
    1785     -34.5095
    1786     -34.1680
    1787     -34.8144
    1788     -36.3850
    1789     -38.7796
    1790     -41.8170
    1791     -45.1641
    1792     -48.6098
    1793     -51.7271
    1794     -54.1860
    1795     -55.6625
    1796     -55.8088
    1797     -54.6622
    1798     -52.1603
    1799     -48.5734
    1800     -44.3985
    1801     -40.1450
    1802     -36.0225
    1803     -32.4437
    1804     -29.5701
    1805     -27.3150
    1806     -25.7078
    1807     -24.7577
    1808     -24.6536
    1809     -25.2886
    1810     -26.6079
    1811     -28.4648
    1812     -30.7519
    1813     -33.3939
    1814     -36.1872
    1815     -38.9169
    1816     -41.1275
    1817     -42.7865
    1818     -43.6940
    1819     -43.7506
    1820     -43.0211
    1821     -41.7709
    1822     -40.3399
    1823     -38.9442
    1824     -37.7163
    1825     -36.6393
    1826     -35.5896
    1827     -34.7289
    1828     -34.1819
    1829     -34.1376
    1830     -34.6797
    1831     -35.7043
    1832     -37.1595
    1833     -39.0692
    1834     -41.2955
    1835     -43.5615
    1836     -45.4847
    1837     -46.6730
    1838     -47.0056
    1839     -46.5760
    1840     -45.4629
    1841     -43.8748
    1842     -42.0438
    1843     -40.0882
    1844     -38.1539
    1845     -36.1691
    1846     -34.0053
    1847     -31.7959
    1848     -29.9657
    1849     -28.7051
    1850     -28.0961
    1851     -27.9337
    1852     -28.2944
    1853     -29.1555
    1854     -30.6318
    1855     -32.6663
    1856     -34.9826
    1857     -37.2617
    1858     -39.1719
    1859     -40.3973
    1860     -40.7560
    1861     -40.3745
    1862     -39.5548
    1863     -38.6036
    1864     -37.6346
    1865     -36.7494
    1866     -35.9938
    1867     -35.3928
    1868     -34.7325
    1869     -33.8905
    1870     -33.1447
    1871     -32.6131
    1872     -32.2990
    1873     -32.4118
    1874     -33.1107
    1875     -34.3282
    1876     -36.0095
    1877     -37.9202
    1878     -39.9644
    1879     -41.8354
    1880     -43.3474
    1881     -44.4208
    1882     -45.0068
    1883     -45.0492
    1884     -44.6320
    1885     -43.8141
    1886     -42.5971
    1887     -41.0653
    1888     -39.2863
    1889     -37.1744
    1890     -34.8750
    1891     -32.5651
    1892     -30.3892
    1893     -28.4239
    1894     -26.9089
    1895     -25.9217
    1896     -25.6066
    1897     -26.0877
    1898     -27.2419
    1899     -28.8304
    1900     -30.3876
    1901     -31.4934
    1902     -31.9004
    1903     -31.6736
    1904     -30.9262
    1905     -29.8082
    1906     -28.4514
    1907     -27.2223
    1908     -26.3981
    1909     -26.2893
    1910     -26.6217
    1911     -27.2795
    1912     -28.1191
    1913     -29.1009
    1914     -30.1523
    1915     -31.2761
    1916     -32.6384
    1917     -34.2814
    1918     -36.2054
    1919     -38.2983
    1920     -40.4518
    1921     -42.3552
    1922     -43.7801
    1923     -44.6152
    1924     -44.7258
    1925     -44.1918
    1926     -42.9748
    1927     -41.1680
    1928     -38.9944
    1929     -36.7336
    1930     -34.5920
    1931     -32.9477
    1932     -31.8637
    1933     -31.4416
    1934     -31.6236
    1935     -32.2020
    1936     -33.0297
    1937     -34.0137
    1938     -35.1513
    1939     -36.3478
    1940     -37.5327
    1941     -38.4620
    1942     -39.0702
    1943     -39.4837
    1944     -39.4146
    1945     -38.9675
    1946     -38.3267
    1947     -37.4848
    1948     -36.4347
    1949     -35.1966
    1950     -33.5668
    1951     -31.8323
    1952     -30.1206
    1953     -28.5638
    1954     -27.4266
    1955     -26.8314
    1956     -26.7790
    1957     -27.2059
    1958     -28.1193
    1959     -29.3939
    1960     -30.9634
    1961     -32.8070
    1962     -34.6098
    1963     -35.9981
    1964     -36.5895
    1965     -36.2975
    1966     -34.9770
    1967     -32.9867
    1968     -30.4729
    1969     -27.5548
    1970     -24.3758
    1971     -21.1384
    1972     -17.9205
    1973     -14.9386
    1974     -12.2904
    1975     -10.3371
    1976      -9.3790
    1977      -9.5719
    1978     -11.0222
    1979     -13.6790
    1980     -17.3356
    1981     -21.8392
    1982     -26.7580
    1983     -31.8320
    1984     -36.4153
    1985     -39.9254
    1986     -42.0027
    1987     -42.7109
    1988     -41.9390
    1989     -39.7839
    1990     -36.5551
    1991     -32.6582
    1992     -28.3023
    1993     -24.1772
    1994     -20.6807
    1995     -18.0638
    1996     -16.6880
    1997     -16.6198
    1998     -17.6722
    1999     -19.7023
    2000     -22.7337
    2001     -26.7019
    2002     -31.3004
    2003     -36.1859
    2004     -40.8927
    2005     -44.9322
    2006     -48.1695
    2007     -50.3912
    2008     -51.5317
    2009     -51.5486
    2010     -50.5007
    2011     -48.6460
    2012     -46.2175
    2013     -43.4827
    2014     -40.6597
    2015     -38.1750
    2016     -36.3088
    2017     -35.3669
    2018     -35.5718
    2019     -36.7212
    2020     -38.6995
    2021     -41.2711
    2022     -44.2398
    2023     -47.2681
    2024     -50.2758
    2025     -52.8897
    2026     -54.8787
    2027     -56.1144
    2028     -56.6859
    2029     -56.5874
    2030     -55.8743
    2031     -54.6609
    2032     -52.9395
    2033     -50.7351
    2034     -48.2078
    2035     -45.6632
    2036     -43.2081
    2037     -41.0166
    2038     -39.1762
    2039     -37.7264
    2040     -36.7021
    2041     -36.1908
    2042     -36.1477
    2043     -36.5435
    2044     -37.2887
    2045     -38.1157
    2046     -38.8968
    2047     -39.4823
    2048     -39.7957
    2049     -39.7409
    2050     -39.1855
    2051     -38.1299
    2052     -36.5741
    2053     -34.7101
    2054     -32.7521
    2055     -30.8900
    2056     -29.3220
    2057     -28.2835
    2058     -27.8568
    2059     -28.0349
    2060     -28.8226
    2061     -30.1918
    2062     -32.0511
    2063     -34.1573
    2064     -36.1086
    2065     -37.7485
    2066     -38.7496
    2067     -38.9023
    2068     -37.9850
    2069     -36.1211
    2070     -33.7362
    2071     -31.3022
    2072     -29.1036
    2073     -27.2735
    2074     -25.8180
    2075     -24.9096
    2076     -24.4296
    2077     -24.2008
    2078     -24.1523
    2079     -24.2549
    2080     -24.4443
    2081     -24.7602
    2082     -25.1207
    2083     -25.8428
    2084     -26.9168
    2085     -28.1467
    2086     -29.4453
    2087     -30.6365
    2088     -31.4874
    2089     -31.7621
    2090     -31.5118
    2091     -30.7865
    2092     -29.7497
    2093     -28.7165
    2094     -28.1092
    2095     -28.0481
    2096     -28.4182
    2097     -29.3726
    2098     -30.7681
    2099     -32.4283
    2100     -34.1391
    2101     -35.8312
    2102     -37.5421
    2103     -39.2946
    2104     -41.1550
    2105     -43.0303
    2106     -44.7825
    2107     -46.3067
    2108     -47.6434
    2109     -48.6525
    2110     -49.2012
    2111     -49.1814
    2112     -48.6069
    2113     -47.3894
    2114     -45.5784
    2115     -43.3583
    2116     -40.8933
    2117     -38.3285
    2118     -35.8916
    2119     -33.6147
    2120     -31.8629
    2121     -30.7868
    2122     -30.4220
    2123     -30.9061
    2124     -32.1554
    2125     -34.0225
    2126     -36.4666
    2127     -39.3964
    2128     -42.5229
    2129     -45.5281
    2130     -48.1792
    2131     -50.2373
    2132     -51.6621
    2133     -52.4652
    2134     -52.7007
    2135     -52.2675
    2136     -51.2305
    2137     -49.6953
    2138     -47.6223
    2139     -45.0833
    2140     -42.3971
    2141     -39.9231
    2142     -37.8868
    2143     -36.7762
    2144     -36.8352
    2145     -38.1535
    2146     -40.6474
    2147     -43.9104
    2148     -47.5223
    2149     -51.0785
    2150     -54.2058
    2151     -56.4916
    2152     -57.7277
    2153     -57.8115
    2154     -56.8170
    2155     -54.6916
    2156     -51.7796
    2157     -48.5352
    2158     -45.4292
    2159     -42.5195
    2160     -40.0909
    2161     -38.1190
    2162     -36.6052
    2163     -35.6309
    2164     -35.2216
    2165     -35.4024
    2166     -36.1068
    2167     -37.4131
    2168     -39.4018
    2169     -41.8944
    2170     -44.7015
    2171     -47.7061
    2172     -50.5002
    2173     -52.8885
    2174     -54.7636
    2175     -55.9650
    2176     -56.4245
    2177     -56.0062
    2178     -54.8413
    2179     -53.0343
    2180     -50.8731
    2181     -48.6294
    2182     -46.6707
    2183     -45.3750
    2184     -44.8927
    2185     -45.1552
    2186     -46.0645
    2187     -47.3701
    2188     -48.6609
    2189     -50.0327
    2190     -51.3017
    2191     -52.5484
    2192     -53.7353
    2193     -54.8592
    2194     -55.9301
    2195     -56.8582
    2196     -57.4110
    2197     -57.4800
    2198     -56.8856
    2199     -55.5503
    2200     -53.6548
    2201     -51.1621
    2202     -48.1461
    2203     -44.9513
    2204     -41.9781
    2205     -39.5477
    2206     -37.9758
    2207     -37.4653
    2208     -38.0619
    2209     -39.6751
    2210     -41.9722
    2211     -44.5930
    2212     -47.1345
    2213     -49.4167
    2214     -51.3440
    2215     -52.8024
    2216     -53.7547
    2217     -54.2037
    2218     -54.1139
    2219     -53.6908
    2220     -52.9734
    2221     -52.0311
    2222     -50.8377
    2223     -49.4751
    2224     -47.9427
    2225     -46.2488
    2226     -44.6063
    2227     -43.2673
    2228     -42.5414
    2229     -42.4462
    2230     -42.8574
    2231     -43.9353
    2232     -45.3462
    2233     -46.7104
    2234     -47.8255
    2235     -48.6630
    2236     -49.2362
    2237     -49.3732
    2238     -49.1943
    2239     -48.8113
    2240     -48.2788
    2241     -47.6213
    2242     -46.9143
    2243     -46.2023
    2244     -45.5605
    2245     -45.1716
    2246     -44.9910
    2247     -44.9489
    2248     -44.9560
    2249     -44.9957
    2250     -44.9704
    2251     -44.9754
    2252     -44.7887
    2253     -44.4884
    2254     -44.2077
    2255     -44.0844
    2256     -44.2924
    2257     -45.0949
    2258     -46.4617
    2259     -48.2657
    2260     -50.2444
    2261     -52.0808
    2262     -53.2911
    2263     -53.6547
    2264     -52.9667
    2265     -51.1535
    2266     -48.3497
    2267     -44.6220
    2268     -40.2622
    2269     -35.8763
    2270     -32.1296
    2271     -29.5667
    2272     -28.4257
    2273     -28.4662
    2274     -29.5456
    2275     -31.2617
    2276     -33.3227
    2277     -35.3456
    2278     -37.4165
    2279     -39.5348
    2280     -41.5837
    2281     -43.4713
    2282     -45.2349
    2283     -46.7165
    2284     -47.8420
    2285     -48.5018
    2286     -48.6804
    2287     -48.4792
    2288     -47.8384
    2289     -47.0215
    2290     -46.1776
    2291     -45.6155
    2292     -45.6229
    2293     -46.1665
    2294     -47.1349
    2295     -48.2864
    2296     -49.4832
    2297     -50.5701
    2298     -51.4169
    2299     -51.6761
    2300     -51.2962
    2301     -50.2029
    2302     -48.4170
    2303     -46.1560
    2304     -43.5834
    2305     -40.8244
    2306     -38.2617
    2307     -35.9575
    2308     -34.1285
    2309     -32.9020
    2310     -32.4027
    2311     -32.5829
    2312     -33.2816
    2313     -34.5583
    2314     -36.1301
    2315     -37.6430
    2316     -39.0072
    2317     -40.3132
    2318     -41.4534
    2319     -42.2731
    2320     -42.6841
    2321     -42.7408
    2322     -42.5946
    2323     -42.1715
    2324     -41.4694
    2325     -40.6231
    2326     -39.6601
    2327     -38.6031
    2328     -37.5410
    2329     -36.6000
    2330     -35.8574
    2331     -35.3860
    2332     -35.4312
    2333     -35.9128
    2334     -36.6168
    2335     -37.4253
    2336     -38.3502
    2337     -39.2091
    2338     -39.9376
    2339     -40.5097
    2340     -40.8448
    2341     -40.9853
    2342     -40.9340
    2343     -40.6160
    2344     -39.9652
    2345     -38.7413
    2346     -36.8063
    2347     -34.2647
    2348     -31.4374
    2349     -28.7527
    2350     -26.3456
    2351     -24.4039
    2352     -23.0448
    2353     -22.3912
    2354     -22.6878
    2355     -24.0638
    2356     -26.3460
    2357     -29.4924
    2358     -33.1924
    2359     -37.0793
    2360     -40.7063
    2361     -43.5854
    2362     -45.1687
    2363     -45.3776
    2364     -44.2886
    2365     -41.9513
    2366     -38.9028
    2367     -35.7495
    2368     -33.0003
    2369     -31.0216
    2370     -29.9679
    2371     -30.0781
    2372     -31.3372
    2373     -33.4735
    2374     -36.3097
    2375     -39.5409
    2376     -42.6722
    2377     -45.4907
    2378     -47.8714
    2379     -49.7699
    2380     -51.1866
    2381     -52.1582
    2382     -52.5709
    2383     -52.4297
    2384     -51.6968
    2385     -50.3831
    2386     -48.2871
    2387     -45.7271
    2388     -42.8097
    2389     -39.7940
    2390     -37.0352
    2391     -34.7859
    2392     -33.3701
    2393     -32.9203
    2394     -33.4018
    2395     -34.6890
    2396     -36.5521
    2397     -38.5667
    2398     -40.2927
    2399     -41.4143
    2400     -41.9339
    2401     -41.8109
    2402     -40.9863
    2403     -39.6877
    2404     -38.0484
    2405     -36.4081
    2406     -34.9312
    2407     -33.8403
    2408     -33.3063
    2409     -33.3021
    2410     -33.6427
    2411     -33.9389
    2412     -34.1013
    2413     -34.0594
    2414     -33.6491
    2415     -32.8523
    2416     -31.7903
    2417     -30.6984
    2418     -29.6982
    2419     -28.9692
    2420     -28.4489
    2421     -28.1848
    2422     -28.2473
    2423     -28.5894
    2424     -29.1035
    2425     -29.8522
    2426     -30.5902
    2427     -31.2089
    2428     -31.6710
    2429     -32.0603
    2430     -32.4738
    2431     -32.8378
    2432     -33.1515
    2433     -33.5658
    2434     -34.0746
    2435     -34.7686
    2436     -35.6662
    2437     -36.7608
    2438     -37.9141
    2439     -38.8110
    2440     -39.3636
    2441     -39.4529
    2442     -39.0870
    2443     -38.3234
    2444     -37.4098
    2445     -36.3206
    2446     -35.0352
    2447     -33.7085
    2448     -32.3765
    2449     -31.0367
    2450     -29.6909
    2451     -28.1253
    2452     -26.5772
    2453     -25.0833
    2454     -23.8336
    2455     -22.8869
    2456     -22.4432
    2457     -22.4592
    2458     -23.0237
    2459     -23.9973
    2460     -25.1772
    2461     -26.3399
    2462     -27.0373
    2463     -27.0862
    2464     -26.3950
    2465     -25.1246
    2466     -23.5550
    2467     -22.1804
    2468     -21.2111
    2469     -21.0719
    2470     -21.9103
    2471     -23.4867
    2472     -25.6015
    2473     -27.8506
    2474     -30.0963
    2475     -32.1932
    2476     -33.9209
    2477     -35.2823
    2478     -36.4517
    2479     -37.4514
    2480     -38.4691
    2481     -39.5327
    2482     -40.6432
    2483     -41.6506
    2484     -42.5700
    2485     -43.4105
    2486     -44.0142
    2487     -44.3207
    2488     -44.3253
    2489     -44.0379
    2490     -43.3878
    2491     -42.3551
    2492     -41.0235
    2493     -39.4145
    2494     -37.7003
    2495     -36.0029
    2496     -34.5219
    2497     -33.3499
    2498     -32.4301
    2499     -31.7873
    2500     -31.4272
    2501     -31.1904
    2502     -31.1101
    2503     -31.1587
    2504     -31.3071
    2505     -31.7398
    2506     -32.5933
    2507     -33.8140
    2508     -35.1065
    2509     -36.4206
    2510     -37.5288
    2511     -38.1963
    2512     -38.2221
    2513     -37.5113
    2514     -35.9383
    2515     -33.8412
    2516     -31.3751
    2517     -28.9031
    2518     -26.8152
    2519     -25.3372
    2520     -24.6823
    2521     -25.0543
    2522     -26.2124
    2523     -28.1942
    2524     -30.5315
    2525     -32.7466
    2526     -34.7680
    2527     -36.6612
    2528     -37.9793
    2529     -38.6855
    2530     -39.0024
    2531     -39.1810
    2532     -39.3464
    2533     -39.5838
    2534     -39.8459
    2535     -40.0597
    2536     -40.1049
    2537     -39.8571
    2538     -39.3096
    2539     -38.5500
    2540     -37.5909
    2541     -36.5831
    2542     -35.6421
    2543     -34.9154
    2544     -34.6924
    2545     -35.1313
    2546     -36.3457
    2547     -38.2179
    2548     -40.3398
    2549     -42.3024
    2550     -43.8445
    2551     -44.8504
    2552     -45.3187
    2553     -45.2620
    2554     -44.8803
    2555     -44.2640
    2556     -43.4401
    2557     -42.6187
    2558     -42.0821
    2559     -41.8281
    2560     -41.7913
    2561     -41.8347
    2562     -41.8968
    2563     -41.9765
    2564     -42.1612
    2565     -42.4697
    2566     -43.1161
    2567     -44.0898
    2568     -45.5420
    2569     -47.4494
    2570     -49.6538
    2571     -51.6372
    2572     -53.1861
    2573     -54.0598
    2574     -54.0974
    2575     -53.4878
    2576     -52.3461
    2577     -50.8258
    2578     -49.1330
    2579     -47.7916
    2580     -47.0461
    2581     -47.0886
    2582     -47.8821
    2583     -49.1798
    2584     -50.5394
    2585     -51.7999
    2586     -52.7197
    2587     -53.1416
    2588     -53.0564
    2589     -52.6156
    2590     -51.9527
    2591     -51.2004
    2592     -50.5023
    2593     -49.8846
    2594     -49.3604
    2595     -48.8825
    2596     -48.3888
    2597     -47.8629
    2598     -47.2136
    2599     -46.3471
    2600     -45.3592
    2601     -44.4985
    2602     -43.9739
    2603     -43.9243
    2604     -44.2126
    2605     -44.6151
    2606     -45.0214
    2607     -45.2366
    2608     -44.9855
    2609     -44.0531
    2610     -42.6382
    2611     -40.9949
    2612     -39.2114
    2613     -37.5257
    2614     -36.2067
    2615     -35.5137
    2616     -35.6271
    2617     -36.6735
    2618     -38.6064
    2619     -41.2878
    2620     -44.3764
    2621     -47.4661
    2622     -50.2805
    2623     -52.5045
    2624     -54.0150
    2625     -54.8439
    2626     -54.9642
    2627     -54.3844
    2628     -53.1720
    2629     -51.2720
    2630     -48.9695
    2631     -46.5677
    2632     -44.4184
    2633     -42.7077
    2634     -41.5799
    2635     -41.1089
    2636     -41.2774
    2637     -42.0805
    2638     -43.3421
    2639     -45.0019
    2640     -47.0449
    2641     -49.3753
    2642     -51.6390
    2643     -53.7297
    2644     -55.3986
    2645     -56.5503
    2646     -57.1351
    2647     -57.2085
    2648     -56.7803
    2649     -55.8952
    2650     -54.6521
    2651     -53.2014
    2652     -51.7011
    2653     -50.3108
    2654     -49.2172
    2655     -48.6489
    2656     -48.7268
    2657     -49.3855
    2658     -50.5187
    2659     -51.9895
    2660     -53.6118
    2661     -55.3147
    2662     -56.9974
    2663     -58.4931
    2664     -59.7489
    2665     -60.7488
    2666     -61.5248
    2667     -62.1771
    2668     -62.7487
    2669     -63.1359
    2670     -63.5026
    2671     -63.8564
    2672     -64.1658
    2673     -64.2303
    2674     -63.9431
    2675     -63.2741
    2676     -62.2759
    2677     -61.0156
    2678     -59.5970
    2679     -58.3309
    2680     -57.3726
    2681     -56.8246
    2682     -56.8347
    2683     -57.3688
    2684     -58.3915
    2685     -59.5364
    2686     -60.6523
    2687     -61.4614
    2688     -61.8813
    2689     -61.9022
    2690     -61.5745
    2691     -60.8878
    2692     -59.9711
    2693     -58.9239
    2694     -57.6397
    2695     -56.1667
    2696     -54.5709
    2697     -52.9562
    2698     -51.2825
    2699     -49.5098
    2700     -47.6904
    2701     -45.8710
    2702     -44.1549
    2703     -42.8216
    2704     -41.9224
    2705     -41.6360
    2706     -41.9936
    2707     -42.9235
    2708     -44.2438
    2709     -45.8323
    2710     -47.4096
    2711     -48.7209
    2712     -49.7340
    2713     -50.3392
    2714     -50.5070
    2715     -50.1680
    2716     -49.4468
    2717     -48.5493
    2718     -47.4762
    2719     -46.3701
    2720     -45.1139
    2721     -43.8895
    2722     -42.7711
    2723     -41.7333
    2724     -40.8186
    2725     -39.9694
    2726     -39.1468
    2727     -38.3032
    2728     -37.5407
    2729     -36.8194
    2730     -36.2317
    2731     -35.7787
    2732     -35.7214
    2733     -35.9804
    2734     -36.5538
    2735     -37.3230
    2736     -38.0920
    2737     -38.7358
    2738     -39.1898
    2739     -39.5858
    2740     -39.8993
    2741     -40.1156
    2742     -40.2547
    2743     -40.3919
    2744     -40.6227
    2745     -40.8697
    2746     -41.0735
    2747     -41.2834
    2748     -41.4331
    2749     -41.4119
    2750     -41.1529
    2751     -40.6852
    2752     -39.9724
    2753     -39.2103
    2754     -38.5617
    2755     -38.0769
    2756     -37.8218
    2757     -37.8528
    2758     -38.1476
    2759     -38.3987
    2760     -38.7008
    2761     -38.9941
    2762     -39.2177
    2763     -39.3812
    2764     -39.4949
    2765     -39.5676
    2766     -39.7647
    2767     -40.1914
    2768     -40.9373
    2769     -42.0304
    2770     -43.2929
    2771     -44.3828
    2772     -44.9742
    2773     -45.1823
    2774     -44.9876
    2775     -44.4333
    2776     -43.6322
    2777     -42.7935
    2778     -42.0560
    2779     -41.4201
    2780     -40.9278
    2781     -40.7322
    2782     -40.8083
    2783     -41.0299
    2784     -41.2992
    2785     -41.5749
    2786     -41.9347
    2787     -42.3972
    2788     -42.9246
    2789     -43.5255
    2790     -44.0538
    2791     -44.5553
    2792     -45.0218
    2793     -45.5424
    2794     -46.0668
    2795     -46.5751
    2796     -46.8364
    2797     -46.8414
    2798     -46.4744
    2799     -45.7578
    2800     -44.7398
    2801     -43.4297
    2802     -41.7907
    2803     -39.8865
    2804     -37.8480
    2805     -35.8409
    2806     -34.0757
    2807     -32.7269
    2808     -32.0684
    2809     -32.2610
    2810     -33.1630
    2811     -34.6884
    2812     -36.6383
    2813     -38.8475
    2814     -41.1037
    2815     -43.3787
    2816     -45.5288
    2817     -47.5058
    2818     -49.1119
    2819     -49.9430
    2820     -49.9886
    2821     -49.1426
    2822     -47.2801
    2823     -44.5895
    2824     -41.2355
    2825     -37.5131
    2826     -33.6275
    2827     -29.8360
    2828     -26.4585
    2829     -23.8991
    2830     -22.5881
    2831     -22.7164
    2832     -24.4010
    2833     -27.4523
    2834     -31.5340
    2835     -36.0059
    2836     -40.2699
    2837     -44.0278
    2838     -46.9509
    2839     -49.0594
    2840     -50.2293
    2841     -50.5261
    2842     -50.0773
    2843     -48.8834
    2844     -46.9875
    2845     -44.6191
    2846     -41.8974
    2847     -38.8187
    2848     -35.6800
    2849     -32.8630
    2850     -30.6939
    2851     -29.1923
    2852     -28.4484
    2853     -28.4935
    2854     -29.3816
    2855     -30.9481
    2856     -32.9821
    2857     -35.3360
    2858     -37.8061
    2859     -40.2071
    2860     -42.3513
    2861     -44.1293
    2862     -45.4119
    2863     -46.0500
    2864     -46.0396
    2865     -45.3469
    2866     -44.0519
    2867     -42.1265
    2868     -39.7856
    2869     -37.0796
    2870     -34.2908
    2871     -31.6843
    2872     -29.2190
    2873     -26.9715
    2874     -25.2540
    2875     -24.3561
    2876     -24.4330
    2877     -25.4818
    2878     -27.4687
    2879     -30.3286
    2880     -33.5090
    2881     -36.4979
    2882     -39.0982
    2883     -41.1028
    2884     -42.1980
    2885     -42.2541
    2886     -41.4373
    2887     -39.7871
    2888     -37.4593
    2889     -34.8954
    2890     -32.4094
    2891     -30.2999
    2892     -28.7843
    2893     -27.7804
    2894     -27.0286
    2895     -26.4815
    2896     -26.0098
    2897     -25.6457
    2898     -25.4778
    2899     -25.7498
    2900     -26.6076
    2901     -27.9354
    2902     -29.5957
    2903     -31.5152
    2904     -33.2950
    2905     -34.6267
    2906     -35.4144
    2907     -35.5891
    2908     -35.1689
    2909     -34.3112
    2910     -33.1617
    2911     -32.0124
    2912     -31.1695
    2913     -30.7562
    2914     -30.9549
    2915     -31.6336
    2916     -32.5430
    2917     -33.4129
    2918     -34.1802
    2919     -34.7172
    2920     -35.0423
    2921     -35.2514
    2922     -35.2751
    2923     -35.1995
    2924     -35.0084
    2925     -35.0119
    2926     -35.1611
    2927     -35.3987
    2928     -35.5781
    2929     -35.7240
    2930     -35.9380
    2931     -36.3605
    2932     -36.9432
    2933     -37.7266
    2934     -38.4548
    2935     -39.1146
    2936     -39.5504
    2937     -39.6560
    2938     -39.5774
    2939     -39.4159
    2940     -39.2104
    2941     -39.0762
    2942     -38.9999
    2943     -38.9399
    2944     -38.8611
    2945     -38.8124
    2946     -38.7067
    2947     -38.1784
    2948     -37.2420
    2949     -36.1059
    2950     -34.8809
    2951     -33.8230
    2952     -33.2193
    2953     -33.1875
    2954     -33.6578
    2955     -34.4161
    2956     -35.0965
    2957     -35.5871
    2958     -35.8101
    2959     -35.7593
    2960     -35.4860
    2961     -35.0719
    2962     -34.6386
    2963     -34.4086
    2964     -34.2164
    2965     -34.1183
    2966     -34.3750
    2967     -34.8917
    2968     -35.3331
    2969     -35.6432
    2970     -35.7523
    2971     -35.6756
    2972     -35.6740
    2973     -35.9533
    2974     -36.5234
    2975     -37.5175
    2976     -38.8565
    2977     -40.2162
    2978     -41.3243
    2979     -42.1933
    2980     -42.9463
    2981     -43.6202
    2982     -44.2160
    2983     -44.5314
    2984     -44.2983
    2985     -43.4680
    2986     -42.2785
    2987     -40.9678
    2988     -39.8476
    2989     -39.1107
    2990     -38.7494
    2991     -38.6702
    2992     -38.9553
    2993     -39.3938
    2994     -39.9590
    2995     -40.7185
    2996     -41.5837
    2997     -42.4108
    2998     -43.0847
    2999     -43.7591
    3000     -44.3232
    3001     -44.8073
    3002     -45.1247
    3003     -45.2600
    3004     -45.2427
    3005     -45.1494
    3006     -45.0374
    3007     -44.6031
    3008     -43.7907
    3009     -42.5700
    3010     -40.8498
    3011     -38.8915
    3012     -37.0313
    3013     -35.2960
    3014     -33.7890
    3015     -32.3649
    3016     -31.1275
    3017     -30.0112
    3018     -29.3337
    3019     -29.2205
    3020     -29.9371
    3021     -31.5254
    3022     -33.9807
    3023     -36.8077
    3024     -39.4917
    3025     -41.6807
    3026     -43.2243
    3027     -44.1164
    3028     -44.2442
    3029     -43.6682
    3030     -42.4221
    3031     -40.4861
    3032     -38.0286
    3033     -35.4883
    3034     -33.0204
    3035     -30.9588
    3036     -29.4222
    3037     -28.4734
    3038     -28.0855
    3039     -28.1329
    3040     -28.6791
    3041     -29.7144
    3042     -31.3274
    3043     -33.5578
    3044     -36.2238
    3045     -39.1566
    3046     -42.0783
    3047     -44.4831
    3048     -46.1619
    3049     -46.9565
    3050     -46.8349
    3051     -45.7625
    3052     -43.6678
    3053     -40.7450
    3054     -37.2098
    3055     -33.3739
    3056     -29.6831
    3057     -26.7250
    3058     -24.9642
    3059     -24.3068
    3060     -24.6041
    3061     -25.5552
    3062     -26.9520
    3063     -28.7073
    3064     -30.7782
    3065     -33.0040
    3066     -35.2028
    3067     -37.1876
    3068     -38.8362
    3069     -39.8955
    3070     -40.1404
    3071     -39.6218
    3072     -38.4354
    3073     -36.6999
    3074     -34.8320
    3075     -33.0709
    3076     -31.7295
    3077     -31.0379
    3078     -30.9650
    3079     -31.4543
    3080     -32.6321
    3081     -34.3662
    3082     -36.4001
    3083     -38.5960
    3084     -40.8253
    3085     -42.8516
    3086     -44.6477
    3087     -46.1301
    3088     -47.3068
    3089     -48.1118
    3090     -48.5527
    3091     -48.5618
    3092     -48.1650
    3093     -47.4366
    3094     -46.2065
    3095     -44.6619
    3096     -42.7936
    3097     -41.0412
    3098     -39.6996
    3099     -38.8853
    3100     -38.7819
    3101     -39.5317
    3102     -41.1246
    3103     -43.4179
    3104     -46.2802
    3105     -49.4670
    3106     -52.6309
    3107     -55.5546
    3108     -57.7503
    3109     -59.0735
    3110     -59.3283
    3111     -58.7154
    3112     -57.2100
    3113     -54.8999
    3114     -51.9623
    3115     -48.7194
    3116     -45.4651
    3117     -42.3665
    3118     -39.6156
    3119     -37.5064
    3120     -36.2580
    3121     -35.8300
    3122     -36.2622
    3123     -37.5028
    3124     -39.4337
    3125     -41.8069
    3126     -44.3861
    3127     -46.8625
    3128     -49.0085
    3129     -50.6699
    3130     -51.8013
    3131     -52.1309
    3132     -51.6248
    3133     -50.4232
    3134     -48.7440
    3135     -46.5900
    3136     -44.2225
    3137     -41.7555
    3138     -39.3063
    3139     -37.3359
    3140     -35.9255
    3141     -35.3611
    3142     -35.7746
    3143     -37.1960
    3144     -39.5919
    3145     -42.7455
    3146     -46.3195
    3147     -50.0509
    3148     -53.5460
    3149     -56.5490
    3150     -58.7859
    3151     -60.1448
    3152     -60.5583
    3153     -60.0798
    3154     -58.6256
    3155     -56.1664
    3156     -52.9319
    3157     -49.0654
    3158     -44.7901
    3159     -40.4274
    3160     -36.3059
    3161     -32.7868
    3162     -30.3430
    3163     -29.2501
    3164     -29.5796
    3165     -31.1139
    3166     -33.6494
    3167     -36.8153
    3168     -40.1648
    3169     -43.3071
    3170     -45.9890
    3171     -48.1688
    3172     -49.9458
    3173     -51.2468
    3174     -52.0250
    3175     -52.3144
    3176     -51.9376
    3177     -50.9093
    3178     -49.3801
    3179     -47.5320
    3180     -45.6057
    3181     -43.6870
    3182     -41.7412
    3183     -40.0056
    3184     -38.8254
    3185     -38.2728
    3186     -38.1886
    3187     -38.6575
    3188     -39.5468
    3189     -40.7902
    3190     -41.9710
    3191     -42.9503
    3192     -43.6393
    3193     -43.8873
    3194     -43.6891
    3195     -43.0310
    3196     -41.8708
    3197     -40.2493
    3198     -38.1206
    3199     -35.8640
    3200     -33.5532
    3201     -31.4244
    3202     -29.7646
    3203     -28.7006
    3204     -28.3338
    3205     -28.5777
    3206     -29.2346
    3207     -30.1031
    3208     -30.9557
    3209     -31.6624
    3210     -32.2578
    3211     -32.8540
    3212     -33.5196
    3213     -34.3866
    3214     -35.4399
    3215     -36.7410
    3216     -37.9875
    3217     -38.9476
    3218     -39.4019
    3219     -39.2709
    3220     -38.5504
    3221     -37.3096
    3222     -35.6461
    3223     -33.9420
    3224     -32.7679
    3225     -32.2645
    3226     -32.5301
    3227     -33.1627
    3228     -33.9735
    3229     -34.8491
    3230     -35.6021
    3231     -36.2112
    3232     -36.7762
    3233     -37.4933
    3234     -38.4558
    3235     -39.6982
    3236     -41.1943
    3237     -42.8288
    3238     -44.4464
    3239     -45.9955
    3240     -47.1944
    3241     -47.8603
    3242     -47.8626
    3243     -47.2253
    3244     -46.2492
    3245     -45.0658
    3246     -43.8100
    3247     -42.4568
    3248     -41.2161
    3249     -40.2246
    3250     -39.4722
    3251     -38.9017
    3252     -38.6764
    3253     -38.5978
    3254     -38.7785
    3255     -39.2391
    3256     -40.0073
    3257     -40.9278
    3258     -41.9641
    3259     -43.0319
    3260     -43.9311
    3261     -44.4735
    3262     -44.6810
    3263     -44.3983
    3264     -43.7806
    3265     -42.9764
    3266     -41.9630
    3267     -40.8659
    3268     -39.5982
    3269     -38.2401
    3270     -36.9616
    3271     -35.7867
    3272     -34.8447
    3273     -34.2432
    3274     -34.0724
    3275     -34.4300
    3276     -35.4018
    3277     -36.9418
    3278     -38.7497
    3279     -40.6190
    3280     -42.2542
    3281     -43.5050
    3282     -44.2063
    3283     -44.2713
    3284     -43.9036
    3285     -43.2707
    3286     -42.3977
    3287     -41.5512
    3288     -40.8563
    3289     -40.3324
    3290     -39.9141
    3291     -39.6258
    3292     -39.3671
    3293     -39.1992
    3294     -39.1142
    3295     -39.1187
    3296     -39.3577
    3297     -39.7964
    3298     -40.3068
    3299     -40.7155
    3300     -40.8842
    3301     -40.6464
    3302     -40.0570
    3303     -39.2064
    3304     -37.9450
    3305     -36.3743
    3306     -34.6302
    3307     -32.7447
    3308     -31.0375
    3309     -29.7502
    3310     -29.0078
    3311     -28.9330
    3312     -29.4756
    3313     -30.7277
    3314     -32.3910
    3315     -34.1296
    3316     -35.7130
    3317     -37.1150
    3318     -38.2548
    3319     -39.3170
    3320     -40.1835
    3321     -40.8137
    3322     -41.2923
    3323     -41.5875
    3324     -41.7271
    3325     -41.5793
    3326     -41.0686
    3327     -40.2478
    3328     -39.3199
    3329     -38.4944
    3330     -37.8952
    3331     -37.5910
    3332     -37.6153
    3333     -37.7873
    3334     -38.2644
    3335     -38.9186
    3336     -39.4976
    3337     -40.1729
    3338     -40.7758
    3339     -41.3244
    3340     -41.8015
    3341     -42.3238
    3342     -42.9019
    3343     -43.4459
    3344     -43.6111
    3345     -43.3907
    3346     -42.8614
    3347     -42.0467
    3348     -41.1323
    3349     -40.1778
    3350     -39.2147
    3351     -38.3398
    3352     -37.6380
    3353     -37.1815
    3354     -37.1583
    3355     -37.5893
    3356     -38.5031
    3357     -39.8891
    3358     -41.6641
    3359     -43.7676
    3360     -46.2126
    3361     -48.7437
    3362     -51.3650
    3363     -53.8372
    3364     -55.9350
    3365     -57.2377
    3366     -57.6981
    3367     -57.2255
    3368     -55.7572
    3369     -53.5403
    3370     -51.0010
    3371     -48.3358
    3372     -46.0055
    3373     -44.2243
    3374     -43.1579
    3375     -42.8083
    3376     -43.1034
    3377     -44.1540
    3378     -45.8844
    3379     -48.0812
    3380     -50.4407
    3381     -52.7218
    3382     -54.8675
    3383     -56.4666
    3384     -57.3226
    3385     -57.5594
    3386     -57.2549
    3387     -56.3405
    3388     -54.8391
    3389     -52.7937
    3390     -50.1822
    3391     -47.1377
    3392     -44.0693
    3393     -41.2386
    3394     -38.7737
    3395     -36.7273
    3396     -35.2221
    3397     -34.2537
    3398     -33.6687
    3399     -33.2625
    3400     -32.9708
    3401     -32.8285
    3402     -32.9036
    3403     -33.0701
    3404     -33.3158
    3405     -33.6040
    3406     -33.8076
    3407     -33.8910
    3408     -33.6688
    3409     -33.3839
    3410     -33.1244
    3411     -32.9401
    3412     -32.8830
    3413     -33.1370
    3414     -33.7714
    3415     -34.6527
    3416     -35.7671
    3417     -36.8189
    3418     -37.7911
    3419     -38.6612
    3420     -39.2698
    3421     -39.5991
    3422     -39.6864
    3423     -39.5652
    3424     -39.4377
    3425     -39.4032
    3426     -39.4687
    3427     -39.5863
    3428     -39.6396
    3429     -39.6824
    3430     -39.5443
    3431     -39.2739
    3432     -38.8810
    3433     -38.4854
    3434     -38.1498
    3435     -37.8227
    3436     -37.5909
    3437     -37.5349
    3438     -37.5223
    3439     -37.7394
    3440     -38.2550
    3441     -38.8750
    3442     -39.5643
    3443     -40.2747
    3444     -40.9800
    3445     -41.5911
    3446     -42.0379
    3447     -42.3965
    3448     -42.7353
    3449     -42.9637
    3450     -43.0893
    3451     -43.1215
    3452     -43.1674
    3453     -43.3684
    3454     -43.6328
    3455     -44.0675
    3456     -44.6966
    3457     -45.4884
    3458     -46.4673
    3459     -47.6523
    3460     -48.8644
    3461     -50.0793
    3462     -51.1874
    3463     -52.2693
    3464     -53.2534
    3465     -54.1577
    3466     -54.8992
    3467     -55.2712
    3468     -55.2963
    3469     -55.0247
    3470     -54.2983
    3471     -53.2074
    3472     -51.8548
    3473     -50.4842
    3474     -49.4204
    3475     -48.8436
    3476     -48.8793
    3477     -49.4062
    3478     -50.2874
    3479     -51.3552
    3480     -52.4862
    3481     -53.4812
    3482     -54.2761
    3483     -54.8897
    3484     -55.2318
    3485     -55.2437
    3486     -54.8196
    3487     -54.1841
    3488     -53.5163
    3489     -52.7570
    3490     -51.9071
    3491     -50.9271
    3492     -49.6217
    3493     -47.9647
    3494     -45.9213
    3495     -43.7143
    3496     -41.5812
    3497     -39.6572
    3498     -38.0542
    3499     -36.9480
    3500     -36.2226
    3501     -35.9373
    3502     -35.9314
    3503     -36.3464
    3504     -37.0038
    3505     -37.6687
    3506     -38.2775
    3507     -39.0686
    3508     -39.8312
    3509     -40.6981
    3510     -41.7275
    3511     -42.7827
    3512     -43.5443
    3513     -43.9526
    3514     -43.8999
    3515     -43.4672
    3516     -42.7714
    3517     -41.8525
    3518     -40.7821
    3519     -39.7427
    3520     -38.9398
    3521     -38.4756
    3522     -38.6623
    3523     -39.5598
    3524     -41.1805
    3525     -43.2865
    3526     -45.4426
    3527     -47.3371
    3528     -48.9238
    3529     -49.9180
    3530     -50.1320
    3531     -49.6102
    3532     -48.2034
    3533     -45.9227
    3534     -42.8973
    3535     -39.3870
    3536     -36.0305
    3537     -33.4663
    3538     -32.1103
    3539     -32.0394
    3540     -32.9554
    3541     -34.5017
    3542     -36.4257
    3543     -38.4937
    3544     -40.3841
    3545     -42.0120
    3546     -43.3882
    3547     -44.5320
    3548     -45.2622
    3549     -45.6138
    3550     -45.6808
    3551     -45.4592
    3552     -44.8714
    3553     -44.0000
    3554     -42.9579
    3555     -41.8243
    3556     -40.5500
    3557     -39.3477
    3558     -38.3939
    3559     -37.8858
    3560     -38.1010
    3561     -38.9404
    3562     -40.2737
    3563     -41.9880
    3564     -43.7124
    3565     -45.1015
    3566     -46.0394
    3567     -46.4118
    3568     -46.2171
    3569     -45.5862
    3570     -44.8901
    3571     -44.4576
    3572     -44.6323
    3573     -45.3376
    3574     -46.4747
    3575     -47.7310
    3576     -48.8791
    3577     -49.6874
    3578     -50.1254
    3579     -50.1050
    3580     -49.5321
    3581     -48.5540
    3582     -47.3145
    3583     -45.9435
    3584     -44.4761
    3585     -42.8583
    3586     -41.1151
    3587     -39.2566
    3588     -37.3092
    3589     -35.5421
    3590     -34.1872
    3591     -33.4356
    3592     -33.2910
    3593     -33.7228
    3594     -34.4416
    3595     -35.2421
    3596     -35.8790
    3597     -36.2251
    3598     -36.1693
    3599     -35.8604
    3600     -35.3116
    3601     -34.6784
    3602     -34.0574
    3603     -33.5044
    3604     -33.1023
    3605     -32.9322
    3606     -32.9183
    3607     -32.9286
    3608     -32.8022
    3609     -32.6876
    3610     -32.7666
    3611     -33.0303
    3612     -33.4405
    3613     -33.8802
    3614     -34.4800
    3615     -35.0018
    3616     -35.2193
    3617     -34.9942
    3618     -34.4477
    3619     -33.6218
    3620     -32.5332
    3621     -31.5062
    3622     -30.7387
    3623     -30.1896
    3624     -30.0099
    3625     -30.3541
    3626     -31.1680
    3627     -32.2331
    3628     -33.3147
    3629     -34.3205
    3630     -35.0748
    3631     -35.6276
    3632     -35.7967
    3633     -35.6543
    3634     -35.1726
    3635     -34.4888
    3636     -33.6507
    3637     -32.5220
    3638     -31.1440
    3639     -29.6060
    3640     -28.2037
    3641     -27.1351
    3642     -26.6575
    3643     -26.6299
    3644     -26.9704
    3645     -27.4300
    3646     -27.7857
    3647     -27.9530
    3648     -27.7878
    3649     -27.3617
    3650     -26.9957
    3651     -26.9041
    3652     -27.1653
    3653     -27.7527
    3654     -28.6492
    3655     -29.6983
    3656     -30.5924
    3657     -31.2556
    3658     -31.6282
    3659     -31.6526
    3660     -31.2704
    3661     -30.5900
    3662     -29.8272
    3663     -29.1789
    3664     -28.8363
    3665     -28.9096
    3666     -29.4965
    3667     -30.5212
    3668     -31.7422
    3669     -32.8460
    3670     -33.6525
    3671     -34.3322
    3672     -34.9037
    3673     -35.2970
    3674     -35.6883
    3675     -35.8871
    3676     -35.8865
    3677     -35.7339
    3678     -35.3259
    3679     -34.5321
    3680     -33.3393
    3681     -31.7178
    3682     -29.8483
    3683     -28.1104
    3684     -26.7185
    3685     -25.8182
    3686     -25.5791
    3687     -26.0657
    3688     -27.1392
    3689     -28.4810
    3690     -29.9248
    3691     -31.4043
    3692     -32.5522
    3693     -33.4119
    3694     -34.0210
    3695     -34.7127
    3696     -35.4887
    3697     -36.3372
    3698     -37.1470
    3699     -37.7076
    3700     -37.9522
    3701     -37.9129
    3702     -37.6375
    3703     -37.1931
    3704     -36.7567
    3705     -36.3366
    3706     -36.0417
    3707     -35.7407
    3708     -35.2536
    3709     -34.6949
    3710     -33.9740
    3711     -33.1144
    3712     -32.1349
    3713     -31.2646
    3714     -30.7291
    3715     -30.5992
    3716     -30.9030
    3717     -31.6787
    3718     -32.8574
    3719     -34.2310
    3720     -35.4287
    3721     -36.1978
    3722     -36.4769
    3723     -36.3351
    3724     -35.9070
    3725     -35.4138
    3726     -35.0971
    3727     -34.8921
    3728     -34.8551
    3729     -34.8355
    3730     -34.7996
    3731     -34.6482
    3732     -34.2778
    3733     -33.6376
    3734     -32.9273
    3735     -32.4643
    3736     -32.3179
    3737     -32.4629
    3738     -33.0189
    3739     -33.7513
    3740     -34.5861
    3741     -35.3715
    3742     -35.9178
    3743     -36.1771
    3744     -36.1513
    3745     -36.1272
    3746     -36.3022
    3747     -36.7908
    3748     -37.5272
    3749     -38.3641
    3750     -39.2056
    3751     -39.8695
    3752     -40.2371
    3753     -40.3592
    3754     -40.1835
    3755     -39.7678
    3756     -39.1909
    3757     -38.6108
    3758     -38.0057
    3759     -37.3400
    3760     -36.6622
    3761     -35.9485
    3762     -35.2724
    3763     -34.6969
    3764     -34.2878
    3765     -34.2815
    3766     -34.7170
    3767     -35.8067
    3768     -37.4830
    3769     -39.6238
    3770     -41.9904
    3771     -44.2909
    3772     -46.4186
    3773     -48.1624
    3774     -49.4348
    3775     -50.2184
    3776     -50.5488
    3777     -50.6482
    3778     -50.5888
    3779     -50.5532
    3780     -50.4911
    3781     -50.4488
    3782     -50.3614
    3783     -50.1751
    3784     -49.8098
    3785     -49.3461
    3786     -48.7582
    3787     -48.0697
    3788     -47.3585
    3789     -46.6676
    3790     -45.9210
    3791     -45.1457
    3792     -44.3964
    3793     -43.6116
    3794     -42.7401
    3795     -41.7127
    3796     -40.7566
    3797     -39.9998
    3798     -39.4963
    3799     -39.3323
    3800     -39.3731
    3801     -39.6802
    3802     -40.1497
    3803     -40.6375
    3804     -41.1453
    3805     -41.6034
    3806     -41.8644
    3807     -41.8884
    3808     -41.8537
    3809     -41.8367
    3810     -41.8472
    3811     -41.8777
    3812     -41.7573
    3813     -41.6049
    3814     -41.3649
    3815     -41.0669
    3816     -40.6647
    3817     -40.1598
    3818     -39.6225
    3819     -39.1133
    3820     -38.8061
    3821     -38.6514
    3822     -38.7311
    3823     -38.8323
    3824     -38.7907
    3825     -38.4065
    3826     -37.5469
    3827     -36.2415
    3828     -34.4927
    3829     -32.2230
    3830     -29.6691
    3831     -27.1603
    3832     -25.1004
    3833     -23.7032
    3834     -22.9271
    3835     -22.8935
    3836     -23.7388
    3837     -25.2020
    3838     -26.9359
    3839     -28.7783
    3840     -30.6971
    3841     -32.5745
    3842     -34.3128
    3843     -35.9387
    3844     -37.4965
    3845     -38.8666
    3846     -39.9661
    3847     -40.7347
    3848     -41.1802
    3849     -41.3381
    3850     -41.3181
    3851     -41.1430
    3852     -40.9010
    3853     -40.4561
    3854     -39.9079
    3855     -39.1568
    3856     -38.3887
    3857     -37.8386
    3858     -37.5736
    3859     -37.5375
    3860     -37.7624
    3861     -38.1918
    3862     -38.7013
    3863     -39.0389
    3864     -39.1515
    3865     -39.0773
    3866     -38.9141
    3867     -38.7370
    3868     -38.5481
    3869     -38.3311
    3870     -38.1502
    3871     -37.9041
    3872     -37.5268
    3873     -37.0943
    3874     -36.7065
    3875     -36.3792
    3876     -36.1285
    3877     -35.8755
    3878     -35.7317
    3879     -35.5703
    3880     -35.3687
    3881     -35.2636
    3882     -35.1452
    3883     -34.8988
    3884     -34.5124
    3885     -34.1191
    3886     -33.6870
    3887     -33.1283
    3888     -32.4877
    3889     -31.9968
    3890     -31.5491
    3891     -31.2745
    3892     -31.2131
    3893     -31.4585
    3894     -32.0224
    3895     -32.8350
    3896     -33.9439
    3897     -35.0690
    3898     -35.9881
    3899     -36.5470
    3900     -36.7046
    3901     -36.2405
    3902     -35.2735
    3903     -34.1360
    3904     -32.9619
    3905     -31.8157
    3906     -30.8381
    3907     -29.9885
    3908     -29.2961
    3909     -28.8432
    3910     -28.5688
    3911     -28.4975
    3912     -28.6859
    3913     -29.0597
    3914     -29.6214
    3915     -30.4313
    3916     -31.4383
    3917     -32.4977
    3918     -33.3284
    3919     -33.8135
    3920     -33.8097
    3921     -33.1994
    3922     -32.1062
    3923     -30.6898
    3924     -29.1443
    3925     -27.6237
    3926     -26.4447
    3927     -25.7874
    3928     -25.6753
    3929     -26.1275
    3930     -27.0674
    3931     -28.3450
    3932     -29.8830
    3933     -31.4260
    3934     -32.7386
    3935     -33.8599
    3936     -34.7710
    3937     -35.3395
    3938     -35.4286
    3939     -35.0550
    3940     -34.1180
    3941     -32.5767
    3942     -30.6955
    3943     -28.8169
    3944     -27.0144
    3945     -25.6734
    3946     -25.0657
    3947     -25.2569
    3948     -26.1546
    3949     -27.6588
    3950     -29.4719
    3951     -31.3368
    3952     -33.1301
    3953     -34.6664
    3954     -35.9353
    3955     -37.0545
    3956     -38.2198
    3957     -39.3677
    3958     -40.3751
    3959     -41.1873
    3960     -41.7712
    3961     -42.0827
    3962     -42.0661
    3963     -41.7978
    3964     -41.4750
    3965     -41.0020
    3966     -40.6011
    3967     -40.3880
    3968     -40.3641
    3969     -40.4777
    3970     -40.7172
    3971     -41.0343
    3972     -41.2323
    3973     -41.2549
    3974     -41.0514
    3975     -40.6323
    3976     -40.0630
    3977     -39.3688
    3978     -38.7830
    3979     -38.2418
    3980     -37.9865
    3981     -38.0258
    3982     -38.3069
    3983     -38.6962
    3984     -39.0661
    3985     -39.2644
    3986     -39.2227
    3987     -39.0906
    3988     -38.8171
    3989     -38.3465
    3990     -37.7318
    3991     -37.2232
    3992     -36.8550
    3993     -36.7877
    3994     -37.1997
    3995     -38.0972
    3996     -39.3831
    3997     -40.9451
    3998     -42.6870
    3999     -44.5568
    4000     -46.4156
    4001     -48.2509
    4002     -49.7462
    4003     -50.8590
    4004     -51.4810
    4005     -51.6878
    4006     -51.5658
    4007     -51.1048
    4008     -50.4787
    4009     -49.7461
    4010     -49.0256
    4011     -48.4383
    4012     -48.0287
    4013     -47.7540
    4014     -47.4671
    4015     -47.1838
    4016     -46.8496
    4017     -46.3720
    4018     -45.6905
    4019     -44.8197
    4020     -43.7356
    4021     -42.4477
    4022     -40.9811
    4023     -39.5750
    4024     -38.3565
    4025     -37.4647
    4026     -36.9748
    4027     -36.7878
    4028     -36.9007
    4029     -37.2465
    4030     -37.7730
    4031     -38.3635
    4032     -39.0572
    4033     -39.6723
    4034     -40.1532
    4035     -40.3950
    4036     -40.2394
    4037     -39.6423
    4038     -38.6572
    4039     -37.5220
    4040     -36.5188
    4041     -35.8873
    4042     -35.6505
    4043     -35.9522
    4044     -36.8289
    4045     -38.1957
    4046     -40.0300
    4047     -42.0900
    4048     -44.2110
    4049     -46.2839
    4050     -48.1237
    4051     -49.4676
    4052     -49.9461
    4053     -49.6054
    4054     -48.4924
    4055     -46.6889
    4056     -44.3181
    4057     -41.7218
    4058     -39.1562
    4059     -36.7319
    4060     -34.6764
    4061     -33.2423
    4062     -32.4162
    4063     -32.3661
    4064     -32.9503
    4065     -34.0535
    4066     -35.5483
    4067     -37.1876
    4068     -38.7998
    4069     -40.1870
    4070     -41.2720
    4071     -41.9865
    4072     -42.3451
    4073     -42.1830
    4074     -41.4529
    4075     -40.2584
    4076     -38.7167
    4077     -37.0604
    4078     -35.3512
    4079     -33.6369
    4080     -32.1197
    4081     -30.8336
    4082     -29.8107
    4083     -28.8998
    4084     -28.1507
    4085     -27.5669
    4086     -27.1100
    4087     -26.9774
    4088     -27.1008
    4089     -27.4836
    4090     -28.0641
    4091     -28.6381
    4092     -29.3116
    4093     -29.9252
    4094     -30.4065
    4095     -30.7110
    4096     -30.7039
    4097     -30.4457
    4098     -29.8031
    4099     -28.8092
    4100     -27.6694
    4101     -26.4657
    4102     -25.5446
    4103     -25.0969
    4104     -25.1557
    4105     -25.6898
    4106     -26.8030
    4107     -28.6318
    4108     -30.9695
    4109     -33.5261
    4110     -36.0562
    4111     -38.3120
    4112     -40.2446
    4113     -41.6454
    4114     -42.3529
    4115     -42.3518
    4116     -41.6196
    4117     -40.0025
    4118     -37.6191
    4119     -34.7099
    4120     -31.6828
    4121     -28.7246
    4122     -26.1491
    4123     -24.1099
    4124     -22.6107
    4125     -21.5107
    4126     -20.8871
    4127     -20.7483
    4128     -21.0780
    4129     -21.9258
    4130     -23.3703
    4131     -25.5504
    4132     -28.2826
    4133     -31.1136
    4134     -33.7547
    4135     -35.8396
    4136     -37.1127
    4137     -37.6218
    4138     -37.4773
    4139     -36.8060
    4140     -35.8576
    4141     -34.7098
    4142     -33.5837
    4143     -32.7102
    4144     -32.3724
    4145     -32.6180
    4146     -33.2934
    4147     -34.2811
    4148     -35.5063
    4149     -36.7550
    4150     -37.8302
    4151     -38.8271
    4152     -39.7013
    4153     -40.3109
    4154     -40.7284
    4155     -40.8793
    4156     -40.7834
    4157     -40.4509
    4158     -39.9609
    4159     -39.3520
    4160     -38.7716
    4161     -38.0677
    4162     -37.2082
    4163     -36.2344
    4164     -35.2684
    4165     -34.2445
    4166     -33.1126
    4167     -32.0286
    4168     -31.0593
    4169     -30.2930
    4170     -29.7819
    4171     -29.4854
    4172     -29.4630
    4173     -29.6606
    4174     -30.1445
    4175     -30.8375
    4176     -31.4921
    4177     -32.1588
    4178     -32.9654
    4179     -33.8213
    4180     -34.5924
    4181     -35.2185
    4182     -35.6710
    4183     -35.9373
    4184     -35.9792
    4185     -35.5870
    4186     -34.6849
    4187     -33.2897
    4188     -31.5851
    4189     -29.6515
    4190     -27.5685
    4191     -25.6152
    4192     -24.1164
    4193     -23.4509
    4194     -23.7821
    4195     -24.9327
    4196     -26.8321
    4197     -29.1631
    4198     -31.6049
    4199     -33.8821
    4200     -35.8805
    4201     -37.4863
    4202     -38.5373
    4203     -39.0937
    4204     -39.0476
    4205     -38.5922
    4206     -37.6843
    4207     -36.6335
    4208     -35.5270
    4209     -34.2379
    4210     -32.7430
    4211     -31.0934
    4212     -29.3070
    4213     -27.7284
    4214     -26.5534
    4215     -26.0826
    4216     -26.4136
    4217     -27.4070
    4218     -28.8705
    4219     -30.6637
    4220     -32.5239
    4221     -34.3703
    4222     -36.3869
    4223     -38.4741
    4224     -40.4937
    4225     -42.3962
    4226     -43.8521
    4227     -44.8075
    4228     -45.1923
    4229     -45.0379
    4230     -44.4242
    4231     -43.2570
    4232     -41.5166
    4233     -39.3488
    4234     -37.0103
    4235     -34.7851
    4236     -32.8829
    4237     -31.6475
    4238     -31.1900
    4239     -31.6923
    4240     -33.1090
    4241     -35.3141
    4242     -37.9686
    4243     -40.8372
    4244     -43.3696
    4245     -45.4534
    4246     -46.9562
    4247     -47.6860
    4248     -47.6763
    4249     -46.9492
    4250     -45.5736
    4251     -43.5199
    4252     -41.0036
    4253     -38.2439
    4254     -35.4385
    4255     -33.1120
    4256     -31.6641
    4257     -31.1769
    4258     -31.7557
    4259     -33.3145
    4260     -35.7615
    4261     -38.6894
    4262     -41.8141
    4263     -44.8854
    4264     -47.4210
    4265     -49.1149
    4266     -49.7962
    4267     -49.4930
    4268     -48.2316
    4269     -46.1724
    4270     -43.7617
    4271     -41.2072
    4272     -38.8514
    4273     -36.6882
    4274     -34.8112
    4275     -33.2823
    4276     -32.0117
    4277     -31.1161
    4278     -30.7857
    4279     -31.1572
    4280     -31.8582
    4281     -32.7848
    4282     -33.6990
    4283     -34.5171
    4284     -35.0951
    4285     -35.5290
    4286     -35.6917
    4287     -35.5862
    4288     -35.2533
    4289     -34.8786
    4290     -34.6233
    4291     -34.6146
    4292     -34.9026
    4293     -35.5300
    4294     -36.3441
    4295     -37.3305
    4296     -38.3719
    4297     -39.1812
    4298     -39.6847
    4299     -39.8019
    4300     -39.5891
    4301     -39.1236
    4302     -38.3990
    4303     -37.6892
    4304     -37.0385
    4305     -36.3736
    4306     -35.8080
    4307     -35.3455
    4308     -34.9592
    4309     -34.6056
    4310     -34.4561
    4311     -34.4303
    4312     -34.5419
    4313     -34.7692
    4314     -34.9701
    4315     -34.9432
    4316     -34.7507
    4317     -34.3680
    4318     -34.0583
    4319     -33.8688
    4320     -33.8381
    4321     -33.9841
    4322     -34.3503
    4323     -34.8820
    4324     -35.5222
    4325     -36.1379
    4326     -36.5881
    4327     -36.8419
    4328     -36.7243
    4329     -36.2058
    4330     -35.3565
    4331     -34.0774
    4332     -32.7715
    4333     -31.7169
    4334     -31.0287
    4335     -30.5810
    4336     -30.4375
    4337     -30.4508
    4338     -30.6692
    4339     -31.1330
    4340     -31.8351
    4341     -32.7416
    4342     -33.7895
    4343     -34.9135
    4344     -35.9551
    4345     -36.7464
    4346     -37.0626
    4347     -36.8088
    4348     -35.9074
    4349     -34.4595
    4350     -32.6967
    4351     -30.7704
    4352     -28.8240
    4353     -27.0610
    4354     -25.7104
    4355     -25.1646
    4356     -25.3265
    4357     -26.3401
    4358     -27.7823
    4359     -29.3659
    4360     -30.8725
    4361     -31.9343
    4362     -32.5283
    4363     -32.5392
    4364     -32.0852
    4365     -31.2659
    4366     -30.3028
    4367     -29.4373
    4368     -28.9137
    4369     -28.9629
    4370     -29.8116
    4371     -31.2254
    4372     -33.1311
    4373     -35.5008
    4374     -38.0245
    4375     -40.5602
    4376     -42.9992
    4377     -45.1655
    4378     -47.1187
    4379     -48.7584
    4380     -49.8636
    4381     -50.3823
    4382     -50.4448
    4383     -49.9214
    4384     -48.7803
    4385     -47.1349
    4386     -45.1151
    4387     -43.0000
    4388     -41.1257
    4389     -39.7730
    4390     -39.1389
    4391     -39.3329
    4392     -40.3367
    4393     -41.9827
    4394     -43.9760
    4395     -46.0770
    4396     -48.0534
    4397     -49.6126
    4398     -50.2541
    4399     -50.0179
    4400     -48.9291
    4401     -47.0959
    4402     -44.7844
    4403     -42.4131
    4404     -40.2708
    4405     -38.6402
    4406     -37.6267
    4407     -37.1690
    4408     -37.1269
    4409     -37.5689
    4410     -38.3909
    4411     -39.5382
    4412     -40.9420
    4413     -42.4908
    4414     -43.9760
    4415     -45.4439
    4416     -46.7199
    4417     -47.6798
    4418     -48.3291
    4419     -48.5344
    4420     -48.2232
    4421     -47.4479
    4422     -46.1723
    4423     -44.3981
    4424     -42.5200
    4425     -40.8312
    4426     -39.3715
    4427     -38.4360
    4428     -37.9233
    4429     -37.6951
    4430     -37.5168
    4431     -37.3107
    4432     -37.1155
    4433     -36.7972
    4434     -36.4932
    4435     -36.2003
    4436     -35.9742
    4437     -36.0661
    4438     -36.5896
    4439     -37.4496
    4440     -38.4957
    4441     -39.5738
    4442     -40.4388
    4443     -40.9522
    4444     -40.9364
    4445     -40.3628
    4446     -39.3164
    4447     -37.7412
    4448     -35.8976
    4449     -33.9788
    4450     -32.1195
    4451     -30.7101
    4452     -30.0355
    4453     -30.1080
    4454     -30.7186
    4455     -31.8622
    4456     -33.3115
    4457     -34.6323
    4458     -35.6080
    4459     -35.9850
    4460     -35.5363
    4461     -34.3855
    4462     -32.8223
    4463     -31.2599
    4464     -30.0921
    4465     -29.5564
    4466     -29.7533
    4467     -30.5127
    4468     -31.6042
    4469     -32.9580
    4470     -34.2436
    4471     -35.6258
    4472     -37.0863
    4473     -38.5286
    4474     -39.9654
    4475     -41.3545
    4476     -42.6390
    4477     -43.6501
    4478     -44.4347
    4479     -44.8034
    4480     -44.8555
    4481     -44.5474
    4482     -43.8262
    4483     -42.6580
    4484     -41.2163
    4485     -39.7101
    4486     -38.3384
    4487     -37.4085
    4488     -37.0406
    4489     -37.2363
    4490     -37.8872
    4491     -38.7867
    4492     -39.8446
    4493     -40.7396
    4494     -41.2477
    4495     -41.2406
    4496     -40.6177
    4497     -39.3261
    4498     -37.3758
    4499     -35.0064
    4500     -32.4991
    4501     -30.1619
    4502     -28.1092
    4503     -26.5865
    4504     -25.4985
    4505     -25.0141
    4506     -25.2157
    4507     -25.9407
    4508     -27.0101
    4509     -28.2664
    4510     -29.6938
    4511     -31.1187
    4512     -32.4487
    4513     -33.6067
    4514     -34.4575
    4515     -35.0117
    4516     -35.0997
    4517     -34.7596
    4518     -34.1682
    4519     -33.4984
    4520     -32.8469
    4521     -32.0836
    4522     -31.2680
    4523     -30.6637
    4524     -30.3992
    4525     -30.5102
    4526     -31.0342
    4527     -31.8041
    4528     -32.7713
    4529     -33.8033
    4530     -34.8323
    4531     -35.7138
    4532     -36.4148
    4533     -36.9510
    4534     -37.3899
    4535     -37.6749
    4536     -37.8761
    4537     -37.9211
    4538     -37.8846
    4539     -37.8525
    4540     -37.8081
    4541     -37.6161
    4542     -37.1823
    4543     -36.5402
    4544     -35.4987
    4545     -34.0079
    4546     -32.0485
    4547     -29.7470
    4548     -27.4385
    4549     -25.2515
    4550     -23.3901
    4551     -22.1181
    4552     -21.4246
    4553     -21.1212
    4554     -21.2119
    4555     -21.7396
    4556     -22.4420
    4557     -23.3832
    4558     -24.3431
    4559     -25.1759
    4560     -25.9073
    4561     -26.5577
    4562     -27.1510
    4563     -27.7212
    4564     -28.2670
    4565     -28.8262
    4566     -29.4085
    4567     -29.7966
    4568     -29.8750
    4569     -29.6753
    4570     -29.1261
    4571     -28.2657
    4572     -27.1089
    4573     -25.7629
    4574     -24.3320
    4575     -22.9792
    4576     -21.9212
    4577     -21.3004
    4578     -21.2631
    4579     -21.9565
    4580     -23.2226
    4581     -24.7861
    4582     -26.6439
    4583     -28.5992
    4584     -30.6788
    4585     -32.9226
    4586     -34.9546
    4587     -36.4622
    4588     -37.2796
    4589     -37.3411
    4590     -36.6747
    4591     -35.3840
    4592     -33.5388
    4593     -31.3309
    4594     -28.7943
    4595     -26.1869
    4596     -23.6631
    4597     -21.4180
    4598     -19.5199
    4599     -18.4134
    4600     -18.3815
    4601     -19.4927
    4602     -21.6973
    4603     -24.7274
    4604     -28.2219
    4605     -31.8376
    4606     -35.0081
    4607     -37.3943
    4608     -38.7036
    4609     -38.7897
    4610     -37.6623
    4611     -35.4074
    4612     -32.3578
    4613     -28.9697
    4614     -25.6056
    4615     -22.4085
    4616     -19.7449
    4617     -17.7720
    4618     -16.5971
    4619     -16.1921
    4620     -16.4327
    4621     -17.3567
    4622     -18.9383
    4623     -20.7521
    4624     -22.4924
    4625     -24.1766
    4626     -25.5393
    4627     -26.5169
    4628     -27.1287
    4629     -27.2588
    4630     -26.9054
    4631     -26.1946
    4632     -25.0485
    4633     -23.7288
    4634     -22.4246
    4635     -21.3228
    4636     -20.5937
    4637     -20.3526
    4638     -20.5418
    4639     -21.1840
    4640     -22.1171
    4641     -23.3686
    4642     -25.0522
    4643     -27.0298
    4644     -29.0990
    4645     -31.0131
    4646     -32.6438
    4647     -33.8296
    4648     -34.6117
    4649     -34.7537
    4650     -34.3982
    4651     -33.6830
    4652     -32.6443
    4653     -31.2181
    4654     -29.7135
    4655     -28.2993
    4656     -27.0737
    4657     -26.2704
    4658     -25.8932
    4659     -26.0324
    4660     -26.7404
    4661     -28.0575
    4662     -29.7540
    4663     -31.6072
    4664     -33.4796
    4665     -35.1096
    4666     -36.4562
    4667     -37.3313
    4668     -37.6409
    4669     -37.3018
    4670     -36.1361
    4671     -34.3060
    4672     -32.0857
    4673     -29.9009
    4674     -27.8972
    4675     -26.0636
    4676     -24.5676
    4677     -23.4571
    4678     -22.9153
    4679     -22.9800
    4680     -23.5131
    4681     -24.5039
    4682     -25.7747
    4683     -27.1912
    4684     -28.5482
    4685     -29.6174
    4686     -30.2755
    4687     -30.3723
    4688     -29.7927
    4689     -28.7610
    4690     -27.2675
    4691     -25.5620
    4692     -23.8511
    4693     -22.4514
    4694     -21.2744
    4695     -20.4766
    4696     -20.2445
    4697     -20.6026
    4698     -21.5032
    4699     -22.9224
    4700     -24.7117
    4701     -26.6065
    4702     -28.5080
    4703     -30.2886
    4704     -31.8702
    4705     -33.0887
    4706     -33.8112
    4707     -34.0707
    4708     -34.0866
    4709     -33.9111
    4710     -33.4421
    4711     -32.7626
    4712     -31.8741
    4713     -30.6805
    4714     -29.2582
    4715     -27.5520
    4716     -25.7838
    4717     -24.1364
    4718     -22.6965
    4719     -21.4457
    4720     -20.3070
    4721     -19.3020
    4722     -18.6356
    4723     -18.3086
    4724     -18.4848
    4725     -19.2231
    4726     -20.5315
    4727     -22.4767
    4728     -24.8720
    4729     -27.3041
    4730     -29.5449
    4731     -31.4514
    4732     -32.7992
    4733     -33.4135
    4734     -33.3360
    4735     -32.5333
    4736     -31.0067
    4737     -28.9914
    4738     -26.5012
    4739     -23.9123
    4740     -21.3556
    4741     -19.1818
    4742     -17.5332
    4743     -16.4373
    4744     -16.0626
    4745     -16.3806
    4746     -17.4907
    4747     -19.3648
    4748     -21.9235
    4749     -24.8783
    4750     -28.0755
    4751     -31.3308
    4752     -34.3173
    4753     -36.8416
    4754     -38.7765
    4755     -40.0440
    4756     -40.6763
    4757     -40.6415
    4758     -39.9842
    4759     -38.7197
    4760     -36.9292
    4761     -34.7343
    4762     -32.2259
    4763     -29.4426
    4764     -26.7117
    4765     -24.2569
    4766     -22.2526
    4767     -20.6172
    4768     -19.5100
    4769     -18.8935
    4770     -18.7535
    4771     -19.0065
    4772     -19.6158
    4773     -20.6098
    4774     -21.9700
    4775     -23.5251
    4776     -25.0599
    4777     -26.2142
    4778     -26.9157
    4779     -27.1946
    4780     -26.9947
    4781     -26.2994
    4782     -25.1879
    4783     -23.8454
    4784     -22.3794
    4785     -20.8760
    4786     -19.7801
    4787     -19.4259
    4788     -19.7721
    4789     -20.8891
    4790     -22.9339
    4791     -25.6786
    4792     -28.7388
    4793     -31.8844
    4794     -34.8983
    4795     -37.6590
    4796     -39.9822
    4797     -41.5476
    4798     -42.2027
    4799     -41.9198
    4800     -40.7563
    4801     -38.8146
    4802     -36.3016
    4803     -33.5991
    4804     -31.0441
    4805     -28.8710
    4806     -27.3088
    4807     -26.4878
    4808     -26.1644
    4809     -26.4686
    4810     -27.3415
    4811     -28.6928
    4812     -30.4644
    4813     -32.4315
    4814     -34.3985
    4815     -36.2193
    4816     -37.6738
    4817     -38.7795
    4818     -39.5400
    4819     -39.6682
    4820     -39.1889
    4821     -38.2026
    4822     -36.6499
    4823     -34.8031
    4824     -32.9888
    4825     -31.4173
    4826     -30.3798
    4827     -30.0679
    4828     -30.4372
    4829     -31.3813
    4830     -32.8869
    4831     -34.7068
    4832     -36.6150
    4833     -38.3796
    4834     -39.6748
    4835     -40.2328
    4836     -39.9766
    4837     -39.1458
    4838     -37.8803
    4839     -36.3823
    4840     -34.7630
    4841     -33.2566
    4842     -32.1355
    4843     -31.5030
    4844     -31.3985
    4845     -31.8051
    4846     -32.7601
    4847     -34.1346
    4848     -35.8145
    4849     -37.5114
    4850     -38.9913
    4851     -40.1692
    4852     -41.0659
    4853     -41.7075
    4854     -42.0407
    4855     -42.0177
    4856     -41.6246
    4857     -40.8947
    4858     -39.9645
    4859     -38.9789
    4860     -37.7756
    4861     -36.4543
    4862     -34.9888
    4863     -33.3584
    4864     -31.6741
    4865     -30.0492
    4866     -28.8106
    4867     -28.0745
    4868     -27.9791
    4869     -28.4262
    4870     -29.2132
    4871     -30.3322
    4872     -31.7896
    4873     -33.3844
    4874     -35.1596
    4875     -36.8932
    4876     -38.2620
    4877     -39.0873
    4878     -39.2889
    4879     -38.6905
    4880     -37.4701
    4881     -35.7248
    4882     -33.6938
    4883     -31.4519
    4884     -29.2051
    4885     -27.2366
    4886     -25.9496
    4887     -25.6535
    4888     -26.4109
    4889     -28.1696
    4890     -30.6514
    4891     -33.5074
    4892     -36.5260
    4893     -39.5113
    4894     -42.1337
    4895     -44.0242
    4896     -45.0254
    4897     -45.0491
    4898     -43.9145
    4899     -41.6242
    4900     -38.4109
    4901     -34.5101
    4902     -30.2612
    4903     -26.1045
    4904     -22.5214
    4905     -19.9381
    4906     -18.4059
    4907     -17.9317
    4908     -18.5433
    4909     -20.1330
    4910     -22.3575
    4911     -24.9406
    4912     -27.6650
    4913     -30.5332
    4914     -33.2570
    4915     -35.4500
    4916     -36.9049
    4917     -37.5662
    4918     -37.7286
    4919     -37.3913
    4920     -36.6810
    4921     -35.4670
    4922     -33.8664
    4923     -32.0958
    4924     -30.4383
    4925     -28.8677
    4926     -27.5025
    4927     -26.5138
    4928     -25.6576
    4929     -24.8410
    4930     -24.0762
    4931     -23.4706
    4932     -23.1107
    4933     -23.0924
    4934     -23.5110
    4935     -24.3693
    4936     -25.6059
    4937     -27.1225
    4938     -28.8228
    4939     -30.7099
    4940     -32.7307
    4941     -34.7488
    4942     -36.5858
    4943     -38.0867
    4944     -39.2976
    4945     -40.0230
    4946     -40.3194
    4947     -40.2064
    4948     -39.4816
    4949     -38.1986
    4950     -36.5527
    4951     -34.8733
    4952     -33.3312
    4953     -32.1140
    4954     -31.4128
    4955     -31.4039
    4956     -32.0608
    4957     -33.4013
    4958     -35.2550
    4959     -37.2826
    4960     -39.0522
    4961     -40.4661
    4962     -41.4751
    4963     -41.7764
    4964     -41.3206
    4965     -40.2765
    4966     -38.8324
    4967     -37.2497
    4968     -35.6094
    4969     -34.1751
    4970     -33.0330
    4971     -32.2594
    4972     -31.8210
    4973     -31.7569
    4974     -32.2594
    4975     -33.4466
    4976     -35.0916
    4977     -37.2627
    4978     -39.8752
    4979     -42.5173
    4980     -44.7161
    4981     -46.2510
    4982     -47.1134
    4983     -47.4468
    4984     -47.3441
    4985     -47.0959
    4986     -46.8748
    4987     -46.6192
    4988     -46.4906
    4989     -46.5951
    4990     -46.9384
    4991     -47.3882
    4992     -47.8057
    4993     -47.9298
    4994     -47.7007
    4995     -47.1503
    4996     -46.2539
    4997     -45.1039
    4998     -43.8736
    4999     -42.7577
    5000     -41.9661
