2.93597751 0.8410
2.91441292 0.8545
2.90693796 0.8540
2.91387334 0.8457
2.92183374 0.8335
2.92613850 0.8224
2.93833596 0.8113
2.95900953 0.8823
2.94847153 0.9484
2.94158640 0.9634
2.93983686 0.9728
2.94046813 0.9511
2.94321595 0.9042
2.94780912 0.8682
2.95345860 0.8497
2.95005176 0.8255
2.93413625 0.8045
2.91465598 0.7995
2.90530916 0.8088
2.90533074 0.8356
2.89842126 0.8427
2.89945266 0.8355
2.92047329 0.8273
2.92650703 0.8748
2.91652980 0.8927
2.90365755 0.8932
2.88541738 0.8900
2.86182387 0.8838
2.84163701 0.8810
2.83877567 0.8808
2.85386557 0.8829
2.86787056 0.8890
2.87037914 0.8943
2.86586728 0.8936
2.86343371 0.8915
2.86686234 0.8673
2.87300856 0.8199
2.87835771 0.7716
2.87363870 0.7634
2.86335817 0.8121
2.85867153 0.8653
2.86536399 0.8809
2.86915108 0.8117
2.84553144 0.7908
2.82143657 0.8283
2.80673587 0.8716
2.79117438 0.8950
2.77512048 0.8904
2.76442620 0.8754
2.77113364 0.8659
2.79965499 0.8511
2.83893189 0.8668
2.85489569 0.8833
2.86361321 0.7132
2.85987547 0.6980
2.86694978 0.7407
2.88554719 0.8018
2.90202686 0.8448
2.91562336 0.8583
2.92627030 0.8555
2.93263416 0.8583
2.93633537 0.8663
2.93412838 0.8553
2.92699920 0.8252
2.91533942 0.7909
2.91808430 0.7783
2.93584377 0.7930
2.95870878 0.8153
2.97462467 0.8275
2.97858250 0.8248
2.96808569 0.8171
2.94254836 0.8117
2.91506820 0.8168
2.90151920 0.8179
2.89207300 0.8107
2.87789531 0.8011
2.87310703 0.8044
2.88979301 0.8154
2.92613268 0.8187
2.96481555 0.8071
2.98386163 0.8021
2.96465684 0.8351
2.94051463 0.8723
2.93517920 0.8803
2.93953055 0.8560
2.94221213 0.8108
2.93915540 0.7709
2.93849861 0.7673
2.94196383 0.7895
2.94335351 0.8032
2.93462111 0.8096
2.92521799 0.8283
2.93050295 0.8507
2.94574264 0.8487
2.95549170 0.8035
2.95282460 0.7635
2.94444995 0.7567
2.93371210 0.7826
2.92559952 0.8138
2.92396090 0.8287
2.92352984 0.8287
2.91090592 0.8297
2.88451267 0.8333
2.85823729 0.8330
2.84846249 0.8270
2.85180900 0.8119
2.85727015 0.8062
2.85354986 0.8357
2.84246316 0.8669
2.84019690 0.8619
2.85192320 0.8313
2.86672027 0.8030
2.87424444 0.8079
2.86351406 0.8256
2.83922847 0.8194
2.81721032 0.8077
2.80840251 0.8063
2.80304780 0.8156
2.79595399 0.8215
2.78679528 0.8205
2.78617489 0.8133
2.79718306 0.8099
2.80913758 0.8162
2.81769990 0.8212
2.82285320 0.8133
2.82796454 0.7978
2.83641052 0.7913
2.84539353 0.8000
2.85050977 0.8160
2.84708292 0.8188
2.84106160 0.8037
2.84625891 0.7950
2.85680184 0.8084
2.86092446 0.8275
2.86132286 0.8320
2.85865475 0.8264
2.86113347 0.8257
2.87346506 0.8367
2.88741972 0.8629
2.89093665 0.8847
2.88437482 0.8863
2.88038923 0.8779
2.88519748 0.8682
2.89840288 0.8666
2.91198530 0.8669
2.92526029 0.8693
2.93327451 0.8697
2.93332093 0.8748
2.92664981 0.8839
2.91211612 0.8812
2.89201506 0.8708
2.87368309 0.8503
2.86045401 0.8366
2.85717921 0.8379
2.86428362 0.8447
2.87629545 0.8543
2.88495351 0.8797
2.88870416 0.9188
2.88782423 0.9596
2.88779054 0.9798
2.88742988 0.9738
2.89056984 0.9508
2.89777753 0.9275
2.90540939 0.9137
2.91418025 0.9026
2.92031543 0.8873
2.91954344 0.8745
2.90999394 0.8723
2.90211874 0.8920
2.89573812 0.9269
2.89593759 0.9432
2.90244244 0.9361
2.91643905 0.9186
2.92641116 0.9017
2.93010568 0.8904
2.93100026 0.8894
2.92266448 0.9061
2.90672216 0.9234
2.88223739 0.9361
2.86575573 0.9356
2.86773982 0.9276
2.87821642 0.9060
2.87969645 0.8735
2.86798906 0.8488
2.85361108 0.8349
2.84766525 0.8339
2.84815847 0.8411
2.84821718 0.8596
2.84817355 0.8823
2.85097116 0.9177
2.85966167 0.9539
2.87477253 0.9629
2.89969161 0.9489
2.92581975 0.9175
2.94287295 0.8817
2.94804058 0.8608
2.94343770 0.8601
2.92154120 0.8726
2.89437314 0.8949
2.87014045 0.9169
2.85277900 0.9270
2.83556860 0.9310
2.81651020 0.9257
2.79785354 0.9112
2.78087142 0.8840
2.77227914 0.8564
2.77754514 0.8372
2.79639904 0.8317
2.82116123 0.8377
2.84390831 0.8386
2.86575529 0.8213
2.89127272 0.8038
2.90702371 0.8395
2.90251763 0.8804
2.89688119 0.9026
2.88978171 0.9193
2.88452101 0.9115
2.88575106 0.8990
2.89226211 0.8793
2.89103811 0.8617
2.88292342 0.8520
2.87953713 0.8444
2.88887716 0.8442
2.90259564 0.8531
2.90865961 0.8665
2.90378494 0.8768
2.89776781 0.8764
2.89970867 0.8718
2.91086616 0.8704
2.92874063 0.8670
2.94288836 0.8512
2.95412827 0.8283
2.96355201 0.8191
2.96103155 0.8196
2.94443617 0.8224
2.92139215 0.8179
2.91185694 0.8138
2.92498534 0.8153
2.94437820 0.8302
2.95811994 0.8451
2.96517729 0.8460
2.96832877 0.8331
2.96995075 0.8208
2.96659517 0.8192
2.95840506 0.8275
2.94481299 0.8367
2.93678695 0.8343
2.94588488 0.8294
2.95646054 0.8009
2.95861498 0.7904
2.95361558 0.7935
2.94391910 0.7961
2.94528904 0.8026
2.95602156 0.8171
2.96515227 0.8312
2.97205114 0.8386
2.97923333 0.8389
2.99217720 0.8450
3.00892302 0.8570
3.02052522 0.8641
3.02097503 0.8543
2.99903037 0.8363
2.96790327 0.8334
2.94356929 0.8410
2.92318416 0.8520
2.90623771 0.8567
2.89056506 0.8509
2.88361089 0.8467
2.88892486 0.8486
2.89775467 0.8429
2.90683218 0.8092
2.90598311 0.7795
2.90349745 0.7882
2.91269728 0.8089
2.92923900 0.8358
2.94016244 0.8672
2.94122619 0.8878
2.94226689 0.8912
2.95047057 0.8884
2.95977862 0.8862
2.95895227 0.8465
2.95110169 0.8583
2.94862922 0.8714
2.94663208 0.8715
2.93703210 0.8778
2.91771148 0.8809
2.89727442 0.8743
2.88654937 0.8587
2.89595259 0.8522
2.91234258 0.8589
2.91457045 0.8665
2.90126132 0.8680
2.88498566 0.8664
2.87685114 0.8650
2.88250545 0.8703
2.89210623 0.8822
2.90306763 0.8940
2.91592367 0.8993
2.93739277 0.9018
2.96376710 0.9079
2.98092068 0.9171
2.97948040 0.9233
2.96740354 0.9197
2.95196693 0.9062
2.93286242 0.8882
2.91019697 0.8819
2.89073244 0.8792
2.87839179 0.8767
2.87643966 0.8762
2.88739773 0.8824
2.90291606 0.8895
2.88333124 0.8384
2.86919738 0.8668
2.86677539 0.8770
2.87699672 0.8705
2.89144526 0.8604
2.89856666 0.8525
2.90193617 0.8401
2.91109965 0.8217
2.93153855 0.8032
2.95363939 0.8662
2.95539941 0.9262
2.96107335 0.9165
2.96442931 0.8958
2.96431759 0.8623
2.96157637 0.8397
2.94946730 0.8299
2.93173928 0.8493
2.90733464 0.9361
2.87884375 0.9405
2.85645195 0.9226
2.84152831 0.9049
2.83744713 0.8987
2.84052977 0.9054
2.84691452 0.9131
2.85795317 0.9132
2.87243642 0.9221
2.88963613 0.9362
2.90721315 0.9401
2.92495876 0.9289
2.93225819 0.9076
2.92685275 0.8817
2.90948905 0.8735
2.89187930 0.8759
2.88113092 0.8716
2.88501214 0.8544
2.89960677 0.8331
2.91348032 0.8205
2.92184294 0.8180
2.93261948 0.8185
2.95914293 0.8174
2.98473081 0.8079
2.99532153 0.7823
2.98937992 0.8249
2.97845060 0.8732
2.96763039 0.8968
2.95923835 0.9031
2.95052514 0.8983
2.94711728 0.8818
2.95190947 0.8444
2.95571714 0.8570
2.93925003 0.9303
2.93410423 0.9427
2.93517436 0.9105
2.90230191 0.7994
2.84557575 0.7877
2.81434105 0.7945
2.81129844 0.8123
2.82416302 0.8377
2.84718097 0.8590
2.87601338 0.8679
2.90250272 0.8568
2.92312225 0.8458
2.92713878 0.8349
2.91747288 0.8139
2.89368949 0.7801
2.87684762 0.7653
2.87057225 0.7719
2.86590915 0.8088
2.86047863 0.8513
2.85439049 0.8774
2.84711101 0.8841
2.84085204 0.8806
2.83727708 0.8770
2.83397593 0.8728
2.82893287 0.8593
2.82301268 0.8274
2.83242572 0.8004
2.85197482 0.8555
2.85437813 0.9378
2.86412041 0.9542
2.89013286 0.9417
2.92621631 0.9165
2.93655244 0.9027
2.91713202 0.9219
2.89418938 0.9459
2.87299967 0.9531
2.86204777 0.9364
2.86576114 0.9039
2.87346149 0.8849
2.86970518 0.9145
2.84947962 0.9369
2.83300437 0.9130
2.82620692 0.8692
2.82969365 0.8177
2.83242770 0.7951
2.82645725 0.8082
2.82647861 0.8216
2.84094482 0.8250
2.87140958 0.8274
2.89852789 0.8479
2.90676429 0.8911
2.90308858 0.9140
2.90396858 0.9126
2.91550721 0.8969
2.93101040 0.8690
2.93339338 0.8334
2.91287990 0.8225
2.89391031 0.8255
2.89049334 0.8305
2.89788526 0.8247
2.91320070 0.8211
2.91206885 0.8878
2.89806665 0.8828
2.88830360 0.8698
2.88850363 0.8585
2.89058029 0.8429
2.89777989 0.8308
2.91393786 0.8425
2.93398628 0.9159
2.94755088 0.9959
2.96177374 1.0223
2.97770158 1.0229
2.98770601 0.9979
2.97981520 0.9100
2.96257807 0.8637
2.95174448 0.8511
2.94447337 0.8458
2.93758274 0.8411
2.93093316 0.8495
2.92063758 0.9024
2.89927519 0.9442
2.87654189 0.9415
2.85776366 0.9319
2.84655264 0.9242
2.84492484 0.9168
2.86135842 0.9194
2.87303376 0.8808
2.85115460 0.8176
2.83278838 0.8125
2.83245886 0.8196
2.84410279 0.8238
2.85901054 0.8191
2.86863578 0.8083
2.87511443 0.7987
2.88501597 0.8008
2.90301513 0.8184
2.92109786 0.8501
2.92747951 0.8894
2.92377423 0.9031
2.91391738 0.9001
2.90329026 0.9005
2.89582917 0.8990
2.88904092 0.8876
2.88254450 0.8643
2.87471274 0.8415
2.87035673 0.8242
2.87049983 0.8005
2.87528696 0.7709
2.88486630 0.7752
2.89558238 0.8611
2.90267494 0.9449
2.91737107 0.9655
2.93733363 0.9173
2.94762652 0.8353
2.95730535 0.8073
2.97546390 0.8064
2.99348666 0.8143
2.99151488 0.8849
2.96672350 0.9002
2.94042684 0.9136
2.92109597 0.9258
2.91137929 0.9327
2.90747163 0.9308
2.90397479 0.8754
2.88093625 0.7296
2.86329003 0.7340
2.86971540 0.7613
2.89443466 0.7809
2.92630669 0.7909
2.94892353 0.8511
2.95477282 0.9169
2.95297302 0.9417
2.95235877 0.9534
2.95803710 0.9442
2.96788604 0.9132
2.98852092 0.8562
2.98433477 0.9149
2.95964792 0.9336
2.93122387 0.9359
2.90246438 0.9214
2.88587779 0.8926
2.88292324 0.8613
2.88564753 0.8272
2.88743537 0.7918
2.88171306 0.7760
2.88363269 0.7711
2.90299666 0.7925
2.92456447 0.8342
2.94201537 0.8754
2.94843099 0.9115
2.94362384 0.9657
2.93151178 0.9685
2.92843280 0.9224
2.92617497 0.8750
2.91649587 0.8397
2.90357572 0.8128
2.89596613 0.7812
2.89503527 0.7584
2.89436352 0.7483
2.89189277 0.7516
2.87960272 0.7643
2.87350868 0.7775
2.87889225 0.7876
2.89535588 0.7999
2.91234148 0.8150
2.92863327 0.8383
2.95047368 0.9070
2.95786810 0.9750
2.96157004 0.9893
2.96035278 0.9822
2.94868168 0.9218
2.91820167 0.8362
2.88774849 0.7885
2.87360927 0.7716
2.87467755 0.7717
2.88713653 0.7839
2.91312255 0.8228
2.94171122 0.8971
2.97205516 0.9353
2.99656366 0.8463
2.98135739 0.7914
2.94845207 0.7954
2.91649033 0.7979
2.89404476 0.7972
2.88209325 0.8006
2.86924426 0.8124
2.84628902 0.8330
2.81309550 0.8477
2.78889500 0.8550
2.78772961 0.8635
2.81198529 0.8621
2.83631349 0.8430
2.84760017 0.8197
2.84305835 0.8058
2.83314541 0.8003
2.82166103 0.7903
2.82400557 0.7744
2.84429581 0.7540
2.87794366 0.7401
2.90810065 0.7575
2.91698773 0.8367
2.92002983 0.8775
2.92798671 0.8977
2.93879450 0.9133
2.95320021 0.9314
2.95163028 0.7665
2.92820079 0.7630
2.91440195 0.7651
2.90020757 0.7776
2.89416649 0.7840
2.90146445 0.7773
2.91560293 0.7724
2.92446170 0.7616
2.92393392 0.7391
2.91312851 0.7155
2.90324661 0.7072
2.90087331 0.7117
2.90386247 0.7373
2.90223481 0.8209
2.89547196 0.8450
2.88874275 0.7727
2.88415366 0.7689
2.89412696 0.7838
2.91445851 0.7984
2.93421606 0.8127
2.94601398 0.8231
2.95994596 0.8340
2.97433589 0.8335
2.98824144 0.7798
2.97988839 0.6984
2.95362419 0.7283
2.93201141 0.7443
2.92132883 0.7559
2.91766796 0.7643
2.91289039 0.7655
2.90518166 0.7536
2.89725529 0.7410
2.90084099 0.7498
2.92376534 0.7811
2.94917085 0.8003
2.96061815 0.7844
2.95621665 0.7979
2.95045964 0.8207
2.95308421 0.8295
2.95955218 0.8299
2.96485924 0.8264
2.96334753 0.8160
2.94814239 0.8012
2.92110164 0.7937
2.89377581 0.7942
2.86950394 0.8127
2.84734758 0.8403
2.83250036 0.8528
2.82665602 0.8433
2.82751322 0.8254
2.83183963 0.8155
2.83841076 0.8226
2.84955781 0.8370
2.86489653 0.8484
2.88118397 0.8727
2.90175487 0.9029
2.93159074 0.9092
2.94930773 0.8269
2.94782040 0.8560
2.94563426 0.8688
2.94016265 0.8631
2.93177554 0.8529
2.92713743 0.8414
2.93050545 0.8256
2.93531417 0.8414
2.91419558 0.9283
2.88157102 0.9322
2.85058913 0.9145
2.82592284 0.8876
2.80999957 0.8634
2.81063492 0.8504
2.82661241 0.8519
2.84917685 0.8562
2.87069502 0.8688
2.87682322 0.8885
2.86373602 0.8889
2.84263927 0.8760
2.82737068 0.8622
2.82840957 0.8489
2.84525106 0.8345
2.86949415 0.8267
2.89367061 0.8363
2.91428152 0.8548
2.91961967 0.8781
2.90791421 0.8904
2.88792396 0.8821
2.86569220 0.8625
2.84976410 0.8439
2.84182151 0.8273
2.84019413 0.8073
2.84097802 0.7843
2.84376554 0.7673
2.85408251 0.7645
2.86203908 0.7858
2.86300757 0.8071
2.86418154 0.8168
2.86275308 0.8245
2.86034215 0.8385
2.86298343 0.8566
2.87156979 0.8685
2.88266247 0.8616
2.89246746 0.8390
2.90646574 0.8095
2.92404450 0.8088
2.92669658 0.9594
2.93364695 0.9718
2.95227926 0.8990
2.95294082 0.7086
2.94451495 0.7006
2.93750998 0.7074
2.93526612 0.7189
2.94061589 0.7290
2.93969244 0.7511
2.92289042 0.8189
2.90356725 0.8479
2.89491353 0.8388
2.89296457 0.8130
2.89464637 0.7862
2.89997383 0.7650
2.91550141 0.7542
2.94351056 0.7546
2.97397011 0.8168
2.98339029 0.9488
2.98094178 0.9753
2.97557878 0.9726
2.97158111 0.9733
2.96597169 0.9487
2.96004601 0.9099
2.95069220 0.8742
2.94241837 0.8458
2.93906629 0.8311
2.94500651 0.8257
2.95840386 0.8343
2.96117264 0.8651
2.94169350 0.7854
2.91177690 0.7795
2.88176520 0.7919
2.87467116 0.8286
2.88670805 0.8717
2.90481454 0.8952
2.91670786 0.8993
2.91928950 0.8938
2.92560252 0.8887
2.92979233 0.8825
2.92790078 0.8618
2.91721483 0.8359
2.89912264 0.8200
2.87110468 0.8160
2.84734311 0.8170
2.83044101 0.8185
2.82098667 0.8175
2.81621677 0.8226
2.81344839 0.8391
2.81242952 0.8582
2.81774410 0.8629
2.82792515 0.8528
2.84235750 0.8408
2.85371022 0.8349
2.86862928 0.8324
2.89382253 0.8351
2.92610852 0.8491
2.95328763 0.8755
2.96538465 0.9038
2.95736236 0.9334
2.93157780 0.9535
2.89949714 0.9569
2.87305154 0.9439
2.84875825 0.9227
2.82394858 0.8998
2.80810837 0.8723
2.81058939 0.8374
2.83521679 0.8056
2.87152072 0.7905
2.90989228 0.8070
2.94333194 0.8480
2.97017768 0.8763
2.99275132 0.8855
3.00623957 0.8881
3.00983437 0.8946
3.00097692 0.8930
2.98228749 0.8721
2.97031153 0.8480
2.96339221 0.8333
2.95379233 0.8351
2.93462782 0.8477
2.91326098 0.8643
2.90319091 0.8780
2.90884045 0.8836
2.92576721 0.8769
2.94861221 0.8567
2.96884087 0.8414
2.97034586 0.8885
2.95642148 0.9208
2.96058832 0.9033
2.97998451 0.8660
2.97330265 0.8627
2.96092977 0.8850
2.96055633 0.9008
2.96684336 0.8974
2.97901230 0.8778
2.98218259 0.8498
2.97882643 0.8139
2.97597455 0.7892
2.97097032 0.7859
2.95433180 0.7873
2.93390865 0.8061
2.91856842 0.8332
2.92109064 0.8634
2.93282624 0.8808
2.94520667 0.8670
2.95226944 0.8399
2.95314335 0.8278
2.95142905 0.8429
2.94765657 0.8555
2.92835688 0.8453
2.88407714 0.8479
2.83729209 0.8636
2.81361018 0.8955
2.81041048 0.9279
2.82281602 0.9420
2.84337873 0.9293
2.86177922 0.9082
2.87176240 0.9017
2.87602229 0.9068
2.87319385 0.9058
2.85980693 0.8928
2.83598039 0.8760
2.81418909 0.8729
2.80385093 0.8897
2.80794443 0.9054
2.81417317 0.9050
2.81513649 0.8908
2.81427720 0.8787
2.82003432 0.8822
2.82842362 0.8924
2.83506584 0.8928
2.83607828 0.8834
2.83603865 0.8802
2.84619969 0.8844
2.87088483 0.8804
2.90371865 0.8558
2.93805277 0.8442
2.94529696 0.9372
2.92684285 0.9714
2.89948039 0.9332
2.87812156 0.8803
2.86471224 0.8412
2.84604652 0.8310
2.82600710 0.8283
2.81598906 0.8206
2.80853953 0.7999
2.79771997 0.7802
2.79628246 0.7696
2.80341311 0.7645
2.81987804 0.7756
2.84298624 0.8063
2.86533844 0.8430
2.89195287 0.8670
2.92012324 0.8802
2.94927938 0.8846
2.96074127 0.8493
2.94428997 0.8611
2.94006864 0.8930
2.94907360 0.9104
2.96582989 0.9008
2.97945385 0.8347
2.94878491 0.7952
2.92274781 0.8176
2.91540010 0.8485
2.92457280 0.8800
2.93618297 0.8963
2.94133744 0.8907
2.93677811 0.8781
2.92220316 0.8704
2.90404849 0.8650
2.88907503 0.8544
2.87725311 0.8420
2.87416996 0.8387
2.88493026 0.8508
2.90640470 0.8646
2.92861641 0.8583
2.94301682 0.8484
2.96142564 0.8686
2.98082949 0.9105
2.98194798 0.9097
2.96159825 0.8781
2.93192434 0.8570
2.90561687 0.8518
2.89184342 0.8505
2.89200851 0.8565
2.89904017 0.8607
2.89584018 0.8623
2.88426997 0.8649
2.87545844 0.8726
2.87690760 0.8887
2.88530729 0.9070
2.89140675 0.9273
2.89448599 0.9445
2.89872290 0.9573
2.90729477 0.9619
2.91871469 0.9513
2.91975372 0.9283
2.91884687 0.9266
2.92350462 0.9420
2.90798522 0.8985
2.87609228 0.8558
2.84936434 0.8489
2.83314465 0.8726
2.83107769 0.9094
2.83749447 0.9445
2.84521137 0.9632
2.85001599 0.9663
2.85243359 0.9666
2.85823156 0.9698
2.86646139 0.9622
2.87608727 0.9341
2.88219988 0.8951
2.88461642 0.8868
2.88445882 0.9175
2.87759722 0.9318
2.86849903 0.9257
2.85270982 0.9099
2.83209598 0.8924
2.80832288 0.8816
2.78405272 0.8721
2.76623196 0.8628
2.76384162 0.8506
2.77967557 0.8369
2.80956234 0.8318
2.84885077 0.8624
2.87812212 0.9454
2.87053304 0.8855
2.86796340 0.8424
2.88547514 0.8232
2.91948947 0.8773
2.92237278 0.9631
2.90464340 0.9703
2.89182000 0.9597
2.89063505 0.9465
2.89541256 0.9464
2.90313886 0.9549
2.90879607 0.9523
2.90770306 0.9357
2.90291746 0.9231
2.89664266 0.9224
2.89451955 0.9285
2.90089047 0.9246
2.91914572 0.9116
2.93833106 0.9036
2.94658029 0.8964
2.94857472 0.8844
2.95067038 0.8625
2.95992124 0.8449
2.98020672 0.8422
2.98413446 0.8567
2.96785113 0.8753
2.95289316 0.8865
2.94597201 0.8821
2.94728952 0.8647
2.94664409 0.8494
2.94553506 0.8510
2.94454293 0.8601
2.93962358 0.8733
2.92679831 0.8903
2.90774006 0.9146
2.90153343 0.9450
2.90784816 0.9668
2.92250855 0.9620
2.93987521 0.9441
2.94850184 0.9243
2.95451270 0.9068
2.96837411 0.8701
2.97243415 0.8594
2.94999119 0.9161
2.93063469 0.9475
2.90949088 0.9605
2.89180782 0.9672
2.88315532 0.9631
2.88315892 0.9435
2.88755087 0.9151
2.89015743 0.8947
2.89779300 0.8841
2.91170899 0.9047
2.90516778 0.9355
2.88877384 0.9379
2.87090261 0.9422
2.85705656 0.9451
2.85750664 0.9396
2.87381876 0.9226
2.89329638 0.8996
2.90168005 0.8642
2.91497070 0.8560
2.93542868 0.8776
2.92983146 0.9943
2.92689494 1.0214
2.92124608 1.0393
2.91094122 1.0470
2.90411027 1.0453
2.91195268 1.0166
2.90852630 0.7349
2.88756441 0.7612
2.87152024 0.7799
2.86305467 0.8069
2.85966874 0.8517
2.86026613 0.9068
2.86250403 0.9517
2.86789110 0.9835
2.88144718 0.9993
2.90367593 0.9876
2.92820648 0.9533
2.94534302 0.9243
2.95266145 0.9450
2.94003196 0.9639
2.92192505 0.9630
2.91148310 0.9698
2.90603636 0.9882
2.89941118 1.0075
2.89191013 1.0116
2.89552657 0.9946
2.90383913 0.9637
2.90744384 0.9346
2.91588466 0.9257
2.92329590 0.9324
2.91889532 0.9499
2.90356635 0.9583
2.89376031 0.9646
2.89127077 0.9746
2.89228383 0.9838
2.89297066 0.9784
2.90056188 0.9623
2.90516730 0.9510
2.89681365 0.9553
2.87554741 0.9561
2.85382269 0.9434
2.84513661 0.9312
2.86033828 0.9372
2.88846880 0.9504
2.91878884 0.9598
2.93726490 0.9618
2.93633643 0.9532
2.91685722 0.9385
2.89164097 0.9267
2.86885512 0.9167
2.84987751 0.9095
2.84058983 0.9070
2.83892910 0.9159
2.84629632 0.9368
2.85132171 0.9505
2.85671840 0.9313
2.87333650 0.8808
2.88298036 0.8448
2.89071837 0.8479
2.89423610 0.8555
2.89012525 0.8625
2.88286945 0.8785
2.87985087 0.9055
2.88508985 0.9424
2.89597288 0.9754
2.90769932 0.9812
2.92027065 0.9522
2.93185586 0.9124
2.94332185 0.9002
2.94392196 0.9123
2.91191824 0.8891
2.87541887 0.8621
2.85432096 0.8478
2.85479039 0.8555
2.86505871 0.8775
2.87623579 0.8875
2.88383626 0.8791
2.89588159 0.8711
2.91782386 0.8830
2.94428007 0.9190
2.96155236 0.9580
2.96646517 0.9796
2.96606301 0.9831
2.97382784 0.9792
2.98223766 0.9642
2.98444889 0.9208
2.96939791 0.8309
2.95004276 0.8025
2.94957777 0.7954
2.95266548 0.8346
2.92786677 0.8784
2.89136859 0.8795
2.86438153 0.8698
2.85677621 0.8697
2.86563342 0.8785
2.88430673 0.8826
2.90301070 0.8746
2.92034644 0.8572
2.92941812 0.8431
2.92159059 0.8336
2.90042093 0.8361
2.88357249 0.8534
2.88302863 0.8804
2.89381456 0.9066
2.90318974 0.9315
2.90976697 0.9481
2.91878515 0.9441
2.93422913 0.8932
2.94082870 0.8207
2.93807920 0.7928
2.92962264 0.7733
2.92362351 0.7578
2.92526510 0.7487
2.93015066 0.7449
2.94004800 0.7500
2.94849542 0.7704
2.92079174 0.8574
2.87913372 0.8644
2.85337062 0.8637
2.84979678 0.8658
2.86470665 0.8669
2.89352891 0.8728
2.91506235 0.8655
2.92302852 0.8402
2.92936730 0.8263
2.93178151 0.8255
2.93562104 0.8314
2.93638443 0.8357
2.92972764 0.8327
2.92035370 0.8261
2.90561976 0.8153
2.88258870 0.8093
2.86628396 0.8098
2.86598314 0.8068
2.87681778 0.8070
2.88930090 0.8229
2.89126484 0.8632
2.87247333 0.8829
2.85133968 0.8848
2.85199184 0.8821
2.86801407 0.8864
2.87297194 0.8974
2.87092193 0.9067
2.88516561 0.9222
2.90838237 0.9152
2.92281857 0.8458
2.92267460 0.7703
2.91317731 0.7710
2.89171388 0.8384
2.86735149 0.8708
2.85861205 0.8809
2.86543067 0.8846
2.87022813 0.8707
2.87102281 0.8401
2.88355285 0.8393
2.90198071 0.8538
2.91655965 0.8729
2.92726981 0.8971
2.93557662 0.9217
2.93573069 0.9329
2.92537626 0.9190
2.90600739 0.9050
2.89488418 0.9037
2.90119667 0.9065
2.91198983 0.8975
2.91922625 0.8763
2.92504001 0.8609
2.93388349 0.8592
2.93587669 0.8466
2.91553587 0.8229
2.89255497 0.8226
2.87580229 0.8460
2.87310182 0.8779
2.88464755 0.8892
2.90069903 0.8697
2.91380878 0.8391
2.92373159 0.8260
2.93302481 0.8312
2.94463488 0.8327
2.95696856 0.8335
2.97107918 0.8325
2.94533919 0.8493
2.91795873 0.8608
2.91747522 0.8710
2.94052345 0.8742
2.96633588 0.8788
2.98258309 0.8960
2.98996597 0.9197
2.99146522 0.9337
2.98831051 0.9341
2.96730674 0.9304
2.93467423 0.9308
2.90395285 0.9347
2.89225634 0.9330
2.90339058 0.9059
2.92456152 0.8643
2.94281269 0.8307
2.95425978 0.8443
2.95282346 0.8749
2.95338806 0.8779
2.93745067 0.8760
2.91004324 0.8838
2.88410755 0.9030
2.87328820 0.9126
2.88669536 0.8926
2.91856583 0.8517
2.95159814 0.8254
2.96762942 0.8544
2.96417410 0.8910
2.95986474 0.8863
2.96303480 0.8695
2.96613864 0.8587
2.94420436 0.8756
2.91550633 0.8922
2.90358615 0.8880
2.90958099 0.8707
2.92348208 0.8661
2.92321218 0.9067
2.90697870 0.9370
2.89429123 0.9426
2.89564760 0.9292
2.91418753 0.8954
2.93543436 0.8616
2.94937491 0.8516
2.96412289 0.8571
2.98291445 0.8473
3.00394336 0.8195
2.99617909 0.9376
2.98011277 0.9728
2.97042241 0.9778
2.96536215 0.9412
2.93528842 0.8282
2.89691410 0.8272
2.87683900 0.8373
2.87404667 0.8505
2.87860924 0.8531
2.88658137 0.8387
2.89090614 0.8235
2.88472840 0.8182
2.86757780 0.8096
2.84310371 0.7980
2.82114627 0.8118
2.81184650 0.8453
2.81474442 0.8788
2.83500744 0.9008
2.86914170 0.9043
2.89308048 0.8758
2.85311626 0.8484
2.83469956 0.8745
2.84879519 0.8979
2.87927274 0.9080
2.89269953 0.8804
2.86201084 0.8569
2.83472228 0.8610
2.82893937 0.8689
2.85048849 0.8747
2.88237309 0.8886
2.89982477 0.9273
2.89493842 0.9675
2.88419038 0.9770
2.87155515 0.9567
2.85334799 0.9144
2.83785743 0.8720
2.82515722 0.8486
2.81840171 0.8387
2.82772591 0.8408
2.84889730 0.8555
2.87272247 0.8735
2.89038164 0.8776
2.89409588 0.8659
2.88545541 0.8600
2.86674415 0.8478
2.84663138 0.8346
2.83401960 0.8336
2.83259260 0.8438
2.83655194 0.8500
2.85166675 0.8484
2.87570211 0.8484
2.89689656 0.8494
2.90340325 0.8389
2.90592187 0.8617
2.90256792 0.8910
2.89484152 0.9057
2.89145022 0.9209
2.89604812 0.9326
2.90620813 0.9287
2.91898459 0.8990
2.91486480 0.8782
2.90533690 0.9002
2.91365411 0.9122
2.93009816 0.9104
2.94362114 0.9007
2.95468703 0.8930
2.97475494 0.9001
2.98647887 0.9035
2.95592571 0.8621
2.92659274 0.8677
2.90910892 0.8854
2.90086663 0.8950
2.90625825 0.8930
2.92292570 0.8720
2.92773024 0.8420
2.89809396 0.8319
2.88294965 0.8368
2.88684682 0.8516
2.89741275 0.8736
2.90170933 0.8945
2.90454473 0.9084
2.90932979 0.9153
2.90437355 0.9168
2.88499220 0.9357
2.86445484 0.9590
2.85288289 0.9691
2.85943893 0.9674
2.88390687 0.9710
2.90296836 0.9286
2.88794543 0.8302
2.88141534 0.8081
2.90699216 0.8263
2.92697142 0.9068
2.89403623 0.9203
2.85406524 0.9375
2.82171668 0.9424
2.80797227 0.9385
2.81389806 0.9464
2.83141221 0.9618
2.84687304 0.9709
2.84908813 0.9614
2.84946430 0.9505
2.85795183 0.9466
2.86409502 0.9446
2.86003049 0.9523
2.84660878 0.9543
2.83739729 0.9454
2.84261724 0.9371
2.85970935 0.9372
2.87325695 0.9355
2.88363883 0.9295
2.89389149 0.9285
2.89672352 0.9300
2.89136880 0.9455
2.88060572 0.9677
2.87287360 0.9822
2.86983049 0.9840
2.87241555 0.9729
2.87302404 0.9167
2.85351477 0.8227
2.83107642 0.7972
2.82282016 0.8119
2.82901041 0.8478
2.84315880 0.9055
2.84773738 0.9520
2.84300718 0.9626
2.84066952 0.9426
2.85072077 0.9094
2.87788350 0.8801
2.90797465 0.8510
2.92984218 0.8449
2.94231138 0.8589
2.94990039 0.8789
2.95217941 0.9160
2.94778020 0.9617
2.93449433 0.9949
2.92197832 1.0031
2.91413175 0.9910
2.91414540 0.9802
2.91920139 0.9545
2.92187463 0.9074
2.91987956 0.8823
2.90810977 0.8873
2.89025056 0.9103
2.87486725 0.9348
2.86925118 0.9541
2.88008747 0.9560
2.90073611 0.9555
2.91538301 0.9627
2.91856834 0.9661
2.91963683 0.9586
2.92494546 0.9518
2.92034368 0.9512
2.90620526 0.9566
2.89076784 0.9606
2.86991665 0.9526
2.84811814 0.9260
2.83633668 0.8889
2.84242405 0.8657
2.85780790 0.8745
2.86994740 0.8878
2.87015231 0.8909
2.85999173 0.9042
2.84622672 0.9371
2.84115224 0.9745
2.84842984 0.9917
2.85704970 0.9836
2.86730871 0.9613
2.88721820 0.9342
2.91574034 0.9163
2.92419735 0.9390
2.91219833 0.9541
2.90280229 0.9527
2.89099218 0.9718
2.87401049 1.0200
2.86903454 1.0550
2.87687676 1.0534
2.88739378 1.0217
2.89556734 0.9858
2.90643689 0.9606
2.91444254 0.9490
2.91440166 0.9365
2.90378648 0.9038
2.88530363 0.8795
2.86796417 0.8929
2.85789948 0.9366
2.85661286 0.9701
2.86155147 0.9849
2.87002607 0.9884
2.87464700 0.9692
2.87817566 0.9646
2.88361233 0.9662
2.88095227 0.9268
2.87815953 0.8900
2.88099219 0.8738
2.88665406 0.8740
2.88841478 0.8749
2.88524336 0.8639
2.88121681 0.8564
2.88080003 0.8563
2.89083105 0.8724
2.90141852 0.9007
2.90177814 0.9225
2.89308208 0.9289
2.88113981 0.9172
2.87555404 0.8957
2.87881044 0.8792
2.89116324 0.8851
2.90029843 0.9181
2.89621323 0.9444
2.88806126 0.9538
2.88734842 0.9531
2.89165677 0.9519
2.90011831 0.9489
2.90986936 0.9433
2.91174784 0.9298
2.90319584 0.9065
2.88890746 0.8815
2.88248048 0.8675
2.88543445 0.8630
2.88066379 0.8495
2.86575006 0.8312
2.84361006 0.8155
2.82525473 0.8186
2.81908123 0.8302
2.83350349 0.8439
2.86501930 0.8559
2.89744739 0.8644
2.92218330 0.8728
2.93173198 0.8838
2.93852068 0.8917
2.96501401 0.8910
3.00510942 0.8952
3.01963205 0.9043
2.99846823 0.8963
2.98866913 0.9136
2.99172057 0.9155
2.99628011 0.8958
2.99623881 0.8731
2.99451215 0.8825
2.99451904 0.9157
2.98807986 0.9012
2.97677417 0.8607
2.95292707 0.8382
2.93488540 0.8436
2.92715724 0.8629
2.92425693 0.8732
2.91985507 0.8538
2.91000154 0.8273
2.89822613 0.8366
2.89203071 0.8703
2.89306898 0.8764
2.89069208 0.8521
2.86747481 0.8246
2.83520290 0.8207
2.81514289 0.8319
2.80191728 0.8449
2.80147527 0.8461
2.81100488 0.8396
2.82427964 0.8351
2.83763379 0.8464
2.83814059 0.8678
2.83668528 0.8609
2.84330795 0.8672
2.85633169 0.8801
2.87040534 0.8873
2.88662994 0.8829
2.90446375 0.8807
2.91825823 0.8901
2.91194490 0.9108
2.89139588 0.9362
2.86175079 0.9487
2.83573575 0.9361
2.82133867 0.9095
2.82141558 0.8890
2.83378644 0.8829
2.85643541 0.8911
2.87915420 0.9002
2.88931389 0.9028
2.88329453 0.8946
2.87233441 0.8883
2.86513810 0.8958
2.85659986 0.9061
2.84352922 0.9005
2.83080148 0.8823
2.83526221 0.8643
2.85126955 0.8408
2.85703175 0.8124
2.83645465 0.8075
2.82251652 0.8027
2.82445681 0.7936
2.83237183 0.7972
2.82259594 0.8513
2.80909194 0.8876
2.81207162 0.9123
2.83575955 0.9313
2.87045026 0.9444
2.89741992 0.9375
2.90699414 0.8888
2.90526319 0.8277
2.91648451 0.8231
2.94567892 0.8499
2.96637794 0.8798
2.95085257 0.8777
2.91537326 0.8652
2.89042151 0.8625
2.89237561 0.8695
2.90838764 0.8838
2.92746017 0.9048
2.93953953 0.9314
2.94393047 0.9467
2.94828806 0.9394
2.95493266 0.9101
2.96540389 0.8869
2.97395723 0.8704
2.98153465 0.8596
2.97556444 0.8594
2.95020282 0.8440
2.92873803 0.8375
2.90221987 0.8607
2.86818039 0.8886
2.84935083 0.9150
2.84896514 0.9253
2.86094165 0.9259
2.87217474 0.9219
2.88482636 0.9120
2.91004747 0.8948
2.92605830 0.8813
2.90905507 0.8693
2.91537740 0.8650
2.92285188 0.8873
2.91565234 0.9559
2.90079551 1.0067
2.89381824 1.0132
2.88814889 0.9932
2.87583717 0.9720
2.86735903 0.9628
2.86249093 0.9393
2.85118081 0.9037
2.84912521 0.9369
2.85377612 0.9544
2.85430484 0.9731
2.84910136 0.9981
2.85678877 1.0169
2.87971746 1.0123
2.90563253 0.9945
2.92754028 0.9800
2.93739225 0.9489
2.93505595 0.8503
2.93952878 0.7972
2.91804982 0.9354
2.88995714 0.9624
2.86012301 0.9799
2.83903251 0.9873
2.83616168 0.9773
2.85013693 0.9489
2.86676859 0.9158
2.87179973 0.8750
2.87140247 0.8359
2.88619781 0.8711
2.88995327 0.9335
2.88650837 0.9540
2.88408138 0.9818
2.88821653 1.0153
2.90363047 1.0371
2.92438112 1.0345
2.94079324 1.0103
2.95086199 0.9792
2.95262064 0.9504
2.94492953 0.9164
2.93104784 0.9125
2.91755222 0.9166
2.89960921 0.9229
2.88865015 0.9499
2.89664798 0.9830
2.91629843 1.0036
2.94063105 1.0155
2.95647206 1.0292
2.95742307 1.0467
2.94839068 1.0455
2.94135435 1.0205
2.93439840 0.9826
2.91999843 0.9450
2.90008539 0.9255
2.88955679 0.9247
2.89054791 0.9124
2.89680395 0.8593
2.90536435 0.7422
2.90697536 0.7371
2.91896051 0.9372
2.90395276 0.9885
2.88798019 0.9705
2.88432732 0.9495
2.88433453 0.9294
2.88705509 0.9098
2.89177380 0.8869
2.90289759 0.8352
2.89374733 0.7894
2.87881490 0.8233
2.88456226 0.8612
2.88967775 0.9426
2.87599131 0.9611
2.86835932 0.9693
2.87397952 0.9817
2.88400022 0.9861
2.89548671 0.9801
2.90348086 0.8904
2.87153511 0.7612
2.84963803 0.7644
2.86051201 0.8050
2.87132005 0.9987
2.85127878 0.9880
2.84321312 0.9784
2.84860791 0.9769
2.85691709 0.9706
2.85973471 0.9582
2.86278841 0.9409
2.87533217 0.9381
2.89425097 0.9468
2.91008552 0.9873
2.91289485 0.9943
2.90955354 0.9765
2.90825999 0.9392
2.90216356 0.8427
2.89324193 0.8119
2.89285960 0.8338
2.88755378 0.8696
2.87096038 0.8911
2.85724261 0.9136
2.84795954 0.9408
2.83341620 0.9559
2.81885320 0.9519
2.82287684 0.9499
2.85177477 0.9599
2.89019729 0.9692
2.92063217 0.8869
2.88642598 0.7135
2.85229742 0.7392
2.82603015 0.7634
2.82633837 0.7772
2.85036740 0.7922
2.87697265 0.8633
2.88489665 0.9289
2.88835732 0.9551
2.88799631 0.9788
2.88515001 0.9908
2.88196412 0.9907
2.87907730 0.9898
2.87765013 0.9908
2.87829007 0.9858
2.88048223 0.9642
2.88974915 0.9356
2.90814103 0.9184
2.93094717 0.9152
2.94414182 0.9212
2.94603335 0.9525
2.93767900 0.9828
2.92325075 0.9860
2.90734865 0.9993
2.89126653 1.0093
2.87578111 0.9981
2.86555618 0.9657
2.86872098 0.9273
2.88791314 0.9002
2.91678361 0.8928
2.93495698 0.8582
2.95242030 0.8611
2.97003031 0.8909
2.98321949 0.9261
2.98263290 0.9513
2.96657250 0.9572
2.94397676 0.9485
2.93598988 0.9319
2.93938186 0.8972
2.92947052 0.8433
2.91184293 0.8119
2.91926977 0.8045
2.95532971 0.7977
2.97413924 0.9000
2.96517317 0.9459
2.95096718 0.9684
2.93760816 0.9871
2.93109667 1.0006
2.93071137 1.0030
2.93101706 0.9922
2.92766557 0.9697
2.91977692 0.9526
2.91649065 0.9463
2.91345145 0.9364
2.90254810 0.9002
2.89269533 0.9244
2.87216978 0.8881
2.85546351 0.8717
2.85467406 0.8733
2.86060864 0.8736
2.86891719 0.8789
2.88296004 0.9073
2.89307218 0.9377
2.89299645 0.9492
2.89293632 0.9648
2.88803136 0.9731
2.86895041 0.9596
2.84566717 0.9324
2.82965340 0.8979
2.81984147 0.8524
2.80537107 0.8189
2.80600354 0.8181
2.83637529 0.8261
2.88041145 0.8321
2.89925790 0.9316
2.89844634 0.9779
2.90223752 1.0097
2.90859929 1.0392
2.92111039 1.0589
2.93257478 1.0624
2.94006999 1.0442
2.93815390 0.9728
2.92797028 0.8675
2.91578721 0.8242
2.91436700 0.8208
2.89443063 0.8777
2.85669582 0.8717
2.82559632 0.8825
2.81033537 0.9064
2.80837937 0.9260
2.81380850 0.9147
2.82546265 0.8893
2.84530650 0.8767
2.86737704 0.8485
2.87796122 0.7620
2.86873483 0.7055
2.86368946 0.7302
2.86776144 0.7746
2.87026186 0.8114
2.86800212 0.8393
2.85611099 0.8700
2.83943132 0.9029
2.82922241 0.9291
2.83214612 0.9585
2.84553117 0.9791
2.85916975 0.9824
2.86441432 0.9545
2.85915828 0.9035
2.85231314 0.8740
2.85100251 0.8663
2.85501365 0.8594
2.86625891 0.8515
2.90222737 0.8517
2.94996414 0.8667
2.94732571 0.8879
2.93143373 0.9056
2.92959007 0.9420
2.93292507 0.9616
2.93405758 0.9473
2.93189357 0.9315
2.92276174 0.9312
2.91461081 0.9421
2.91802333 0.9475
2.93621896 0.9472
2.96175057 0.9357
2.97804542 0.9147
2.97850835 0.9015
2.97065828 0.8933
2.96709624 0.8984
2.95831645 0.9177
2.93254787 0.9271
2.89731331 0.9176
2.87018675 0.8993
2.85647056 0.8824
2.85547975 0.8695
2.86634551 0.8716
2.88817675 0.8952
2.91670423 0.9417
2.94285590 0.9706
2.96279391 0.9673
2.97713450 0.9596
2.98589298 0.9719
2.98360548 0.9768
2.97384805 0.9686
2.96017767 0.9619
2.94007984 0.9479
2.91983791 0.9262
2.90595019 0.9122
2.89677733 0.9132
2.89124916 0.9133
2.88669765 0.9144
2.88738576 0.9210
2.88847748 0.9367
2.89039748 0.9577
2.88841772 0.9739
2.88203900 0.9802
2.87044650 0.9789
2.86378056 0.9799
2.86648189 0.9829
2.87281845 0.9807
2.87070666 0.9764
2.85693110 0.9777
2.84100016 0.9821
2.82335955 0.9541
2.80472296 0.9105
2.79042508 0.9004
2.78170522 0.9194
2.77306779 0.9490
2.76531935 0.9721
2.76512806 0.9805
2.77231293 0.9747
2.78464883 0.9661
2.80072160 0.9664
2.82282150 0.9756
2.84755730 0.9854
2.86385256 0.9765
2.87229890 0.9133
2.86937543 0.7255
2.85880358 0.8359
2.86342504 0.9070
2.87812356 0.9365
2.89638816 0.9224
2.90855829 0.8936
2.91045225 0.8860
2.91354295 0.9061
2.92354852 0.9296
2.93793423 0.9507
2.95723405 0.9764
2.97666439 0.9970
2.98821543 0.9514
2.98670129 0.9144
2.97484088 0.8870
2.95552229 0.8708
2.93931317 0.8636
2.92664396 0.8705
2.91000040 0.8877
2.88681699 0.8979
2.86735214 0.9090
2.85883930 0.9190
2.86695570 0.9317
2.88502372 0.9343
2.90280374 0.9235
2.91901901 0.9169
2.93848521 0.9100
2.95234540 0.8758
2.95755674 0.8330
2.96158026 0.8482
2.95316031 0.8834
2.94786543 0.9031
2.95514964 0.9274
2.96028803 0.9418
2.95774033 0.9400
2.95249669 0.9284
2.94570070 0.9139
2.94211853 0.9083
2.93524032 0.8861
2.92257021 0.8685
2.91861662 0.8682
2.92778655 0.8872
2.94554200 0.9167
2.96039822 0.9447
2.96264353 0.9633
2.95098545 0.9757
2.93092236 0.9858
2.91137434 0.9948
2.88991042 0.9931
2.86973215 0.9787
2.85815489 0.9516
2.85663724 0.9244
2.86526221 0.9086
2.87642764 0.8982
2.88226067 0.8884
2.87684420 0.8694
2.86545296 0.8308
2.85584288 0.8111
2.85846451 0.8606
2.85129354 0.9402
2.82716401 0.9486
2.80380250 0.9365
2.78445064 0.9225
2.76970504 0.9064
2.75919258 0.8895
2.75575883 0.8799
2.75899903 0.8796
2.75775412 0.8775
2.75798315 0.8769
2.76489036 0.8762
2.77302078 0.8729
2.78883532 0.8825
2.81100708 0.9089
2.83505253 0.9488
2.84778939 0.9739
2.84540195 0.9770
2.84161860 0.9725
2.84435129 0.9776
2.84829595 0.9935
2.84190241 1.0109
2.82110365 1.0218
2.80065144 1.0124
2.79302294 0.9972
2.80505270 0.9882
2.82460090 0.9835
2.83452596 0.9742
2.83187440 0.9605
2.82829719 0.9530
2.82732356 0.9577
2.82805085 0.9712
2.83007011 0.9771
2.83538934 0.9532
2.84297212 0.9073
2.85754827 0.8811
2.87518663 0.8887
2.88305524 0.9105
2.87349648 0.9136
2.85662984 0.9106
2.84250752 0.9090
2.83515669 0.9114
2.83356422 0.9298
2.84486574 0.9705
2.86718949 1.0071
2.89479747 1.0219
2.92349369 1.0163
2.94063975 1.0094
2.94092430 1.0165
2.92665152 1.0302
2.90594777 1.0331
2.89886918 1.0225
2.90572717 1.0050
2.91962198 1.0011
2.92821786 0.9622
2.93438292 0.9423
2.94501946 0.9740
2.95004890 0.9994
2.94730590 1.0187
2.93674329 1.0164
2.92408709 1.0046
2.91450249 0.9819
2.90840625 0.9385
2.89106048 0.9143
2.87021353 0.9184
2.85806809 0.9263
2.85681881 0.9322
2.86558537 0.9364
2.88094700 0.9388
2.90594753 0.9526
2.92557434 1.0068
2.92975464 1.0359
2.92685586 1.0234
2.91958887 0.9932
2.91263456 0.9753
2.90639222 0.9699
2.90202500 0.9660
2.89304262 0.9675
2.87043184 0.9545
2.84989259 0.9160
2.85125715 0.8981
2.85936453 0.9578
2.85634864 1.0051
2.85082315 0.9972
2.85114528 0.9617
2.85439507 0.9201
2.86665141 0.9189
2.87765268 0.9238
2.87700102 0.9054
2.86450281 0.8859
2.85548200 0.9492
2.85150023 0.9862
2.85050617 0.9902
2.84563911 0.9810
2.83015189 0.9623
2.81233478 0.9438
2.80094135 0.9397
2.79873561 0.9422
2.80014419 0.9429
2.80008299 0.9411
2.81022922 0.9386
2.84075817 0.9346
2.88279499 0.9291
2.91167145 0.9190
2.92104206 0.9056
2.92255752 0.9004
2.92959732 0.9267
2.92927314 0.9975
2.90897237 1.0600
2.88381864 1.0848
2.86117608 1.0907
2.84245645 1.0745
2.83759915 1.0381
2.84901254 0.9992
2.85508636 0.9704
2.84038381 0.9308
2.82381664 0.9055
2.82500411 0.9112
2.83699650 0.9386
2.85508371 0.9723
2.87883032 1.0034
2.90059247 1.0317
2.91736036 1.0461
2.92816841 1.0393
2.93334539 1.0065
2.92963321 0.9380
2.91478679 0.8434
2.89360960 0.8553
2.86650321 0.8943
2.84160030 0.9096
2.83613932 0.9216
2.84581939 0.9316
2.85905487 0.9391
2.87177891 0.9360
2.89064767 0.9190
2.91931054 0.8906
2.92592545 0.8213
2.91784697 0.8569
2.92043557 0.9030
2.92114529 0.9681
2.91023545 0.9944
2.90105776 0.9943
2.89251474 0.9771
2.87606107 0.9534
2.86024497 0.9334
2.84383216 0.8978
2.82142153 0.8380
2.81153215 0.8307
2.83062180 0.8624
2.86745918 0.9300
2.89678918 0.9840
2.91225635 0.9935
2.92285738 0.9739
2.92993261 0.9371
2.93148344 0.8905
2.91195727 0.8212
2.87578722 0.7757
2.86232796 0.7599
2.87979545 0.7551
2.88846290 0.9928
2.85230399 0.9848
2.82496367 0.9893
2.81189319 0.9863
2.80172810 0.9701
2.79374507 0.9490
2.79073914 0.9336
2.79662296 0.9326
2.80931833 0.9375
2.82606824 0.9440
2.84239589 0.9453
2.85340812 0.9491
2.85645437 0.9577
2.84930529 0.9648
2.83607576 0.9583
2.82213860 0.9420
2.80945659 0.9288
2.79513323 0.9207
2.78497888 0.9187
2.78844590 0.9251
2.80111791 0.9350
2.81937744 0.9386
2.83909989 0.9310
2.85510217 0.9259
2.86740013 0.9237
2.87846952 0.9202
2.89247633 0.9180
2.90036326 0.9182
2.90340734 0.9271
2.90923918 0.9411
2.91098542 0.9493
2.90674482 0.9509
2.89655006 0.9525
2.88524665 0.9504
2.87430129 0.9470
2.86427430 0.9404
2.85458241 0.9326
2.84581686 0.9253
2.84150649 0.9191
2.84127323 0.9151
2.84799252 0.9162
2.85858040 0.9186
2.87721872 0.9199
2.89799577 0.9144
2.91603147 0.9087
2.93153705 0.9024
2.94546172 0.8963
2.95449247 0.8790
2.95306195 0.8560
2.94498101 0.8585
2.92792520 0.8571
2.91108875 0.8559
2.89633293 0.8550
2.88663262 0.8454
2.88222373 0.8249
2.87587662 0.8080
2.87860039 0.8034
2.89256791 0.8184
2.90144612 0.8696
2.88828608 0.8495
2.88484122 0.8449
2.88805384 0.8535
2.88414904 0.8611
2.87861614 0.8648
2.88014323 0.8625
2.89022111 0.8545
2.90003855 0.8455
2.90671989 0.8486
2.91011594 0.8624
2.90901897 0.8756
2.90199148 0.8759
2.89136029 0.8654
2.87647454 0.8568
2.85364808 0.8460
2.82952245 0.8334
2.81231271 0.8149
2.80877016 0.7949
2.81835224 0.7827
2.83324735 0.7850
2.84866407 0.8010
2.85796372 0.8256
2.86064869 0.8403
2.86220962 0.8715
2.86149929 0.9142
2.85797364 0.9437
2.86204039 0.9522
2.87378996 0.9444
2.88800357 0.9308
2.89117544 0.9120
2.88118098 0.8874
2.87084354 0.8621
2.87175660 0.8456
2.88083391 0.8530
2.87979267 0.8814
2.86362912 0.9136
2.84114128 0.9345
2.83129340 0.9439
2.83738677 0.9429
2.85324650 0.9311
2.86611836 0.9276
2.86554174 0.9363
2.85480972 0.9341
2.85406409 0.9156
2.86227464 0.8949
2.86953523 0.8833
2.87259041 0.8842
2.88037895 0.8914
2.89464150 0.8984
2.90996750 0.9041
2.91893650 0.9148
2.91752927 0.9304
2.90313600 0.9490
2.88633646 0.9582
2.87922603 0.9456
2.87372197 0.8966
2.86083643 0.7734
2.83438594 0.6477
2.81097914 0.6420
2.80488433 0.6447
2.81021950 0.6337
2.82486447 0.6590
2.82994525 0.8536
2.82458533 0.9396
2.82151895 0.9668
2.82379106 0.9770
2.83118357 0.9833
2.84316363 0.9867
2.86076180 0.9823
2.88264899 0.9661
2.89706329 0.9480
2.89973715 0.9420
2.89033967 0.9562
2.87572520 0.9865
2.86211040 1.0110
2.85139938 1.0136
2.83871718 0.9803
2.83155054 0.9571
2.83882517 0.9805
2.85128577 1.0028
2.86075269 0.9848
2.85906250 0.9577
2.84543526 0.9409
2.82878083 0.9372
2.82214069 0.9379
2.82572954 0.9377
2.83396616 0.9428
2.85073941 0.9680
2.87301616 0.9966
2.89525994 1.0161
2.90991288 1.0188
2.90718370 1.0131
2.88547643 1.0075
2.84949128 1.0042
2.81256924 0.9940
2.78779138 0.9777
2.78074805 0.9666
2.79076659 0.9651
2.81011664 0.9643
2.83338637 0.9606
2.85737778 0.9556
2.87754491 0.9521
2.88873817 0.9560
2.88580330 0.9652
2.87300725 0.9724
2.85569666 0.9808
2.84441890 0.9935
2.84313409 1.0092
2.84873321 1.0228
2.86013741 1.0299
2.86813658 1.0340
2.86940647 1.0339
2.86911230 1.0249
2.87333461 1.0098
2.87238989 0.9820
2.86902371 0.9328
2.86577291 0.8421
2.87305736 0.7684
2.88498226 1.0112
2.89104397 1.0236
2.89702146 1.0377
2.89132302 1.0528
2.87508421 1.0671
2.85948095 1.0674
2.85312862 1.0503
2.85133405 1.0232
2.85179579 0.9950
2.85366627 0.9631
2.85915482 0.9348
2.88059340 0.9479
2.90949120 1.0048
2.92423210 1.0608
2.91354683 1.0848
2.89723367 1.0928
2.89593594 1.0910
2.90561756 1.0653
2.90771127 0.6473
2.89700340 0.6608
2.90951669 0.9263
2.91092779 1.0010
2.90043700 1.0083
2.88386882 1.0231
2.86556809 1.0434
2.85380527 1.0558
2.85973552 1.0513
2.87680988 1.0290
2.89084244 0.8936
2.85683454 0.7085
2.83981766 0.7277
2.85359938 0.7361
2.87183104 1.0221
2.85529335 1.0159
2.83555474 1.0190
2.82402605 1.0235
2.82135854 1.0194
2.82320293 1.0159
2.82409919 1.0221
2.81468784 1.0416
2.80411521 1.0556
2.79766624 1.0608
2.80363848 1.0617
2.81480026 1.0675
2.82722011 1.0747
2.83341208 1.0783
2.83929945 1.0724
2.84858707 1.0661
2.85482850 1.0656
2.85125098 1.0736
2.83580150 1.0865
2.82142892 1.0991
2.81530027 1.0992
2.81621329 1.0929
2.81504812 1.0883
2.81303401 1.0843
2.81430091 1.0707
2.81598258 1.0459
2.82066503 1.0272
2.82154496 1.0156
2.81263447 1.0034
2.79341726 0.9875
2.77791601 0.9789
2.77538809 0.9739
2.78150819 0.9737
2.79240396 0.9751
2.80694602 0.9730
2.82746751 0.9602
2.84955846 0.9374
2.86237556 0.9106
2.86971838 0.9104
2.87391725 0.9605
2.87125281 0.9832
2.87916880 0.9822
2.89430088 0.9649
2.90481816 0.9478
2.90811258 0.9358
2.90937233 0.9138
2.90831588 0.8788
2.90088595 0.8507
2.89660927 0.8622
2.90043113 0.9150
2.89542929 0.9581
2.88995916 0.9592
2.88795719 0.9599
2.88475180 0.9571
2.87812571 0.9503
2.87313888 0.9399
2.87155439 0.9309
2.86886797 0.9254
2.85799202 0.9318
2.83546143 0.9470
2.81127003 0.9568
2.80333831 0.9633
2.81150074 0.9647
2.82947045 0.9639
2.84723727 0.9580
2.86060889 0.9447
2.87528337 0.9333
2.88696259 0.9350
2.88441671 0.9402
2.86785342 0.9401
2.84661868 0.9356
2.83150257 0.9334
2.83560914 0.9382
2.84821826 0.9460
2.85582457 0.9536
2.85549622 0.9610
2.85628651 0.9713
2.85897747 0.9847
2.85672161 0.9886
2.84811896 0.9807
2.84142919 0.9589
2.85054544 0.9313
2.87344409 0.9085
2.90289883 0.8989
2.92474111 0.9011
2.92808592 0.8886
2.91689820 0.8620
2.90539843 0.8594
2.89993507 0.8980
2.89321406 0.9422
2.87716239 0.9665
2.86846251 0.9659
2.86977948 0.9393
2.86841652 0.8996
2.86594187 0.8886
2.87311051 0.8869
2.88661654 0.8427
2.87025486 0.7658
2.84627573 0.7688
2.84017016 0.8007
2.84422464 0.8407
2.85584951 0.8787
2.87333766 0.9116
2.88428895 0.9066
2.87859321 0.9042
2.87125620 0.9213
2.86726894 0.9198
2.86615017 0.8425
2.84815912 0.8004
2.82900097 0.8230
2.81784971 0.8494
2.81872905 0.8768
2.83049253 0.9056
2.84845644 0.9321
2.86153950 0.9524
2.86169363 0.9541
2.84767807 0.9509
2.83013576 0.9497
2.82068531 0.9478
2.81990523 0.9358
2.82067378 0.9187
2.82224258 0.9023
2.83128972 0.8933
2.84890279 0.8942
2.86027596 0.8920
2.86286957 0.8872
2.86074653 0.8939
2.86211077 0.9047
2.86186134 0.9043
2.85348698 0.8882
2.84012505 0.8598
2.83092220 0.8367
2.83440363 0.8250
2.85237732 0.8300
2.87439699 0.8394
2.87623285 0.8446
2.86421725 0.8482
2.84825468 0.8615
2.84134340 0.8715
2.83604954 0.8626
2.82258100 0.8447
2.81014904 0.8425
2.80953356 0.8522
2.82079639 0.8672
2.84432613 0.8786
2.87345943 0.8729
2.89552874 0.8383
2.90265383 0.8249
2.90052828 0.8632
2.90031063 0.9052
2.90389337 0.9259
2.90875299 0.9312
2.91518135 0.9255
2.92305654 0.9031
2.93329306 0.8858
2.94948412 0.8828
2.94943291 0.8664
2.93406842 0.8600
2.91661120 0.8729
2.90095069 0.8943
2.88360516 0.9135
2.86935357 0.9268
2.85954390 0.9375
2.85795982 0.9421
2.86887009 0.9314
2.88708225 0.9105
2.90151646 0.8899
2.90280452 0.8742
2.89821083 0.8705
2.89628925 0.8774
2.89929465 0.8890
2.90461145 0.9058
2.90383680 0.9284
2.89885604 0.9434
2.89692789 0.9384
2.90306316 0.9165
2.90264670 0.8876
2.88244599 0.8639
2.84434111 0.8519
2.80305548 0.8480
2.77440776 0.8477
2.76618058 0.8566
2.78064143 0.8781
2.80489036 0.9128
2.82587277 0.9370
2.84115193 0.9365
2.85550410 0.9052
2.86964223 0.8949
2.86779094 0.9328
2.84877648 0.9349
2.82123041 0.9275
2.79631291 0.9202
2.78986757 0.9256
2.80161960 0.9369
2.81360625 0.9320
2.81401944 0.8975
2.81366700 0.8725
2.82484298 0.8941
2.83153810 0.9776
2.82023084 1.0245
2.80553138 1.0259
2.80228715 1.0154
2.81944789 1.0063
2.84354591 0.9970
2.86455156 0.9716
2.87730375 0.8945
2.87289567 0.7465
2.86546400 0.6879
2.88230536 0.6822
2.89582684 1.0722
2.87399640 1.0732
2.85165466 1.0605
2.84237715 1.0407
2.84662888 1.0153
2.85669670 0.9830
2.85977929 0.9497
2.85842038 0.9332
2.85760446 0.9428
2.85707137 0.9926
2.85372759 1.0417
2.84880368 1.0631
2.84323929 1.0686
2.83858687 1.0745
2.84704617 1.0642
2.86430411 1.0209
2.87856812 0.9733
2.88480059 0.9407
2.88277304 0.9360
2.87078156 0.9542
2.85212642 0.9867
2.83363648 1.0233
2.82802225 1.0455
2.83567715 1.0592
2.85318683 1.0616
2.87164650 1.0462
2.88345250 1.0033
2.88603630 0.9596
2.87917064 0.9505
2.86736309 0.9807
2.85555070 1.0143
2.84491412 1.0361
2.83741614 1.0477
2.83356032 1.0562
2.82972612 1.0561
2.82396348 1.0520
2.81234415 1.0424
2.78606595 1.0273
2.75383070 1.0170
2.72549661 1.0231
2.71145790 1.0361
2.71800293 1.0483
2.74638143 1.0607
2.78836026 1.0777
2.83123858 1.0854
2.85262401 1.0208
2.85183601 0.8902
2.85347770 0.8957
2.85507442 1.0345
2.83673686 1.1254
2.80758146 1.1526
2.78554052 1.1502
2.77970320 1.1357
2.78702410 1.1254
2.80157922 1.1225
2.81544380 1.1103
2.82128435 1.0589
2.82085593 1.0183
2.81653631 1.0425
2.80648422 1.0993
2.78348351 1.1394
2.75990293 1.1457
2.74319140 1.1272
2.73690613 1.1064
2.74058974 1.0935
2.74698687 1.0635
2.74111634 0.8549
2.72190706 0.6067
2.71583868 0.5658
2.73350247 0.6786
2.75263200 0.8985
2.76355444 1.0717
2.76456659 1.1147
2.76678259 1.1072
2.77621175 1.0746
2.78477833 1.0259
2.78280488 0.9514
2.77178326 0.8471
2.76121431 0.7849
2.75984274 0.8535
2.75481043 0.9567
2.74819153 1.0316
2.74202280 1.0621
2.74511875 1.0665
2.75973444 1.0359
2.77911445 0.9697
2.78797346 0.8764
2.78203622 0.7969
2.77422209 0.7695
2.77545419 0.8232
2.77859923 0.9388
2.77819772 1.0339
2.78318715 1.0671
2.78936316 1.0668
2.79281617 1.0631
2.79236162 1.0566
2.79079820 1.0478
2.78813228 1.0246
2.78656818 1.0040
2.78976820 0.9908
2.79840090 0.9948
2.80922919 0.9945
2.82451051 0.9513
2.84373788 0.8478
2.86007999 0.7318
2.86932190 0.7709
2.87428862 0.9154
2.87272856 1.0017
2.86204859 1.0406
2.84130173 1.0637
2.82177813 1.0699
2.80881418 1.0629
2.80841302 1.0411
2.81933160 1.0124
2.83167532 0.9726
2.83687124 0.9158
2.84681266 0.8803
2.87131768 0.9267
2.89327020 1.0106
2.88870023 1.0684
2.85999455 1.0809
2.82290655 1.0720
2.79378779 1.0477
2.78338125 1.0201
2.78949968 0.9966
2.79499054 0.9653
2.77687272 0.8988
2.75266479 0.8651
2.74600302 0.8781
2.74654821 0.9040
2.73233450 0.9155
2.70948666 0.9102
2.69707054 0.8991
2.70738880 0.8838
2.71998044 0.8435
2.70952166 0.7805
2.68614227 0.7414
2.66928406 0.7215
2.67754050 0.7155
2.70848824 0.7427
2.73476241 0.8138
2.73246255 0.8707
2.70749332 0.8743
2.68448535 0.8546
2.68163351 0.8437
2.69391590 0.8551
2.70926869 0.8784
2.72519690 0.9038
2.74226261 0.9198
2.75741798 0.9367
2.76525802 0.9619
2.76802413 0.9875
2.77066814 0.9984
2.78360674 0.9878
2.80212112 0.9688
2.82282671 0.9532
2.83255799 0.9523
2.83106820 0.9593
2.82103846 0.9621
2.80966207 0.9711
2.79531542 0.9930
2.77756136 1.0211
2.76097572 1.0380
2.75690636 1.0349
2.76465959 1.0078
2.78314616 0.9661
2.80293639 0.9286
2.82295636 0.9164
2.84276804 0.9209
2.86186793 0.9319
2.87214615 0.9464
2.87076469 0.9677
2.86118090 0.9957
2.85743555 1.0200
2.86429176 1.0267
2.86915554 1.0139
2.86382043 0.9895
2.84636963 0.9627
2.82778804 0.9385
2.81378484 0.9215
2.80901857 0.9093
2.81118129 0.9013
2.81878506 0.9058
2.83609964 0.9231
2.86330406 0.9474
2.89113416 0.9621
2.91077235 0.9465
2.91337767 0.9092
2.91090467 0.8973
2.91780105 0.9279
2.92301263 0.9540
2.90889511 0.9440
2.88840395 0.9297
2.87856228 0.9244
2.87561247 0.9340
2.86186948 0.9056
2.83810331 0.8734
2.83719516 0.9035
2.84135200 0.9435
2.84862156 0.9642
2.85727395 0.9822
2.86194259 0.9836
2.86083137 0.9668
2.85923055 0.9507
2.86639588 0.9463
2.85829807 0.7884
2.81494529 0.8003
2.81456545 0.7850
2.82613884 0.8617
2.81611327 0.9368
2.80177275 0.9694
2.78178932 0.9803
2.76490861 0.9720
2.75106905 0.9561
2.74504944 0.9440
2.74594134 0.9392
2.74931447 0.9320
2.76302642 0.9167
2.77513653 0.8565
2.78883676 0.8640
2.80777476 0.8816
2.82133433 0.8895
2.82127727 0.8909
2.81492984 0.9100
2.81087512 0.9420
2.80413599 0.9633
2.79271471 0.9656
2.78575862 0.9560
2.78447916 0.9190
2.78927224 0.8795
2.80296668 0.8624
2.81639332 0.8619
2.82263942 0.8698
2.82315100 0.8857
2.82421449 0.9089
2.82306650 0.9341
2.81545633 0.9413
2.80382959 0.9331
2.79342599 0.9091
2.78450299 0.8704
2.78045495 0.8282
2.78120666 0.7978
2.79009082 0.7911
2.80506668 0.8077
2.83308391 0.8347
2.86397202 0.8645
2.88309917 0.8840
2.88384418 0.8858
2.87989788 0.8791
2.87227923 0.8634
2.86726434 0.8319
2.86517453 0.7879
2.86748916 0.7524
2.88095787 0.7401
2.90002741 0.7822
2.90155581 0.8773
2.89748156 0.8608
2.89762990 0.8411
2.88983751 0.8290
2.88784633 0.8215
2.89408934 0.8001
2.90700313 0.7670
2.92705866 0.7313
2.95600447 0.7137
2.98731380 0.7483
2.98811100 0.9529
2.99160223 0.9482
3.00163904 0.9031
2.97774580 0.8709
2.95041824 0.8830
2.93279256 0.8915
2.92494298 0.8813
2.92063860 0.8582
2.91862855 0.8565
2.90788693 0.8948
2.87987881 0.9038
2.85639829 0.8750
2.84814228 0.8440
2.85088898 0.8478
2.84668461 0.8755
2.83906034 0.8900
2.83950107 0.8874
2.84328078 0.8779
2.84987847 0.8665
2.85920848 0.8675
2.87261960 0.8905
2.87651417 0.9159
2.87366327 0.9178
2.86917145 0.9031
2.85289354 0.8708
2.82752597 0.8440
2.80522734 0.8240
2.79086494 0.8130
2.78398332 0.8177
2.77723469 0.8408
2.77160272 0.8714
2.76714665 0.8897
2.77212487 0.8931
2.78742485 0.8925
2.80405108 0.8868
2.81128315 0.8671
2.81417167 0.8552
2.82559189 0.8555
2.85195194 0.8663
2.88843331 0.8770
2.91573350 0.9018
2.90785560 0.9355
2.88600197 0.9308
2.87232702 0.9338
2.86963590 0.9577
2.87020394 0.9655
2.86487713 0.9458
2.85167361 0.9155
2.83824255 0.8896
2.83064654 0.8701
2.83232401 0.8577
2.84075803 0.8579
2.85045257 0.8696
2.85322525 0.8894
2.84825986 0.9106
2.84296430 0.9224
2.84044834 0.9175
2.84057591 0.8983
2.84540665 0.8734
2.86266924 0.8607
2.87776705 0.8609
2.88481034 0.8640
2.88068325 0.8609
2.86768403 0.8580
2.85597751 0.8577
2.85176154 0.8571
2.85403590 0.8544
2.85400312 0.8550
2.85156465 0.8616
2.86266429 0.8575
2.88565333 0.7849
2.89589839 0.7857
2.90178357 0.7947
2.90272525 0.7846
2.90805547 0.8011
2.92875426 0.8297
2.94952167 0.8506
2.95914559 0.8568
2.96130724 0.8496
2.96396683 0.8046
2.97209130 0.7596
2.97563257 0.8296
2.97614223 0.8589
2.96720285 0.8417
2.93886188 0.8310
2.91809792 0.8422
2.91987649 0.8573
2.93272479 0.8623
2.93946039 0.8479
2.93834295 0.8201
2.93745238 0.7922
2.93977202 0.8016
2.94452077 0.8317
2.94357459 0.8440
2.93299647 0.8460
2.91115125 0.8474
2.89298707 0.8562
2.89001459 0.8724
2.90654947 0.8847
2.93090386 0.8843
2.95837872 0.8574
2.98224216 0.8106
2.98872305 0.8445
2.99869823 0.8497
3.00514929 0.8239
2.97417062 0.8332
2.93845971 0.8440
2.91857962 0.8587
2.91614830 0.8758
2.91233777 0.8756
2.89384255 0.8417
2.86542018 0.8034
2.83704332 0.7919
2.80878217 0.8059
2.78484392 0.8352
2.77118571 0.8671
2.77122357 0.8827
2.78369675 0.8796
2.81075908 0.8710
2.84253056 0.8704
2.86905656 0.8771
2.88634895 0.8915
2.88565407 0.9064
2.87109330 0.9184
2.85106001 0.9396
2.82752824 0.9589
2.80847489 0.9627
2.79798047 0.9434
2.80196446 0.9107
2.81427412 0.8716
2.83419635 0.8402
2.85313982 0.8296
2.86176974 0.8396
2.85996190 0.8636
2.84884453 0.8998
2.83327074 0.9359
2.82232523 0.9588
2.82402003 0.9663
2.84002168 0.9589
2.86392714 0.9374
2.88127775 0.9075
2.88629406 0.8786
2.88147380 0.8651
2.86563488 0.8729
2.83517781 0.8872
2.79777378 0.8999
2.76720400 0.9123
2.75978944 0.9313
2.78034135 0.9486
2.81824512 0.9542
2.86525333 0.9388
2.90424499 0.8938
2.92594412 0.8315
2.93738161 0.8006
2.94718137 0.7439
2.93216379 0.7825
2.90781705 0.8429
2.89295180 0.8864
2.89213849 0.9120
2.90767899 0.9164
2.92663711 0.8986
2.94257152 0.8507
2.93760336 0.8502
2.91529927 0.8799
2.89784050 0.8910
2.88631209 0.8998
2.88229050 0.8990
2.88003888 0.8865
2.88277215 0.8680
2.89355075 0.8553
2.91255348 0.8530
2.93773102 0.8616
2.96422864 0.8942
2.97601664 0.9247
2.96437123 0.9276
2.94387409 0.9294
2.91487120 0.9305
2.88061879 0.9303
2.85431878 0.9227
2.84454909 0.9125
2.85113519 0.9126
2.86868080 0.9347
2.87734331 0.9495
2.86909635 0.9410
2.86754781 0.9512
2.87682302 0.9738
2.89555296 0.9960
2.91401064 1.0099
2.92056090 1.0012
2.91866692 0.9910
2.91389187 0.9969
2.90677496 1.0044
2.89701921 1.0068
2.87675106 1.0030
2.84746148 0.9929
2.82041973 0.9826
2.80435335 0.9836
2.80076304 0.9924
2.80587196 0.9971
2.81887703 0.9971
2.83665149 0.9884
2.84099166 0.9163
2.83673982 0.8888
2.83470175 0.9143
2.83813029 0.9409
2.84677875 0.9569
2.85550569 0.9623
2.86245652 0.9608
2.86375682 0.9510
2.85603605 0.9342
2.84505523 0.9124
2.83214550 0.9029
2.81940632 0.9113
2.80077539 0.9319
2.78151291 0.9401
2.77253987 0.9303
2.78058074 0.9251
2.80294435 0.9286
2.83419565 0.9361
2.86026115 0.8999
2.86275904 0.8114
2.85880575 0.7806
2.85423935 0.7762
2.85564505 0.8009
2.86355655 0.8557
2.87180852 0.9703
2.86692017 1.0349
2.86443429 1.0485
2.87078335 1.0519
2.88252318 1.0255
2.89102248 0.9738
2.89289192 0.9271
2.89184701 0.9242
2.89426038 0.9560
2.90349128 0.9797
2.91802836 0.9891
2.92747673 0.9909
2.93410361 0.9998
2.93804600 1.0119
2.93954561 1.0161
2.93324181 1.0107
2.92387407 1.0083
2.91910538 1.0146
2.91708718 1.0263
2.90977707 1.0274
2.89928398 1.0095
2.89003162 0.9854
2.88117319 0.9647
2.87059242 0.9341
2.85960141 0.8945
2.85848684 0.8742
2.86244919 0.8813
2.86845536 0.9077
2.87129488 0.9417
2.87208132 0.9663
2.87584095 0.9728
2.88295233 0.9652
2.89540746 0.9465
2.90832181 0.8930
2.89617387 0.7757
2.87040574 0.7306
2.85170414 0.7221
2.85284871 0.7325
2.87860422 0.7718
2.91991786 0.8832
2.93489593 1.0377
2.92787817 1.0587
2.93269923 1.0514
2.94913264 1.0353
2.95934222 1.0053
2.96325866 0.9717
2.91139750 0.8026
2.86530335 0.8212
2.83926511 0.8574
2.83757472 0.9183
2.84683651 0.9846
2.84581607 1.0028
2.83923439 0.9978
2.84098182 0.9916
2.85044079 0.9818
2.85994834 0.9634
2.86549019 0.9486
2.85786149 0.8500
2.82811309 0.7388
2.81271599 0.7833
2.81882461 0.8755
2.82872517 0.9615
2.83294169 0.9737
2.82935605 0.9585
2.82153752 0.9426
2.81396550 0.9347
2.81021314 0.9266
2.80303312 0.9286
2.78914131 0.9513
2.77618347 0.9862
2.76903376 1.0048
2.77168276 0.9958
2.78304862 0.9763
2.80080653 0.9594
2.81865089 0.9469
2.83143131 0.9291
2.84377073 0.9130
2.85560939 0.9128
2.85797047 0.9331
2.84652344 0.9506
2.83025972 0.9477
2.81828862 0.9372
2.81875446 0.9288
2.82886786 0.9231
2.84073366 0.9132
2.84871042 0.9051
2.84900260 0.8990
2.85023435 0.9002
2.85448157 0.9111
2.86076326 0.9336
2.86721747 0.9608
2.87836203 0.9732
2.89529360 0.9600
2.91159007 0.9360
2.92814522 0.9362
2.93673911 0.9410
2.93687948 0.9449
2.93555888 0.9517
2.93431420 0.9435
2.93554202 0.9295
2.93169704 0.9167
2.92388789 0.9002
2.90943595 0.8790
2.88964175 0.8674
2.86980671 0.8778
2.85826823 0.8969
2.85197211 0.9159
2.85253786 0.9260
2.86006064 0.9272
2.87614397 0.9357
2.89257394 0.9458
2.90510709 0.9305
2.91487758 0.8890
2.92437744 0.8416
2.93169375 0.8152
2.93971430 0.8249
2.93717474 0.8814
2.91667507 0.9305
2.89727688 0.9497
2.89364724 0.9624
2.89860813 0.9718
2.90042396 0.9728
2.89424654 0.9605
2.88843470 0.9293
2.88326594 0.8849
2.88555902 0.8457
2.89364060 0.8252
2.90524233 0.8271
2.91258926 0.8832
2.91154706 0.9268
2.91716963 0.9417
2.92313116 0.9506
2.92158723 0.9564
2.90732848 0.9603
2.88966016 0.9599
2.87165060 0.9493
2.85580710 0.9287
2.83485963 0.9068
2.81485101 0.8985
2.80441918 0.9028
2.80704722 0.9088
2.82356255 0.9184
2.84764515 0.9360
2.86810771 0.9577
2.87752854 0.9799
2.87300571 0.9978
2.86386126 0.9880
2.85074857 0.8941
2.83359513 0.8376
2.81748193 0.8337
2.80386385 0.8525
2.79932458 0.8644
2.80937533 0.8767
2.83035423 0.9043
2.83637674 0.9051
2.81816415 0.8694
2.80256987 0.8646
2.80203418 0.8799
2.81696196 0.9091
2.82976634 0.9434
2.82543998 0.9567
2.81384055 0.9497
2.81607645 0.9405
2.83138060 0.9380
2.85028185 0.9367
2.86477200 0.9353
2.85990911 0.8456
2.83359486 0.7236
2.82117529 0.7000
2.83151854 0.7894
2.82569847 0.9226
2.80546418 0.9458
2.79664853 0.9495
2.80833182 0.9550
2.83285940 0.9686
2.85784523 0.9746
2.87381643 0.9579
2.88766391 0.9322
2.90547058 0.9053
2.92874207 0.8766
2.95484931 0.9349
2.94086687 0.9465
2.91333153 0.9208
2.89696748 0.9009
2.89071872 0.8877
2.88751501 0.8896
2.88788302 0.9026
2.89518987 0.9119
2.91251951 0.9084
2.94426069 0.8930
2.96316776 0.7358
2.97755647 0.8211
2.98618015 0.9283
2.98894284 0.9356
2.99038336 0.9110
2.97798183 0.8558
2.95698807 0.8654
2.92600099 0.8954
2.88527331 0.9076
2.85005259 0.9157
2.83104368 0.9232
2.82472371 0.9209
2.82486635 0.9117
2.82791943 0.8965
2.84314298 0.8806
2.86834041 0.7745
2.82822205 0.7233
2.81166660 0.7394
2.81959328 0.7423
2.84052449 0.7542
2.86036241 0.8190
2.86832874 0.8860
2.87701413 0.9162
2.88587289 0.9253
2.88696840 0.9197
2.87143407 0.8986
2.84510440 0.8789
2.82468301 0.8653
2.81443082 0.8525
2.81638418 0.8385
2.82912413 0.8237
2.84963007 0.8053
2.86373468 0.7792
2.85867929 0.7727
2.84048237 0.7679
2.81710199 0.7662
2.80558423 0.7784
2.81948614 0.8496
2.83060724 0.9720
2.82252547 0.9858
2.81549244 0.9661
2.80786196 0.9360
2.80297171 0.9087
2.80989441 0.8874
2.82661846 0.8639
2.82653822 0.8326
2.82459611 0.8372
2.83954568 0.8253
2.86586345 0.8103
2.86731130 0.9481
2.86675360 0.9721
2.86099707 0.9627
2.84357921 0.9351
2.82420660 0.9143
2.80409703 0.8584
2.77982665 0.7994
2.76920685 0.7926
2.77801623 0.8086
2.79798417 0.8610
2.80875726 0.9433
2.81071534 0.9687
2.82216355 0.9858
2.83814686 0.9921
2.85877264 0.9939
2.88942368 0.9944
2.92517618 0.9992
2.93792359 0.7621
2.92698479 0.7528
2.93548418 0.7602
2.95204104 0.8514
2.94630663 0.9861
2.93436858 0.9913
2.92493246 0.9935
2.91492900 0.9954
2.90927933 0.9882
2.91808665 0.9724
2.92758224 0.9521
2.92872674 0.9315
2.93143542 0.9324
2.93871918 0.9551
2.94718154 0.9369
2.95679241 0.9017
2.96330302 0.8597
2.96231166 0.8249
2.95135285 0.8219
2.94427089 0.8438
2.94939368 0.8789
2.95563777 0.9232
2.95578442 0.9679
2.94818653 0.9936
2.93653427 1.0067
2.92348393 1.0158
2.90703282 1.0159
2.89274871 1.0043
2.87604909 0.9711
2.85246665 0.8754
2.82346768 0.8002
2.82006494 0.7805
2.84869985 0.7810
2.88410537 0.9495
2.87633824 1.0527
2.87460366 1.0755
2.88480022 1.0976
2.90221992 1.1124
2.91896770 1.1046
2.93143897 1.0199
2.92251365 0.7761
2.90445271 0.7569
2.89965151 0.7813
2.89963055 0.7919
2.89404576 0.8278
2.86872434 0.8934
2.84011240 0.9262
2.81901962 0.9576
2.81050513 0.9906
2.80888598 1.0195
2.81323447 1.0397
2.82378233 1.0537
2.83559070 1.0679
2.84108390 1.0765
2.84123044 1.0741
2.84051517 1.0554
2.84032189 1.0153
2.83208248 0.8778
2.80201498 0.7951
2.78101553 0.7759
2.77976398 0.7663
2.80068672 0.7921
2.82945736 0.9187
2.83198446 1.0521
2.81583335 1.1097
2.80010731 1.1265
2.79330495 1.1124
2.79636015 1.0784
2.80693734 1.0310
2.80249419 0.7553
2.76169395 0.6481
2.74694454 0.6456
2.76177025 0.6537
2.80168882 0.6914
2.84965844 0.8095
2.87691840 0.9402
2.88884288 0.9947
2.89713158 0.9863
2.90340904 0.9324
2.90595655 0.8933
2.90902080 0.8852
2.91391741 0.8883
2.91713665 0.8953
2.92014707 0.9149
2.91982696 0.9556
2.91600722 0.9955
2.91479160 1.0038
2.91240225 0.8967
2.89490756 0.7290
2.88223465 0.7090
2.89139968 0.7354
2.91576409 0.7681
2.93790176 0.8229
2.94501639 0.9079
2.93632592 0.9604
2.91827016 0.9827
2.90470215 0.9843
2.89681170 0.8942
2.86684787 0.7176
2.83760444 0.7040
2.83613151 0.7285
2.85908179 0.7657
2.88231432 0.8155
2.89211630 0.8847
2.89299299 0.9658
2.89602419 1.0098
2.90224792 1.0238
2.90504991 1.0186
2.91102917 0.9595
2.88347765 0.5835
2.86400069 0.6642
2.86445414 0.7972
2.86705486 0.9096
2.86048436 0.9528
2.84499197 0.9766
2.83068578 0.9971
2.82663041 1.0124
2.83465991 1.0114
2.85043895 0.9839
2.86202451 0.9250
2.86892820 0.9054
2.87353255 0.9356
2.86797010 0.9692
2.84672526 0.9845
2.81945254 0.9891
2.79938444 0.9920
2.79061227 0.9889
2.78383062 0.9603
2.77140518 0.8484
2.75302285 0.7770
2.75396865 0.8051
2.77159125 0.8890
2.78064369 0.9547
2.76732376 0.9754
2.74375921 0.9913
2.71914138 1.0115
2.70767727 1.0161
2.71275836 0.9875
2.72357515 0.9188
2.71033667 0.6685
2.69394274 0.6412
2.71535512 0.7437
2.75015947 0.9232
2.76158147 1.0041
2.75604741 1.0276
2.75170584 1.0451
2.75996267 1.0654
2.78222458 1.0711
2.80891913 1.0504
2.82295355 1.0107
2.82139445 0.9856
2.81891272 0.9985
2.82340473 1.0247
2.83210423 1.0441
2.83869212 1.0485
2.84427670 1.0502
2.85449837 1.0519
2.87435418 1.0416
2.90357442 1.0116
2.92603675 0.9567
2.92879024 0.8896
2.92340943 0.9033
2.91733141 0.9116
2.91254966 0.9138
2.90370534 0.9089
2.88857335 0.9035
2.87635940 0.9072
2.86800625 0.9161
2.85251673 0.8849
2.83111634 0.8533
2.82492947 0.8599
2.82795361 0.8873
2.83259472 0.9141
2.83719827 0.9298
2.84094754 0.9344
2.84426103 0.9343
2.85493331 0.9268
2.86952229 0.8246
2.84843450 0.7340
2.84945522 0.7550
2.87391119 0.8212
2.89542852 0.9378
2.88677175 0.9802
2.87128362 1.0033
2.86652188 1.0259
2.87436733 1.0358
2.89114357 1.0266
2.90336417 0.9906
2.89961612 0.9206
2.88572635 0.8662
2.87774190 0.8622
2.87059410 0.9042
2.85164784 0.9632
2.82404843 0.9881
2.80735817 0.9932
2.80844265 0.9924
2.81880236 0.9797
2.82524423 0.9529
2.82117851 0.9218
2.80734102 0.9081
2.79586933 0.9173
2.78154719 0.9339
2.76025896 0.9345
2.74118727 0.9181
2.73601943 0.9021
2.75090625 0.8997
2.76669441 0.9050
2.76431778 0.9003
2.74570193 0.8800
2.72986328 0.8746
2.72839669 0.8929
2.72709024 0.9032
2.70703937 0.8912
2.66940755 0.8675
2.63448870 0.8447
2.62343388 0.8361
2.64046066 0.8395
2.67096937 0.8420
2.69751197 0.8331
2.71115908 0.8188
2.71727961 0.8120
2.71790308 0.8200
2.72195479 0.8368
2.72616845 0.8448
2.72764949 0.8486
2.73194342 0.8478
2.73601991 0.8540
2.73918656 0.8671
2.74036950 0.8727
2.74109007 0.8669
2.74199508 0.8620
2.73247297 0.8633
2.70925296 0.8645
2.68292667 0.8562
2.66174196 0.8353
2.65432383 0.8106
2.66301911 0.7962
2.68201121 0.7884
2.70145265 0.7866
2.71904111 0.7896
2.73484012 0.8059
2.74361775 0.8299
2.73701664 0.8552
2.72294064 0.8706
2.70751229 0.8742
2.70495145 0.8761
2.71597843 0.8751
2.73257269 0.8587
2.74876288 0.8319
2.76184377 0.8138
2.76828338 0.8224
2.76037297 0.8496
2.73910947 0.8790
2.71727757 0.9015
2.70397986 0.9059
2.70763821 0.9013
2.73176195 0.8969
2.76205026 0.8947
2.78097088 0.8855
2.79038718 0.8675
2.79503598 0.8570
2.79989728 0.8675
2.80068008 0.8961
2.79519309 0.9260
2.78581171 0.9437
2.77812923 0.9510
2.78419479 0.9576
2.80135545 0.9562
2.82116635 0.9463
2.83550495 0.9326
2.83276870 0.9174
2.81975149 0.9071
2.80736088 0.9096
2.80141155 0.9287
2.80353656 0.9549
2.80118359 0.9716
2.79317960 0.9761
2.78580817 0.9740
2.78361912 0.9706
2.78619022 0.9654
2.78846380 0.9605
2.78492235 0.9492
2.77346371 0.9254
2.76808242 0.9138
2.78371928 0.9234
2.80785450 0.9464
2.82602749 0.9700
2.83970459 0.9807
2.85361870 0.9794
2.86619578 0.9660
2.87534457 0.9666
2.86834567 0.9558
2.84192049 0.9524
2.81918556 0.9643
2.81700763 0.9760
2.83089161 0.9876
2.84126334 0.9861
2.83409791 0.9618
2.81878668 0.9295
2.81512115 0.9074
2.82850646 0.9046
2.84016800 0.9144
2.82822833 0.8860
2.80890371 0.8695
2.80414487 0.8605
2.82744612 0.8579
2.87286627 0.8656
2.92162498 0.8893
2.95068003 0.9497
2.95312188 0.9876
2.94470296 0.9639
2.93872016 0.9807
2.92221003 0.9932
2.89263920 0.9834
2.86306529 0.9747
2.84735408 0.9643
2.84900519 0.9579
2.86335720 0.9512
2.87313987 0.9366
2.86627657 0.9202
2.84920768 0.9036
2.83340501 0.8933
2.81579956 0.9028
2.80255940 0.9144
2.79103765 0.9096
2.78047868 0.8839
2.77772609 0.8474
2.78390519 0.8148
2.80344122 0.8046
2.82422326 0.8242
2.83106303 0.8505
2.83143719 0.8791
2.83991890 0.9056
2.85682329 0.9328
2.87272225 0.9490
2.87688266 0.9437
2.87082571 0.9118
2.85939079 0.8640
2.84734657 0.8224
2.84055963 0.8099
2.84043877 0.8194
2.84339934 0.8433
2.85477775 0.8749
2.87427908 0.9149
2.89502145 0.9613
2.90102047 0.9918
2.89710500 0.9966
2.89843941 0.9888
2.91077000 0.9617
2.91055528 0.9154
2.89186411 0.9045
2.86685940 0.9133
2.85217468 0.9300
2.84996266 0.9473
2.86236930 0.9644
2.87287665 0.9727
2.87119617 0.9672
2.85720812 0.9506
2.83749138 0.9306
2.81466177 0.8959
2.77474019 0.8518
2.73893446 0.8413
2.72301235 0.8479
2.73256641 0.8652
2.75918092 0.8924
2.78420153 0.9169
2.79779166 0.9250
2.79798234 0.9162
2.79825423 0.9005
2.80991125 0.8910
2.83196152 0.8985
2.84633774 0.9123
2.84196911 0.9250
2.82601091 0.9346
2.81266462 0.9398
2.80893187 0.9382
2.81049302 0.9290
2.81737886 0.9150
2.83115327 0.8979
2.84514868 0.8767
2.84820451 0.8951
2.84342804 0.9383
2.83170538 0.9673
2.82758825 0.9794
2.84041046 0.9769
2.86494842 0.9612
2.88323964 0.9407
2.88982611 0.9224
2.88516312 0.9181
2.87840922 0.9292
2.86622127 0.9429
2.84782925 0.9499
2.82666553 0.9561
2.80338244 0.9629
2.78884849 0.9615
2.78740090 0.9374
2.79633707 0.8972
2.80811671 0.8603
2.81400184 0.8446
2.81722499 0.8575
2.82834326 0.8814
2.84651270 0.9001
2.87214076 0.9143
2.89628589 0.9251
2.90840787 0.9085
2.90154538 0.8559
2.88342479 0.8499
2.86617369 0.8794
2.85249274 0.9061
2.84313972 0.9141
2.83685183 0.8983
2.83262737 0.8759
2.84471761 0.8790
2.86858852 0.8977
2.89005475 0.9147
2.90028923 0.9159
2.89851921 0.9024
2.89795538 0.9072
2.90506868 0.9283
2.91173517 0.9503
2.91873657 0.9642
2.92110172 0.9693
2.91968182 0.9646
2.92169994 0.9557
2.92640267 0.9472
2.93014067 0.9394
2.92307930 0.9274
2.90744171 0.9174
2.88959332 0.9087
2.86781319 0.8775
2.84271657 0.8195
2.82509823 0.7922
2.82752965 0.7965
2.84841946 0.8183
2.87975491 0.8457
2.90461443 0.8611
2.91293551 0.8568
2.90305507 0.8349
2.87681386 0.8008
2.84071021 0.7786
2.80680367 0.7737
2.78614610 0.7837
2.78461008 0.8021
2.80062991 0.8245
2.82372469 0.8393
2.84734120 0.8440
2.86852788 0.8415
2.88537872 0.8350
2.88929770 0.8409
2.87661875 0.8595
2.85183805 0.8844
2.82392628 0.9081
2.80922791 0.9369
2.81253162 0.9597
2.82801245 0.9605
2.84238213 0.9477
2.84338002 0.9355
2.83207157 0.9337
2.81639014 0.9361
2.79724308 0.9367
2.77670565 0.9249
2.75567113 0.9164
2.74411179 0.9192
2.74928820 0.9288
2.77144957 0.9237
2.79692220 0.8996
2.80607766 0.8614
2.78955992 0.8214
2.75219700 0.7787
2.72325314 0.7599
2.70647870 0.7635
2.70636725 0.7859
2.71096657 0.8209
2.72165982 0.8630
2.73490373 0.8857
2.75324009 0.8906
2.77692093 0.8909
2.79692677 0.8954
2.80450271 0.9018
2.80350154 0.9102
2.80398493 0.9200
2.81372798 0.9303
2.82800178 0.9418
2.84608628 0.9561
2.87195449 0.9627
2.90221337 0.9562
2.92687661 0.9358
2.94013525 0.8941
2.92856450 0.8301
2.90507384 0.8153
2.87828949 0.8089
2.86350919 0.8104
2.86343496 0.8262
2.87601304 0.8839
2.88274512 0.9489
2.87926281 0.9327
2.87871573 0.8907
2.88578547 0.8679
2.89422585 0.8731
2.88454309 0.8740
2.85558345 0.8693
2.82558751 0.8593
2.81025459 0.8565
2.81034682 0.8679
2.81438105 0.8944
2.81211923 0.9107
2.80249385 0.9031
2.79367812 0.8801
2.79474499 0.8611
2.80504967 0.8716
2.81183078 0.9052
2.80912195 0.9262
2.80175132 0.9208
2.79906206 0.9040
2.80822750 0.8937
2.82502328 0.8955
2.83949565 0.9069
2.84418953 0.9214
2.84012351 0.9361
2.83917256 0.9551
2.83719032 0.9728
2.83262600 0.9801
2.83018542 0.9755
2.83189240 0.9563
2.83403573 0.9337
2.83593029 0.9245
2.83503672 0.9241
2.83085098 0.9275
2.82782118 0.9380
2.83131739 0.9480
2.83882083 0.9547
2.84769612 0.9597
2.85269492 0.9593
2.85379173 0.9485
2.85137286 0.9297
2.84112281 0.9155
2.82543864 0.9074
2.80619944 0.9034
2.79333174 0.9128
2.79556291 0.9383
2.80887489 0.9659
2.82764402 0.9807
2.84541030 0.9759
2.85234362 0.9347
2.84026747 0.8201
2.81891185 0.7472
2.81512670 0.7664
2.82007157 0.8702
2.81041406 0.9563
2.79561958 0.9722
2.79011908 0.9731
2.79663698 0.9657
2.80987782 0.9509
2.82686442 0.9392
2.84650119 0.9365
2.86401433 0.9346
2.87853011 0.9346
2.88691785 0.9535
2.88834024 0.9587
2.89252084 0.9618
2.90741962 0.9671
2.92465697 0.9588
2.93358898 0.9369
2.93384975 0.9197
2.92784398 0.9159
2.91663045 0.9204
2.90299000 0.9279
2.89416517 0.9363
2.89102336 0.9389
2.89698220 0.9376
2.91262339 0.9442
2.93211010 0.9520
2.94152993 0.9511
2.93787130 0.9439
2.92929032 0.9403
2.92153920 0.9384
2.91288857 0.9383
2.90445650 0.9381
2.90126070 0.9354
2.90217037 0.9283
2.91111224 0.9242
2.92146773 0.9189
2.92790212 0.9108
2.92658778 0.9031
2.92038892 0.9125
2.91365695 0.9308
2.90734703 0.9409
2.90313290 0.9353
2.89309729 0.9126
2.88673060 0.9070
2.89612295 0.9104
2.91754883 0.9136
2.93289960 0.9128
2.92704522 0.9089
2.90348933 0.8947
2.87331279 0.8839
2.84694492 0.8816
2.82541537 0.8816
2.80949534 0.8816
2.80473592 0.8920
2.81110224 0.9032
2.82123009 0.9009
2.82967166 0.8958
2.83639073 0.9076
2.83833438 0.9301
2.83539758 0.9434
2.83011865 0.9279
2.80717089 0.8566
2.76816755 0.7838
2.73904915 0.7554
2.74673254 0.7649
2.78507220 0.7985
2.82618376 0.8562
2.84440299 0.9073
2.83760369 0.9300
2.81554746 0.9341
2.79329748 0.9277
2.77133128 0.9115
2.75431258 0.8868
2.74687432 0.8735
2.75324150 0.8712
2.77692903 0.8747
2.81061495 0.8946
2.83879775 0.9325
2.84963549 0.9783
2.84264801 1.0142
2.83368580 1.0293
2.82628904 1.0213
2.82426430 0.9990
2.82448112 0.9727
2.82973071 0.9438
2.83869955 0.9141
2.85325010 0.8909
2.86460973 0.8893
2.86317540 0.9031
2.85072306 0.9317
2.83721388 0.9685
2.83029832 0.9967
2.83807968 1.0109
2.85557453 1.0097
2.87254199 0.9915
2.88159189 0.9597
2.89391396 0.9281
2.91430647 0.9129
2.93343293 0.9216
2.93700305 0.9383
2.93354680 0.9544
2.92118129 0.9480
2.90037695 0.8959
2.89312270 0.8877
2.89944103 0.8892
2.91490548 0.8823
2.92909253 0.8727
2.93184614 0.8739
2.92658620 0.8826
2.91639750 0.8825
2.90588595 0.8862
2.90393937 0.9164
2.91298060 0.9630
2.92813693 0.9947
2.93935131 0.9802
2.94191500 0.8841
2.93630220 0.8093
2.93617190 0.8097
2.94385799 0.8433
2.95888751 0.9145
2.93824070 0.9144
2.89956578 0.9190
2.87458157 0.9315
2.87176402 0.9539
2.88583903 0.9767
2.90852849 0.9870
2.93086872 0.9837
2.94113541 0.9755
2.93548862 0.9611
2.91621771 0.9450
2.89525028 0.9370
2.87928333 0.9398
2.87317737 0.9504
2.87749548 0.9610
2.89206905 0.9727
2.90624186 0.9760
2.91014340 0.9089
2.89778124 0.7857
2.88186523 0.7627
2.86716778 0.8046
2.84536422 0.8767
2.81717102 0.9195
2.79576021 0.9242
2.79085694 0.9180
2.80003204 0.8984
2.81336641 0.8617
2.82187888 0.7897
2.82754587 0.7051
2.83982993 0.6984
2.86194617 0.9075
2.86596452 1.0311
2.85686650 1.0513
2.84405812 1.0525
2.84333706 1.0513
2.85627848 1.0413
2.88013151 1.0106
2.90341588 0.6487
2.86758850 0.6865
2.84284476 0.7374
2.83542214 0.7776
2.84298379 0.7967
2.85624603 0.8053
2.86947574 0.9003
2.85315665 0.9892
2.84287687 0.9873
2.84819365 0.9888
2.85954332 0.9796
2.87352313 0.9656
2.89173149 0.9755
2.90467773 0.9933
2.91241582 0.9989
2.91695520 1.0079
2.92491263 1.0207
2.93559127 1.0306
2.94881939 1.0311
2.96447535 1.0029
2.96129457 0.6246
2.94663134 0.6380
2.94166893 0.6970
2.94364294 0.9137
2.93510860 0.9921
2.92553404 0.9858
2.91792309 0.9650
2.91384072 0.9445
2.90977748 0.9317
2.90500994 0.9215
2.90013911 0.8930
2.89095346 0.8531
2.88056539 0.8299
2.87599259 0.8357
2.88357333 0.8510
2.90341329 0.8730
2.92697218 0.8941
2.95208183 0.9037
2.95891721 0.7229
2.93714159 0.7343
2.91618123 0.7523
2.89916197 0.7741
2.88970415 0.8050
2.89053044 0.8388
2.90253536 0.8691
2.91303807 0.8870
2.91586289 0.8946
2.91440871 0.9031
2.91542105 0.9165
2.91970835 0.9387
2.92505729 0.9595
2.92614855 0.9442
2.92614471 0.8735
2.92621194 0.8015
2.93839151 0.7633
2.95752277 0.7380
2.97778140 0.7267
2.97595300 0.9419
2.96151224 0.9461
2.93825190 0.9592
2.90936452 0.9678
2.87399808 0.9725
2.84082651 0.9727
2.80881864 0.9649
2.77526846 0.9474
2.74494573 0.9196
2.72884043 0.8952
2.73159667 0.8784
2.75323198 0.8796
2.78432745 0.8856
2.81578880 0.9099
2.82880340 0.8059
2.84135901 0.7913
2.85899123 0.8572
2.87620924 0.9667
2.88584790 0.9903
2.89267303 0.9966
2.89721155 0.9967
2.89777814 0.9888
2.88882211 0.9763
2.87177234 0.9679
2.85336449 0.9562
2.84134433 0.9313
2.83685492 0.9078
2.84258382 0.9047
2.85503553 0.9046
2.86673810 0.9031
2.88139630 0.9077
2.89661875 0.9227
2.91184074 0.9399
2.92312960 0.9784
2.91856772 1.0112
2.90564984 0.9962
2.89144424 0.9789
2.88208202 0.9544
2.87889413 0.9442
2.88004757 0.9366
2.88401845 0.9346
2.88792837 0.9482
2.88676355 0.5954
2.88321188 0.8046
2.87827118 0.9955
2.87308912 1.0187
2.87454090 1.0145
2.88334745 0.9902
2.89656013 0.9558
2.91234478 0.9269
2.93161844 0.9106
2.92049858 0.6405
2.86785081 0.6634
2.83006758 0.6809
2.81767246 0.6966
2.82511233 0.7359
2.83817867 0.8502
2.82956636 0.9307
2.81092066 0.9424
2.79772996 0.9243
2.80433214 0.9028
2.82250400 0.8921
