3.01028595 0.7736
3.03923245 0.7664
3.06806750 0.7639
3.08189908 0.7668
3.07285561 0.7826
3.04247832 0.8104
3.00218347 0.8467
2.97422774 0.7951
2.99153547 0.7392
3.00631550 0.7322
3.00944288 0.7315
3.00978150 0.7527
3.01800710 0.7865
3.03458012 0.8054
3.04694487 0.8072
3.04291636 0.8161
3.03070216 0.8206
3.00467213 0.8179
2.96879901 0.8173
2.94066663 0.8119
2.93566342 0.8374
2.94005530 0.8723
2.94735110 0.8928
2.97961331 0.8415
3.02344460 0.8157
3.05760562 0.8151
3.08298491 0.8218
3.07790351 0.8318
3.05433410 0.8298
3.01943442 0.8300
2.98827872 0.8316
2.96381117 0.8231
2.94307230 0.7935
2.92330869 0.7469
2.91171725 0.6970
2.91069599 0.6922
2.92429550 0.7449
2.92908395 0.8311
2.92799869 0.8924
2.92958030 0.8906
2.93430476 0.8619
2.93547118 0.8445
2.93826875 0.8971
2.97388960 0.8919
3.00917764 0.8269
3.02192442 0.7549
3.01389755 0.7104
2.98994924 0.7092
2.94875751 0.7463
2.89927663 0.7995
2.86001161 0.8512
2.84593272 0.8276
2.86951541 0.7665
2.90186623 0.8838
2.95941925 0.8730
3.02005277 0.8391
3.07640098 0.8035
3.12021119 0.7772
3.14737663 0.7698
3.14280612 0.7888
3.10272924 0.8298
3.05103147 0.8676
3.01458806 0.8916
3.00788226 0.8947
3.02257632 0.8905
3.04827677 0.8753
3.08061584 0.8487
3.11701979 0.8184
3.14280069 0.7881
3.14069340 0.7676
3.11023914 0.7678
3.07319340 0.7777
3.05118397 0.7691
3.04206897 0.7374
3.04063482 0.6977
3.04962844 0.6720
3.06428050 0.6650
3.08216270 0.6720
3.08975479 0.6930
3.07766293 0.7177
3.06467155 0.7394
3.07056487 0.7338
3.07956639 0.7116
3.08369024 0.6813
3.07039212 0.6622
3.03972447 0.6735
3.01388226 0.7102
3.00695011 0.7431
3.01636250 0.7472
3.03392435 0.7424
3.04049030 0.7335
3.03883255 0.7298
3.03113394 0.7360
3.03182023 0.7570
3.03457591 0.7987
3.03328224 0.8337
3.02070183 0.8512
3.01238985 0.8507
3.01935402 0.8335
3.03786958 0.8013
3.04963177 0.7590
3.04239712 0.7198
3.01466207 0.6940
2.98152019 0.6883
2.95917454 0.7032
2.93810860 0.7392
2.91418349 0.7746
2.89317193 0.7796
2.89015003 0.7669
2.89826063 0.7619
2.91160057 0.7538
2.92841907 0.7312
2.94366242 0.6847
2.96070966 0.6343
2.98232392 0.6212
3.00103988 0.6404
2.99811821 0.6847
2.97292935 0.7465
2.94429797 0.8071
2.93125767 0.8460
2.93907794 0.8561
2.95771906 0.8430
2.97951690 0.8118
3.00265890 0.7763
3.03021496 0.7457
3.06023175 0.7306
3.06964661 0.7406
3.05230365 0.7645
3.01911850 0.7870
2.97492133 0.7999
2.94215095 0.7947
2.92376178 0.7699
2.92742515 0.7232
2.94578544 0.6776
2.97638004 0.6386
3.01096730 0.6127
3.04389661 0.5980
3.06551001 0.5984
3.07227096 0.6122
3.07135626 0.6363
3.06228525 0.6596
3.05430932 0.6703
3.05186022 0.6680
3.06867858 0.6585
3.09243637 0.6532
3.11639789 0.6511
3.12857906 0.6591
3.12834622 0.6766
3.11880587 0.6893
3.10180071 0.6987
3.08345304 0.6968
3.06661800 0.6936
3.05782193 0.6809
3.06093882 0.6559
3.07633430 0.6235
3.09464911 0.6015
3.11285650 0.5933
3.12830984 0.6001
3.13439254 0.6132
3.13300976 0.6242
3.11948389 0.6357
3.09610535 0.6470
3.08011651 0.6614
3.07877373 0.6687
3.09024728 0.6607
3.10557143 0.6457
3.11414035 0.6394
3.10532422 0.6385
3.08588419 0.6298
3.07361503 0.6094
3.08030136 0.5979
3.08572270 0.5965
3.07966411 0.6011
3.07153725 0.6181
3.07405360 0.6443
3.08277996 0.6763
3.08411598 0.7059
3.07032230 0.7401
3.04293668 0.7637
3.01696896 0.7773
3.00784311 0.7778
3.00391824 0.7706
2.99342687 0.7501
2.98459981 0.7064
2.97676424 0.6610
2.97643181 0.6345
2.97728001 0.6447
2.97318452 0.6819
2.96384339 0.7181
2.95688021 0.7148
2.97184771 0.6800
3.00597395 0.6552
3.03649882 0.6401
3.05293191 0.6331
3.06674411 0.6289
3.07611069 0.6204
3.07439429 0.6213
3.04897117 0.6518
3.01802341 0.6982
2.98839433 0.7460
2.97456484 0.7736
2.98020758 0.7693
2.98854877 0.7551
2.98803314 0.7416
2.98255735 0.7384
2.98677178 0.7339
2.99811305 0.7231
3.01098857 0.7062
3.01456318 0.6992
3.00249151 0.7171
2.98094181 0.7540
2.95606298 0.7798
2.94222362 0.7444
2.95275117 0.7190
2.95708156 0.7261
2.95487311 0.7378
2.95989731 0.7522
2.96927629 0.7590
2.98190789 0.7688
2.98618144 0.7807
2.98857919 0.7851
2.98756934 0.7763
2.98723078 0.7519
2.99233350 0.7217
2.99443070 0.7023
2.99455126 0.6991
2.98618145 0.7104
2.98189910 0.7204
2.98873941 0.7249
3.00591684 0.7335
3.02823805 0.7531
3.04746521 0.7816
3.06561069 0.7979
3.07959866 0.8081
3.08456980 0.8096
3.07474762 0.8122
3.05495832 0.8188
3.03505639 0.8238
3.03114812 0.8163
3.04368027 0.8013
3.06024558 0.7985
3.07081708 0.8050
3.06691050 0.8084
3.05360280 0.8033
3.03800642 0.7931
3.01760374 0.7823
2.99330956 0.7776
2.97542633 0.7753
2.98145493 0.7969
3.00517470 0.7978
3.03170596 0.7858
3.06176318 0.7776
3.08836428 0.7763
3.10659996 0.7809
3.12137596 0.7915
3.13041816 0.8140
3.13009406 0.8357
3.12495160 0.8436
3.12047934 0.8400
3.12276829 0.8372
3.12363816 0.8414
3.12889839 0.8412
3.13908929 0.8210
3.14084314 0.7865
3.13129150 0.7504
3.10351036 0.7244
3.06549219 0.7165
3.02464976 0.7194
2.98704165 0.7274
2.96251404 0.7530
2.94865887 0.8019
2.95505049 0.8405
2.97748971 0.8374
3.00787043 0.8263
3.03663986 0.8046
3.05605457 0.7738
3.06328748 0.7466
3.05335974 0.7355
3.02352432 0.7424
2.98938612 0.7675
2.97244789 0.8343
2.97520667 0.8458
2.98617832 0.8481
3.00038317 0.8544
3.02151876 0.8460
3.04518387 0.8227
3.06788975 0.7954
3.07456377 0.7767
3.06777512 0.7663
3.05650787 0.7668
3.05056698 0.7751
3.05274371 0.7898
3.05273096 0.8015
3.04459232 0.8170
3.03169909 0.8331
3.02543049 0.8442
3.03627630 0.8594
3.05552589 0.8764
3.06583907 0.8848
3.06452132 0.8787
3.05452433 0.8667
3.04411924 0.8534
3.03054695 0.8378
3.00766056 0.8202
2.98816584 0.8036
2.97945029 0.7829
2.97261270 0.7694
2.96100863 0.7658
2.94674159 0.7662
2.92780150 0.7719
2.90769584 0.7846
2.92600488 0.8636
2.94734374 0.8596
2.96544570 0.8629
2.97937831 0.8789
2.98814417 0.9036
2.99466020 0.9199
2.99369952 0.9281
2.98217171 0.9340
2.96617173 0.9437
2.96097052 0.8730
2.98339303 0.8052
3.00383274 0.8084
3.01831119 0.8195
3.02228479 0.8394
3.00748001 0.8500
2.98057793 0.8513
2.95176155 0.8221
2.93185133 0.7185
2.93000183 0.6904
2.94623623 0.6818
2.96466750 0.6872
2.97364040 0.6949
2.96429176 0.6978
2.94035032 0.6994
2.92118873 0.7137
2.92112620 0.7276
2.94169497 0.7465
2.98016207 0.7649
3.02136965 0.7778
3.05217164 0.7805
3.06682299 0.7873
3.08067708 0.7855
3.08409981 0.7713
3.08054943 0.7595
3.06489346 0.7649
3.04267233 0.7898
3.02277667 0.8306
3.01444950 0.8728
3.01631806 0.9012
3.02127987 0.9114
3.02336011 0.9180
3.02865418 0.9445
3.05729656 0.9091
3.10186011 0.8539
3.13874269 0.8082
3.15611110 0.7830
3.13184045 0.7923
3.07585996 0.8269
3.00999590 0.8802
2.97962593 0.8641
2.99630284 0.7740
3.00522938 0.7491
2.98494350 0.7726
2.98030907 0.8638
3.00508833 0.8429
3.02769860 0.8071
3.04885272 0.7769
3.06893184 0.7585
3.06723935 0.7562
3.05155342 0.7695
3.02786804 0.7960
3.00914295 0.8305
2.99370982 0.8667
2.97880135 0.9098
2.96983548 0.9533
2.97068211 0.9729
2.97415797 0.9696
2.98765685 0.9321
3.01590966 0.8818
3.05577207 0.8294
3.10359107 0.7788
3.14502597 0.7426
3.16038515 0.7252
3.13144160 0.7258
3.06733967 0.7456
2.99410970 0.7776
2.93147472 0.8076
2.90500702 0.7684
2.94185350 0.7197
2.97946819 0.7353
2.99395928 0.7645
2.99643220 0.7912
3.02589530 0.8043
3.08247412 0.7945
3.12818352 0.7924
3.14150859 0.8065
3.11546465 0.8310
3.06586320 0.8520
3.01766973 0.8403
2.99179482 0.7675
2.98515837 0.7049
2.96881216 0.6965
2.94595347 0.7253
2.93334976 0.7811
2.94943459 0.8202
2.98566148 0.8281
3.01995247 0.8377
3.03272482 0.8596
3.02490182 0.8793
3.02183815 0.8622
3.03684162 0.8036
3.06200780 0.7618
3.07430349 0.7561
3.06325970 0.7825
3.03537262 0.8325
3.00901740 0.8903
2.99356903 0.9142
2.97652475 0.9135
2.96019542 0.8973
2.94575764 0.8806
2.93500204 0.8556
2.94491983 0.7538
2.97786871 0.7303
3.01751078 0.7250
3.04545902 0.7320
3.04929572 0.7538
3.03374494 0.7870
3.01428322 0.8110
3.01138968 0.7772
3.03500015 0.7300
3.06206538 0.7272
3.06202797 0.7343
3.04073517 0.7563
3.03455968 0.8375
3.05150800 0.8726
3.07725400 0.8775
3.09447624 0.8745
3.08250655 0.8732
3.04252405 0.8623
3.00931484 0.8005
3.00530462 0.7408
3.01353325 0.7163
3.01292590 0.6979
3.00026272 0.6881
2.98224751 0.6882
2.95799010 0.6923
2.94377926 0.7371
2.97068901 0.8036
3.00577345 0.8071
3.03142175 0.7946
3.04637831 0.7841
3.04634464 0.7804
3.03312574 0.7851
3.01108952 0.7956
2.98910965 0.8072
2.97224751 0.8100
2.96682260 0.8005
2.96875243 0.7785
2.97640970 0.7747
2.98670765 0.7735
3.00428895 0.7601
3.03283160 0.7450
3.06381448 0.7300
3.08374962 0.7218
3.08918450 0.7220
3.07952054 0.7368
3.05084709 0.7727
3.00892742 0.8205
2.97689313 0.8424
2.96867841 0.7897
2.98091929 0.7449
2.99188345 0.7700
2.99318919 0.8593
3.00229705 0.9544
3.01812538 0.9641
3.02351114 0.9313
3.01552127 0.8951
3.01476315 0.8010
3.03869121 0.7682
3.05976263 0.7362
3.06798044 0.7096
3.04976605 0.6989
3.00693200 0.7060
2.95367143 0.7708
2.93341814 0.9155
2.94486581 0.9058
2.96325501 0.8844
2.97766383 0.8850
2.98608313 0.8974
3.00233945 0.8434
3.03210836 0.7701
3.05598546 0.7339
3.06371421 0.7219
3.05258744 0.7416
3.02978385 0.7889
3.00651750 0.8593
3.01669001 0.8093
3.03293496 0.7911
3.02255709 0.7793
2.99645503 0.7747
2.97617048 0.7798
2.96821678 0.7928
2.96980823 0.8146
2.97760621 0.8505
2.99579969 0.8764
3.01864937 0.8988
3.03814347 0.8979
3.05175987 0.8768
3.04517370 0.8506
3.01463877 0.8220
2.98492464 0.7581
2.97250108 0.7343
2.96788266 0.7569
2.96799456 0.7898
2.97391474 0.8218
2.98392214 0.8507
2.99026001 0.8824
2.98328111 0.9039
2.96949735 0.9060
2.94999103 0.8940
2.93538491 0.8694
2.92859799 0.8481
2.93083183 0.8381
2.94313956 0.8430
2.95691415 0.8590
2.96656793 0.8731
2.97721110 0.8371
3.00498671 0.7902
3.02673808 0.7815
3.02487229 0.7796
3.00538303 0.8161
2.98509937 0.8665
2.97371859 0.8755
2.96827962 0.8609
2.96987284 0.8528
2.97624932 0.8610
2.98222789 0.8662
2.99645791 0.8409
3.01418800 0.8317
3.02430426 0.9273
3.04534509 0.9640
3.06072057 0.9228
3.06853856 0.8727
3.06986177 0.8314
3.05837832 0.8006
3.03364216 0.7751
3.01147061 0.7422
3.00234031 0.7196
3.00019970 0.7175
3.00030962 0.7302
2.99765226 0.7678
2.99868414 0.8228
3.00593081 0.8761
3.01572896 0.9039
3.02369585 0.9133
3.01773525 0.9145
2.99946608 0.9213
2.97635287 0.9329
2.96272780 0.9425
2.96199034 0.9200
2.98231256 0.8335
3.00612354 0.7844
3.01871157 0.7619
3.00893135 0.7580
2.98228324 0.7655
2.96736441 0.9587
2.97625305 0.9855
2.98608234 0.9895
2.99817788 0.9687
3.01384148 0.9512
3.03107080 0.9454
3.04675731 0.9314
3.06196820 0.9079
3.06108352 0.8949
3.04660506 0.8949
3.01747509 0.9076
2.98320535 0.9190
2.95080890 0.9062
2.92900753 0.8252
2.91787482 0.8021
2.92024410 0.8736
2.95011144 0.8682
2.98911609 0.8353
3.01863822 0.7972
3.03232620 0.7670
3.03760878 0.7546
3.03693950 0.7567
3.03161854 0.7701
3.01915589 0.8459
3.02390787 0.9584
3.04905838 0.9605
3.07358967 0.9660
3.09556538 0.9577
3.10731664 0.9391
3.09587644 0.9253
3.06234253 0.9274
3.02258447 0.9209
2.99624056 0.8779
2.98689773 0.8070
2.99043756 0.7682
3.00308061 0.7907
3.03316159 0.8036
3.07691348 0.8071
3.10297514 0.8266
3.09840919 0.8603
3.07685996 0.9035
3.05407368 0.9469
3.03758438 0.9684
3.03355243 0.9580
3.04612116 0.9280
3.07569686 0.8840
3.11689508 0.8334
3.15035590 0.7897
3.16346249 0.7562
3.14503860 0.7385
3.09214451 0.7464
3.03715167 0.7745
2.99454777 0.8089
2.96817541 0.8311
2.95671179 0.8257
2.95617976 0.8211
2.95963467 0.8539
2.98514568 0.9684
3.04291941 0.9377
3.09534629 0.8939
3.10933349 0.8635
3.08674713 0.8562
3.04686527 0.8684
3.00190367 0.8929
2.96535398 0.8809
2.95590634 0.7958
2.94801403 0.7992
2.93710071 0.8360
2.93371378 0.8766
2.94381975 0.8968
2.95323974 0.8917
2.95717131 0.8694
2.94656988 0.8435
2.93929528 0.8069
2.94405192 0.7670
2.95976918 0.7518
2.97093372 0.7572
2.97540914 0.7756
2.97494924 0.8104
2.97908221 0.8519
2.98443687 0.8945
2.99453225 0.9289
3.00199866 0.9555
3.01720057 0.9569
3.03666196 0.9327
3.05605151 0.9014
3.07146623 0.8726
3.07512839 0.8482
3.05622082 0.8335
3.01799182 0.8288
2.98003475 0.8380
2.95134648 0.8567
2.93844993 0.8774
2.94784071 0.8890
2.98303481 0.8987
3.02902538 0.9074
3.07782087 0.9054
3.11536430 0.8919
3.12695798 0.8779
3.11452208 0.8715
3.07550382 0.8738
3.02622029 0.8765
2.98376762 0.8765
2.95082593 0.8476
2.95038405 0.6795
2.96371215 0.6608
2.96993288 0.7334
2.99016196 0.9264
3.01045918 0.9404
3.01897082 0.9461
3.02020945 0.9599
3.01116627 0.9714
2.99675018 0.9474
2.99476097 0.8595
3.00453108 0.8006
3.01759365 0.7779
3.03211649 0.7828
3.04116599 0.8100
3.04201036 0.8543
3.03286668 0.9069
3.01977474 0.9621
3.01536406 0.9498
3.02950183 0.8445
3.03869379 0.8177
3.03703708 0.8037
3.03864719 0.7802
3.05601636 0.7704
3.08828036 0.7695
3.11289783 0.7704
3.11639334 0.7846
3.08620993 0.8113
3.03166940 0.8486
2.98728931 0.8734
2.96403449 0.8601
2.95873195 0.9378
2.95947869 0.9416
2.96742127 0.9381
2.98556845 0.9095
3.01889660 0.8686
3.06140564 0.8373
3.08753054 0.8305
3.08023139 0.8423
3.05157218 0.8532
3.03002301 0.8498
3.01967640 0.8477
3.00947896 0.8499
2.99577442 0.8669
2.98180690 0.8924
2.97261231 0.9133
2.96959555 0.9121
2.97225114 0.9075
2.96748154 0.9065
2.95201190 0.8990
2.93997114 0.8711
2.93537319 0.8313
2.93982544 0.8024
2.94911489 0.7950
2.95198456 0.8081
2.94985016 0.8372
2.95681106 0.8656
2.97588226 0.8836
2.99959754 0.8976
3.01825774 0.9131
3.03676339 0.9205
3.07218207 0.8952
3.12071636 0.8393
3.17640761 0.7812
3.20833870 0.7525
3.20223510 0.7604
3.15515910 0.7878
3.09137065 0.8187
3.03178325 0.8429
2.99132614 0.8597
2.98005375 0.8609
2.99750844 0.8430
3.02742023 0.8217
3.05195907 0.8157
3.07562910 0.8284
3.08568771 0.8535
3.08353712 0.8843
3.06847440 0.9130
3.06085349 0.9203
3.06973107 0.9058
3.10095029 0.8726
3.14385628 0.8210
3.18429617 0.7636
3.19974744 0.7183
3.18447751 0.7055
3.14556246 0.7374
3.09567167 0.8060
3.04963134 0.8617
3.02299325 0.8256
3.03220545 0.7815
3.03674762 0.7841
3.03948260 0.8094
3.08320535 0.7956
3.14124375 0.7520
3.18350912 0.7254
3.19774277 0.7348
3.17814415 0.7928
3.13380192 0.8766
3.08141086 0.9583
3.04230533 0.9997
3.02736760 1.0056
3.03685579 0.9969
3.06911441 0.9530
3.10503285 0.8877
3.13021578 0.8306
3.13808972 0.7951
3.11967786 0.7918
3.09326126 0.8146
3.05717254 0.8425
3.02551152 0.8567
3.00398607 0.8672
2.99714636 0.8813
3.01243856 0.8644
3.03433469 0.8369
3.04846913 0.8175
3.05344413 0.8014
3.05735507 0.7951
3.06532049 0.7980
3.06720357 0.8010
3.05754376 0.7944
3.04176786 0.7793
3.03423025 0.7566
3.03794892 0.7367
3.04322781 0.7308
3.04030452 0.7425
3.02733695 0.7661
3.00509040 0.7875
2.99075530 0.8038
2.98750388 0.8142
2.98627559 0.8177
2.98876474 0.8080
3.00252071 0.7830
3.04191025 0.7570
3.08633130 0.7497
3.10575003 0.7644
3.08401657 0.8075
3.04281490 0.8612
3.00620207 0.9104
2.98291205 0.9300
2.97457659 0.8432
2.97078648 0.8172
2.96111003 0.8507
2.94426952 0.8711
2.92279148 0.8515
2.91006529 0.8026
2.89915987 0.7697
2.87781407 0.7685
2.87195355 0.7872
2.88876360 0.7987
2.91054016 0.8095
2.93248942 0.8265
2.95948500 0.8447
2.99523369 0.8503
3.03977376 0.8394
3.06882214 0.8211
3.06306464 0.8062
3.02448236 0.8124
2.99575710 0.8675
3.01255070 0.8621
3.03534312 0.8149
3.04322359 0.7751
3.02561584 0.7639
2.99449209 0.8049
3.01743989 0.8190
3.05956562 0.7805
3.09648787 0.7490
3.11000809 0.7339
3.10370993 0.7391
3.10390200 0.7605
3.12203184 0.7772
3.14081478 0.7770
3.13899434 0.7747
3.12235341 0.7766
3.10783565 0.7761
3.10145810 0.7637
3.09057581 0.7403
3.07634756 0.7222
3.06097873 0.7383
3.05375570 0.7721
3.05597253 0.7861
3.05754880 0.7766
3.06007159 0.7999
3.06330999 0.8414
3.06732019 0.8583
3.08023858 0.8543
3.09385018 0.8464
3.09861559 0.8291
3.08299685 0.8172
3.06451207 0.8072
3.05717469 0.7993
3.05718737 0.7938
3.05759382 0.7889
3.04645975 0.7891
3.02961346 0.7924
3.01595291 0.8026
3.00944468 0.8186
3.00437281 0.8343
2.99074869 0.8504
2.98352404 0.8639
2.97808013 0.8489
2.96207077 0.8085
2.95707046 0.8169
2.96405689 0.8259
2.96758115 0.8104
2.97149205 0.7848
2.97613458 0.7683
2.98258327 0.7664
2.98493028 0.7799
2.98418434 0.7977
2.98667075 0.8114
2.98519524 0.8179
2.97193486 0.8247
2.95159941 0.8367
2.92902488 0.8503
2.91017069 0.8356
2.90564938 0.7990
2.90987002 0.7878
2.91555269 0.7943
2.92176758 0.8025
2.93020755 0.8081
2.95561570 0.8136
2.98420795 0.8252
3.00454836 0.8414
3.00013328 0.8560
2.97558774 0.8623
2.94415426 0.8598
2.91786382 0.8299
2.92131709 0.7504
2.96392646 0.8036
2.98644560 0.8279
2.98369937 0.8383
2.97178889 0.7948
2.99025656 0.7278
3.01761597 0.7351
3.02824975 0.7525
3.03130750 0.7770
3.03813680 0.7937
3.04411359 0.7979
3.05095033 0.7918
3.05631243 0.7803
3.06102110 0.7626
3.05666938 0.7463
3.04986624 0.7346
3.03513814 0.7363
3.01647904 0.7442
3.00656410 0.7579
3.01155651 0.7893
3.02299800 0.8321
3.02726528 0.8706
3.02538967 0.8858
3.01810633 0.8855
3.02530943 0.8775
3.04694842 0.8735
3.05605130 0.8712
3.04680939 0.8670
3.02964316 0.8644
3.01375618 0.8664
3.00065375 0.8612
2.99317036 0.8454
2.99950196 0.8195
3.02428385 0.7962
3.05618184 0.7863
3.07873927 0.7873
3.08437746 0.7878
3.07132308 0.7932
3.05626523 0.8005
3.05328961 0.8212
3.04361647 0.8476
3.01724657 0.8809
3.00065279 0.8709
3.02494986 0.7970
3.05122691 0.7656
3.07522125 0.7780
3.08394832 0.8039
3.07453516 0.8248
3.05497771 0.8412
3.02787801 0.8629
3.00302177 0.8858
2.97635781 0.8948
2.95830457 0.8551
2.97665380 0.7935
3.00609831 0.7642
3.01424617 0.7515
2.99718092 0.7573
2.96350724 0.7748
2.92942686 0.7998
2.91459799 0.8261
2.92898321 0.8775
2.93987634 0.9103
2.93738956 0.9075
2.96623289 0.7907
2.99653656 0.7498
3.00838818 0.7198
2.99501273 0.7095
2.96766487 0.7095
2.93688444 0.7334
2.93491685 1.0108
2.95437941 0.9804
2.96800965 0.9584
2.97671932 0.9230
2.98674496 0.8711
3.01098115 0.8199
3.03837546 0.7950
3.04797553 0.7945
3.03151281 0.8092
3.00682517 0.8315
2.99021906 0.8644
2.98191227 0.8891
2.97795321 0.8621
2.97870184 0.8259
2.99401102 0.7998
3.02988402 0.7762
3.07363348 0.7639
3.09789497 0.7637
3.08544080 0.7691
3.05166147 0.7810
3.02435689 0.8007
3.01062792 0.8246
2.99933974 0.8372
2.98873236 0.8280
2.99140026 0.7957
3.01231327 0.7644
3.04842537 0.7510
3.08467841 0.7484
3.09815653 0.7495
3.08535544 0.7495
3.06222938 0.7570
3.05403072 0.7736
3.07029050 0.7813
3.08856699 0.7791
3.09075883 0.7811
3.07250018 0.7899
3.05815052 0.8077
3.05552465 0.8297
3.04801574 0.8410
3.04013692 0.8337
3.03965713 0.8183
3.04605029 0.8160
3.04937506 0.8204
3.04545173 0.8147
3.03567251 0.7901
3.01601926 0.7640
2.99171116 0.7550
2.97235686 0.7634
2.95542325 0.7816
2.93411409 0.8071
2.92424268 0.8410
2.94558769 0.8571
2.97154625 0.8464
2.97426130 0.8298
2.96338443 0.8004
2.95634580 0.7630
2.96433062 0.7431
2.98419734 0.7475
3.00148184 0.7695
3.00340598 0.7992
2.98993238 0.8274
2.98114413 0.8476
2.98675109 0.8404
2.99201707 0.8094
2.99997574 0.7954
3.00926460 0.7680
3.01355600 0.7388
3.01387159 0.7256
3.01199240 0.7290
3.00999463 0.7466
3.01531858 0.7663
3.03275938 0.7808
3.06420707 0.7904
3.10260420 0.7889
3.13078959 0.7751
3.14036446 0.7554
3.13187826 0.7410
3.11008709 0.7440
3.07764270 0.7649
3.03608764 0.8038
3.00418123 0.8657
2.99207794 0.8595
2.98637318 0.8488
2.99001683 0.8115
3.01928184 0.7668
3.05645505 0.7507
3.08057570 0.7449
3.09321964 0.7479
3.08396420 0.7671
3.05720177 0.7996
3.02386373 0.8281
2.99897780 0.8422
2.98051961 0.8384
2.96834153 0.8344
2.96619888 0.8289
2.98112402 0.8145
3.00328348 0.7859
3.02221198 0.7604
3.02604636 0.7539
3.01128144 0.7722
2.99373922 0.8071
2.98347095 0.8629
2.98971780 0.9124
2.99695738 0.9119
2.99548280 0.9114
2.99379318 0.9127
2.99672781 0.9078
2.99903225 0.8941
2.99065911 0.8854
2.96664979 0.8779
2.96911682 0.8062
2.98190804 0.8036
2.98793001 0.8081
2.98464167 0.8155
2.96791771 0.8237
2.95085509 0.8126
2.97959260 0.7990
3.04429193 0.7966
3.10014343 0.7974
3.13070247 0.8033
3.13169991 0.8168
3.11066645 0.8287
3.08387825 0.8349
3.04935882 0.8419
3.01435729 0.8547
2.99261172 0.8642
2.98611057 0.8622
2.98810956 0.8571
2.98378987 0.8493
2.97248959 0.8331
2.96548253 0.8015
2.97256698 0.7810
2.98197857 0.7670
2.97807756 0.7557
2.96361842 0.7438
2.97158274 0.7357
2.98875327 0.7349
2.99283718 0.7284
2.98477192 0.7438
2.97741095 0.8295
2.97072317 0.9345
2.96367643 0.9633
2.96653589 0.9064
2.96695721 0.8581
2.94481400 0.8219
2.91200998 0.7962
2.89944930 0.7906
2.91889056 0.7989
2.94539057 0.7817
2.97427333 0.7648
3.00536136 0.7615
3.02994227 0.7609
3.04025921 0.7591
3.03663310 0.7621
3.03719302 0.7885
3.05357110 0.8100
3.06713485 0.8123
3.06406548 0.7987
3.04548940 0.7835
3.02004316 0.7773
2.99526932 0.7794
2.97900283 0.7809
2.98200780 0.7966
3.00619951 0.8166
3.03573641 0.8167
3.05711992 0.8031
3.06922824 0.7826
3.06475369 0.7763
3.04797033 0.7863
3.03258378 0.8116
3.02735571 0.8392
3.02877008 0.8594
3.02780589 0.8731
3.01821512 0.8634
2.99154712 0.8441
3.00617446 0.8167
3.04066597 0.8070
3.07525329 0.8026
3.09499615 0.8075
3.10172912 0.8148
3.09850717 0.8216
3.09830655 0.8237
3.10088866 0.8233
3.11078208 0.8118
3.12913835 0.7880
3.15326964 0.7658
3.17011698 0.7619
3.16206685 0.7740
3.12192870 0.8004
3.06441531 0.8231
3.00693442 0.8382
2.97278261 0.8228
2.97257764 0.8041
2.98803120 0.8047
3.01824505 0.7959
3.05635389 0.7803
3.08947523 0.7753
3.10934544 0.7882
3.10178528 0.8192
3.07442618 0.8555
3.04370430 0.8698
3.02375252 0.8345
3.01539700 0.8020
3.01208229 0.8108
3.01350343 0.8235
3.01649350 0.8167
3.04081198 0.7860
3.07335491 0.7631
3.09656369 0.7665
3.09461842 0.7829
3.07310909 0.7900
3.06472914 0.7667
3.07736196 0.7568
3.08542160 0.7662
3.07605956 0.7788
3.05812085 0.7848
3.04251318 0.7869
3.04020369 0.7871
3.04036219 0.7971
3.03558783 0.8337
3.01888160 0.8870
3.02510900 0.7995
3.02994341 0.7960
3.01315724 0.8124
2.98277990 0.8522
2.97479270 0.9430
2.98672432 0.9084
2.99914169 0.8589
3.00360467 0.8212
2.99865513 0.8143
2.98614831 0.8382
2.97002034 0.8660
2.96031900 0.8809
2.95711656 0.8950
2.95775458 0.9030
2.96978176 0.8816
2.99036042 0.8393
3.00369826 0.8023
2.98898245 0.7842
2.95008049 0.7857
2.90815608 0.8217
2.93368207 0.8591
2.96622487 0.8481
2.98467332 0.8388
2.97476784 0.8347
2.96430428 0.8605
3.00172265 0.8838
3.04339005 0.8847
3.06639078 0.8895
3.06386173 0.8993
3.04966574 0.8894
3.04097385 0.8435
3.04204225 0.7918
3.05281989 0.7604
3.05063459 0.7496
3.03822342 0.7565
3.01956908 0.7791
3.00381295 0.7996
2.99568275 0.8152
2.98372401 0.8302
2.96672912 0.8407
2.95064461 0.8505
2.94485273 0.8662
2.96290407 0.8793
3.00009019 0.8631
3.04280326 0.8387
3.07422745 0.8264
3.08758045 0.8261
3.08010913 0.8259
3.05303564 0.8327
3.01399271 0.8436
2.97048348 0.8511
2.93700891 0.8550
2.92965325 0.8629
2.94176772 0.8298
2.96842970 0.7789
2.99740784 0.7501
3.01454130 0.7421
3.01065027 0.7574
2.99259892 0.7949
2.97021314 0.8503
2.97894897 0.8817
3.01743395 0.8577
3.05677114 0.8295
3.08264534 0.8048
3.09319792 0.7857
3.08643705 0.7738
3.05734876 0.7739
3.02536424 0.7971
3.02290022 0.8643
3.02196727 0.8696
3.01492906 0.8477
3.00617580 0.8260
2.98933928 0.8142
2.96172840 0.8115
2.94978325 0.8086
2.98091797 0.7836
3.00794170 0.7580
3.02092154 0.7324
3.02128228 0.7071
3.02148987 0.6865
3.02247830 0.6798
3.02134602 0.6863
3.02707736 0.6951
3.04907169 0.6807
3.06500722 0.6555
3.06529151 0.6422
3.04315418 0.6530
3.00257955 0.6672
2.97197360 0.7205
2.98444634 0.8116
2.99533851 0.8210
2.98565165 0.7880
2.98863179 0.6938
3.04908129 0.6670
3.10061195 0.6338
3.13251998 0.6219
3.13886220 0.6471
3.11685419 0.6873
3.07268320 0.7164
3.02499528 0.7178
3.00117341 0.7036
2.99669332 0.6779
3.00442938 0.6594
3.02079949 0.6540
3.03685290 0.6467
3.03668014 0.6452
3.02183734 0.6691
3.00290365 0.7145
2.97774205 0.7575
2.95451855 0.7857
2.94311161 0.7876
2.95006644 0.7710
2.97169281 0.7493
2.99793607 0.7147
3.01031307 0.6725
2.99881751 0.6366
2.97839533 0.6150
2.95442863 0.6221
2.93953830 0.6938
2.94143470 0.8076
2.94838974 0.8440
2.95541854 0.8296
2.95933966 0.7894
2.96482159 0.7346
2.97731244 0.6963
2.98349304 0.6864
2.97724562 0.6994
2.96579479 0.7307
2.95593016 0.7809
2.96180234 0.8426
2.98479020 0.8696
3.01319859 0.8642
3.04275190 0.8456
3.06628651 0.8157
3.07820680 0.7795
3.08283786 0.7481
3.07462107 0.7286
3.04924452 0.7193
3.01958434 0.7106
2.99470613 0.7246
2.99026028 0.7534
2.99521932 0.7563
3.00075291 0.7423
3.01634363 0.7309
3.03302362 0.7286
3.04608118 0.7230
3.05428357 0.7139
3.06717150 0.6914
3.07328399 0.6629
3.06337119 0.6499
3.04927079 0.6619
3.05054197 0.6813
3.06656617 0.6956
3.08556571 0.7013
3.08321651 0.6988
3.05780157 0.6973
3.01684241 0.7068
2.97805921 0.7267
2.94866928 0.7526
2.94252750 0.7640
2.95842762 0.7589
3.01195056 0.7446
3.09236695 0.7234
3.18112539 0.7012
3.23686557 0.6805
3.24112611 0.6660
3.20268824 0.6727
3.13770305 0.7139
3.07428991 0.7793
3.02541187 0.8307
3.00514260 0.8144
3.01078737 0.7855
3.03432998 0.7730
3.07765475 0.7550
3.13391611 0.7306
3.16778744 0.7113
3.16257629 0.7018
3.12276077 0.7180
3.06996648 0.7529
3.02209572 0.7947
2.98654578 0.8137
2.96555382 0.8132
2.96126605 0.8192
2.97424903 0.8219
2.99257350 0.8059
3.00337212 0.7684
2.98936672 0.7289
2.95873269 0.6930
2.92869097 0.6808
2.91225288 0.7134
2.91446970 0.7445
2.92789669 0.7634
2.94984410 0.8042
2.97273801 0.8290
2.99395877 0.8378
3.00798264 0.8388
3.00944822 0.8406
3.00461410 0.8517
3.00420519 0.8614
3.01263278 0.8672
3.01801770 0.8567
3.02644740 0.8218
3.03227633 0.7887
3.02995875 0.7757
3.02017055 0.7899
3.00907986 0.8107
2.99794296 0.8109
2.98661546 0.7889
2.99219089 0.7464
3.01547133 0.7270
3.03325296 0.7341
3.03788834 0.7544
3.04973632 0.7776
3.06928703 0.7974
3.09606872 0.8138
3.12598741 0.8297
3.15086768 0.8369
3.16336972 0.8367
3.16162855 0.8322
3.15114864 0.8284
3.12955224 0.8270
3.10552079 0.8165
3.08106674 0.7974
3.06298658 0.7741
3.05263151 0.7667
3.05333518 0.7777
3.05081122 0.7996
3.04107605 0.8213
3.02601190 0.8433
3.03166336 0.8604
3.05333935 0.8654
3.06255943 0.8599
3.05412608 0.8341
3.05555983 0.8157
3.07810065 0.8333
3.09013766 0.8366
3.09211113 0.8355
3.08878551 0.8364
3.06342999 0.8451
3.03612115 0.8452
3.02780206 0.8406
3.03057635 0.8754
3.03862659 0.9064
3.04851410 0.9034
3.04995880 0.8809
3.04313473 0.8632
3.03244856 0.8503
3.01707319 0.8464
2.99344049 0.8398
2.97087213 0.8162
2.96839195 0.7904
2.98135322 0.8002
2.98308619 0.8326
2.97881100 0.8573
2.97016773 0.8615
2.95305399 0.8572
2.93545805 0.8456
2.92314978 0.8392
2.91154606 0.8435
2.89592688 0.8501
2.87964715 0.8336
2.89156116 0.7920
2.92941468 0.7773
2.96062692 0.7650
2.96398208 0.7718
2.95693013 0.8068
2.95563671 0.8552
2.95690544 0.8837
2.95774280 0.8879
2.96875650 0.8768
2.99038193 0.8579
3.01861444 0.8284
3.04692997 0.8005
3.05904912 0.7848
3.04152487 0.7850
3.00273423 0.8005
2.96439088 0.8191
2.94163235 0.8272
2.93108634 0.8309
2.92239378 0.8412
2.92149704 0.8560
2.93574554 0.8527
2.96723821 0.8322
2.99065156 0.8195
2.98750671 0.8238
2.96607144 0.8433
2.93272578 0.8724
2.92304206 0.8973
2.93810784 0.8840
2.94155176 0.8669
2.92362965 0.8631
2.90839399 0.8558
2.94054216 0.8042
2.99810844 0.7626
3.03829206 0.7289
3.04169815 0.7095
3.01852320 0.7109
2.98983732 0.7364
2.96725971 0.8024
2.96394072 0.8754
2.98061873 0.8920
3.00493880 0.8744
3.03093918 0.8415
3.06631787 0.8247
3.08023580 0.8087
3.06445592 0.7927
3.03518310 0.7935
3.02192695 0.8046
3.02065708 0.8095
3.01876967 0.8022
3.01658945 0.7941
3.01834691 0.7962
3.03230948 0.8182
3.05821801 0.8396
3.07201298 0.8491
3.05362189 0.8454
3.02030780 0.8281
2.99448308 0.8234
2.97436225 0.8159
2.96989320 0.7837
2.97754935 0.7418
2.99453998 0.6985
3.02503009 0.6764
3.05943843 0.6865
3.07250983 0.7244
3.04193684 0.7772
2.98764074 0.8222
2.95203859 0.8351
2.97770712 0.8350
2.99439923 0.8255
3.00059945 0.7966
3.00982238 0.7259
3.03516444 0.6605
3.06266079 0.6212
3.06878714 0.6146
3.02775442 0.6335
2.95977135 0.6689
2.90628728 0.7201
2.89663244 0.7619
2.92376053 0.7213
2.96885110 0.7018
3.01172859 0.6914
3.04509509 0.6801
3.06937369 0.6705
3.08841589 0.6787
3.08013011 0.7042
3.03759393 0.7414
2.98755110 0.8025
2.96394016 0.9118
2.95007807 0.9537
2.97273397 0.8019
3.00143727 0.7639
3.01265159 0.7348
3.01053048 0.7095
3.00231010 0.6975
2.98940513 0.7058
2.96349866 0.7321
2.93730224 0.7758
2.91987536 0.8220
2.91469722 0.7918
2.95805183 0.7341
3.02651357 0.7192
3.08923807 0.6961
3.13500383 0.6697
3.15752460 0.6620
3.15074560 0.6824
3.11284319 0.7255
3.05391842 0.7667
2.99712599 0.7896
2.96186147 0.7971
2.95326281 0.7588
2.96436172 0.7171
2.98897099 0.6932
3.02226756 0.6744
3.05567521 0.6633
3.08161210 0.6596
3.08755334 0.6717
3.08182113 0.6955
3.08160841 0.7113
3.08593292 0.7247
3.09199708 0.7393
3.09460727 0.7535
3.09122692 0.7624
3.07382266 0.7634
3.04560775 0.7611
3.00615020 0.7673
2.96305354 0.8081
2.93732356 0.9247
2.93919868 0.9435
2.94590856 0.7509
2.97962969 0.6982
3.00256364 0.7123
3.00724521 0.7398
3.00553299 0.7694
2.99400895 0.8010
2.97254201 0.8266
2.94052735 0.8746
2.93272604 0.9154
2.94353330 0.8698
2.94646586 0.8076
2.95543049 0.6987
2.97228268 0.6565
2.97423122 0.6500
2.96639523 0.6547
2.96126380 0.6725
2.94606238 0.6955
2.91984896 0.8005
2.92166145 0.9389
2.92339777 0.9341
2.91306888 0.8794
2.92791666 0.6570
2.98388453 0.6342
3.02743183 0.6168
3.04470340 0.6133
3.03694080 0.6311
3.02099933 0.6604
2.98545821 0.7023
2.95066432 0.7417
2.92771708 0.7670
2.92391697 0.7368
2.93425918 0.7082
2.94333776 0.6882
2.94466287 0.7014
2.95221086 0.7977
2.97216254 0.8415
2.98748590 0.8268
3.00006992 0.7963
3.00998336 0.7814
3.01079707 0.7742
3.00600513 0.7541
3.01317562 0.7158
3.02648976 0.6747
3.02488433 0.6534
3.00327302 0.6549
2.96677342 0.6734
2.92854268 0.7675
2.94212364 0.9366
2.95385472 0.9052
2.96439368 0.8861
2.96351100 0.8719
2.94953823 0.8337
2.93968692 0.7269
2.95895281 0.6408
2.96751115 0.6265
2.96367092 0.6304
2.95823684 0.6392
2.95891847 0.6435
2.96735679 0.6410
2.97369786 0.6379
2.98681099 0.6325
2.99808745 0.6222
3.00385915 0.6071
3.00197769 0.5980
2.98967494 0.6077
2.97907784 0.6337
2.97414890 0.6381
2.98132896 0.6348
3.00614300 0.6475
3.03775755 0.6460
3.05421057 0.6460
3.05684444 0.6474
3.04980473 0.6577
3.02128446 0.6837
2.98187803 0.7115
2.95539199 0.7385
2.95820358 0.8025
2.97862124 0.8208
3.00573485 0.7973
3.03425331 0.7568
3.06384671 0.7216
3.09658599 0.6991
3.12410633 0.6900
3.12742199 0.7010
3.09771905 0.7468
3.06102323 0.8183
3.03754188 0.8672
3.01871179 0.8844
3.00404409 0.8857
3.01756661 0.7634
3.06979507 0.6975
3.13259070 0.6607
3.19718436 0.6301
3.23897584 0.6215
3.23562465 0.6335
3.18376401 0.6630
3.10638501 0.6996
3.04013135 0.7162
2.99287815 0.6971
2.96393794 0.6632
2.93906921 0.6539
2.90978813 0.5960
2.90982523 0.6121
2.93621751 0.6238
2.96796907 0.6352
2.98768829 0.6710
2.99181561 0.7173
2.99202653 0.7323
3.00592018 0.7243
3.04298902 0.7137
3.08143221 0.6918
3.10275100 0.6733
3.10035911 0.6669
3.07195101 0.6719
3.02859040 0.6989
2.98742207 0.7564
2.97200484 0.8045
2.96443146 0.8213
2.94974519 0.8314
2.92746699 0.8394
2.93575307 0.7455
2.97317889 0.7006
3.01291705 0.6639
3.05033611 0.6294
3.07200728 0.6074
3.06264558 0.6145
3.01987695 0.6598
2.97546844 0.7547
2.95164716 0.8610
2.94043706 0.8808
2.92405015 0.8485
2.92796779 0.7642
2.94353135 0.7586
2.94915490 0.7528
2.94569815 0.7412
2.94023163 0.7296
2.93589436 0.7358
2.93889571 0.7475
2.94457387 0.7467
2.94243036 0.7603
2.94068857 0.8344
2.95500913 0.8908
2.97372808 0.8788
2.97647841 0.8522
2.96001271 0.8310
2.93142391 0.8157
2.91321824 0.7877
2.92179651 0.7515
2.96115855 0.7194
3.01837412 0.6825
3.06444929 0.6514
3.07638849 0.6479
3.06337080 0.6926
3.04313429 0.7766
3.03270033 0.8379
3.02001891 0.8612
3.00955597 0.8664
3.00423549 0.8652
2.99328162 0.8632
2.97558596 0.8372
2.99812569 0.7875
3.02551117 0.7393
3.03109769 0.6936
3.03507134 0.6854
3.04275946 0.7210
3.05525760 0.7548
3.07242374 0.7718
3.09963589 0.7746
3.12292169 0.7733
3.13830288 0.7661
3.13636160 0.7589
3.12447292 0.7591
3.12063736 0.7579
3.12260586 0.7603
3.11471803 0.7568
3.09428961 0.7324
3.06288312 0.7095
3.02806265 0.7095
3.00468203 0.7251
3.00976895 0.7440
3.02176393 0.7557
3.02744792 0.7522
3.02286308 0.7392
3.02491375 0.7221
3.03701602 0.7261
3.04793596 0.7409
3.04798449 0.7371
3.03960511 0.7123
3.04656069 0.7099
3.07719194 0.7337
3.10960182 0.7594
3.12441753 0.7839
3.11126146 0.8088
3.08651327 0.8245
3.06718352 0.8234
3.04916710 0.8069
3.03625949 0.7818
3.03632021 0.7576
3.04735095 0.7368
3.06950299 0.7245
3.09664555 0.7142
3.11044614 0.7064
3.10383058 0.7016
3.07697307 0.6922
3.05640296 0.6774
3.04251091 0.6584
3.02097336 0.6316
2.98387964 0.6018
2.93681965 0.5779
2.91206010 0.5960
2.91007359 0.6382
2.91687807 0.6492
2.92236156 0.6401
2.93047732 0.6243
2.95013387 0.6191
2.99213384 0.6176
3.03627886 0.6113
3.06427916 0.6004
3.04542822 0.5947
2.99811086 0.5951
2.94949714 0.6106
2.91455232 0.6477
2.89026842 0.7417
2.88522890 0.9651
2.91409952 0.8971
2.94885745 0.8582
2.97357326 0.8298
2.98415746 0.8174
2.98816967 0.8189
3.00466243 0.8181
3.03295558 0.8096
3.05195265 0.7992
3.05085806 0.7841
3.03542612 0.7573
3.02018434 0.7455
3.02330818 0.8077
3.03659964 0.8508
3.03487049 0.8645
3.02209692 0.8606
2.99899563 0.8640
2.98028369 0.8635
2.96782812 0.8452
2.96828776 0.8098
2.98330601 0.7562
3.00168570 0.7034
3.01410695 0.6608
3.00663642 0.6350
2.99699761 0.6266
2.99457851 0.6287
2.98747513 0.6584
2.98443646 0.7304
2.98095505 0.8102
2.97015419 0.8102
2.98277377 0.7694
3.02000513 0.7325
3.06546163 0.6820
3.09244429 0.6380
3.09532678 0.6176
3.09191590 0.6231
3.08402875 0.6566
3.06977631 0.6989
3.04045545 0.7563
3.02156628 0.7891
3.02603026 0.7910
3.04834421 0.7743
3.08575973 0.7477
3.12024586 0.7128
3.13369260 0.6783
3.12860725 0.6465
3.11024039 0.6236
3.09469825 0.6199
3.07651195 0.6355
3.05863320 0.6567
3.03968933 0.6780
3.03046512 0.6949
3.03418814 0.7059
3.03038859 0.7142
3.01044119 0.7157
2.98004603 0.7277
2.95403359 0.7666
2.93797816 0.7968
2.92859405 0.7594
2.93860791 0.6777
2.96732654 0.6480
2.99805649 0.6321
3.01906047 0.6270
3.01752489 0.6391
2.99164695 0.6616
2.95194527 0.6885
2.92417098 0.7142
2.92383995 0.7431
2.93296404 0.7662
2.93840795 0.7652
2.94832243 0.7295
2.97108793 0.6701
3.00094659 0.6140
3.02911893 0.5746
3.04236053 0.5721
3.03313425 0.6014
3.00813208 0.6401
2.98226953 0.6647
2.95915874 0.6798
2.94069103 0.6905
2.93541446 0.6818
2.94167104 0.6620
2.96778272 0.6377
3.00279542 0.6266
3.03634438 0.6409
3.05043378 0.6728
3.03974370 0.7077
3.01713638 0.7302
2.99850498 0.7343
2.98318069 0.7199
2.97014901 0.6948
2.96256702 0.6793
2.96788164 0.6727
2.98042803 0.6583
2.99141832 0.6325
3.00486154 0.6196
3.00600871 0.6484
2.99491416 0.6923
2.98087099 0.7334
2.97864086 0.7592
2.98940862 0.7503
3.01386192 0.6932
3.05713010 0.6067
3.10178842 0.5283
3.13532000 0.4775
3.14541015 0.4551
3.14362453 0.4564
3.12081434 0.4832
3.07437622 0.5348
3.02420934 0.5984
2.98518124 0.6528
2.96837447 0.6617
2.98267026 0.6768
3.00986675 0.6644
3.03481711 0.6091
3.04679371 0.5721
3.05242387 0.5552
3.04815773 0.5709
3.03716903 0.6092
3.02288707 0.6706
3.01069896 0.7483
3.01792224 0.7786
3.05656845 0.7511
3.10177386 0.7151
3.12409004 0.6980
3.10923842 0.7089
3.07164104 0.7337
3.03494476 0.7372
3.02368575 0.6907
3.03795727 0.6630
3.04675127 0.6742
3.02773089 0.6891
3.00217408 0.6826
2.99838665 0.6619
3.01755755 0.6545
3.02552565 0.6676
3.00337160 0.6991
2.96420645 0.7434
2.93379487 0.7572
2.93295745 0.6869
2.94746308 0.6307
2.95312716 0.6347
2.94859892 0.6752
2.94888079 0.7248
2.95274472 0.7347
2.94668309 0.7476
2.92699475 0.7927
2.90331124 0.8313
2.89608643 0.7681
2.92184656 0.7181
2.96103598 0.7010
2.98058019 0.7046
2.98420948 0.7175
2.97910727 0.7241
2.97794564 0.7146
2.97810111 0.7049
2.97511671 0.7058
2.98048569 0.7025
3.00150872 0.6856
3.04409953 0.6600
3.09795228 0.6387
3.13831354 0.6425
3.15250520 0.6667
3.14272570 0.6982
3.11120290 0.7027
3.08027620 0.6546
3.05907565 0.6050
3.03921773 0.5855
3.03090615 0.5805
3.03983025 0.5823
3.05412685 0.5886
3.05167891 0.5941
3.03211217 0.6029
3.02319998 0.6378
3.02795315 0.6803
3.03264122 0.7039
3.03012555 0.7012
3.02697604 0.6727
3.02980109 0.6284
3.04575643 0.5883
3.06939164 0.5725
3.07447679 0.5843
3.04012120 0.6200
2.99042280 0.6958
2.95811596 0.8044
2.94611589 0.8051
2.95414597 0.7609
2.98003179 0.7216
3.01508671 0.6776
3.04043359 0.6422
3.04236265 0.6262
3.02699456 0.6472
2.99300346 0.7015
2.95396672 0.7671
2.95133085 0.8663
2.97152101 0.8441
2.97522224 0.7898
2.98531181 0.6958
3.01468190 0.6290
3.05830727 0.5819
3.07384288 0.5539
3.05150766 0.5437
2.99903028 0.5600
2.95334256 0.6168
2.93745637 0.7082
2.94780148 0.7438
2.97202900 0.7290
3.00428195 0.6723
3.04291842 0.6210
3.07563796 0.6053
3.09026934 0.6210
3.08223829 0.6579
3.04839060 0.7217
3.01162754 0.8171
2.98994371 0.8899
2.96587119 0.9219
2.93191772 0.9250
2.91499307 0.6583
2.95184495 0.6224
3.00214639 0.5829
3.04972086 0.5682
3.07709178 0.5789
3.07265607 0.6015
3.03582145 0.6264
2.99440141 0.6450
2.96983566 0.6616
2.97976961 0.6711
3.00416640 0.6602
3.03231981 0.6314
3.06425114 0.6014
3.09109626 0.5985
3.09852095 0.6252
3.07276702 0.6720
3.03130206 0.7173
2.99050133 0.7511
2.96191728 0.7681
2.95077201 0.7599
2.96226771 0.7208
2.98343802 0.6632
3.00423082 0.6109
3.01593858 0.5777
3.01497614 0.5764
3.00333617 0.6080
2.99316741 0.6586
3.00382489 0.7046
3.03207034 0.7300
3.05019351 0.7419
3.05229924 0.7461
3.04398780 0.7288
3.03630205 0.6825
3.03527223 0.6364
3.03879547 0.6114
3.03311476 0.6098
3.02005384 0.6249
3.00959997 0.6460
3.01344726 0.6715
3.03632355 0.6948
3.06065128 0.7034
3.07045110 0.6991
3.07059904 0.6799
3.06691493 0.6645
3.07107786 0.6572
3.06135243 0.6585
3.03744869 0.6656
3.00125645 0.6888
2.98307611 0.7230
2.99256547 0.7329
3.01908089 0.7499
3.04136095 0.7601
3.03986585 0.7574
3.01952106 0.7509
3.00427804 0.7627
3.00139852 0.7865
2.99132517 0.8015
2.96274007 0.7885
2.93755114 0.7234
2.95594441 0.7158
2.98259368 0.6915
3.01152240 0.6632
3.02967625 0.6511
3.03071957 0.6543
3.01681323 0.6697
3.00636163 0.6978
2.99848508 0.7294
2.98995981 0.7530
2.97496291 0.7594
2.96565365 0.7531
2.97024750 0.7418
2.98456540 0.7352
3.00130817 0.7291
3.00809147 0.7338
3.01183934 0.7388
3.01194770 0.7532
3.00577001 0.7666
2.98174933 0.7705
2.94874493 0.7601
2.92512078 0.7370
2.92395206 0.7058
2.94262625 0.6887
2.96494571 0.6721
2.99093798 0.6544
3.02055219 0.6533
3.04359603 0.6706
3.04798745 0.6925
3.04257678 0.6998
3.02764627 0.6889
3.01254058 0.6713
3.02444693 0.6565
3.05246420 0.6414
3.07717755 0.6240
3.08537016 0.6090
3.08500006 0.6024
3.08068796 0.6105
3.07576640 0.6247
3.07074531 0.6296
3.06682811 0.6232
3.06531560 0.6043
3.07906792 0.5755
3.09730916 0.5554
3.09824882 0.5473
3.07636244 0.5531
3.04535232 0.5787
3.01920899 0.6200
3.00936188 0.6688
3.00502606 0.6983
3.00093853 0.6906
2.99876901 0.6589
3.00049884 0.6256
3.00563859 0.5999
3.00225538 0.5778
2.98786604 0.5672
2.95142988 0.5918
2.91143534 0.7145
2.89241823 0.8657
2.89249190 0.8884
2.88995549 0.8721
2.87675719 0.8498
2.86261991 0.7980
2.87031741 0.6010
2.89604578 0.5350
2.92631594 0.5326
2.95025914 0.5401
2.97631678 0.5541
3.01381662 0.5796
3.05285235 0.6065
3.07470822 0.6182
3.08245982 0.5984
3.07818216 0.5639
3.07541583 0.5287
3.06100002 0.4976
3.02719958 0.4729
2.98075484 0.4672
2.93783527 0.5081
2.93085185 0.5575
2.94674507 0.5723
2.99310948 0.5745
3.05191616 0.5898
3.11315847 0.6008
3.15958800 0.6076
3.18184196 0.6153
3.17096657 0.6135
3.13959850 0.6011
3.11521407 0.5877
3.12303939 0.5833
3.13785971 0.5878
3.14491092 0.5932
3.13466811 0.5962
3.12112050 0.6002
3.11196443 0.6043
3.10210098 0.6003
3.07159476 0.5893
3.02811047 0.5678
3.00734767 0.5429
3.04021473 0.5288
3.10809247 0.5254
3.17978409 0.5203
3.20836751 0.5139
3.19347306 0.5194
3.16503425 0.5525
3.14471395 0.6092
3.11507554 0.6589
3.06855986 0.6754
3.03074799 0.6615
3.02381701 0.6345
3.06022005 0.6094
3.12147235 0.5931
3.17412760 0.5744
3.19809559 0.5482
3.17886371 0.5249
3.12822329 0.5237
3.05797981 0.5550
2.98471657 0.6262
2.92857577 0.7352
2.89825322 0.8215
2.91770973 0.5834
3.00314025 0.5735
3.10660606 0.5751
3.18726507 0.5906
3.21630897 0.6011
3.19034840 0.5994
3.13501342 0.5957
3.06549022 0.5983
3.00293078 0.6186
2.97054955 0.6558
2.97287044 0.6901
3.00217262 0.6736
3.03957868 0.6097
3.07081645 0.5564
3.08509005 0.5514
3.06576364 0.5758
3.01430866 0.6029
2.95556269 0.6313
2.91699446 1.0297
2.91686472 0.9967
2.92713751 0.7217
2.96944930 0.6430
3.01873991 0.6334
3.05629081 0.6367
3.07502263 0.6553
3.07356858 0.6775
3.04165762 0.6977
2.98402353 0.7158
2.91843168 0.8425
2.90704048 1.0242
2.89905935 1.0109
2.88421207 0.9988
2.89193747 0.6885
2.93794216 0.6626
2.97646013 0.6435
3.00060970 0.6442
3.00668147 0.6561
2.99894501 0.6597
2.97505570 0.6487
2.95695474 0.6327
2.94774804 0.6358
2.95760835 0.6510
2.97650291 0.6638
3.00709273 0.6586
3.03810602 0.6450
3.07269497 0.6274
3.09691559 0.6133
3.10788995 0.5991
3.10047634 0.5859
3.08542739 0.5799
3.08652115 0.5779
3.11985701 0.5805
3.16432417 0.6000
3.18419130 0.6318
3.17069269 0.6613
3.13482687 0.6763
3.10153498 0.6747
3.07414069 0.6702
3.05305856 0.6595
3.02571259 0.6467
2.99966589 0.6341
2.98668646 0.6279
2.99567221 0.6219
3.02119320 0.6225
3.04556738 0.6336
3.04612475 0.6491
3.02281256 0.6700
2.98697516 0.6962
2.95136130 0.7290
2.92951613 0.7690
2.92040682 0.7737
2.91818374 0.7122
2.93292153 0.6636
2.96158711 0.6512
2.99854437 0.6681
3.03044414 0.6910
3.04500802 0.6990
3.04040617 0.7067
3.02893214 0.7351
3.00803389 0.7719
2.98140976 0.7801
2.95396499 0.7445
2.95185040 0.7054
2.97019891 0.7003
2.99342556 0.6959
3.01822913 0.6967
3.03129035 0.6930
3.03080940 0.6800
3.02820779 0.6652
3.02814760 0.6577
3.02977569 0.6517
3.03359305 0.6420
3.03604859 0.6367
3.01973544 0.6408
2.99750576 0.6551
2.99108002 0.6719
3.00607708 0.6855
3.03364840 0.6931
3.05740998 0.6909
3.06931010 0.6761
3.07100390 0.6574
3.07862400 0.6454
3.08699030 0.6442
3.09112371 0.6467
3.07273131 0.6516
3.04492945 0.6560
3.02156590 0.6601
3.01915023 0.6570
3.03935265 0.6464
3.07040195 0.6260
3.09010514 0.6178
3.09809652 0.6247
3.08916701 0.6517
3.06355260 0.6902
3.03843836 0.7258
3.02155576 0.7578
3.01601211 0.7773
3.00548159 0.7966
2.99724006 0.8144
2.99403960 0.8101
2.99459067 0.7753
2.99905394 0.7406
3.01161898 0.7243
3.01595449 0.7382
3.00774681 0.7791
3.00682240 0.8225
3.00707192 0.8243
2.98993146 0.8033
2.95371228 0.8209
2.94160465 0.8677
2.94900610 0.8498
2.95601064 0.8180
2.95957233 0.7961
2.95164031 0.7833
2.93455922 0.7880
2.92782485 0.8402
2.93683521 0.8744
2.93559686 0.8612
2.91527284 0.8389
2.89055662 0.8817
2.89489092 0.8934
2.91070077 0.8466
2.93448961 0.8030
2.94668085 0.7626
2.93299488 0.7361
2.90241077 0.7269
2.88746797 0.7342
2.89900473 0.7600
2.92722913 0.7844
2.95618918 0.7963
2.97365816 0.8006
2.98275714 0.8112
2.99163992 0.8270
3.00117360 0.8370
3.00074543 0.8353
2.98822488 0.8241
2.97149771 0.8177
2.96260355 0.8231
2.96657337 0.8214
2.97205990 0.8128
2.97723027 0.8064
2.97931265 0.8082
2.97896088 0.8249
2.97927753 0.8466
2.96973960 0.8666
2.95678499 0.8700
2.94549881 0.8612
2.94165107 0.8539
2.93981287 0.8365
2.93952310 0.7975
2.94076456 0.7518
2.94058769 0.7213
2.94490665 0.7061
2.95911616 0.6926
2.97780132 0.6996
2.99793527 0.7308
3.01258173 0.7722
3.00971496 0.8159
2.99806192 0.8624
3.00086784 0.8776
3.01566743 0.8318
3.02446482 0.7681
3.01575665 0.7227
2.99943530 0.7100
2.98330058 0.7305
2.98310697 0.7777
2.99834916 0.8155
3.01793019 0.8259
3.05070152 0.8373
3.09584326 0.8336
3.13963494 0.8118
3.17711289 0.7826
3.20600745 0.7521
3.21428840 0.7325
3.19549288 0.7249
3.15682005 0.7287
3.12465931 0.7434
3.12430103 0.7670
3.14634388 0.7816
3.16336121 0.7874
3.16893188 0.7838
3.16489880 0.7794
3.16156296 0.7717
3.15315015 0.7618
3.14174214 0.7476
3.11649034 0.7323
3.08344908 0.7290
3.07028445 0.7412
3.08634425 0.7621
3.12504332 0.7781
3.16437207 0.7843
3.18548349 0.7869
3.17733604 0.7947
3.14958738 0.8006
3.11074886 0.7939
3.06614984 0.7694
3.00821246 0.7423
2.95581192 0.7271
2.91992839 0.7370
2.90691310 0.7285
2.92820794 0.6757
2.96706615 0.6621
2.99603137 0.6561
3.00384991 0.6537
2.99063691 0.6450
2.97166352 0.6358
2.94713945 0.6392
2.93205105 0.6780
2.92321403 0.7158
2.92099000 0.7088
2.93298337 0.6343
2.96190292 0.5958
2.97909841 0.6048
2.97979594 0.6285
2.96290835 0.6573
2.95601252 0.6769
2.94283397 0.6932
2.92592926 0.7561
2.91811104 0.9075
2.92011428 0.9868
2.91371674 1.0111
2.92778166 0.6183
2.97780252 0.5980
3.01265884 0.5934
3.02225664 0.6102
3.01318487 0.6362
2.99008785 0.6594
2.96448454 0.6791
2.94275874 0.6962
2.92744571 0.7041
2.92700354 0.6744
2.93880474 0.6235
2.95960905 0.5802
2.97774760 0.5560
2.99313155 0.5423
3.00735677 0.5481
3.02344145 0.5620
3.03982100 0.5612
3.04777239 0.5544
3.05423727 0.5489
3.06315116 0.5408
3.07487701 0.5164
3.09967895 0.4802
3.12512142 0.4567
3.13948133 0.4447
3.12603393 0.4515
3.10026376 0.4719
3.06433687 0.5073
3.04158578 0.5402
3.02705814 0.5542
3.02353870 0.5451
3.03667242 0.5264
3.04264092 0.5091
3.03570864 0.4923
3.01547320 0.4807
2.98243852 0.4811
2.95998319 0.4829
2.95859605 0.4849
2.99069589 0.4945
3.04015089 0.5116
3.09816442 0.5247
3.14779833 0.5251
3.17081267 0.5136
3.15079246 0.4979
3.09541752 0.4823
3.02953771 0.4790
2.98302319 0.5372
2.96743990 0.6499
2.97080257 0.6303
2.99525567 0.4932
3.06666358 0.4203
3.16785474 0.4116
3.24366112 0.4170
3.25676186 0.4257
3.20046758 0.4348
3.10201554 0.4480
3.02025130 0.4699
2.97686751 0.5156
2.96982879 0.5339
2.98042322 0.4861
3.01689211 0.4124
3.07040243 0.3620
3.11792052 0.3380
3.13340315 0.3284
3.08856363 0.3266
2.99744121 0.3360
2.89354569 0.3830
2.82621183 0.6195
2.81320161 0.8886
2.81727714 0.9426
2.83107037 0.8488
2.85740627 0.6452
2.90644105 0.4801
2.95534002 0.4273
2.98454147 0.4124
2.97689911 0.4203
2.94565753 0.4526
2.90764224 0.5199
2.87625849 0.6254
2.86092708 0.6955
2.86699972 0.6386
2.88862341 0.5428
2.92495977 0.4692
2.96312491 0.4330
2.99332423 0.4214
3.00615695 0.4360
3.00837884 0.4752
3.00216629 0.5254
2.98830718 0.5697
2.97132611 0.5962
2.96164064 0.5905
2.96700351 0.5463
2.98821120 0.5025
3.01173639 0.4852
3.01618585 0.4872
3.00488971 0.4963
2.99062591 0.5021
2.98693400 0.4817
2.98373573 0.4431
2.98132250 0.3973
2.97273784 0.3659
2.95068945 0.3675
2.92673150 0.4004
2.90461360 0.4807
2.89412726 0.6152
2.90231785 0.7676
2.91941074 0.7686
2.94958785 0.6550
3.00384833 0.5759
3.07589943 0.5265
3.14469675 0.4897
3.17682477 0.4692
3.16693080 0.4708
3.11973605 0.4913
3.05707040 0.5254
2.99688171 0.5784
2.96564612 0.6557
2.96641916 0.7148
2.98963841 0.6815
3.02719636 0.5956
3.07950597 0.5234
3.12605163 0.4910
3.13408325 0.4824
3.10542279 0.4917
3.05430331 0.5059
2.99004247 0.5236
2.93349558 0.5516
2.91658481 0.6126
2.92991848 0.6312
2.95815047 0.5867
2.99346926 0.5166
3.01226244 0.4673
3.00276049 0.4547
2.96891622 0.4729
2.92915936 0.5162
2.91224593 0.5872
2.92083528 0.6814
2.93095967 0.7406
2.93369920 0.7621
2.93235956 0.7487
2.93873717 0.6843
2.95356550 0.5675
2.97623445 0.4647
2.99101635 0.4290
2.98712049 0.4394
2.97211031 0.4715
2.94711910 0.5176
2.92654531 0.5638
2.92100384 0.6101
2.93473456 0.6467
2.96800524 0.6589
3.00537510 0.6366
3.03536601 0.5991
3.05415836 0.5674
3.06504002 0.5600
3.06555103 0.5763
3.04707885 0.6027
3.01198767 0.6325
2.98233410 0.6678
2.97794183 0.6966
2.99873383 0.6958
3.02881637 0.6638
3.05327824 0.6138
3.04702543 0.5733
3.02144305 0.5566
2.99702311 0.5673
2.98964371 0.5934
2.99485089 0.6210
3.01476097 0.6387
3.04016788 0.6450
3.06829848 0.6448
3.09025297 0.6364
3.10312163 0.6187
3.09302646 0.5989
3.05544699 0.5927
3.01258628 0.6098
2.98425541 0.6397
2.96751880 0.6691
2.95855101 0.6922
2.96612388 0.7067
3.00293868 0.7044
3.05320704 0.6891
3.09539908 0.6699
3.11466360 0.6514
3.09377540 0.6446
3.05069379 0.6540
3.01239586 0.6770
2.98740268 0.7231
2.97902078 0.7817
2.97881535 0.8186
2.97934492 0.8122
2.98695033 0.7898
3.00853771 0.7820
3.01866298 0.7771
2.99379096 0.7797
2.94760550 0.7800
2.91404411 0.8100
2.90364193 0.8245
2.90300326 0.7622
2.94246940 0.6921
2.99965736 0.6594
3.03527069 0.6348
3.05137843 0.6273
3.04484845 0.6528
3.00688696 0.7049
2.93333246 0.7604
2.87525809 0.9578
2.87812505 0.9554
2.86858859 0.9525
2.88088008 0.8423
2.94578070 0.7281
3.01515169 0.6505
3.05955750 0.5974
3.06665336 0.5818
3.03638599 0.6009
2.96272495 0.6414
2.87112179 0.6858
2.80751072 0.7226
2.78440846 0.7582
2.80529736 0.8228
2.85228683 0.8109
2.89296489 0.7770
2.91592762 0.7461
2.91384625 0.7263
2.89927233 0.7070
2.88412292 0.6980
2.87574584 0.7114
2.86943295 0.7306
2.86008549 0.7420
2.86598972 0.7706
2.89105489 0.8070
2.92316811 0.8229
2.95380229 0.8246
2.97572776 0.8121
2.98789168 0.7879
2.98932526 0.7586
2.98812028 0.7304
3.00031037 0.7185
3.01814669 0.7103
3.02231281 0.7145
3.02239435 0.7316
3.02298699 0.7528
3.01327061 0.7750
2.99664592 0.7949
2.97572469 0.8087
2.95257698 0.8166
2.92823611 0.8045
2.91133671 0.7878
2.91008713 0.7831
2.92536879 0.7892
2.94945166 0.7977
2.97532490 0.8088
2.99136905 0.8218
2.98632901 0.8365
2.96099744 0.8438
2.93543663 0.8095
2.93206089 0.7184
2.93985719 0.7337
2.94436690 0.7430
2.96227854 0.7484
2.98028941 0.7617
2.99807778 0.7982
3.01334297 0.8451
3.01858131 0.9015
3.01210812 0.9451
3.00194354 0.9392
3.01993838 0.7508
3.03064315 0.7551
3.04040052 0.7837
3.08540104 0.7916
3.13039288 0.7669
3.15453568 0.7562
3.14780481 0.7651
3.11228295 0.7887
3.06180492 0.7970
3.02115508 0.7685
3.00664520 0.7563
2.98751741 0.7621
2.95745386 0.7555
2.93257945 0.7204
2.94246268 0.6788
2.97824895 0.6623
3.02295852 0.6676
3.06270913 0.6860
3.06943397 0.7188
3.03946488 0.7506
3.00289521 0.7559
2.99188374 0.7408
2.99345142 0.7337
2.98529532 0.7482
2.97071327 0.7855
2.95849357 0.8126
2.94854495 0.8199
2.94286657 0.8149
2.93687886 0.8021
2.93023080 0.7756
2.91845915 0.7399
2.91036686 0.7044
2.91198660 0.6847
2.92467962 0.6888
2.94283396 0.7237
2.95925591 0.7791
2.97049113 0.8255
2.97502658 0.8584
2.97629447 0.8841
2.96969685 0.9089
2.96143103 0.9016
2.96632332 0.8497
2.96640412 0.8026
2.95909811 0.7500
2.96721118 0.7088
2.99207296 0.7064
3.01500841 0.7347
3.01532429 0.7674
3.00205241 0.7943
2.98444171 0.8203
2.97286337 0.8385
2.97106917 0.8314
2.98039136 0.8002
3.00286797 0.7575
3.03001405 0.7267
3.06465650 0.7222
3.09298928 0.7451
3.10363564 0.7858
3.09620681 0.8351
3.08912481 0.8689
3.09607631 0.8658
3.11103745 0.8374
3.11564851 0.8007
3.10423467 0.7759
3.06740570 0.7670
3.02005363 0.7677
2.97734436 0.7675
2.94426903 0.7625
2.92211628 0.7595
2.90420135 0.7849
2.90044913 0.8754
2.92562846 0.8719
2.95252972 0.8343
2.97822072 0.8201
3.01057495 0.8126
3.03808999 0.8198
3.05765787 0.8339
3.06040400 0.8491
3.04626504 0.8737
3.02182222 0.9362
3.01587587 0.9985
3.03413527 0.9249
3.04489951 0.8617
3.04740062 0.8297
3.06131372 0.8127
3.08346107 0.8046
3.08997731 0.8055
3.07890810 0.8071
3.04702036 0.8190
3.01324953 0.8440
2.99175855 0.8712
2.99316418 0.8524
3.00746592 0.8059
3.02024288 0.7747
3.02167060 0.7631
3.02158669 0.7698
3.02556142 0.7879
3.02683967 0.8014
3.01849563 0.8166
3.00443852 0.8281
2.99275042 0.8531
2.99261248 0.8865
3.01298030 0.8367
3.02338015 0.8275
3.01130081 0.8637
3.01669654 0.8664
3.02902236 0.8630
3.04285064 0.8479
3.04924296 0.8249
3.03590587 0.8045
3.01939296 0.8017
3.01871747 0.7911
3.02240483 0.7676
3.01914121 0.7442
3.00575861 0.7341
2.98717986 0.7398
2.96691585 0.7536
2.95795140 0.7774
2.95431410 0.8018
2.94931600 0.8176
2.94410907 0.8155
2.95053374 0.7853
2.98763812 0.7411
3.04419728 0.7038
3.09497197 0.6747
3.10815954 0.6680
3.07634311 0.6776
3.02467969 0.7013
2.97781884 0.7326
2.94267710 0.7624
2.92107265 0.7800
2.91145083 0.7752
2.92245889 0.7551
2.95029849 0.7354
2.98959358 0.7143
3.02542594 0.6962
3.04065773 0.6858
3.03523373 0.6897
3.01743365 0.7009
2.99591764 0.7197
2.98191786 0.7407
2.98571764 0.7554
2.99809062 0.7673
3.01332433 0.7720
3.02168848 0.7731
3.01919035 0.7725
3.00226512 0.7658
2.98447391 0.7454
2.97259557 0.7312
2.97385001 0.7206
2.96511122 0.7161
2.95953913 0.7300
2.96661834 0.7672
2.97091445 0.7990
2.96934335 0.8898
2.97751995 0.9008
2.99110613 0.8885
3.00295846 0.8771
3.01169095 0.8613
3.00756547 0.8484
2.98915896 0.8456
2.96308992 0.8687
2.95635262 0.8482
2.97412069 0.8067
2.98709824 0.7938
2.98617116 0.7978
2.97450668 0.8210
2.96845132 0.8481
2.97396391 0.8609
2.99069809 0.8577
3.01017379 0.8462
3.02273754 0.8353
3.03160348 0.8155
3.05432922 0.8037
3.09012868 0.8203
3.10751272 0.8373
3.09704119 0.8494
3.06800994 0.8464
3.03222612 0.8212
2.99952298 0.7782
2.97459357 0.7284
2.95946192 0.6797
2.96570585 0.6608
3.00209353 0.6789
3.04215118 0.6915
3.07242625 0.7009
3.07274801 0.7123
3.05499708 0.7202
3.03783203 0.7328
3.03054995 0.7220
3.01901464 0.6836
3.01025737 0.6477
3.00520716 0.6259
3.00528562 0.6148
3.02067636 0.6084
3.03056119 0.6089
3.01899293 0.6142
2.97737324 0.6270
2.92931433 0.6457
2.89995097 0.6578
2.89056552 0.6741
2.90661334 0.7620
2.93255268 0.8157
2.95989068 0.8092
2.98504488 0.7874
3.00740277 0.7592
3.01569366 0.7382
2.99567153 0.7335
2.96369023 0.7334
2.94038177 0.7276
2.92730241 0.7170
2.92134677 0.7156
2.91309262 0.7267
2.89826118 0.7403
2.88611975 0.7497
2.88748102 0.7517
2.89491366 0.7418
2.89566614 0.7282
2.88640618 0.7144
2.88614469 0.7393
2.91196199 0.8055
2.93577944 0.8276
2.95123193 0.8550
2.95569422 0.8800
2.94471873 0.8683
2.93619309 0.7663
2.95332365 0.6916
2.97861516 0.6645
2.99413136 0.6405
2.99435352 0.6331
2.98955981 0.6415
2.98235177 0.6559
2.97971341 0.6535
2.98332130 0.6469
2.99559318 0.6554
3.01230458 0.6618
3.02470272 0.6597
3.03196847 0.6476
3.03540922 0.6294
3.04119230 0.6113
3.04351755 0.5998
3.04572087 0.6014
3.04209932 0.6162
3.03523003 0.6335
3.02828782 0.6458
3.01038673 0.6529
2.98635941 0.6451
2.96083420 0.6230
2.95703376 0.6097
2.98250929 0.6054
3.02582529 0.5932
3.06986273 0.5827
3.10398780 0.5860
3.11887365 0.6075
3.11459174 0.6337
3.09694284 0.6535
3.06912583 0.6572
3.03076377 0.6576
2.99451949 0.6921
2.99727939 0.7923
3.04018477 0.8248
3.08242289 0.8314
3.08778181 0.8379
3.05989326 0.8396
3.02951311 0.7760
3.03853603 0.6479
3.07016356 0.6309
3.08364526 0.6293
3.06307891 0.6477
3.02240471 0.6837
2.97546870 0.7134
2.98646504 0.8728
2.99932330 0.8470
2.99674451 0.8211
2.99087918 0.7704
3.00416708 0.7001
3.03986790 0.6535
3.06728086 0.6238
3.05647359 0.6141
3.02081207 0.6261
2.97475648 0.6518
2.92214898 0.6806
2.87735191 0.7998
2.86291038 0.9445
2.85877770 0.9327
2.86543777 0.8545
2.88415830 0.7564
2.89594202 0.7210
2.89888159 0.7084
2.90271694 0.7000
2.91308393 0.6816
2.92798007 0.6743
2.93756971 0.6725
2.93041622 0.6758
2.91501910 0.6818
2.91846959 0.6865
2.94370072 0.6864
2.97549847 0.6748
2.98588923 0.6633
2.96946459 0.6651
2.94784111 0.6819
2.93736245 0.7036
2.93636721 0.7162
2.92954328 0.7231
2.91956420 0.7472
2.91353808 0.7879
2.92736662 0.8046
2.95624820 0.7896
2.98300272 0.7564
2.99110397 0.7306
2.99232972 0.7166
2.99819933 0.7117
3.01183190 0.7122
3.02170994 0.7171
3.01205116 0.7230
2.98843583 0.7294
2.96835319 0.7384
2.96039469 0.7459
2.96274069 0.7479
2.96763978 0.7347
2.98301869 0.7360
3.00129108 0.7478
3.01740272 0.7468
3.02922662 0.7460
3.03612605 0.7475
3.03158468 0.7534
3.01807458 0.7579
3.01185183 0.7554
3.01263635 0.7343
3.01831615 0.6933
3.02672687 0.6552
3.02957782 0.6274
3.02878654 0.6102
3.02438946 0.5990
3.01745450 0.5951
3.02412950 0.6026
3.03860019 0.6376
3.05470159 0.6854
3.06766286 0.7237
3.06382112 0.7455
3.04134982 0.7478
3.01787194 0.7143
3.01110073 0.6787
3.01946105 0.6555
3.03812093 0.6342
3.05556709 0.6185
3.05708003 0.6207
3.04200714 0.6380
3.02811288 0.6712
3.01166705 0.7165
2.99523248 0.7683
2.97596261 0.8141
2.95200378 0.8329
2.93758397 0.7816
2.94819412 0.7219
2.97324692 0.6738
3.00163972 0.6225
3.01952476 0.5838
3.02414713 0.5671
3.02124291 0.5729
3.00426480 0.6115
2.97847454 0.6734
2.95049198 0.7292
2.92836019 0.7500
2.92000624 0.7404
2.93169789 0.7158
2.95656342 0.6822
2.97673663 0.6402
2.97830161 0.5998
2.96238552 0.5706
2.93633599 0.5595
2.90729354 0.5946
2.89261915 0.7191
2.89434906 0.7978
2.90296183 0.8065
2.91895936 0.7743
2.92884285 0.7467
2.92150567 0.7284
2.90129490 0.7036
2.89306504 0.7046
2.90430698 0.7398
2.90802618 0.7524
2.90839245 0.7593
2.92014389 0.7589
2.94957811 0.7434
2.99631923 0.7372
3.03378405 0.7470
3.04442259 0.7516
3.02757785 0.7406
2.98390530 0.7191
2.93188937 0.6967
2.89556005 0.7648
2.89160646 0.8685
2.89053466 0.8742
2.89509157 0.7661
2.93477607 0.6120
2.99606770 0.5816
3.03671630 0.5924
3.04490198 0.6184
3.03386532 0.6440
3.01872659 0.6648
3.00627620 0.6993
2.99966009 0.7269
2.99206489 0.7442
2.98981494 0.7536
2.99245267 0.6732
3.03700057 0.6401
3.08416856 0.6568
3.09702699 0.6846
3.07650632 0.7101
3.04290981 0.7178
3.01320434 0.7157
2.99154412 0.7203
2.97369546 0.7291
2.96298905 0.7389
2.97720794 0.8817
3.00131206 0.7844
3.02608843 0.6903
3.03603599 0.7040
3.02432576 0.7418
3.00681146 0.7959
2.99265627 0.7930
2.98673376 0.7759
2.99604154 0.7637
3.01421693 0.7349
3.03699195 0.6887
3.04969479 0.6535
3.04344501 0.6353
3.00157390 0.6436
2.93506111 0.6721
2.87376009 0.8032
2.89288429 0.8774
2.90293252 0.8762
2.90364061 0.8828
2.91047543 0.8725
2.92825232 0.7978
2.96259583 0.7164
3.00629154 0.6856
3.02624284 0.6878
3.01392909 0.7081
2.98147414 0.7421
2.94576766 0.7701
2.91247304 0.7877
2.88864844 0.7917
2.88016985 0.7812
2.88090440 0.7736
2.88727715 0.7865
2.89593863 0.8271
2.90705643 0.8556
2.91799169 0.8779
2.92467339 0.8820
2.91698448 0.8646
2.90233377 0.7919
2.91353886 0.6636
2.94965827 0.6249
2.96572178 0.6141
2.95455489 0.6250
2.93257918 0.6578
2.90269975 0.7094
2.88139073 0.7818
2.89476570 0.8619
2.90887046 0.8953
2.89765049 0.9287
2.88535058 0.9415
2.91606511 0.7786
2.94119178 0.7095
2.93891129 0.6661
2.91221882 0.6543
2.87389203 0.6669
2.84899203 0.7329
2.85649949 0.8078
2.86765693 0.8333
2.86611833 0.8341
2.85585670 0.7905
2.87892142 0.7025
2.93911235 0.6638
2.99625570 0.6345
3.02962689 0.6186
3.03427544 0.6214
3.01014061 0.6448
2.97380039 0.6690
2.96240218 0.9328
2.98367663 0.9614
2.98495873 0.9603
2.97357444 0.8520
2.98519273 0.6876
3.00982397 0.6628
3.03285756 0.6636
3.04837226 0.6874
3.05661332 0.7197
3.05306196 0.7606
3.03312158 0.7966
3.01397701 0.8274
3.00052700 0.8207
3.00187944 0.7732
3.01307574 0.7593
3.02331064 0.7778
3.02651298 0.8249
3.02628176 0.8789
3.03075759 0.9036
3.04427256 0.9024
3.05849889 0.8894
3.06110490 0.8652
3.05750956 0.8343
3.05460224 0.7978
3.05895802 0.7485
3.07275299 0.7020
3.07921857 0.6765
3.05585094 0.6669
3.00089456 0.6833
2.95047341 0.7711
2.94089779 0.8520
2.93795120 0.8938
2.92211303 0.9253
2.90919280 0.7778
2.95316024 0.6784
2.99387016 0.6527
3.02119767 0.6368
3.03436204 0.6346
3.01982949 0.6575
2.98559404 0.7535
2.96792908 0.9971
2.96924263 1.0052
2.96434722 0.9621
2.94822749 0.9326
2.93197944 0.8876
2.93571876 0.8237
2.94977404 0.8037
2.96748201 0.7857
2.98100809 0.7530
2.98897010 0.7092
2.99515169 0.6585
2.99937532 0.6178
2.99566746 0.5926
2.99497887 0.5832
2.97896435 0.5862
2.94576120 0.6009
2.90854867 0.6420
2.88805931 0.7892
2.90017400 0.8735
2.92049694 0.8766
2.93622369 0.8532
2.94505565 0.7917
2.96286714 0.6443
3.02065606 0.5154
3.08479895 0.4725
3.09821385 0.4694
3.05966994 0.4910
2.98030199 0.5319
2.89417261 0.5853
2.83977530 0.8539
2.85089685 0.9362
2.86961674 0.9074
2.89263673 0.8770
2.91692818 0.8352
2.94437826 0.7310
2.98016956 0.6229
3.00903374 0.5978
3.02019212 0.6507
3.02006738 0.7587
3.02542258 0.8392
3.04061001 0.8588
3.06319387 0.8302
3.07958890 0.7846
3.07693882 0.7429
3.06088169 0.7002
3.03850585 0.6589
3.00579335 0.6414
2.97285231 0.7391
2.97140833 0.9078
2.98966857 0.9389
3.00652718 0.9243
3.01266425 0.8956
3.01274266 0.8327
3.01966768 0.7330
3.02895925 0.6698
3.02095239 0.6374
2.98607705 0.6224
2.94296028 0.6882
2.94876820 0.8390
2.97674452 0.8299
3.00050442 0.7922
3.01205133 0.7640
3.00466016 0.7402
2.99177504 0.7013
2.99510345 0.6360
3.00204973 0.5901
2.99308693 0.5569
2.96290165 0.5454
2.92122595 0.5913
2.92058007 0.9512
2.93470023 0.8440
2.95787487 0.6800
2.99652280 0.5482
3.03531708 0.5139
3.04779613 0.5274
3.03593849 0.5578
3.00628478 0.5903
2.97784784 0.6230
2.96566237 0.6628
2.97387400 0.7101
2.99805617 0.6941
3.02264912 0.6085
3.04017616 0.5243
3.04025506 0.4796
3.01579070 0.4738
2.96975249 0.4870
2.91634805 0.5022
2.86079866 0.5339
2.83391615 0.6395
2.84661148 0.7032
2.88753461 0.6595
2.94486046 0.5436
3.02072641 0.4334
3.09377309 0.3888
3.13199047 0.3896
3.10444445 0.4138
3.01702742 0.4468
2.89522891 0.4818
2.78942596 0.5323
2.75536584 0.7614
2.76867029 0.7784
2.80840322 0.6796
2.88640412 0.5009
3.00667466 0.4098
3.11368000 0.3803
3.15442367 0.3725
3.12096837 0.3802
3.05124762 0.4017
2.98523628 0.4330
2.95993465 0.4668
2.97542133 0.4933
3.01990283 0.4922
3.06820371 0.4817
3.10880200 0.4749
3.13059697 0.4860
3.13250330 0.5100
3.09426658 0.5419
3.03676489 0.5715
2.98388806 0.6089
2.95627833 0.6673
2.95354181 0.7444
2.96252447 0.7429
2.98217007 0.7407
3.00918580 0.7366
3.03282956 0.7380
3.03606381 0.7426
3.01024314 0.7379
2.97322722 0.7117
2.96360780 0.7064
2.99090187 0.7005
3.01835428 0.6785
3.03697536 0.6673
3.04009025 0.6631
3.02413099 0.6608
2.99179405 0.6621
2.95558958 0.6688
2.91170825 0.6809
2.88111933 0.7706
2.91283538 0.8267
2.95124222 0.7678
2.97643432 0.6798
2.99881424 0.5637
3.04915816 0.5386
3.09662045 0.5485
3.11376972 0.5753
3.09798748 0.6221
3.06090664 0.6697
3.02047618 0.7119
3.00715178 0.7540
3.01882168 0.7607
3.03507342 0.7169
3.03717989 0.6368
3.04717379 0.5570
3.06076086 0.5293
3.06212153 0.5361
3.03253579 0.5606
2.97564499 0.5951
2.92040404 0.6284
2.89210987 0.6520
2.90071306 0.6539
2.93550167 0.6434
2.98453813 0.6179
3.02926773 0.5876
3.05423848 0.5627
3.05497317 0.5540
3.02296938 0.5592
2.96541412 0.5721
2.90309290 0.5755
2.87647107 0.5783
2.88447594 0.5681
2.91492666 0.5493
2.94856799 0.5333
2.96678558 0.5195
2.96945084 0.5077
2.96376455 0.5109
2.94960843 0.5391
2.92550169 0.5839
2.88846564 0.6177
2.85463692 0.6354
2.84706837 0.6405
2.86929588 0.6526
2.91071825 0.6633
2.95757499 0.6681
2.98951203 0.6641
3.00789750 0.6459
3.01745688 0.6252
3.00661805 0.6087
2.97399524 0.5969
2.93113181 0.5880
2.91380886 0.5912
2.92768843 0.6039
2.96647488 0.6272
3.00082247 0.6457
3.01007421 0.6527
3.00651474 0.6464
3.00612124 0.6404
3.01424585 0.6253
3.02678951 0.6011
3.03899065 0.5679
3.05562494 0.5338
3.07487820 0.5083
3.09437317 0.4947
3.09670189 0.4989
3.07285956 0.5083
3.02733932 0.5161
2.98513809 0.5161
2.96090034 0.5146
2.95608984 0.5172
2.95994236 0.5270
2.96443990 0.5320
2.97703674 0.5237
3.00910256 0.5215
3.05123315 0.5321
3.07636206 0.5568
3.06658138 0.5864
3.03547066 0.6169
3.00701573 0.6382
2.99064961 0.6344
2.98637832 0.6185
2.99100463 0.6106
2.99904071 0.6086
3.00700744 0.6122
3.01306807 0.6167
3.01207896 0.6293
2.99830491 0.6487
2.97872825 0.6716
2.96773875 0.6915
2.95916863 0.7066
2.95407314 0.7115
2.95608172 0.7102
2.96867390 0.7060
2.99302665 0.7068
3.01881968 0.7095
3.03087521 0.6981
3.01700095 0.6790
2.99651940 0.6670
2.98345294 0.6691
2.97239236 0.6694
2.96105106 0.6633
2.95150006 0.6606
2.94749067 0.6647
2.95886721 0.6762
2.99220681 0.6912
3.02866059 0.6916
3.04320972 0.6698
3.02348431 0.6450
2.98696832 0.6368
2.95271580 0.6508
2.92543416 0.6693
2.91516565 0.6870
2.91131711 0.6968
2.93058423 0.7317
2.96996602 0.7635
3.00911483 0.7702
3.02733720 0.7582
3.01602064 0.7283
2.99423734 0.7026
2.97091612 0.7067
2.94590698 0.7251
2.92147247 0.7398
2.90303612 0.7446
2.89886463 0.7527
2.91923932 0.8093
2.94805639 0.8552
2.96936114 0.8783
2.98178705 0.8790
2.98598358 0.8639
2.98689125 0.8338
2.98006837 0.7758
2.97545133 0.7469
2.97762397 0.7857
2.98202932 0.7776
2.99252479 0.7662
3.00985868 0.7731
3.02021353 0.7670
3.01569590 0.7413
3.00060475 0.7005
2.98281680 0.6674
2.96401298 0.6563
2.93862964 0.6629
2.91647945 0.6839
2.91997615 0.7066
2.95857767 0.7090
3.02369438 0.7080
3.07750681 0.7109
3.09037219 0.7109
3.06545739 0.7064
3.02468864 0.7040
2.99823438 0.6974
2.98492967 0.6820
2.97985932 0.6692
2.98938939 0.6656
3.02062705 0.6732
3.06774349 0.6842
3.11184557 0.6962
3.13436239 0.7057
3.13440114 0.7173
3.11836973 0.7476
3.11458158 0.7920
3.11401166 0.8234
3.10574617 0.8314
3.08659241 0.8227
3.06685917 0.8064
3.05585833 0.7861
3.05454546 0.7586
3.05838814 0.7274
3.04646927 0.7044
3.01957360 0.6958
2.99795359 0.7268
3.00152584 0.7999
3.02141615 0.8393
3.03536818 0.8380
3.04681589 0.8136
3.07180212 0.7772
3.10925690 0.7309
3.13196198 0.6831
3.12327973 0.6381
3.07732608 0.6064
3.01242493 0.6023
2.95838255 0.6382
2.93437593 0.6945
2.92545436 0.7180
2.92223775 0.7114
2.92895380 0.6846
2.95201777 0.6443
2.99343069 0.6107
3.03686946 0.5918
3.06355049 0.5837
3.06346458 0.5785
3.04832699 0.5722
3.03027515 0.5672
3.02015845 0.5665
3.01655632 0.5769
3.01431914 0.6009
3.00854779 0.6348
2.99935256 0.6768
2.97173385 0.7166
2.93420936 0.7453
2.89778774 0.7737
2.88652113 0.8191
2.91071022 0.8313
2.94746408 0.7987
2.98055297 0.7484
3.01298769 0.7021
3.04659251 0.6694
3.09124171 0.6526
3.12893942 0.6527
3.13369356 0.6665
3.10412983 0.6905
3.06862855 0.7259
3.05225989 0.7598
3.05802228 0.7826
3.06741901 0.7760
3.06714225 0.7482
3.05060643 0.7183
3.04750186 0.6961
3.05621725 0.6922
3.06554510 0.6904
3.04692997 0.6938
3.00883707 0.6988
2.97528793 0.7120
2.95635664 0.7246
2.95391863 0.7263
2.96241920 0.7161
2.96390248 0.7186
2.96705031 0.7485
2.96876269 0.7299
2.96571847 0.6878
2.95344377 0.6580
2.93501730 0.6628
2.92798542 0.6984
2.94259106 0.7279
2.98132413 0.7265
3.02539236 0.7044
3.05904432 0.6800
3.07317946 0.6623
3.08267389 0.6653
3.10348953 0.6719
3.12947831 0.6750
3.14272308 0.6803
3.14232512 0.6841
3.13814235 0.6790
3.14713141 0.6682
3.17515670 0.6529
3.20267070 0.6306
3.21159422 0.6050
3.18419493 0.5837
3.12984310 0.5715
3.06468911 0.5713
3.00578113 0.6115
2.98074780 0.6889
2.98783603 0.7369
3.01305769 0.7543
3.05060286 0.7487
3.07890793 0.7341
3.07941168 0.7198
3.04858605 0.7175
3.00296183 0.7349
2.96618619 0.7695
2.94525976 0.8014
2.93480161 0.8198
2.93181656 0.8262
2.93725802 0.8167
2.95651575 0.7917
2.98304243 0.7658
3.00664571 0.7518
3.01613862 0.7534
3.00932624 0.7729
2.98954231 0.7883
2.96867437 0.7847
2.95527489 0.7625
2.94946881 0.7282
2.95957135 0.6815
2.98765272 0.6331
3.02240251 0.6021
3.03980148 0.6005
3.02640212 0.6161
2.99371316 0.6417
2.95464841 0.6651
2.92718380 0.6833
2.91581548 0.7016
2.91925651 0.7023
2.93339678 0.6786
2.95812971 0.6397
2.98624045 0.6045
3.00169770 0.5891
2.99484533 0.6022
2.96596630 0.6486
2.93159365 0.7133
2.90902116 0.7517
2.89886541 0.7622
2.89347868 0.7491
2.89244798 0.7207
2.89628708 0.6896
2.91390086 0.6717
2.94257793 0.6683
2.97022075 0.6782
2.99361678 0.6959
3.01544040 0.7211
3.04013438 0.7438
3.06333790 0.7552
3.07093271 0.7491
3.05885960 0.7265
3.03406454 0.6929
3.01138966 0.6679
2.99868972 0.6604
2.98693130 0.6697
2.97854717 0.7217
2.98453520 0.8197
2.98994926 0.8722
2.99409969 0.9031
2.99624213 0.9021
2.98736489 0.8667
2.97071254 0.7848
2.96393061 0.7037
2.97128834 0.7113
2.97442624 0.7490
2.97220517 0.7744
2.97472211 0.7852
2.99191640 0.8119
3.01314135 0.8405
3.02964276 0.8516
3.03904802 0.8297
3.04376998 0.7691
3.04697999 0.6905
3.04263581 0.6312
3.02269455 0.6149
2.99423400 0.6338
2.97775251 0.6628
2.97778033 0.6702
2.99127619 0.6528
3.00230740 0.6403
3.00233106 0.6279
2.99922508 0.6043
3.00861398 0.5737
3.03379043 0.5465
3.06046619 0.5276
3.07174142 0.5192
3.07485990 0.5228
3.09619857 0.5304
3.12371613 0.5440
3.13486199 0.5636
3.11593096 0.5809
3.07530123 0.5893
3.03683125 0.5948
3.01481750 0.6016
3.00075800 0.6170
2.99346072 0.6349
2.98218481 0.6442
2.98053645 0.6460
2.99656159 0.6474
3.02270514 0.6495
3.03331366 0.6471
3.01581466 0.6493
2.98993054 0.6541
2.97013242 0.6591
2.95620960 0.6683
2.94766411 0.6743
2.93619861 0.6664
2.91881763 0.6474
2.90866102 0.6233
2.92156543 0.6026
2.93976267 0.5892
2.94273656 0.6025
2.93090572 0.6951
2.92641365 0.7620
2.91926150 0.7452
2.91130726 0.6403
2.91291859 0.5562
2.91359894 0.5485
2.92211850 0.5584
2.93773487 0.5689
2.96009514 0.5764
2.97083623 0.5816
2.96578141 0.5963
2.95955367 0.6251
2.96084123 0.6529
2.97004294 0.6516
2.98064054 0.6591
2.99042736 0.6829
3.00217065 0.7074
3.01944600 0.7292
3.04055354 0.7278
3.05904668 0.7041
3.06561265 0.6737
3.06315889 0.6639
3.04975174 0.6752
3.03066989 0.6863
3.01734246 0.6942
3.01946909 0.7066
3.03278935 0.7213
3.05588648 0.7312
3.09095306 0.7275
3.12277679 0.7041
3.13661042 0.6760
3.12297581 0.6630
3.08163560 0.6692
3.03021509 0.6876
2.99043667 0.7077
2.97631268 0.7181
2.97408062 0.7255
2.98501715 0.7386
3.00219295 0.7459
3.02065382 0.7388
3.03510224 0.7120
3.04785421 0.6866
3.04450831 0.6837
3.02665574 0.7113
3.01537404 0.7570
3.02032349 0.7720
3.03136250 0.7646
3.04280477 0.7598
3.05147623 0.7660
3.05073841 0.7763
3.03237001 0.7853
3.00809700 0.7915
2.98110570 0.8010
2.95230565 0.8119
2.93007790 0.8211
2.91565975 0.8122
2.90647801 0.7893
2.90184209 0.7684
2.90431121 0.7576
2.91909160 0.7450
2.93348138 0.7270
2.94151160 0.7116
2.94189483 0.7291
2.93658515 0.7943
2.93875501 0.8547
2.94474440 0.8599
2.95289061 0.8237
2.96156530 0.7615
2.97489135 0.6970
2.98994177 0.6618
2.99559385 0.6681
2.98119397 0.6924
2.95639397 0.7194
2.92980496 0.7501
2.91321396 0.7932
2.91641570 0.8264
2.93261586 0.8380
2.95395881 0.8285
2.97760669 0.8098
3.00449920 0.7865
3.02904418 0.7591
3.03920795 0.7259
3.03655878 0.7012
3.03058066 0.6971
3.02216832 0.7113
3.01082733 0.7369
2.98811594 0.7576
2.96140009 0.7711
2.93442832 0.7777
2.91757215 0.7769
2.91922504 0.7803
2.92542718 0.7682
2.93946375 0.7347
2.96582231 0.7053
3.00939071 0.6888
3.05686888 0.6881
3.08886998 0.6980
3.09899439 0.7147
3.08831889 0.7379
3.06913824 0.7611
3.04608176 0.7791
3.01814263 0.7913
2.97803388 0.7946
2.94612335 0.8048
2.93809576 0.8482
2.93941438 0.8359
2.94878928 0.8035
2.96238833 0.7836
2.98017050 0.7781
3.00191209 0.7861
3.02625753 0.8017
3.03532706 0.8235
3.02592550 0.8309
3.01559483 0.8015
3.01206245 0.7532
3.00871054 0.7097
2.99432516 0.7021
2.98020645 0.7676
2.97765119 0.8240
2.97864036 0.8333
2.97946913 0.8341
2.97569978 0.7917
2.99590915 0.8000
3.03069738 0.7880
3.06303160 0.7644
3.08302551 0.7297
3.07998169 0.6913
3.06251202 0.6660
3.04134568 0.6607
3.02364066 0.6768
3.01259735 0.7170
3.01031122 0.7604
3.00009326 0.7743
2.98856994 0.7618
2.99025993 0.7379
2.99888110 0.7134
2.99987263 0.6827
2.98409816 0.6503
2.95842678 0.6904
2.94962760 0.8084
2.94758025 0.8493
2.94128071 0.8287
2.93907195 0.7649
2.94587338 0.7101
2.95774161 0.6894
2.96793688 0.6805
2.96013652 0.6846
2.93684034 0.7004
2.90485123 0.7490
2.88326522 0.8291
2.87566069 0.8662
2.88093503 0.7043
2.90503671 0.6161
2.92889746 0.6022
2.95342874 0.5947
2.97174063 0.5958
2.96841906 0.6100
2.94296668 0.6404
2.91494323 0.9987
2.95010379 0.9580
2.97795788 0.9223
2.98669820 0.9056
2.96929228 0.9028
2.93460184 0.8855
2.89764100 0.7724
2.90658306 0.6716
2.93627079 0.6756
2.96006378 0.6810
2.97430095 0.6939
2.97623998 0.7142
2.97696178 0.7256
2.98494641 0.7404
3.00071618 0.7601
3.01681681 0.7479
3.01930185 0.7109
3.00840526 0.6741
2.99249149 0.6566
2.97787688 0.6752
2.97943831 1.0437
2.98350149 1.0190
2.98064642 0.9632
2.98698620 0.7646
3.02856797 0.6966
3.06759119 0.6890
3.08224098 0.6801
3.06596751 0.6745
3.03220608 0.6718
2.99853619 0.6747
2.97790439 0.6992
2.96836119 0.7419
2.96791077 0.7762
2.96719166 0.7953
2.96709531 0.7961
2.97121520 0.7756
2.97612280 0.7465
2.97198531 0.7361
2.97435717 0.9273
2.99400478 0.9296
3.01153606 0.9224
3.02841658 0.9043
3.04225506 0.8734
3.04536881 0.8419
3.03900070 0.8112
3.03522534 0.7899
3.04573612 0.7733
3.05857391 0.7618
3.05392759 0.7580
3.03676927 0.7541
3.01083447 0.7481
2.99367219 0.7686
2.98541934 0.8446
2.98225294 0.9179
2.98022682 0.9491
2.98215890 0.9578
2.98242798 0.9479
2.99533476 0.7184
3.00479062 0.7165
3.00816595 0.7167
3.00749409 0.7236
3.00656798 0.7168
3.00607387 0.7045
3.00441050 0.6942
3.00015668 0.6884
2.99222525 0.6853
2.97549512 0.6778
2.93792350 0.6776
2.89589845 0.6829
2.85504103 0.6969
2.83659809 0.7010
2.84762998 0.8307
2.86539739 0.8598
2.88570889 0.7964
2.92580326 0.6791
2.97786129 0.6450
3.02281535 0.6234
3.04597091 0.6071
3.04715475 0.6144
3.02722518 0.6416
2.99566921 0.6752
2.96185284 0.7124
2.93637048 0.7533
2.93127308 0.7734
2.95431048 0.7537
2.99314932 0.7195
3.02810230 0.6879
3.03838877 0.6650
3.02492165 0.6521
2.99299833 0.6511
2.96638148 0.6345
2.95075500 0.6184
2.93951247 0.6432
2.93080670 0.6582
2.92346685 0.6680
2.92089859 0.6553
2.92219107 0.6378
2.91518020 0.6190
2.89939601 0.5972
2.88986322 0.9559
2.89155765 0.7587
2.91476251 0.5781
2.95114620 0.5606
2.98846919 0.5628
3.01561403 0.5718
3.02235858 0.5812
3.00705180 0.5975
2.96928230 0.6169
2.94792331 0.9085
2.95560714 0.9098
2.95085696 0.9077
2.93893680 0.8983
2.92908904 0.8644
2.93509021 0.7597
2.97563671 0.6872
3.02920326 0.6738
3.06802279 0.6797
3.07290230 0.6906
3.05235774 0.7070
