2.280228600685772822e+00 -5.991136568124053596e-01
2.284228600685772825e+00 -5.928537187884073134e-01
2.288228600685772829e+00 -5.866030420767197606e-01
2.292228600685772832e+00 -5.803620791736984197e-01
2.296228600685772836e+00 -5.741312831547783491e-01
2.300228600685772840e+00 -5.679111076540805936e-01
2.304228600685772843e+00 -5.617020068428303370e-01
2.308228600685772403e+00 -5.555044354065301615e-01
2.312228600685772406e+00 -5.493188485245172892e-01
2.316228600685772410e+00 -5.431457018477011678e-01
2.320228600685772413e+00 -5.369854514769686338e-01
2.324228600685772417e+00 -5.308385539409589127e-01
2.328228600685772420e+00 -5.247054661736049175e-01
2.332228600685772424e+00 -5.185866454922838376e-01
2.336228600685772427e+00 -5.124825495752491911e-01
2.340228600685772875e+00 -5.063936364387057187e-01
2.344228600685772879e+00 -5.003203644138468631e-01
2.348228600685772882e+00 -4.942631921236647630e-01
2.352228600685772886e+00 -4.882225784595339846e-01
2.356228600685772889e+00 -4.821989825568042676e-01
2.360228600685772893e+00 -4.761928637705801215e-01
2.364228600685772896e+00 -4.702046816505959237e-01
2.368228600685772456e+00 -4.642348959156213928e-01
2.372228600685772459e+00 -4.582839664265351276e-01
2.376228600685772463e+00 -4.523523531596301273e-01
2.380228600685772467e+00 -4.464405161759814056e-01
2.384228600685772470e+00 -4.405489155932722500e-01
2.388228600685772474e+00 -4.346780115515788134e-01
2.392228600685772477e+00 -4.288282641785445271e-01
2.396228600685772481e+00 -4.230001335515084504e-01
2.400228600685772484e+00 -4.171940796547238262e-01
2.404228600685772932e+00 -4.114105623317979576e-01
2.408228600685772935e+00 -4.056500412306267012e-01
2.412228600685772939e+00 -3.999129757416899911e-01
2.416228600685772943e+00 -3.941998249238513052e-01
2.420228600685772946e+00 -3.885110474176460826e-01
2.424228600685772506e+00 -3.828471013428022540e-01
2.428228600685772509e+00 -3.772084441729198212e-01
2.432228600685772513e+00 -3.715955325864147007e-01
2.436228600685772516e+00 -3.660088222818453918e-01
2.440228600685772520e+00 -3.604487677561027392e-01
2.444228600685772523e+00 -3.549158220300764333e-01
2.448228600685772527e+00 -3.494104363093444299e-01
2.452228600685772530e+00 -3.439330595702764226e-01
2.456228600685772534e+00 -3.384841380421537149e-01
2.460228600685772538e+00 -3.330641145700795613e-01
2.464228600685772541e+00 -3.276734278204345707e-01
2.468228600685772989e+00 -3.223125112910318335e-01
2.472228600685772992e+00 -3.169817920811499046e-01
2.476228600685772996e+00 -3.116816893510045983e-01
2.480228600685772999e+00 -3.064126124000729479e-01
2.484228600685772559e+00 -3.011749582618692411e-01
2.488228600685772562e+00 -2.959691086962341622e-01
2.492228600685772566e+00 -2.907954264261011779e-01
2.496228600685772570e+00 -2.856542504327085341e-01
2.500228600685772573e+00 -2.805458900816300005e-01
2.504228600685772577e+00 -2.754706177937683020e-01
2.508228600685772580e+00 -2.704286599281575665e-01
2.512228600685772584e+00 -2.654201854603633337e-01
2.516228600685772587e+00 -2.604452919719712489e-01
2.520228600685772591e+00 -2.555039883707088677e-01
2.524228600685772594e+00 -2.505961736639912840e-01
2.528228600685772598e+00 -2.457216110024188771e-01
2.532228600685773046e+00 -2.408798960842486181e-01
2.536228600685772605e+00 -2.360704188888177457e-01
2.540228600685772609e+00 -2.312923175593676328e-01
2.544228600685772612e+00 -2.265444230807440174e-01
2.548228600685772616e+00 -2.218251931953437173e-01
2.552228600685772619e+00 -2.171326337121330385e-01
2.556228600685772623e+00 -2.124642049816751199e-01
2.560228600685772626e+00 -2.078167107391394597e-01
2.564228600685772630e+00 -2.031861656992350607e-01
2.568228600685772633e+00 -1.985676370901501009e-01
2.572228600685772637e+00 -1.939550536004885362e-01
2.576228600685772641e+00 -1.893409728204715758e-01
2.580228600685772644e+00 -1.847162949821834765e-01
2.584228600685772648e+00 -1.800699064509680980e-01
2.588228600685772651e+00 -1.753882307499803062e-01
2.592228600685772655e+00 -1.706546577240650731e-01
2.596228600685773102e+00 -1.658488125332304719e-01
2.600228600685772662e+00 -1.609456152941985962e-01
2.604228600685772665e+00 -1.559140691206554741e-01
2.608228600685772669e+00 -1.507156987257474157e-01
2.612228600685772673e+00 -1.453025432155290453e-01
2.616228600685772676e+00 -1.396145845623395498e-01
2.620228600685772680e+00 -1.335764665794664241e-01
2.624228600685772683e+00 -1.270933266624192925e-01
2.628228600685772687e+00 -1.200455222180050602e-01
2.632228600685772690e+00 -1.122819829747304932e-01
2.636228600685772694e+00 -1.036118557653404049e-01
2.640228600685772697e+00 -9.379402524102982419e-02
2.644228600685772701e+00 -8.252398631257733264e-02
2.648228600685772705e+00 -6.941740417295075294e-02
2.652228600685772708e+00 -5.398951584235087142e-02
2.656228600685772712e+00 -3.562929133851374525e-02
2.660228600685772715e+00 -1.356696849266585646e-02
2.664228600685772719e+00 1.316681365646450719e-02
2.668228600685772722e+00 4.579255101970705621e-02
2.672228600685772726e+00 8.584696608908386206e-02
2.676228600685772729e+00 1.352653050089981102e-01
2.680228600685772733e+00 1.964854210441109861e-01
2.684228600685772737e+00 2.725793403235169943e-01
2.688228600685772740e+00 3.674193132230625380e-01
2.692228600685772744e+00 4.858868478375510391e-01
2.696228600685772747e+00 6.341348670526798514e-01
2.700228600685772751e+00 8.199148516618373073e-01
2.704228600685772754e+00 1.052982488397023131e+00
2.708228600685772758e+00 1.345596700849750249e+00
2.712228600685772761e+00 1.713127643938059830e+00
2.716228600685772765e+00 2.174788766502372184e+00
2.720228600685772768e+00 2.754505672324532028e+00
2.724228600685772772e+00 3.481929300331758625e+00
2.728228600685772776e+00 4.393591754038951080e+00
2.732228600685772779e+00 5.534188642874535269e+00
2.736228600685772783e+00 6.957950743497684165e+00
2.740228600685772786e+00 8.730039057964912530e+00
2.744228600685772790e+00 1.092786042393441548e+01
2.748228600685772793e+00 1.364215625991733916e+01
2.752228600685772797e+00 1.697766697412066961e+01
2.756228600685772800e+00 2.105312343016365517e+01
2.760228600685772360e+00 2.600027179507496911e+01
2.764228600685772363e+00 3.196160922629898948e+01
2.768228600685772367e+00 3.908650801760682469e+01
2.772228600685772371e+00 4.752544947429792188e+01
2.776228600685772818e+00 5.742218988832522086e+01
2.780228600685772822e+00 6.890384974909181892e+01
2.784228600685772825e+00 8.206915601811824956e+01
2.788228600685772829e+00 9.697536569705812326e+01
2.792228600685772832e+00 1.136247306191638700e+02
2.796228600685772836e+00 1.319516844679437497e+02
2.800228600685772840e+00 1.518121847298064040e+02
2.804228600685772843e+00 1.729767589023561243e+02
2.808228600685772847e+00 1.951287259766827162e+02
2.812228600685772850e+00 2.178687530039993021e+02
2.816228600685772854e+00 2.407263615890029200e+02
2.820228600685772857e+00 2.631782664549016886e+02
2.824228600685772861e+00 2.846726004441133568e+02
2.828228600685772420e+00 3.046572841095596687e+02
2.832228600685772424e+00 3.226101704162203418e+02
2.836228600685772427e+00 3.380682537928815918e+02
2.840228600685772875e+00 3.506532487468444970e+02
2.844228600685772879e+00 3.600912227406819284e+02
2.848228600685772882e+00 3.662246502394384606e+02
2.852228600685772886e+00 3.690161256795459508e+02
2.856228600685772889e+00 3.685438910415588225e+02
2.860228600685772893e+00 3.649901601527090520e+02
2.864228600685772896e+00 3.586238479562409225e+02
2.868228600685772900e+00 3.497796764544535790e+02
2.872228600685772459e+00 3.388357183613613302e+02
2.876228600685772463e+00 3.261912870125433415e+02
2.880228600685772467e+00 3.122467486788758606e+02
2.884228600685772470e+00 2.973863960008928871e+02
2.888228600685772474e+00 2.819650518583663938e+02
2.892228600685772477e+00 2.662986323146495806e+02
2.896228600685772481e+00 2.506585281098216171e+02
2.900228600685772484e+00 2.352693901838214288e+02
2.904228600685772932e+00 2.203097323470148865e+02
2.908228600685772935e+00 2.059146864415639868e+02
2.912228600685772939e+00 1.921802460431383679e+02
2.916228600685772943e+00 1.791683931263345926e+02
2.920228600685772946e+00 1.669125964412835401e+02
2.924228600685772950e+00 1.554232809217184013e+02
2.928228600685772953e+00 1.446929784745169343e+02
2.932228600685772957e+00 1.347009709726351900e+02
2.936228600685772960e+00 1.254173199237111760e+02
2.940228600685772964e+00 1.168062419195855881e+02
2.944228600685772523e+00 1.088288354038354839e+02
2.948228600685772527e+00 1.014451951973958330e+02
2.952228600685772530e+00 9.461597008069088588e+01
2.956228600685772534e+00 8.830342903537169263e+01
2.960228600685772538e+00 8.247210647599582956e+01
2.964228600685772541e+00 7.708909815682783062e+01
2.968228600685772989e+00 7.212407881252684660e+01
2.972228600685772992e+00 6.754911066626074501e+01
2.976228600685772996e+00 6.333830888116685287e+01
2.980228600685772999e+00 5.946742571619983408e+01
2.984228600685772559e+00 5.591340937201004380e+01
2.988228600685772562e+00 5.265398616064080528e+01
2.992228600685772566e+00 4.966730577396076285e+01
2.996228600685772570e+00 4.693167934045298040e+01
3.000228600685772573e+00 4.442542910589779837e+01
3.004228600685772577e+00 4.212685751640106702e+01
3.008228600685772580e+00 4.001433282133370994e+01
3.012228600685772584e+00 3.806647862374783386e+01
3.016228600685772587e+00 3.626244660504398354e+01
3.020228600685772591e+00 3.458224538898682709e+01
3.024228600685772594e+00 3.300709456074480386e+01
3.028228600685772598e+00 3.151977149369793452e+01
3.032228600685773046e+00 3.010491999197679291e+01
3.036228600685773049e+00 2.874929376126700831e+01
3.040228600685773053e+00 2.744191405362033009e+01
3.044228600685773056e+00 2.617412890328828112e+01
3.048228600685773060e+00 2.493957035553995993e+01
3.052228600685773063e+00 2.373401502545556596e+01
3.056228600685772623e+00 2.255516124377653142e+01
3.060228600685772626e+00 2.140234213543130437e+01
3.064228600685772630e+00 2.027619769041480069e+01
3.068228600685772633e+00 1.917833002829991074e+01
3.072228600685772637e+00 1.811096477728608178e+01
3.076228600685772641e+00 1.707663822605039883e+01
3.080228600685772644e+00 1.607792528879032545e+01
3.084228600685772648e+00 1.511721804698846583e+01
3.088228600685772651e+00 1.419655935273560132e+01
3.092228600685772655e+00 1.331753123460186394e+01
3.096228600685773102e+00 1.248119400852536032e+01
3.100228600685772662e+00 1.168806925545489328e+01
3.104228600685772665e+00 1.093815821494830764e+01
3.108228600685772669e+00 1.023098656157557507e+01
3.112228600685772673e+00 9.565666794441991527e+00
3.116228600685772676e+00 8.940970351517446346e+00
3.120228600685772680e+00 8.355402825298217095e+00
3.124228600685772683e+00 7.807277092730705803e+00
3.128228600685772687e+00 7.294780608948133960e+00
3.132228600685772690e+00 6.816034429038921871e+00
3.136228600685772694e+00 6.369142641577319353e+00
3.140228600685772697e+00 5.952231791268595806e+00
3.144228600685772701e+00 5.563480537744496246e+00
3.148228600685772705e+00 5.201140266567609416e+00
3.152228600685772708e+00 4.863547671369132352e+00
3.156228600685772712e+00 4.549130500035585278e+00
3.160228600685772715e+00 4.256407737096022714e+00
3.164228600685773163e+00 3.983985506726113179e+00
3.168228600685773166e+00 3.730549945987732929e+00
3.172228600685773170e+00 3.494858228543895606e+00
3.176228600685772729e+00 3.275728821701288318e+00
3.180228600685772733e+00 3.072031936849533462e+00
3.184228600685772737e+00 2.882680986244619881e+00
3.188228600685772740e+00 2.706625689172343474e+00
3.192228600685772744e+00 2.542847281387766056e+00
3.196228600685772747e+00 2.390356079919653265e+00
3.200228600685772751e+00 2.248191450315238260e+00
3.204228600685772754e+00 2.115424027022826170e+00
3.208228600685772314e+00 1.991159862571311390e+00
3.212228600685772317e+00 1.874546039373943707e+00
3.216228600685772765e+00 1.764777178645569933e+00
3.220228600685772768e+00 1.661102229387828366e+00
3.224228600685772772e+00 1.562830917462002311e+00
3.228228600685772776e+00 1.469339277099260155e+00
3.232228600685772779e+00 1.380073768338038187e+00
3.236228600685772783e+00 1.294553595828256576e+00
3.240228600685772786e+00 1.212370978667982824e+00
3.244228600685772790e+00 1.133189268967591090e+00
3.248228600685772793e+00 1.056738970121914312e+00
3.252228600685772797e+00 9.828118549858997355e-01
3.256228600685772800e+00 9.112535188780088724e-01
3.260228600685772804e+00 8.419548113305066472e-01
3.264228600685772808e+00 7.748426628031550578e-01
3.268228600685772811e+00 7.098708496961652070e-01
3.272228600685772815e+00 6.470112187479060140e-01
3.276228600685772818e+00 5.862458222437370026e-01
3.280228600685772822e+00 5.275603067718235284e-01
3.284228600685772825e+00 4.709387642698965593e-01
3.288228600685772829e+00 4.163601118963494718e-01
3.292228600685772832e+00 3.637959340643490691e-01
3.296228600685772836e+00 3.132096105740803105e-01
3.300228600685772840e+00 2.645564790658777032e-01
3.304228600685772843e+00 2.177847421720093546e-01
3.308228600685772847e+00 1.728368280499914256e-01
3.312228600685772850e+00 1.296509413477363037e-01
3.316228600685772854e+00 8.816259089937582283e-02
3.320228600685772413e+00 4.830594072816681711e-02
3.324228600685772417e+00 1.001489287747552373e-02
3.328228600685772420e+00 -2.677613321327993942e-02
3.332228600685772424e+00 -6.213171460413769581e-02
3.336228600685772427e+00 -9.611518967708518324e-02
3.340228600685772431e+00 -1.287886130178477750e-01
3.344228600685772879e+00 -1.602128333259397464e-01
3.348228600685772882e+00 -1.904476310891294322e-01
3.352228600685772886e+00 -2.195518634558344118e-01
3.356228600685772889e+00 -2.475835782917550076e-01
3.360228600685772893e+00 -2.746000749351964476e-01
3.364228600685772896e+00 -3.006579033623654751e-01
3.368228600685772900e+00 -3.258128047200988808e-01
3.372228600685772903e+00 -3.501196036666534561e-01
3.376228600685772907e+00 -3.736320665617672288e-01
3.380228600685772911e+00 -3.964027398405699509e-01
3.384228600685772914e+00 -4.184827808195306087e-01
3.388228600685772918e+00 -4.399217899056823700e-01
3.392228600685772921e+00 -4.607676497759620182e-01
3.396228600685772925e+00 -4.810663743866709918e-01
3.400228600685772928e+00 -5.008619691958651199e-01
3.404228600685772488e+00 -5.201963037180656890e-01
3.408228600685772935e+00 -5.391089981964717337e-01
3.412228600685772495e+00 -5.576373273469666936e-01
3.416228600685772943e+00 -5.758161451573718947e-01
3.420228600685772502e+00 -5.936778352139707726e-01
3.424228600685773394e+00 -6.112522907466341193e-01
3.428228600685772509e+00 -6.285669274711754850e-01
3.432228600685773401e+00 -6.456467306023521147e-01
3.436228600685772516e+00 -6.625143353656549605e-01
3.440228600685772520e+00 -6.791901382972945767e-01
3.444228600685772523e+00 -6.956924348809226943e-01
3.448228600685772527e+00 -7.120375777437899512e-01
3.452228600685772530e+00 -7.282401488614316243e-01
3.456228600685772534e+00 -7.443131389901659345e-01
3.460228600685772538e+00 -7.602681277586496034e-01
3.464228600685772541e+00 -7.761154584988111393e-01
3.468228600685772545e+00 -7.918644028552004333e-01
3.472228600685772992e+00 -8.075233113853910183e-01
3.476228600685772996e+00 -8.230997476931550816e-01
