2.76174765 0.9265
2.76439044 0.9122
2.75922058 0.8916
2.73995284 0.8653
2.71453501 0.8482
2.69391105 0.8467
2.68317049 0.8666
2.67033658 0.8898
2.64949635 0.9088
2.63948421 0.9173
2.65542032 0.9249
2.68961424 0.9322
2.72116616 0.9398
2.73795155 0.9434
2.73842568 0.9428
2.73454395 0.9382
2.73932099 0.9288
2.74070230 0.9218
2.73585898 0.9231
2.72780449 0.9341
2.73107403 0.9413
2.74908692 0.9333
2.77265461 0.9151
2.78976850 0.9019
2.78385128 0.8965
2.76018705 0.8931
2.73478669 0.8881
2.71990524 0.8768
2.71799823 0.8648
2.72002621 0.8589
2.72800282 0.8508
2.74678276 0.8300
2.77479308 0.7912
2.79458579 0.7548
2.79859124 0.7404
2.79674465 0.7445
2.79418281 0.7514
2.78773267 0.7523
2.76845026 0.7477
2.74692338 0.7450
2.74144916 0.7468
2.76047572 0.7577
2.80502290 0.7806
2.84950044 0.8113
2.87447960 0.8383
2.87045305 0.8520
2.84789576 0.8496
2.81504925 0.8382
2.77797987 0.8155
2.74896386 0.7922
2.74079931 0.7778
2.75554020 0.7825
2.79048051 0.8077
2.83074154 0.8377
2.86160493 0.8612
2.87566946 0.8725
2.87151237 0.8722
2.85690989 0.8623
2.83153407 0.8405
2.80056138 0.8039
2.77031810 0.7615
2.75652682 0.7298
2.76390215 0.7163
2.78791444 0.7267
2.81966217 0.7527
2.85107432 0.7864
2.86763007 0.8122
2.85888576 0.8146
2.83091716 0.7962
2.79395261 0.7667
2.76482376 0.7415
2.74511293 0.7160
2.73856348 0.6952
2.74768128 0.6917
2.76515257 0.7124
2.78327237 0.7488
2.79148712 0.7794
2.78612900 0.7966
2.76545097 0.8028
2.74036629 0.8102
2.72820337 0.8195
2.72945545 0.8273
2.73899830 0.8298
2.74630851 0.8270
2.74331326 0.8254
2.74207174 0.8272
2.74251984 0.8316
2.74381784 0.8406
2.73551684 0.8521
2.72532680 0.8695
2.72305004 0.8869
2.72946365 0.9033
2.74047639 0.9159
2.75229168 0.9207
2.75674129 0.9200
2.75513481 0.9130
2.75366303 0.9017
2.75125780 0.8846
2.75188785 0.8696
2.75163650 0.8584
2.75062577 0.8466
2.75131673 0.8338
2.75186872 0.8273
2.75428516 0.8286
2.75122363 0.8406
2.74338836 0.8542
2.73404610 0.8621
2.72695470 0.8601
2.72696641 0.8539
2.72965177 0.8539
2.73403764 0.8576
2.74901634 0.8537
2.77442781 0.8431
2.79942298 0.8314
2.81232724 0.8282
2.80873828 0.8349
2.79585296 0.8427
2.78063321 0.8494
2.76298917 0.8491
2.74750134 0.8524
2.73701837 0.8642
2.73782843 0.8744
2.75394296 0.8735
2.78621871 0.8724
2.82205245 0.8764
2.84440477 0.8859
2.85027827 0.8901
2.85432548 0.8828
2.85355745 0.8638
2.84875579 0.8488
2.84750528 0.8489
2.85703887 0.8620
2.87652120 0.8715
2.90421679 0.8751
2.92707925 0.8765
2.92899530 0.8736
2.90662161 0.8707
2.87405313 0.8633
2.85132101 0.8461
2.84772474 0.8293
2.85041225 0.8210
2.85080507 0.8215
2.85695656 0.8214
2.87427163 0.8210
2.89824934 0.8253
2.90586806 0.8469
2.89243924 0.8641
2.86696728 0.8625
2.83584548 0.8513
2.81008563 0.8453
2.78942221 0.8472
2.77544803 0.8499
2.76824537 0.8402
2.77234692 0.8239
2.79915675 0.8137
2.83691889 0.8265
2.86313601 0.8598
2.87105786 0.8834
2.86188374 0.8890
2.84559059 0.8957
2.83602756 0.9213
2.84010169 0.9581
2.85420843 0.9868
2.87028074 0.9970
2.88293967 0.9919
2.88844078 0.9836
2.88896725 0.9739
2.87789990 0.9577
2.85254593 0.9342
2.81547813 0.9092
2.78069708 0.8973
2.76135167 0.8967
2.76049208 0.9026
2.77064163 0.9048
2.78480314 0.9033
2.80226375 0.9026
2.81846293 0.9026
2.82699194 0.8952
2.82397889 0.8768
2.80927711 0.8424
2.79003485 0.8065
2.77783341 0.7831
2.77686796 0.7757
2.78366640 0.7795
2.79068583 0.7863
2.79635423 0.8036
2.79523377 0.8220
2.79163565 0.8295
2.79205866 0.8307
2.79126253 0.8237
2.79124542 0.8179
2.79088172 0.8204
2.79357301 0.8380
2.80439547 0.8776
2.81919943 0.9270
2.83576544 0.9534
2.85089199 0.9523
2.86213785 0.9403
2.86202565 0.9286
2.85519677 0.9196
2.84456555 0.9080
2.83908760 0.8983
2.84406761 0.8959
2.85232967 0.9129
2.85676850 0.9303
2.85400551 0.9287
2.84448438 0.9204
2.82232417 0.9085
2.79439360 0.8925
2.76393552 0.8649
2.74365359 0.8355
2.73537256 0.8086
2.73122667 0.7912
2.72719042 0.8008
2.73441031 0.8316
2.76770066 0.8716
2.80946881 0.9137
2.83707858 0.9313
2.84418460 0.9217
2.83143429 0.8932
2.81201355 0.8621
2.79015902 0.8372
2.76961267 0.8267
2.74987451 0.8411
2.73165960 0.8586
2.72710066 0.8540
2.74100709 0.8253
2.76308201 0.7959
2.76950948 0.7991
2.75818518 0.8162
2.73823407 0.8173
2.70927073 0.7996
2.68046396 0.7721
2.66068551 0.7378
2.65095939 0.6962
2.64909537 0.6550
2.66034215 0.6454
2.68912891 0.6788
2.72270060 0.7477
2.74543318 0.8127
2.75774558 0.8431
2.77202737 0.8487
2.78967343 0.8474
2.80150621 0.8383
2.79869940 0.8188
2.78040488 0.7739
2.76098751 0.7266
2.74382045 0.7043
2.73092469 0.7148
2.71196821 0.7340
2.69191144 0.7466
2.68408019 0.7577
2.69051288 0.7747
2.70560694 0.8048
2.71450077 0.8454
2.71840109 0.8629
2.72491684 0.8345
2.73440403 0.7850
2.74826150 0.7586
2.76072407 0.7544
2.77449713 0.7614
2.78086977 0.7594
2.79063748 0.7711
2.80744668 0.8382
2.81566963 0.9581
2.80598952 1.0293
2.79637632 1.0393
2.80110836 1.0167
2.81221119 0.8991
2.81531194 0.7877
2.81715745 0.7755
2.81371828 0.7908
2.80929490 0.8166
2.81291110 0.8490
2.81848318 0.8827
2.81955091 0.8886
2.82329566 0.8671
2.83517789 0.8271
2.85063598 0.7967
2.86505278 0.8059
2.87714776 0.8301
2.88446578 0.8370
2.88434639 0.8301
2.88226693 0.8334
2.86827311 0.8542
2.84804132 0.8673
2.83438421 0.8687
2.83193988 0.8567
2.83594835 0.8274
2.83857545 0.7890
2.84390223 0.7624
2.85766380 0.7417
2.87171235 0.7363
2.87407664 0.8570
2.85844480 0.8745
2.84297435 0.8437
2.82759725 0.8288
2.81206700 0.8296
2.79886167 0.8192
2.79647703 0.7957
2.81132660 0.7912
2.83975614 0.8603
2.84406387 0.9492
2.83096788 0.9782
2.81717497 0.9830
2.81185048 0.9731
2.81752321 0.9664
2.83818311 0.9627
2.87406560 0.9516
2.90166612 0.8869
2.89752964 0.8428
2.89070953 0.8370
2.89155359 0.8245
2.90310788 0.8159
2.91465990 0.9077
2.90119086 0.9924
2.88141515 0.9906
2.86940034 0.9685
2.87425499 0.9421
2.88619866 0.9077
2.88638017 0.8792
2.87495615 0.8760
2.86134300 0.8701
2.84482517 0.8498
2.83122354 0.8239
2.81547486 0.8030
2.80172955 0.7926
2.78268780 0.7919
2.76382856 0.7999
2.74369076 0.8044
2.73604011 0.8052
2.74761224 0.7981
2.76234203 0.7892
2.76159737 0.7861
2.75411011 0.7953
2.76082752 0.8338
2.77788914 0.8766
2.79022143 0.7413
2.80771677 0.6297
2.82313374 0.6541
2.85133863 0.7221
2.88419306 0.8200
2.90037533 0.9094
2.89304563 0.9369
2.87116829 0.9324
2.84613661 0.9277
2.82226541 0.9308
2.80243999 0.9330
2.79077001 0.9275
2.78610787 0.9172
2.77909659 0.9110
2.77266550 0.9166
2.77051773 0.9177
2.77488415 0.9090
2.78003507 0.8984
2.78377611 0.8948
2.78447227 0.8995
2.78903179 0.9047
2.80684070 0.9016
2.84390516 0.9005
2.88441080 0.8996
2.92186855 0.9049
2.96100346 0.9127
2.99560479 0.9113
3.00667683 0.8985
2.99444631 0.8757
2.97048354 0.8513
2.93882456 0.8339
2.90404996 0.8221
2.87228133 0.8176
2.86142049 0.8198
2.87791660 0.8282
2.90406834 0.8403
2.91045130 0.8601
2.89863783 0.8872
2.89012973 0.9082
2.88813940 0.9243
2.88851564 0.9445
2.88113119 0.9526
2.87699836 0.8727
2.87923388 0.7998
2.90470949 0.8691
2.93310143 0.9417
2.94699379 0.9731
2.94177725 0.9911
2.92218838 0.9969
2.89759659 0.9914
2.87206081 0.9802
2.84581109 0.9670
2.82612004 0.9513
2.81735338 0.9278
2.81619221 0.9055
2.81406179 0.8968
2.81470563 0.8978
2.81931687 0.9019
2.82538130 0.9026
2.82932336 0.8907
2.83346843 0.8702
2.83569774 0.8482
2.83560223 0.8424
2.82910470 0.8573
2.81899652 0.8754
2.82054535 0.8915
2.83783183 0.9123
2.85906569 0.9371
2.86063710 0.9532
2.84585497 0.9596
2.83178411 0.9560
2.82939015 0.9401
2.82969094 0.9116
2.82320173 0.8735
2.80996855 0.8344
2.79978454 0.8094
2.79615573 0.8084
2.78684522 0.8239
2.75651418 0.8399
2.71966761 0.8594
2.69552189 0.8791
2.69088673 0.8976
2.70279937 0.9128
2.73291548 0.9180
2.77568613 0.9168
2.81953514 0.9145
2.86202117 0.9120
2.88971708 0.9014
2.88562858 0.8861
2.85599310 0.8831
2.82115876 0.9120
2.79101854 0.9614
2.76901126 0.9871
2.76083688 0.9796
2.76704467 0.9672
2.78265603 0.9607
2.80633358 0.9383
2.84211428 0.8961
2.88296383 0.8601
2.91299609 0.8473
2.91220844 0.8664
2.89196080 0.9066
2.88189085 0.9473
2.88594284 0.9670
2.89323948 0.9701
2.89626970 0.9704
2.89469616 0.9540
2.89527411 0.9175
2.89765034 0.8683
2.89357694 0.8236
2.86788872 0.7990
2.81592890 0.7926
2.75961985 0.7934
2.71571931 0.7981
2.68896133 0.8007
2.68137652 0.8015
2.68682415 0.7948
2.70121272 0.7779
2.72844310 0.7513
2.76854739 0.7304
2.79729207 0.7293
2.79345191 0.7401
2.76043818 0.7527
2.72212904 0.7659
2.70918829 0.7804
2.72165143 0.7936
2.74346848 0.7986
2.75964601 0.7954
2.76687104 0.7833
2.77057986 0.7634
2.76791850 0.7395
2.75114601 0.7225
2.71957794 0.7270
2.69068070 0.7513
2.68317557 0.7851
2.70232267 0.8171
2.72850864 0.8415
2.75288083 0.8596
2.77338710 0.8766
2.78296170 0.8859
2.78330887 0.8856
2.77582206 0.8655
2.76616926 0.8321
2.75466167 0.8023
2.74830666 0.7865
2.74659431 0.7819
2.74792619 0.7831
2.73812200 0.7790
2.71483247 0.7584
2.68197603 0.7209
2.64836353 0.6883
2.62131976 0.6754
2.60057353 0.6731
2.58393107 0.6771
2.58166371 0.6852
2.60638878 0.6954
2.65448784 0.7073
2.69906362 0.7192
2.71937024 0.7307
2.70980277 0.7491
2.69111950 0.7707
2.66890133 0.7892
2.65192146 0.8079
2.64578848 0.8359
2.65049003 0.8667
2.66890762 0.8947
2.70117191 0.9081
2.74284813 0.9063
2.78107491 0.9001
2.80333608 0.8975
2.79966208 0.9023
2.78881162 0.9071
2.78287789 0.9085
2.79295375 0.9005
2.81374772 0.8982
2.83906747 0.9142
2.86067343 0.9415
2.88638437 0.9592
2.91412895 0.9539
2.92939357 0.9389
2.92128305 0.9239
2.89494095 0.9121
2.87157177 0.8902
2.85928832 0.8538
2.84935196 0.8070
2.83296855 0.7704
2.82293533 0.7593
2.82633593 0.7706
2.83654423 0.7834
2.83228573 0.7789
2.81946752 0.7738
2.81388991 0.7820
2.82108521 0.8024
2.83544903 0.8245
2.85015061 0.8434
2.85481164 0.8811
2.84452836 0.9068
2.82721693 0.9183
2.81826599 0.9189
2.83187636 0.9180
2.86387445 0.9142
2.88680310 0.9016
2.88028472 0.8961
2.85677025 0.9004
2.83618403 0.9029
2.82909799 0.9002
2.82848032 0.8904
2.82182809 0.8676
2.81077988 0.8344
2.80673561 0.7920
2.81355130 0.7466
2.80980759 0.7001
2.79015391 0.6676
2.76610832 0.6472
2.76020497 0.6383
2.76384697 0.6442
2.76684516 0.6540
2.75281415 0.6484
2.73977791 0.6364
2.72905876 0.6096
2.71998660 0.5859
2.70613048 0.5724
2.70167058 0.5566
2.72316774 0.5334
2.76639588 0.5060
2.81381310 0.4952
2.83779514 0.5008
2.83261306 0.4959
2.80095913 0.4997
2.76141152 0.5565
2.73493818 0.6292
2.73879886 0.6958
2.76713878 0.7498
2.80057706 0.7895
2.82348909 0.8062
2.82361459 0.7884
2.80787238 0.7446
2.77998479 0.6921
2.73889988 0.6600
2.69058826 0.6646
2.67291195 0.7072
2.69000648 0.7692
2.72823800 0.8349
2.76940092 0.8933
2.79843426 0.9322
2.81246408 0.9400
2.81975580 0.9192
2.82200262 0.8788
2.81533078 0.8347
2.79622502 0.7938
2.77806421 0.7697
2.76584757 0.7704
2.76066990 0.7898
2.76842379 0.8240
2.78951826 0.8569
2.81285572 0.8720
2.83032842 0.8638
2.83808146 0.8514
2.84072470 0.8386
2.84481161 0.8243
2.84279024 0.7986
2.82973091 0.7563
2.81826672 0.6972
2.82582914 0.6557
2.85841078 0.6210
2.87296456 0.7771
2.88988929 0.7879
2.90762278 0.7500
2.90011786 0.7445
2.87641693 0.7703
2.84173467 0.7843
2.79063793 0.7784
2.73387581 0.7640
2.69688145 0.7516
2.68930718 0.7444
2.71112983 0.7384
2.75121646 0.7367
2.80220298 0.7478
2.85259035 0.7804
2.89236798 0.8228
2.91725826 0.8595
2.93148764 0.8837
2.94065806 0.9072
2.94050961 0.9302
2.93363280 0.9509
2.92877366 0.9583
2.92825637 0.9426
2.93302803 0.9264
2.93293464 0.9223
2.91183641 0.9111
2.87789169 0.8844
2.84083301 0.8512
2.80426663 0.8260
2.76428109 0.8204
2.73089251 0.8333
2.71771902 0.8470
2.71996809 0.8487
2.72603246 0.8450
2.73670186 0.8463
2.76195884 0.8480
2.80350744 0.8466
2.84510391 0.8445
2.87510708 0.8392
2.89985896 0.8310
2.92004267 0.8401
2.92196563 0.8523
2.90572792 0.8625
2.88751305 0.8733
2.88218728 0.8767
2.87869657 0.8690
2.86160194 0.8634
2.83494307 0.8674
2.82308368 0.8755
2.83999047 0.8939
2.87695816 0.9151
2.90845847 0.9237
2.91786120 0.9263
2.91726500 0.9448
2.92326260 0.9700
2.93139422 0.9817
2.92531667 0.9816
2.90153937 0.9659
2.87571116 0.9525
2.86083864 0.9507
2.85091896 0.9614
2.84112285 0.9735
2.83437048 0.9794
2.83429942 0.9837
2.83245242 0.9916
2.82870887 0.9889
2.82237532 0.9659
2.81424931 0.9256
2.80556102 0.8834
2.80037213 0.8599
2.80420957 0.8536
2.81843544 0.8557
2.83307809 0.8699
2.83450749 0.8927
2.83139049 0.9173
2.83375188 0.9400
2.83968121 0.9499
2.84468341 0.9446
2.83640285 0.9287
2.81925299 0.9127
2.81317368 0.8988
2.82774669 0.8845
2.85752987 0.8705
2.88419431 0.8657
2.89768241 0.8759
2.90649759 0.8992
2.90924614 0.9214
2.89877468 0.9318
2.87504306 0.9307
2.85035092 0.9289
2.83641982 0.9250
2.83820854 0.9101
2.85353064 0.8876
2.86960149 0.8594
2.87770301 0.8342
2.86783341 0.8240
2.84404671 0.8365
2.81663014 0.8504
2.79257235 0.8512
2.78255537 0.8507
2.79151303 0.8712
2.81924243 0.9103
2.86547515 0.9540
2.91547891 0.9801
2.95079449 0.9926
2.96911600 0.9960
2.97585191 0.9779
2.97604027 0.9450
2.97182179 0.9206
2.95911558 0.9095
2.93371922 0.9039
2.90703716 0.8920
2.88776315 0.8710
2.87604602 0.8305
2.86036363 0.8380
2.85584886 0.8711
2.87011112 0.8963
2.89025174 0.9064
2.89806732 0.9061
2.88457370 0.8966
2.86689290 0.8777
2.86953769 0.8490
2.89265037 0.8164
2.91913242 0.8136
2.94367930 0.8482
2.95667299 0.8425
2.94997131 0.8264
2.92713500 0.8615
2.90209828 0.8906
2.87935485 0.8881
2.85781442 0.8626
2.84312102 0.8217
2.83976495 0.7564
2.84352828 0.6764
2.85378358 0.6164
2.84630320 0.5937
2.81668432 0.6186
2.79048917 0.6878
2.77765472 0.7677
2.77496313 0.8358
2.77055553 0.8829
2.75623287 0.9045
2.73900038 0.9060
2.72545947 0.8839
2.71834316 0.8454
2.70778356 0.7961
2.68238509 0.7486
2.66161352 0.7096
2.66290897 0.6818
2.68639461 0.6604
2.71798857 0.6608
2.74746036 0.6953
2.75932765 0.7559
2.75747767 0.8099
2.75033584 0.7168
2.71772389 0.5291
2.66842341 0.5068
2.62843655 0.5069
2.60604198 0.5090
2.60657989 0.4998
2.63892039 0.4777
2.70624248 0.4470
2.76858877 0.4225
2.80253667 0.4230
2.80105695 0.4574
2.76992902 0.5143
2.72515668 0.5678
2.68557847 0.6206
2.66085797 0.6595
2.64961817 0.6855
2.65278936 0.6911
2.67172264 0.6791
2.70616234 0.6543
2.75173254 0.6481
2.80176463 0.6848
2.84106325 0.7806
2.85547796 0.8543
2.85485128 0.8867
2.85194902 0.9064
2.85873873 0.9382
2.87571500 0.9662
2.90372471 0.9817
2.93509296 0.9850
2.96086731 0.9793
2.97476802 0.9505
2.97481134 0.8445
2.94268463 0.6600
2.88812153 0.6137
2.84886413 0.6201
2.83750512 0.6385
2.85344690 0.6546
2.88040952 0.7515
2.86702098 0.9992
2.85665987 1.0364
2.86537134 1.0608
2.88102732 1.0658
2.89741792 1.0605
2.90886513 0.9671
2.86630397 0.5886
2.84817456 0.6498
2.86688676 0.7337
2.89361286 0.8642
2.88282590 0.9432
2.85341237 0.8981
2.83562695 0.8671
2.82605685 0.8680
2.81222801 0.8770
2.78583040 0.8708
2.74920594 0.8499
2.71939118 0.8208
2.71914888 0.7818
2.74863042 0.7384
2.78584603 0.7104
2.80501064 0.7108
2.80498307 0.7280
2.79989353 0.7436
2.78695973 0.7589
2.75687078 0.7693
2.71800420 0.7606
2.69448602 0.7357
2.70148684 0.7021
2.73407270 0.6729
2.77155543 0.6447
2.78914638 0.5788
2.77970797 0.6057
2.76568969 0.6747
2.75935641 0.7344
2.75481594 0.7636
2.75325393 0.7730
2.75465181 0.7692
2.76085530 0.7642
2.76966376 0.7584
2.78381398 0.7501
2.80203428 0.7291
2.80871939 0.6980
2.80671036 0.7016
2.80385243 0.7476
2.81063599 0.8067
2.82796947 0.8505
2.85237466 0.8705
2.87948762 0.8660
2.89463075 0.8338
2.89532705 0.7792
2.88435206 0.7260
2.87218078 0.6948
2.85509536 0.6965
2.84036961 0.7221
2.83101352 0.7528
2.82777504 0.7808
2.84203621 0.8095
2.87134046 0.8250
2.90008627 0.8210
2.91570460 0.8019
2.91188823 0.7884
2.90371312 0.7768
2.89478709 0.7633
2.88214858 0.7528
2.86155358 0.7425
2.84423631 0.7376
2.84859638 0.7459
2.87838984 0.7783
2.91445431 0.8403
2.93422554 0.8928
2.92907912 0.9088
2.91609625 0.9101
2.90370332 0.9101
2.90083919 0.9127
2.90253427 0.9027
2.89637973 0.8647
2.88204101 0.8066
2.87910515 0.7549
2.88878426 0.7364
2.89092549 0.7583
2.87596940 0.7781
2.84987990 0.7733
2.82011212 0.7719
2.79323401 0.7874
2.77500319 0.8049
2.76594215 0.8143
2.76163777 0.8111
2.75822095 0.7970
2.76452666 0.7750
2.78086788 0.7551
2.80459361 0.7608
2.81531501 0.7939
2.81036608 0.8263
2.80286069 0.8400
2.80470945 0.8490
2.81254430 0.8627
2.81979791 0.8832
2.82669121 0.9010
2.83260039 0.9029
2.83496880 0.8879
2.83072826 0.8582
2.81041723 0.8244
2.78220157 0.8032
2.76335778 0.7993
2.75338530 0.8067
2.74173835 0.8184
2.73672837 0.8390
2.74231861 0.8658
2.75851245 0.8899
2.77465627 0.9003
2.77741311 0.8902
2.76438174 0.8729
2.74073162 0.8546
2.72247266 0.8435
2.71495387 0.8261
2.71792411 0.8031
2.72833090 0.7839
2.75028664 0.7751
2.77763652 0.7882
2.80348525 0.8103
2.82449421 0.8245
2.84802178 0.8406
2.86454285 0.8637
2.86969673 0.8890
2.86018842 0.8991
2.84422500 0.8955
2.82974223 0.8827
2.81261965 0.8716
2.79509928 0.8652
2.77803997 0.8588
2.76909779 0.8528
2.76888596 0.8562
2.77775089 0.8650
2.79801597 0.8791
2.82690709 0.8872
2.85518897 0.8883
2.87821223 0.8822
2.89377162 0.8690
2.89793168 0.8466
2.89555495 0.8203
2.88667520 0.8007
2.87800066 0.7810
2.87271916 0.7554
2.86997446 0.7287
2.87310740 0.7060
2.87677312 0.6893
2.87557856 0.6843
2.87545080 0.6879
2.88146809 0.7041
2.90178672 0.7388
2.92013322 0.7902
2.93314203 0.8295
2.94683277 0.8604
2.96376779 0.8830
2.97277331 0.8874
2.97064747 0.8725
2.96278899 0.8526
2.95299054 0.8342
2.93869588 0.8201
2.92225521 0.8104
2.90040752 0.8041
2.88208709 0.8031
2.87331968 0.8140
2.87748237 0.8383
2.88734320 0.8619
2.89402120 0.8771
2.88993524 0.8853
2.88100817 0.8901
2.88082093 0.8896
2.88857243 0.8829
2.89627263 0.8703
2.89965187 0.8584
2.90591063 0.8547
2.92003507 0.8646
2.94457258 0.8840
2.97114019 0.8980
2.98373175 0.9029
2.97048772 0.9051
2.93095000 0.9069
2.89033765 0.9015
2.85476323 0.8868
2.82230730 0.8655
2.79598609 0.8426
2.78413305 0.8327
2.78995102 0.8404
2.80130600 0.8455
2.81179433 0.8509
2.81644573 0.8620
2.80724977 0.8851
2.78766378 0.9043
2.76776093 0.9150
2.75887778 0.9174
2.76417315 0.9167
2.77676399 0.9137
2.78747303 0.9045
2.79174130 0.8903
2.79138877 0.8689
2.79229237 0.8515
2.79349231 0.8438
2.78767032 0.8435
2.77696515 0.8481
2.76946196 0.8489
2.77321552 0.8484
2.78727385 0.8463
2.79998311 0.8395
2.80991644 0.8292
2.81595727 0.8294
2.82755807 0.8431
2.84760231 0.8639
2.86163558 0.8785
2.86129300 0.8820
2.84317629 0.8796
2.82399302 0.8838
2.82348033 0.8960
2.83453439 0.9102
2.84670118 0.9218
2.85222191 0.9303
2.85306770 0.9406
2.85557035 0.9531
2.86317864 0.9571
2.87137655 0.9498
2.87642217 0.9277
2.87005601 0.9009
2.86213139 0.8791
2.86292012 0.8697
2.86940514 0.8664
2.87849103 0.8615
2.88960823 0.8674
2.89805364 0.8863
2.90284840 0.9101
2.90993064 0.9301
2.91658469 0.9424
2.92181241 0.9390
2.92960632 0.9283
2.93278057 0.9347
2.93848434 0.9451
2.94802749 0.9355
2.94742617 0.9165
2.92752538 0.9071
2.90257728 0.9082
2.87964229 0.8981
2.86050884 0.8791
2.84493774 0.8703
2.83848926 0.8820
2.84289029 0.8973
2.85551839 0.9090
2.87161207 0.9174
2.88158328 0.9264
2.87822115 0.9391
2.86489167 0.9657
2.85397634 0.9881
2.85157879 0.9824
2.86067513 0.9514
2.87414748 0.9133
2.87397988 0.8838
2.86314838 0.8839
2.86911368 0.9009
2.89223301 0.9216
2.90903105 0.9380
2.90492251 0.9538
2.87793284 0.9719
2.84263044 0.9788
2.81991385 0.9587
2.81092059 0.9084
2.80297936 0.8306
2.78878975 0.7620
2.78299818 0.7339
2.78346097 0.7392
2.77426508 0.7761
2.75932988 0.8313
2.74870469 0.8887
2.74672155 0.9251
2.75616359 0.9395
2.78083339 0.9499
2.80913888 0.9673
2.82548244 0.9726
2.82886612 0.9505
2.83127723 0.9066
2.83675019 0.8726
2.84947567 0.8642
2.86173395 0.8902
2.86274331 0.9264
2.85153611 0.9462
2.84954929 0.9547
2.86724783 0.9774
2.88864595 1.0061
2.90020728 1.0238
2.89701382 1.0223
2.88460155 1.0088
2.86948110 0.9924
2.85044156 0.9801
2.83214196 0.9675
2.81466760 0.9417
2.80785510 0.9111
2.80382297 0.8931
2.79567146 0.8945
2.78663056 0.9047
2.78225973 0.9103
2.78647879 0.9058
2.79220577 0.8981
2.79265170 0.8962
2.78488063 0.8916
2.77368223 0.8651
2.76398548 0.8150
2.75318979 0.7613
2.74251829 0.7225
2.73890910 0.7051
2.73737615 0.7058
2.73079713 0.7167
2.72443007 0.7410
2.72817820 0.7810
2.74245657 0.8273
2.75644862 0.8554
2.77085280 0.8595
2.78334406 0.8469
2.79783751 0.8414
2.80514580 0.8464
2.80565121 0.8446
2.80533438 0.8427
2.81121071 0.8430
2.82632767 0.8526
2.84089522 0.8656
2.84468961 0.8678
2.82946084 0.8491
2.80711769 0.8239
2.78766018 0.8154
2.77597478 0.8211
2.76705935 0.8172
2.76584934 0.8081
2.77159078 0.7968
2.78291938 0.7972
2.80201996 0.8192
2.82787873 0.8425
2.85287782 0.8475
2.87272326 0.8384
2.88425529 0.8261
2.88873742 0.8181
2.88546576 0.8113
2.87242324 0.7913
2.85112663 0.7714
2.82712569 0.7669
2.80764955 0.7905
2.79762926 0.8240
2.79758037 0.8419
2.79780694 0.8381
2.79195546 0.8203
2.78676709 0.8002
2.79321396 0.7760
2.80884816 0.7501
2.82263123 0.7236
2.81925732 0.7100
2.80367427 0.7246
2.79295851 0.7598
2.79401297 0.7976
2.80420830 0.8280
2.81537919 0.8405
2.82237773 0.8369
2.82589269 0.8041
2.82323700 0.7478
2.82229036 0.7015
2.83554906 0.6712
2.85104236 0.6443
2.85974037 0.6223
2.85531367 0.6131
2.85025021 0.6228
2.85213160 0.6493
2.84638403 0.6820
2.82778560 0.7059
2.81193851 0.7140
2.80927680 0.7106
2.82163047 0.7029
2.82979885 0.6940
2.82199131 0.6891
2.80249882 0.6820
2.78873359 0.6727
2.78245540 0.6553
2.78036769 0.6374
2.76877774 0.6199
2.74925009 0.5941
2.73953869 0.5736
2.74592320 0.5714
2.76343217 0.5922
2.77975307 0.6310
2.78979937 0.6767
2.80392302 0.7020
2.82621617 0.7024
2.86077002 0.7022
2.89342507 0.7396
2.91563935 0.7751
2.90907398 0.5387
2.88010347 0.5532
2.85316250 0.5741
2.84163638 0.6360
2.82958308 0.7294
2.81233633 0.8091
2.80787679 0.8605
2.81986154 0.8802
2.84152498 0.8800
2.85293152 0.8624
2.85130599 0.8218
2.83743764 0.7452
2.82077339 0.6803
2.80937762 0.6593
2.79731226 0.6682
2.78798245 0.7015
2.77434351 0.7432
2.76929708 0.7804
2.77855863 0.8035
2.79313756 0.8088
2.80013796 0.7993
2.79848420 0.7710
2.79695567 0.7324
2.79936445 0.7005
2.80361215 0.6892
2.81030798 0.6976
2.82296551 0.7145
2.84631958 0.7325
2.87074144 0.7391
2.89017596 0.7350
2.89328723 0.7266
2.88703812 0.7251
2.87514309 0.7238
2.87055920 0.7059
2.86729772 0.6791
2.85642732 0.6729
2.85181174 0.6823
2.85578671 0.6941
2.85656381 0.6973
2.85289550 0.6980
2.84732038 0.6998
2.84777109 0.7083
2.85307766 0.7146
2.86128839 0.7228
2.86824077 0.7436
2.87048293 0.7681
2.86725758 0.7794
2.86473449 0.7845
2.86477481 0.7868
2.86796846 0.7756
2.86548866 0.7635
2.85084996 0.7707
2.83422115 0.7822
2.82090532 0.7887
2.81796518 0.7870
2.82550400 0.7799
2.84925762 0.7725
2.87293650 0.7560
2.89358285 0.7332
2.90468641 0.7181
2.89348620 0.7300
2.86615196 0.7653
2.84340551 0.8007
2.83686205 0.8209
2.83094626 0.8277
2.81599049 0.8338
2.79762372 0.8309
2.79416864 0.8119
2.80361670 0.7839
2.81601370 0.7595
2.81985410 0.7448
2.80179860 0.7499
2.78353570 0.7793
2.77576101 0.8239
2.78799235 0.8756
2.81314191 0.9212
2.84437773 0.9508
2.86742521 0.9589
2.87673124 0.9452
2.88486053 0.9142
2.89617160 0.8579
2.90447969 0.8007
2.90788999 0.7798
2.90243437 0.7848
2.89101261 0.8079
2.88220618 0.8490
2.87444800 0.9053
2.86819895 0.9446
2.87031614 0.9614
2.88231248 0.9642
2.89207290 0.9568
2.88902922 0.9374
2.87230754 0.9065
2.85443717 0.8722
2.84139286 0.8449
2.83630296 0.8351
2.83713530 0.8502
2.84477374 0.8788
2.85864083 0.9042
2.87877743 0.9209
2.89479399 0.9356
2.90367006 0.9573
2.90125254 0.9771
2.89572762 0.9836
2.88629307 0.9731
2.87626129 0.9589
2.87863097 0.9517
2.89687536 0.9514
2.91806319 0.9573
2.93572585 0.9669
2.94534574 0.9717
2.94649102 0.9737
2.94276562 0.9809
2.92134299 0.9951
2.86858626 0.9989
2.81188294 0.9869
2.77941493 0.9730
2.76785437 0.9535
2.77081174 0.9346
2.77457861 0.9202
2.76980005 0.9149
2.75920559 0.9128
2.76470175 0.9250
2.79391566 0.9538
2.82762319 0.9809
2.83949429 0.9836
2.82712262 0.9681
2.80263514 0.9522
2.77640260 0.9446
2.75323163 0.9348
2.73540307 0.9232
2.72495633 0.9127
2.72577355 0.9178
2.73674591 0.9394
2.75400993 0.9686
2.77566018 0.9858
2.79519048 0.9852
2.81462014 0.9790
2.82499274 0.9799
2.82502042 0.9830
2.82469451 0.9754
2.82462443 0.9596
2.82605960 0.9533
2.82513167 0.9631
2.82831232 0.9815
2.83853299 0.9960
2.85704380 0.9981
2.88573922 0.9918
2.90649383 0.9815
2.90114897 0.9699
2.88292618 0.9618
2.86915508 0.9568
2.85788588 0.9564
2.84529148 0.9634
2.82932671 0.9709
2.81455529 0.9693
2.81567426 0.9661
2.84254187 0.9683
2.88826762 0.9769
2.92946664 0.9880
2.94878237 0.9913
2.94608108 0.9808
2.94149741 0.9673
2.93601300 0.9634
2.92663656 0.9698
2.91738128 0.9713
2.91622123 0.9689
2.91875335 0.9722
2.92281758 0.9878
2.92568805 1.0076
2.92544443 1.0241
2.92195203 1.0215
2.91499801 1.0067
2.90359858 0.9900
2.88342464 0.9785
2.86731108 0.9633
2.86156490 0.9426
2.86792825 0.9248
2.87721974 0.9298
2.88205633 0.9628
2.88525737 1.0043
2.88657431 1.0294
2.89026212 1.0310
2.88918616 1.0233
2.87616897 1.0187
2.85711707 1.0126
2.84251617 0.9993
2.83822894 0.9766
2.84681095 0.9564
2.85711840 0.9607
2.86014989 0.9896
2.85365131 1.0199
2.84660042 1.0383
2.84443002 1.0465
2.84256686 1.0486
2.83497308 1.0444
2.81149238 1.0317
2.78737897 1.0189
2.76914232 0.9999
2.76241294 0.9762
2.76295086 0.9542
2.76483167 0.9418
2.76530316 0.9400
2.77117401 0.9499
2.78356943 0.9725
2.80442645 1.0008
2.82673131 1.0209
2.84405232 1.0252
2.85087641 1.0256
2.84912359 1.0244
2.84330897 1.0181
2.83584181 1.0021
2.82752709 0.9779
2.81931553 0.9522
2.81259486 0.9356
2.80188896 0.9250
2.78739027 0.9144
2.77961220 0.9087
2.78250766 0.9175
2.79981408 0.9401
2.82521618 0.9680
2.85611293 0.9849
2.89281679 0.9906
2.92040303 0.9969
2.93044620 1.0117
2.92104797 1.0183
2.89811757 1.0015
2.87267190 0.9586
2.86039346 0.9116
2.85338013 0.8982
2.84051689 0.9344
2.83530391 0.9796
2.84436333 1.0025
2.86747695 0.9894
2.88962067 0.9557
2.88752672 0.9343
2.86511195 0.9322
2.84914552 0.9287
2.84939946 0.9101
2.86589312 0.8852
2.89108280 0.8869
2.90802755 0.9408
2.91754394 0.9988
2.92824629 1.0234
2.94215046 1.0224
2.96033136 1.0099
2.97280005 0.9871
2.96501921 0.9352
2.93747763 0.8905
2.91666467 0.8714
2.90362160 0.8666
2.88975515 0.8899
2.87119478 0.9349
2.85706171 0.9709
2.85427372 0.9826
2.86192607 0.9789
2.86929423 0.9670
2.87066933 0.9379
2.86622106 0.8898
2.86384013 0.8517
2.86490545 0.8385
2.86489389 0.8438
2.86889770 0.8591
2.87845278 0.8693
2.89113166 0.8688
2.90017657 0.8574
2.89830341 0.8364
2.89596360 0.8233
2.90139032 0.8326
2.91119478 0.8467
2.91787705 0.8529
2.92031605 0.8563
2.91958077 0.8620
2.91569601 0.8661
2.91085577 0.8731
2.90402370 0.8821
2.89354201 0.8808
2.87689567 0.8706
2.86312849 0.8656
2.85871404 0.8716
2.85762566 0.8773
2.85416247 0.8754
2.85091578 0.8678
2.84595944 0.8555
2.83984393 0.8467
2.83770270 0.8488
2.84128023 0.8644
2.84377006 0.8799
2.84325626 0.8785
2.84412792 0.8815
2.84557489 0.8959
2.84292681 0.9148
2.83808281 0.9281
2.83120845 0.9211
2.82293226 0.8886
2.81792432 0.8580
2.82119665 0.8480
2.82655281 0.8612
2.83282274 0.8787
2.83220447 0.8982
2.82677257 0.9279
2.82537892 0.9572
2.83116794 0.9677
2.84509070 0.9524
2.85517615 0.9040
2.85503282 0.8626
2.85162158 0.8395
2.85349048 0.8186
2.85804031 0.7981
2.86761369 0.7704
2.87758617 0.7505
2.88214351 0.7880
2.88541904 0.8474
2.89545211 0.8839
2.90788937 0.8901
2.91933654 0.8774
2.92572456 0.8641
2.93386740 0.8579
2.93975087 0.8498
2.93492120 0.8303
2.92141532 0.8155
2.90989523 0.8247
2.90782232 0.8750
2.90944083 0.9472
2.90985947 0.9989
2.91443373 1.0186
2.92095946 1.0098
2.92042934 0.9789
2.90548927 0.9277
2.88198276 0.8744
2.86507070 0.8364
2.85558223 0.8213
2.84654214 0.8288
2.83491809 0.8601
2.82693115 0.9093
2.82569725 0.9586
2.83959016 0.9915
2.85600924 1.0053
2.86896921 1.0036
2.87866121 0.9930
2.88395488 0.9744
2.88881882 0.9505
2.90106501 0.9372
2.91034999 0.9309
2.90543287 0.9320
2.89752816 0.9340
2.89402100 0.9349
2.89077190 0.9389
2.88111102 0.9469
2.86380564 0.9526
2.84732242 0.9568
2.83788908 0.9639
2.84368321 0.9774
2.85532632 0.9878
2.86194189 0.9892
2.86204215 0.9832
2.86774701 0.9770
2.88148880 0.9745
2.89688920 0.9645
2.90565293 0.9428
2.89910568 0.9261
2.87712667 0.9307
2.85627020 0.9554
2.84024119 0.9784
2.82474083 0.9848
2.80790519 0.9747
2.79228477 0.9550
2.78911022 0.9399
2.79932229 0.9290
2.81349781 0.9278
2.82085458 0.9354
2.81768599 0.9566
2.81350848 0.9835
2.81001240 1.0040
2.80480760 1.0048
2.79649687 0.9866
2.78618739 0.9646
2.78073394 0.9487
2.78096489 0.9354
2.77922695 0.9218
2.77724239 0.9150
2.77884218 0.9246
2.78626332 0.9442
2.80836786 0.9679
2.83903743 0.9744
2.87495329 0.9630
2.90153517 0.9494
2.91838271 0.9486
2.91813867 0.9480
2.90288339 0.9272
2.87552022 0.8973
2.84223913 0.8878
2.81635108 0.9040
2.79589951 0.9230
2.79228243 0.9252
2.80451707 0.9091
2.83041319 0.8900
2.86003416 0.8749
2.87645587 0.8591
2.88381611 0.8380
2.88498122 0.8231
2.88193966 0.8293
2.87483268 0.8557
2.86972048 0.8902
2.87100963 0.9159
2.87744081 0.9247
2.89201200 0.9259
2.91438694 0.9302
2.93098209 0.9315
2.93496911 0.9245
2.93047390 0.9074
2.92608491 0.8954
2.92150195 0.8985
2.91007189 0.9056
2.89790746 0.9064
2.89061256 0.9057
2.89160282 0.9123
2.89861294 0.9331
2.90687834 0.9554
2.90525821 0.9616
2.89468617 0.9453
2.88184089 0.9185
2.87636263 0.9038
2.87957159 0.9019
2.87710256 0.8966
2.86860721 0.8707
2.86320683 0.8398
2.86658335 0.8339
2.87072019 0.8534
2.86018872 0.8740
2.84542713 0.8834
2.83609100 0.8850
2.83262488 0.8928
2.83371856 0.9088
2.83266462 0.9165
2.82842010 0.9074
2.81890801 0.8862
2.81070892 0.8750
2.80786032 0.8827
2.81393742 0.9079
2.82182878 0.9292
2.82797656 0.9386
2.82629433 0.9439
2.82213599 0.9492
2.81760500 0.9513
2.81655633 0.9423
2.82046138 0.9248
2.82281136 0.9117
2.83022506 0.9140
2.84316938 0.9353
2.85701208 0.9572
2.86763912 0.9619
2.87053268 0.9602
2.86950684 0.9667
2.86709943 0.9739
2.86256757 0.9601
2.86255663 0.9299
2.86594082 0.9007
2.87155751 0.8980
2.87811157 0.9162
2.87607679 0.9316
2.86873049 0.9338
2.86581471 0.9367
2.86621080 0.9451
2.86311093 0.9515
2.85700600 0.9493
2.84452954 0.9298
2.82716061 0.8987
2.81399175 0.8733
2.81868399 0.8704
2.83153732 0.8837
2.83972358 0.8879
2.83423916 0.8754
2.82831003 0.8603
2.83544156 0.8535
2.85002519 0.8482
2.86409992 0.8389
2.87469742 0.8274
2.88539604 0.8255
2.89934655 0.8301
2.91154949 0.8491
2.91258193 0.8800
2.90767390 0.9110
2.90754051 0.9302
2.91474328 0.9386
2.92547012 0.9424
2.93768735 0.9325
2.94943998 0.9093
2.94905592 0.8771
2.93983142 0.8641
2.92911598 0.8676
2.92071028 0.8696
2.91145707 0.8683
2.88941415 0.8693
2.86368076 0.8721
2.84781332 0.8739
2.85041991 0.8699
2.86346449 0.8628
2.86924219 0.8496
2.86428219 0.8437
2.86432489 0.8470
2.86630142 0.8498
2.86872375 0.8497
2.86501698 0.8526
2.86049474 0.8638
2.85886709 0.8786
2.86281951 0.8927
2.86407833 0.8973
2.86313202 0.8938
2.85784574 0.8867
2.84670910 0.8695
2.83283581 0.8506
2.82251149 0.8321
2.80816702 0.8191
2.79215461 0.8159
2.77761963 0.8239
2.77079817 0.8422
2.77300927 0.8616
2.78147795 0.8796
2.79929357 0.9031
2.81517199 0.9324
2.82320757 0.9593
2.82204311 0.9698
2.81982146 0.9618
2.81893515 0.9427
2.82018196 0.9274
2.82296000 0.9150
2.81632705 0.9045
2.80668364 0.9026
2.80269298 0.9047
2.80744030 0.9059
2.80842895 0.9058
2.80043774 0.8992
2.78462021 0.8870
2.78008503 0.8799
2.79025592 0.8795
2.81400126 0.8842
2.83569731 0.8843
2.84352207 0.8849
2.84670672 0.8866
2.84022572 0.8903
2.82088307 0.8924
2.79850403 0.8922
2.78803635 0.8899
2.79458714 0.8910
2.80203918 0.8945
2.80466184 0.8936
2.80284604 0.8865
2.80729101 0.8861
2.82639321 0.8963
2.84938338 0.8968
2.86344465 0.8714
2.86139673 0.8360
2.84172304 0.7948
2.80556054 0.7570
2.77458852 0.7345
2.77064419 0.7357
2.78807279 0.7489
2.81695919 0.7687
2.84974883 0.7963
2.88172373 0.8246
2.90314778 0.8417
2.90925071 0.8455
2.89203176 0.8333
2.85843160 0.8139
2.82886203 0.7959
2.82376670 0.7948
2.84061432 0.8108
2.86333323 0.8264
2.88798283 0.8351
2.91530394 0.8606
2.93245697 0.8898
2.93489768 0.9065
2.91788437 0.9064
2.89113729 0.8967
2.86042328 0.8802
2.82771189 0.8612
2.80083194 0.8462
2.78278041 0.8316
2.78813124 0.8329
2.81613181 0.8623
2.85013650 0.8998
2.87285139 0.9177
2.87392615 0.9210
2.85493229 0.9344
2.82571749 0.9585
2.79419716 0.9738
2.77044043 0.9637
2.76842362 0.9339
2.78986065 0.9020
2.82030739 0.8803
2.83573377 0.8710
2.83791508 0.8712
2.83004134 0.8678
2.81501593 0.8583
2.79569415 0.8553
2.77784223 0.8500
2.76462512 0.8387
2.76397124 0.8196
2.78185811 0.8067
2.80876137 0.8186
2.82924898 0.8613
2.84677507 0.9165
2.85387516 0.9554
2.84608090 0.9630
2.82580969 0.9629
2.80454051 0.9744
2.78349687 0.9940
2.76286902 0.9958
2.74818118 0.9613
2.74570077 0.9063
2.75524048 0.8643
2.76863887 0.8653
2.77266452 0.8909
2.77079433 0.9123
2.77636631 0.9146
2.78507290 0.9116
2.78724609 0.9140
2.78227687 0.9147
2.77611979 0.9046
2.77645063 0.8784
2.78489635 0.8523
2.79641366 0.8496
2.80229518 0.8726
2.80638123 0.9138
2.81631800 0.9588
2.82077166 0.9834
2.81794475 0.9815
2.81630320 0.9610
2.82330501 0.9386
2.82807376 0.9220
2.81691954 0.9171
2.79287601 0.9213
2.76564228 0.9275
2.75004262 0.9420
2.74493641 0.9665
2.74362325 0.9885
2.74542890 0.9927
2.74856293 0.9733
2.76199947 0.9459
2.79626983 0.9219
2.84918384 0.9137
2.89071476 0.9177
2.90425307 0.9242
2.90048563 0.9298
2.89012059 0.9399
2.88177709 0.9519
2.88094659 0.9659
2.87958968 0.9713
2.86659433 0.9564
2.84920210 0.9306
2.83776816 0.9052
2.82874759 0.8941
2.81388979 0.8956
2.79008216 0.9037
2.77532395 0.9233
2.76750554 0.9537
2.76379671 0.9939
2.76069616 1.0226
2.76090122 1.0302
2.76648868 1.0232
2.77448001 1.0064
2.77091461 0.9886
2.76190733 0.9729
2.75786641 0.9647
2.76772745 0.9755
2.77982417 1.0082
2.78621838 1.0460
2.78200533 1.0707
2.77053249 1.0662
2.76837547 1.0350
2.77819989 0.9898
2.78934120 0.9444
2.79098809 0.9041
2.77691697 0.8760
2.75559485 0.8614
2.74071781 0.8679
2.73885975 0.8964
2.74832066 0.9345
2.75880362 0.9612
2.77657726 0.9675
2.80264305 0.9614
2.83005347 0.9562
2.84454751 0.9596
2.83678349 0.9652
2.81474105 0.9614
2.79259503 0.9541
2.76724760 0.9596
2.74460228 0.9827
2.72713826 1.0028
2.72423611 1.0061
2.73768368 0.9938
2.76782487 0.9827
2.80311181 0.9811
2.82508960 0.9837
2.82550457 0.9772
2.81626328 0.9649
2.79789232 0.9455
2.77934395 0.9253
2.76906053 0.9123
2.77872661 0.9091
2.79878400 0.9149
2.81652029 0.9259
2.82956969 0.9313
2.83398407 0.9265
2.83814489 0.9128
2.84869518 0.9012
2.86150355 0.9020
2.86590914 0.9052
2.86124465 0.9025
2.85980358 0.8955
2.86825700 0.9012
2.88438286 0.9266
2.89714301 0.9440
2.90320719 0.9503
2.90300808 0.9525
2.90773945 0.9539
2.91740517 0.9534
2.92153878 0.9589
2.91148026 0.9693
2.89286157 0.9750
2.87744740 0.9697
2.88022234 0.9686
2.89125628 0.9767
2.90072036 0.9910
2.90278206 1.0050
2.90087778 1.0140
2.89998062 1.0196
2.90394502 1.0292
2.91214016 1.0368
2.91540242 1.0274
2.91872222 0.9987
2.92152360 0.9721
2.92105378 0.9639
2.92322016 0.9613
2.92729012 0.9526
2.91957033 0.9356
2.89744763 0.9188
2.87133139 0.9145
2.85587151 0.9230
2.85274202 0.9328
2.85507466 0.9349
2.86621581 0.9399
2.87754857 0.9583
2.88643528 0.9801
2.89941355 0.9981
2.91748633 1.0163
2.92586562 1.0337
2.91624348 1.0509
2.89328491 1.0651
2.87577595 1.0679
2.86823637 1.0577
2.86798485 1.0366
2.86719163 1.0124
2.86054410 0.9923
2.84536170 0.9764
2.82644116 0.9647
2.81101154 0.9579
2.80005758 0.9586
2.79651312 0.9702
2.79555564 0.9892
2.79857700 1.0033
2.80906884 1.0040
2.82443434 0.9963
2.83152012 0.9956
2.82407620 1.0051
2.81285689 1.0163
2.80199406 1.0238
2.78605917 1.0282
2.76714227 1.0399
2.75219641 1.0509
2.74411323 1.0443
2.75282119 1.0161
2.77515752 0.9807
2.80499333 0.9604
2.82688183 0.9559
2.83269005 0.9501
2.82557182 0.9462
2.81396489 0.9482
2.79961403 0.9600
2.78766180 0.9773
2.78227733 0.9904
2.79008594 1.0020
2.80585840 1.0132
2.82519015 1.0220
2.84536183 1.0294
2.86092353 1.0341
2.87351382 1.0344
2.88274796 1.0269
2.88441742 1.0125
2.87797763 0.9953
2.86002470 0.9742
2.83927565 0.9514
2.82299683 0.9388
2.81248234 0.9391
2.80170425 0.9547
2.79301795 0.9719
2.79004048 0.9755
2.78683488 0.9613
2.78180511 0.9402
2.77740328 0.9213
2.78254098 0.9055
2.79891251 0.8866
2.82400220 0.8821
2.85215911 0.9040
2.87659845 0.9295
2.89686374 0.9376
2.90192605 0.9202
2.88384957 0.8955
2.84734836 0.8718
2.80645944 0.8603
2.77342551 0.8598
2.75327147 0.8571
2.75423625 0.8503
2.77152207 0.8531
2.79327249 0.8720
2.81138077 0.8889
2.82835818 0.8964
2.83593391 0.8902
2.83998478 0.8795
2.83314328 0.8701
2.81859815 0.8757
2.81044484 0.9025
2.80940973 0.9345
2.80759688 0.9599
2.80277050 0.9725
2.80388669 0.9783
2.82219051 0.9836
2.85231962 0.9825
2.88545131 0.9708
2.91276041 0.9454
2.92788863 0.9264
2.93614684 0.9360
2.92942884 0.9623
2.90151186 0.9759
2.86184502 0.9760
2.81824278 0.9734
2.78426830 0.9686
2.76411218 0.9517
2.75678560 0.9152
2.75459949 0.8791
2.75305142 0.8669
2.75796137 0.8900
2.77155892 0.9220
2.79139376 0.9476
2.81580215 0.9684
2.83343524 0.9872
2.82902762 0.9980
2.80938320 0.9956
2.78583010 0.9791
2.76709450 0.9585
2.75862539 0.9430
2.76359185 0.9440
2.78147297 0.9635
2.80931949 0.9943
2.83989466 1.0188
2.86783576 1.0248
2.88484126 1.0258
2.87954551 1.0275
2.86497566 1.0205
2.85008198 0.9944
2.83985131 0.9513
2.82859183 0.9107
2.81201249 0.8986
2.79902014 0.9162
2.79860973 0.9382
2.80267350 0.9363
2.81015600 0.9097
2.81324077 0.8749
2.80548893 0.8519
2.78661693 0.8376
2.76298255 0.8257
2.75289142 0.8219
2.76807649 0.8422
2.80086333 0.8807
2.81778120 0.9177
2.81813485 0.9439
2.80949482 0.9546
2.79890465 0.9469
2.78046754 0.9250
2.75879828 0.9035
2.74690377 0.9038
2.75211604 0.9210
2.77273193 0.9409
2.79443803 0.9602
2.80946252 0.9790
2.81373125 1.0010
2.82142336 1.0163
2.84258195 1.0163
2.87333218 1.0026
2.89280613 0.9849
2.89914503 0.9771
2.90333094 0.9837
2.90760362 0.9984
2.90928973 1.0142
2.90050101 1.0269
2.87797553 1.0286
2.85287067 1.0220
2.83205052 1.0064
2.82061186 0.9876
2.81277125 0.9716
2.81978399 0.9640
2.84411871 0.9553
2.86509530 0.9497
2.88228672 0.9557
2.88854105 0.9568
2.87490745 0.9498
2.84087158 0.9360
2.80289645 0.9123
2.77409212 0.8790
2.75803013 0.8382
2.75775948 0.8025
2.77325598 0.7942
2.79520496 0.8230
2.81630541 0.8608
2.82628060 0.8695
2.80837154 0.8714
2.76359002 0.8927
2.71482978 0.9310
2.68430270 0.9608
2.67358626 0.9695
2.67786346 0.9621
2.69431682 0.9520
2.72637419 0.9580
2.76514025 0.9842
2.79702192 1.0124
2.82373129 1.0332
2.84260767 1.0450
2.83844331 1.0535
2.82167601 1.0575
2.80045894 1.0562
2.78319108 1.0538
2.77783157 1.0490
2.78025709 1.0415
2.77492393 1.0335
2.76277734 1.0298
2.75507154 1.0327
2.75810380 1.0303
2.76117112 1.0211
2.75581450 1.0105
2.74517130 1.0052
2.73800713 1.0077
2.74096834 1.0128
2.74640267 1.0102
2.74212334 0.9975
2.73025152 0.9906
2.71311857 0.9901
2.69946969 0.9922
2.68730220 0.9800
2.67716943 0.9581
2.67001621 0.9372
2.66927825 0.9238
2.67261568 0.9168
2.68934232 0.9092
2.72449474 0.9013
2.76574652 0.9040
2.78848555 0.9285
2.79592599 0.9754
2.79584009 1.0230
2.79180299 1.0435
2.78975386 1.0414
2.79586692 1.0384
2.80251483 1.0459
2.81575216 1.0531
2.84187422 1.0486
2.86572226 1.0244
2.86434243 1.0047
2.83326835 1.0152
2.80178004 1.0456
2.79270935 1.0649
2.80200263 1.0597
2.81780628 1.0508
2.82650135 1.0516
2.82051944 1.0591
2.80716562 1.0587
2.79426635 1.0463
2.78516211 1.0299
2.78009999 1.0265
2.78004149 1.0395
2.78957972 1.0545
2.80498864 1.0602
2.81972754 1.0549
2.83001539 1.0502
2.83242162 1.0492
2.82054207 1.0487
2.79951065 1.0378
2.78045103 1.0156
2.76465745 0.9963
2.75219751 0.9851
2.75012199 0.9831
2.75875993 0.9832
2.76785402 0.9817
2.77440014 0.9816
2.78027906 0.9885
2.78630073 1.0045
2.79288858 1.0201
2.79468227 1.0221
2.78782556 1.0137
2.77679875 1.0054
2.76829266 1.0049
2.76469817 1.0019
2.76033457 0.9976
2.74982938 0.9924
2.73920472 0.9938
2.73263992 1.0058
2.73514204 1.0260
2.73312629 1.0340
2.72908024 1.0287
2.72847927 1.0147
2.73370107 1.0002
2.74186347 0.9873
2.74508657 0.9747
2.73793497 0.9656
2.73175941 0.9602
2.73833985 0.9583
2.75838075 0.9571
2.77936351 0.9537
2.79347189 0.9532
2.79443569 0.9498
2.77521397 0.9473
2.75559023 0.9427
2.74601587 0.9409
2.73432918 0.9330
2.71547924 0.9196
2.70172636 0.9107
2.70334791 0.9151
2.72137438 0.9366
2.74250670 0.9623
2.75047230 0.9685
2.73435321 0.9500
2.71099389 0.9208
2.69802358 0.9062
2.70573213 0.9110
2.73314123 0.9310
2.75930065 0.9422
2.77365752 0.9395
2.77805279 0.9486
2.78386877 0.9781
2.79267790 1.0123
2.80007605 1.0305
2.80018937 1.0249
2.79936019 1.0123
2.80106869 1.0058
2.80684575 0.9989
2.80950697 0.9773
2.80534117 0.9438
2.79161968 0.9213
2.77159655 0.9188
2.75120901 0.9370
2.73464088 0.9536
2.72742512 0.9528
2.72411450 0.9377
2.72076610 0.9190
2.71623539 0.9018
2.71470823 0.8785
2.71836953 0.8459
2.72094155 0.8167
2.72077200 0.8097
2.71767936 0.8204
2.71555539 0.8367
2.72594437 0.8466
2.74275185 0.8449
2.75633881 0.8364
2.75526140 0.8234
2.75415091 0.8069
2.77280781 0.7968
2.80573962 0.7954
2.82273398 0.8031
2.80643103 0.8098
2.77734734 0.8171
2.75969826 0.8245
2.76005825 0.8243
2.76646463 0.8072
2.76813952 0.7787
2.76187256 0.7582
2.75805176 0.7621
2.76372782 0.7866
2.77310460 0.8232
2.77837644 0.8598
2.78215005 0.8865
2.78766944 0.8960
2.79603976 0.8977
2.81223092 0.8986
2.82910822 0.8984
2.83508933 0.8868
2.82970206 0.8605
2.82706915 0.8338
2.82495738 0.8376
2.81536066 0.8643
2.79233101 0.8816
2.75380957 0.8654
2.71762304 0.8345
2.71516292 0.8225
2.73643663 0.8254
2.74411574 0.8104
2.73038398 0.7678
2.71397369 0.7268
2.71262305 0.7216
2.72290025 0.7479
2.72535351 0.7758
2.71493749 0.7866
2.70841757 0.7888
2.72984156 0.8026
2.76945275 0.8259
2.80781679 0.8257
2.83470725 0.7910
2.85612549 0.7593
2.86768845 0.7698
2.87694983 0.8124
2.88742231 0.8652
2.88455373 0.8979
2.87040840 0.9026
2.85937123 0.8926
2.85024565 0.8863
2.84702540 0.8855
2.83839648 0.8749
2.82268155 0.8456
2.80656920 0.8168
2.80202733 0.8242
2.80454462 0.8735
2.80186493 0.9234
2.80375657 0.9479
2.81778457 0.9475
2.84206453 0.9442
2.86302429 0.9406
2.87146540 0.9297
2.86103430 0.9029
2.83374217 0.8667
2.80307943 0.8473
2.77761365 0.8648
2.75927950 0.9083
2.74500822 0.9460
2.74069449 0.9557
2.75244189 0.9492
2.77116255 0.9416
2.78811704 0.9362
2.80093527 0.9292
2.80270993 0.9158
2.79157857 0.9093
2.77680824 0.9133
2.76397005 0.9314
2.76062291 0.9528
2.76927450 0.9696
2.78923155 0.9781
2.81106684 0.9845
2.82623138 0.9899
2.82490526 0.9958
2.80857888 0.9927
2.78508936 0.9817
2.76618892 0.9758
2.75176713 0.9779
2.74156369 0.9852
2.74350558 0.9872
2.75376659 0.9858
2.76519800 0.9854
2.77115062 0.9894
2.76865531 0.9955
2.76037015 0.9979
2.75466658 0.9955
2.75517500 0.9986
2.75046488 1.0084
2.73627634 1.0223
2.71455819 1.0204
2.69389620 0.9953
2.67958916 0.9618
2.67388822 0.9388
2.67793038 0.9298
2.69195676 0.9244
2.71318309 0.9287
2.73330389 0.9460
2.75245352 0.9800
2.77217510 1.0129
2.78793512 1.0284
2.80204541 1.0176
2.81275707 0.9941
2.81285398 0.9741
2.80038857 0.9606
2.78313152 0.9505
2.76141669 0.9385
2.74439195 0.9240
2.73001681 0.9215
2.71910512 0.9389
2.71594620 0.9638
2.71923336 0.9837
2.72444731 0.9934
2.72749505 0.9946
2.72332227 0.9921
2.71287312 0.9823
2.69907831 0.9621
2.68857138 0.9326
2.69029895 0.9096
2.70003126 0.9063
2.71123899 0.9192
2.71985705 0.9399
2.74015655 0.9649
2.77435211 0.9935
2.80241656 1.0232
2.80738458 1.0489
2.79174863 1.0540
2.76668054 1.0343
2.74194796 1.0030
2.72239145 0.9800
2.71292069 0.9684
2.71535129 0.9700
2.72777893 0.9783
2.74833520 0.9998
2.76772627 1.0264
2.78445934 1.0483
2.79945657 1.0647
2.81380450 1.0686
2.81717455 1.0506
2.80145158 1.0211
2.77350921 0.9920
2.74299651 0.9661
2.72295121 0.9475
2.71387855 0.9309
2.71681254 0.9219
2.73228630 0.9262
2.75136957 0.9450
2.76562239 0.9703
2.77597596 0.9875
2.78494223 0.9960
2.79383787 1.0057
2.79579076 1.0184
2.79091259 1.0345
2.78544042 1.0409
2.78674491 1.0415
2.79620269 1.0394
2.80770211 1.0376
2.80756763 1.0286
2.79746950 1.0112
2.77976893 0.9910
2.76143820 0.9820
2.74943010 0.9915
2.74625234 1.0112
2.75578285 1.0311
2.77067836 1.0475
2.77901968 1.0583
2.78438614 1.0649
2.78721983 1.0661
2.78341149 1.0588
2.76508487 1.0407
2.74126489 1.0249
2.72577434 1.0185
2.72772575 1.0285
2.73367308 1.0428
2.72962763 1.0562
2.71832071 1.0656
2.71184684 1.0681
2.71667206 1.0652
2.72185793 1.0482
2.71903105 1.0230
2.71084056 1.0015
2.71422619 0.9912
2.73527850 0.9957
2.76630012 1.0121
2.79128814 1.0286
2.80740856 1.0370
2.82342796 1.0337
2.84080667 1.0085
2.85023105 0.9549
2.84586002 0.8992
2.83118208 0.8639
2.80694369 0.8495
2.78133087 0.8565
2.76397044 0.8759
2.75923087 0.8989
2.75719717 0.9257
2.75710249 0.9433
2.76915091 0.9457
2.79969291 0.9335
2.83269581 0.9136
2.85056777 0.8960
2.83905170 0.8864
2.81173621 0.8856
2.80265526 0.8976
2.82283136 0.9265
2.84920139 0.9686
2.86838444 1.0135
2.88904534 1.0445
2.90947556 1.0479
2.91742425 1.0216
2.90360497 0.9911
2.86871585 0.9699
2.82220282 0.9522
2.78195516 0.9312
2.75535319 0.9105
2.74238780 0.8989
2.73957187 0.9038
2.74254517 0.9162
2.75185323 0.9236
2.76010515 0.9189
2.76050215 0.9115
2.75441758 0.9130
2.74915551 0.9271
2.74565359 0.9358
2.74331558 0.9246
2.74242277 0.8960
2.75108211 0.8674
2.77063301 0.8559
2.78870628 0.8571
2.79821759 0.8577
2.80796130 0.8608
2.82700826 0.8745
2.84340617 0.8992
2.85234882 0.9271
2.85419644 0.9430
2.85250701 0.9361
2.84826287 0.9086
2.83868845 0.8778
2.82478434 0.8596
2.81214146 0.8444
2.80559002 0.8237
2.80919642 0.8086
2.81698161 0.8141
2.82059954 0.8393
2.81314162 0.8772
2.80533125 0.9161
2.80891953 0.9307
2.82908175 0.9208
2.85100336 0.9081
2.85525852 0.9060
2.83879573 0.9027
2.82286636 0.8867
2.82210837 0.8567
2.83216478 0.8243
2.83964268 0.8081
2.83168878 0.8051
2.80982966 0.8145
2.78420941 0.8327
2.77587578 0.8589
2.77652804 0.8735
2.76892515 0.8760
2.76016266 0.8696
2.76186339 0.8489
2.78825229 0.8174
2.82315838 0.7838
2.83486883 0.7438
2.81554529 0.7082
2.78768397 0.7038
2.77116232 0.7425
2.77369331 0.7926
2.78136708 0.8260
2.77543883 0.8401
2.75541583 0.8414
2.73119003 0.8297
2.71886067 0.8023
2.71315367 0.7627
2.71755361 0.7201
2.73768488 0.6975
2.76466049 0.7322
2.78871146 0.7857
2.81005881 0.8109
2.83164266 0.8068
2.84351930 0.7546
2.83024817 0.7032
2.80268401 0.7247
2.79060592 0.7567
2.78877136 0.7851
2.78908936 0.8081
2.78954573 0.8271
2.79431730 0.8371
2.80086491 0.8355
2.81327854 0.8266
2.83056241 0.8135
2.84390630 0.7964
2.83775540 0.7827
2.81616535 0.7883
2.80084863 0.7916
2.79824193 0.7953
2.80455417 0.8029
2.81811837 0.8186
2.83460867 0.8240
2.84668326 0.8138
2.85447274 0.8081
2.85561869 0.8129
2.85052983 0.8070
2.84057970 0.7939
2.82248673 0.7857
2.80879644 0.7821
2.80361982 0.7722
2.79944147 0.7615
2.80094445 0.7642
2.80733434 0.7803
2.81322923 0.7930
2.81567177 0.7972
2.81903477 0.7950
2.82166049 0.7997
2.82075096 0.8089
2.80924297 0.8148
2.79464330 0.8089
2.78028928 0.8007
2.76485001 0.7980
2.75484793 0.8085
2.75033283 0.8217
2.74954612 0.8333
2.74749492 0.8324
2.75019404 0.8257
2.75334141 0.8228
2.75450505 0.8366
2.75969793 0.8667
2.77127182 0.9016
2.78979412 0.9367
2.81265246 0.9659
2.83983001 0.9795
2.86874671 0.9680
2.88446164 0.9251
2.88296417 0.8938
2.87089400 0.9153
2.84397662 0.9324
2.81212381 0.9330
2.77889409 0.9241
2.75955388 0.9219
2.75614082 0.9236
2.77292222 0.9295
2.80239282 0.9266
2.83325576 0.9155
2.86191617 0.9115
2.88603017 0.9103
2.90491774 0.9074
2.91647915 0.8910
2.92333731 0.9159
2.92804942 0.8842
2.93092198 0.8491
2.92821250 0.8606
2.92386450 0.8818
2.91001942 0.8938
2.88989798 0.8879
2.87221986 0.8816
2.86561057 0.8829
2.86936350 0.8863
2.87853714 0.8824
2.89191257 0.8742
2.90296524 0.8686
2.91359831 0.8652
2.92741975 0.8781
2.93478663 0.8879
2.93040562 0.8830
2.91921439 0.8807
2.91278752 0.8947
2.91386541 0.9202
2.91676850 0.9425
2.91006291 0.9511
2.89259257 0.9453
2.88251701 0.9328
2.89264205 0.9138
2.91613688 0.8865
2.93700696 0.8533
2.94224561 0.8433
2.93002194 0.8632
2.90650305 0.8892
2.88118478 0.9104
2.85371033 0.9256
2.82487150 0.9266
2.80757760 0.9195
2.81618324 0.9127
2.83769352 0.9006
2.85519366 0.8842
2.86018846 0.8687
2.85113471 0.8562
2.83908880 0.8632
2.83309102 0.8887
2.83642261 0.9174
2.84316441 0.9363
2.85228409 0.9441
2.86706534 0.9504
2.88648845 0.9573
2.90066374 0.9544
2.90146483 0.9316
2.89089387 0.9003
2.87624672 0.8868
2.86302042 0.8999
2.84645686 0.9167
2.82602076 0.9224
2.81151257 0.9094
2.81125959 0.8938
2.82382495 0.8846
2.84472699 0.8843
2.86492440 0.8816
2.87205285 0.8649
2.86843560 0.8534
2.85584275 0.8648
2.84253458 0.8945
2.83587602 0.9274
2.84488159 0.9465
2.86137918 0.9537
2.87157387 0.9497
2.87316925 0.9379
2.86483639 0.9117
2.85145064 0.8733
2.82810182 0.8437
2.79919339 0.8406
2.77619743 0.8597
2.76136815 0.8826
2.75324734 0.8972
2.75762503 0.9020
2.77897839 0.9001
2.81807878 0.9002
2.86150055 0.9001
2.88159112 0.9013
2.87577105 0.8974
2.86884703 0.9037
2.87138283 0.9255
2.87695014 0.9565
2.87702844 0.9794
2.87572130 0.9769
2.87833000 0.9341
2.87182141 0.8767
2.85994612 0.8640
2.85905512 0.8722
2.86615875 0.8694
2.87374217 0.8592
2.87686946 0.8583
2.87705826 0.8730
2.87945518 0.8922
2.89164866 0.9039
2.91182984 0.9092
2.93495208 0.9207
2.94951540 0.9450
2.94589014 0.9593
2.93596985 0.9561
2.93062361 0.9520
2.93018904 0.9566
2.91943432 0.9639
2.89586295 0.9524
2.87221175 0.9224
2.86025900 0.8912
2.85075205 0.8470
2.83997413 0.7929
2.83525255 0.7472
2.83623620 0.7099
2.82557701 0.6927
2.79867367 0.7099
2.77720398 0.7539
2.77876385 0.8169
2.79275172 0.8772
2.80910619 0.9173
2.82669990 0.9308
2.83842532 0.9278
2.84783769 0.9133
2.85410735 0.8797
2.85152650 0.8400
2.84712995 0.8050
2.83856448 0.8070
2.82113415 0.8404
2.79972493 0.8725
2.78414257 0.8986
2.78276902 0.9236
2.79873503 0.9511
2.82319566 0.9841
2.83939797 1.0137
2.84359234 1.0212
2.83697270 1.0065
2.82418306 0.9797
2.80738651 0.9545
2.78718924 0.9359
2.77212668 0.9224
2.77160073 0.9213
2.78098914 0.9395
2.79947784 0.9675
2.82447685 0.9936
2.84814179 1.0014
2.85740169 0.9862
2.85708294 0.9684
2.85609309 0.9554
2.86168498 0.9404
2.86265850 0.9191
2.85821656 0.8989
2.85906846 0.8896
2.87589014 0.8992
2.90715012 0.9124
2.93624549 0.9149
2.95012853 0.8979
2.93465984 0.8861
2.90925451 0.9062
2.87847964 0.9427
2.84881446 0.9757
2.82339073 0.9944
2.80550787 1.0071
2.80001152 1.0240
2.80460916 1.0393
2.81751671 1.0449
2.83304444 1.0334
2.84340049 1.0156
2.84616771 1.0051
2.83327865 1.0019
2.81166766 0.9964
2.78635974 0.9776
2.76087859 0.9556
2.73923386 0.9468
2.73741589 0.9602
2.76540771 0.9895
2.80998417 1.0114
2.84620121 1.0166
2.86452853 1.0096
2.86871962 1.0009
2.86575459 0.9950
2.86321049 0.9783
2.85433197 0.9650
2.83478699 0.9598
2.81338919 0.9716
2.80879553 0.9947
2.81601713 1.0119
2.81339357 1.0166
2.80300899 1.0258
2.78979319 1.0433
2.78333887 1.0576
2.78299407 1.0538
2.78133737 1.0314
2.77185165 0.9984
2.76453897 0.9730
2.76341569 0.9636
2.76798515 0.9595
2.76794615 0.9454
2.76484832 0.9322
2.77509942 0.9620
2.79463782 1.0239
2.81254527 1.0822
2.82503850 1.1134
2.82649708 1.1183
2.81053237 1.1173
2.79366151 1.1216
2.78021673 1.1140
2.76939955 1.0770
2.76005254 1.0187
2.75844767 0.9717
2.76121550 0.9579
2.77169374 0.9718
2.79626891 0.9941
2.82292352 1.0026
2.84643342 1.0086
2.85989732 1.0223
2.86965210 1.0394
2.87327532 1.0520
2.86344491 1.0495
2.83380784 1.0236
2.79657716 0.9998
2.76481501 0.9925
2.75296155 0.9990
2.75416560 0.9993
2.75575006 0.9928
2.75527285 0.9943
2.75382205 1.0034
2.76394225 1.0211
2.78875813 1.0435
2.80764410 1.0646
2.81383067 1.0726
2.81742921 1.0746
2.82108767 1.0763
2.81732574 1.0757
2.80193459 1.0743
2.78688499 1.0856
2.77806231 1.1058
2.78300504 1.1145
2.80021997 1.0855
2.81421784 1.0115
2.82654220 1.0507
2.82703692 1.0945
2.81639066 1.1137
2.80611277 1.1098
2.79525231 1.0924
2.78587866 1.0818
2.77644129 1.0884
2.78196312 1.1020
2.80064171 1.0949
2.82337011 1.0618
2.83666428 1.0494
2.83492078 1.0765
2.81582647 1.0950
2.78526028 1.0901
2.75086954 1.0722
2.72252006 1.0588
2.71003875 1.0641
2.71766788 1.0737
2.75048314 1.0756
2.79875625 1.0655
2.84096999 1.0503
2.86707421 1.0359
2.88643390 1.0305
2.90563491 1.0243
2.91354237 1.0156
2.90570763 1.0046
2.88952492 1.0014
2.87253505 1.0059
2.85319055 1.0041
2.83903507 0.9949
2.83531552 0.9852
2.84541427 0.9833
2.85656932 0.9920
2.86421583 1.0129
2.86960654 1.0327
2.86997711 1.0481
2.86065625 1.0602
2.84606194 1.0796
2.83839769 1.0956
2.84569023 1.0919
2.86658268 1.0674
2.89051368 1.0341
2.90273327 1.0175
2.90619970 1.0258
2.90595892 1.0446
2.89588467 1.0583
2.87486392 1.0731
2.84828626 1.0937
2.82932065 1.1070
2.82718535 1.0933
2.83631593 1.0512
2.85569097 0.9944
2.87009666 0.9422
2.88017126 0.8941
2.89205558 0.8580
2.88814355 0.8473
2.86835076 0.8844
2.85043381 0.9417
2.84055074 0.9901
2.83609677 1.0189
2.83448869 1.0301
2.84057940 1.0265
2.86062205 1.0075
2.88860389 0.9675
2.89065933 0.8590
2.87098175 0.7929
2.85635958 0.7734
2.86230085 0.7561
2.89214962 0.7182
2.91985304 1.0283
2.91142311 1.0534
2.89971649 1.0579
2.88701519 1.0648
2.87812552 1.0656
2.86686553 1.0449
2.85086858 1.0057
2.84016121 0.9741
2.83933731 0.9769
2.83564055 1.0095
2.83123402 1.0555
2.83442705 1.0897
2.84659854 1.0986
2.85751216 1.1001
2.86414167 1.0942
2.86185536 1.0700
2.85307940 1.0263
2.83892793 0.9788
2.81994698 0.9404
2.80436275 0.9189
2.80223191 0.9090
2.80653750 0.9069
2.81188064 0.9116
2.81909343 0.9281
2.83871785 0.9510
2.86037959 0.9668
2.87092020 0.9598
2.86877057 0.9444
2.86339876 0.9431
2.86239527 0.9530
2.86608731 0.9615
2.86980567 0.9638
2.86704369 0.9633
2.86190651 0.9664
2.85928114 0.9712
2.85783931 0.9707
2.85772212 0.9643
2.85304957 0.9610
2.84225057 0.9638
2.82714227 0.9773
2.80944751 0.9961
2.78735442 1.0027
2.76842498 0.9842
2.76599293 0.9548
2.78149477 0.9324
2.80642922 0.9119
2.83536557 0.8926
2.86505293 0.8833
2.89426861 0.9042
2.91251071 0.9647
2.90887054 1.0313
2.87994112 1.0515
2.84101135 1.0446
2.80900937 1.0244
2.79179076 0.9984
2.78645331 0.9657
2.79576163 0.9287
2.81735611 0.9000
2.83462673 0.8938
2.84287541 0.9188
2.84368430 0.9502
2.83452145 0.9722
2.81907860 0.9738
2.80977760 0.9557
2.81625535 0.9206
2.83996683 0.8689
2.88422892 0.8075
2.91564385 0.7378
2.90578425 0.7766
2.89242356 0.8172
2.88453763 0.8749
2.88670647 0.9402
2.87678063 0.9936
2.83863320 1.0133
2.80655094 1.0049
2.80298877 0.9731
2.82168146 0.9124
2.85347318 0.8152
2.88343413 0.7048
2.90071424 0.6934
2.88449905 0.7394
2.84757981 0.7688
2.82691744 0.8018
2.84170018 0.8372
2.87010723 0.8948
2.88430770 0.9394
2.88832779 0.9457
2.88952669 0.9291
2.89147567 0.8945
2.89587748 0.8533
2.89675367 0.8249
2.88101768 0.8366
2.85943800 0.8763
2.84370302 0.9037
2.82553580 0.9128
2.80589353 0.9063
2.79560520 0.8928
2.79964837 0.8772
2.81569099 0.8571
2.83466301 0.8480
2.85205681 0.8633
2.86203793 0.8889
2.87087810 0.8985
2.88777198 0.9269
2.90541063 0.9616
2.90293485 0.9631
2.90436070 0.9777
2.91102133 0.9887
2.91694879 0.9858
2.91423543 0.9725
2.90608309 0.9611
2.89767958 0.9579
2.88871999 0.9591
2.87288292 0.9505
2.86070755 0.9366
2.86559246 0.9297
2.88258151 0.9359
2.89434972 0.9439
2.89057764 0.9434
2.87399242 0.9402
2.85466857 0.9423
2.83951514 0.9587
2.82444648 0.9879
2.81100045 1.0179
2.80506458 1.0350
2.81155645 1.0359
2.82212974 1.0180
2.83460842 0.9842
2.85061380 0.9383
2.87474533 0.8805
2.91752587 0.8255
2.92811905 0.8458
2.93218123 0.8776
2.93104576 0.8791
2.92151917 0.7999
2.90293619 0.6779
2.87161335 0.7848
2.85284735 0.8386
2.86953441 0.8786
2.91710546 0.9178
2.96587920 0.9678
2.97413264 0.9521
2.95774424 0.9313
2.94103182 0.9249
2.92412971 0.9289
2.90719504 0.9372
2.89161353 0.9419
2.87872204 0.9362
2.87379234 0.9234
2.88128178 0.9138
2.89252922 0.9140
2.89557802 0.9104
2.88836845 0.9020
2.88030224 0.9033
2.87173371 0.9095
2.86135499 0.9036
2.84184803 0.8735
2.82136742 0.8380
2.82245871 0.8366
2.84887417 0.8702
2.87769951 0.9210
2.88841758 0.9500
2.87651161 0.9467
2.85921467 0.9511
2.85042734 0.9764
2.85473586 1.0093
2.85992091 1.0384
2.85838881 1.0573
2.85673578 1.0691
2.86801773 1.0715
2.88600294 1.0623
2.89293026 1.0368
2.88502087 1.0010
2.87455922 0.9653
2.87702235 0.9367
2.88488374 0.9139
2.87882416 0.9015
2.85851669 0.9104
2.83740031 0.9312
2.82771140 0.9436
2.82134305 0.9527
2.81706735 0.9581
2.81690331 0.9544
2.82754276 0.9374
2.85168475 0.9197
2.87512333 0.9164
2.88335581 0.9319
2.87874144 0.9549
2.86568476 0.9797
2.84847726 1.0064
2.83405049 1.0255
2.83108519 1.0291
2.83364136 1.0201
2.83683703 0.9968
2.83909344 0.9608
2.83485356 0.9213
2.83133444 0.8983
2.82655028 0.8987
2.81397131 0.9214
2.80004397 0.9599
2.79833284 0.9924
2.81427218 1.0107
2.84000828 1.0203
2.86205099 1.0266
2.87631872 1.0288
2.89331596 1.0206
2.91448896 1.0096
2.91988916 1.0080
2.89841409 1.0118
2.86035982 1.0126
2.82816403 0.9985
2.81472479 0.9703
2.81624850 0.9413
2.81770174 0.9133
2.82477384 0.8949
2.83484086 0.8924
2.84193009 0.9027
2.84103786 0.9238
2.83322063 0.9502
2.82193021 0.9683
2.82063631 0.9709
2.82861862 0.9534
2.84067177 0.9270
2.85537792 0.8976
2.86726580 0.8750
2.87183115 0.8590
2.87322416 0.8621
2.88509659 0.9079
2.89177347 0.9655
2.88692512 0.9977
2.86964883 0.9999
2.84461641 0.9779
2.82077899 0.9418
2.79746772 0.9038
2.77429225 0.8721
2.74915539 0.8489
2.73583138 0.8375
2.73831288 0.8411
2.74784303 0.8605
2.75775165 0.9004
2.77216021 0.9447
2.79542614 0.9749
2.82486854 0.9871
2.84639295 0.9883
2.85012107 0.9805
2.84027102 0.9637
2.82140708 0.9442
2.80062630 0.9315
2.77930614 0.9358
2.75699731 0.9518
2.74229667 0.9650
2.73690647 0.9675
2.74272683 0.9541
2.75292484 0.9318
2.76018299 0.9043
2.76181652 0.8716
2.75790134 0.8396
2.75186541 0.8266
2.74846575 0.8406
2.74598548 0.8634
2.74698784 0.8803
2.74900230 0.8861
2.75388424 0.8891
2.77069039 0.8942
2.79622751 0.9025
2.81613143 0.9139
2.82295998 0.9195
2.82192417 0.9133
2.81226669 0.9006
2.79056108 0.8914
2.76280779 0.8937
2.74532816 0.9041
2.74585666 0.9157
2.76284217 0.9208
2.78673664 0.9191
2.80656825 0.9149
2.82266247 0.9128
2.83419418 0.9123
2.83990045 0.9121
2.83515600 0.9102
2.82317792 0.9183
2.81246009 0.9363
2.80537505 0.9595
2.80470807 0.9773
2.80674086 0.9793
2.80917664 0.9740
2.81511407 0.9701
2.82509654 0.9634
2.83718636 0.9520
2.85172403 0.9410
2.86500582 0.9353
2.87065327 0.9228
2.85703745 0.9064
2.83238672 0.8980
2.81325531 0.8957
2.80494781 0.8878
2.80381523 0.8746
2.81146875 0.8673
2.82756616 0.8675
2.85004994 0.8754
2.86667364 0.8873
2.86744690 0.8964
2.85234228 0.9016
2.84087999 0.9179
2.84413548 0.9338
2.85838535 0.9410
2.87071303 0.9411
2.88341384 0.9469
2.89747462 0.9604
2.91078439 0.9786
2.91565082 0.9980
2.90070232 1.0071
2.87279914 1.0021
2.85089412 0.9861
2.84751705 0.9659
2.85312466 0.9465
2.85168620 0.9291
2.83238800 0.9088
2.80768541 0.8855
2.79418976 0.8683
2.79818870 0.8791
2.81374167 0.9175
2.82780794 0.9627
2.83612530 0.9911
2.84465543 0.9953
2.85818853 0.9762
2.87959568 0.9411
2.89451432 0.8988
2.88889977 0.8544
2.87363184 0.8282
2.86190193 0.8314
2.85760400 0.8575
2.84570604 0.8944
2.82454119 0.9225
2.80768264 0.9309
2.80952478 0.9177
2.82373604 0.8921
2.83452714 0.8576
2.83262451 0.8218
2.82464440 0.7992
2.81606025 0.7942
2.80987387 0.8134
2.80048367 0.8634
2.79084138 0.9288
2.78483559 0.9836
2.79366447 1.0194
2.82226046 1.0444
2.86097802 1.0539
2.88965398 1.0469
2.89819988 1.0326
2.88676893 1.0198
2.85712734 1.0085
2.81873673 0.9935
2.77794019 0.9817
2.74676747 0.9831
2.73718080 0.9995
2.75134645 1.0130
2.78655379 1.0118
2.82584678 0.9982
2.85828980 0.9886
2.86988035 0.9940
2.86284913 1.0130
2.84115935 1.0324
2.81296927 1.0435
2.79409595 1.0452
2.79850535 1.0450
2.82270384 1.0416
2.85648974 1.0260
2.90165193 0.9905
2.94535816 0.9384
2.96303523 0.8715
2.94843075 0.8628
2.92878104 0.9075
2.90743844 0.9413
2.88896997 0.9513
2.87933988 0.9496
2.88407434 0.9514
2.89703897 0.9536
2.92156253 0.9474
2.95364538 0.9367
2.97977287 0.9380
2.97619885 0.9553
2.93572287 0.9836
2.89200107 1.0052
2.87135459 1.0115
2.87389654 1.0095
2.88304459 1.0066
2.88664451 1.0014
2.88407839 0.9921
2.88151602 0.9889
2.87820027 1.0055
2.87050660 1.0422
2.85536613 1.0816
2.83317241 1.1071
2.81276295 1.1120
2.80445424 1.1014
2.80502308 1.0790
2.80601942 1.0531
2.80232401 1.0256
2.79373825 0.9979
2.79042169 0.9854
2.79722830 0.9940
2.80758824 1.0223
2.81646637 1.0521
2.81851006 1.0708
2.81655520 1.0788
2.80856121 1.0751
2.80313669 1.0616
2.80876880 1.0416
2.81454720 1.0201
2.82118084 1.0028
2.82983152 0.9906
2.84258841 0.9771
2.85567186 0.9692
2.86443126 0.9688
2.87015513 0.9805
2.86815318 1.0002
2.86068268 1.0196
2.85399907 1.0285
2.84541782 1.0210
2.83670491 1.0096
2.81865022 1.0045
2.78472056 0.9978
2.74121761 0.9857
2.69525311 0.9724
2.67021099 0.9684
2.67247188 0.9796
2.69198137 1.0076
2.72424181 1.0480
2.75669413 1.0864
2.78169657 1.1002
2.79848482 1.0895
2.80513720 1.0726
2.79717973 1.0612
2.77395713 1.0522
2.74810839 1.0362
2.73425466 1.0177
2.73406497 1.0016
2.74535082 0.9975
2.75676490 1.0020
2.76091438 1.0020
2.75891039 0.9938
2.76301815 0.9843
2.77026589 0.9766
2.76522653 0.9672
2.74247682 0.9552
2.71909545 0.9479
2.70797087 0.9511
2.71087300 0.9593
2.72789697 0.9657
2.75670042 0.9640
2.78375582 0.9581
2.79725635 0.9524
2.80187575 0.9435
2.81099930 0.9313
2.81822019 0.9121
2.80691838 0.8904
2.77862299 0.8862
2.75203965 0.9118
2.74136527 0.9480
2.74013602 0.9676
2.73338107 0.9564
2.71892070 0.9308
2.70173106 0.9063
2.69531499 0.8932
2.70913288 0.8834
2.73364194 0.8730
2.75305978 0.8665
2.76649221 0.8709
2.78216616 0.8818
2.80500678 0.8948
2.82809005 0.9055
2.84328258 0.9130
2.84583603 0.9148
2.84434813 0.9090
2.83965055 0.8926
2.83149469 0.8820
2.82337227 0.8825
2.81264698 0.8939
2.79565520 0.9000
2.78000428 0.8935
2.77829684 0.8780
2.78307816 0.8633
2.78290069 0.8504
2.78174067 0.8353
2.79563559 0.8265
2.82149407 0.8238
2.84937096 0.8340
2.86260820 0.8594
2.85455933 0.8869
2.84021180 0.9068
2.84002355 0.9097
2.84876589 0.8899
2.84456787 0.8482
2.82407946 0.7948
2.79214788 0.7540
2.76429538 0.7432
2.75751427 0.7656
2.76813219 0.8013
2.78409688 0.8405
2.79138959 0.8800
2.79604942 0.9148
2.80763696 0.9340
2.82680912 0.9320
2.84973773 0.9126
2.86837332 0.8920
2.86937912 0.8838
2.85359427 0.8858
2.83983619 0.8922
2.82816380 0.9070
2.80908946 0.9407
2.78245560 0.9827
2.77243462 1.0092
2.78454680 1.0127
2.80336776 0.9953
2.81177815 0.9624
2.80421502 0.9308
2.78500405 0.9104
2.76684929 0.8981
2.75968110 0.8955
2.76221944 0.9069
2.75804049 0.9290
2.75836138 0.9500
2.77206056 0.9531
2.78858501 0.9363
2.79522287 0.9116
2.78246455 0.8935
2.75255176 0.8861
2.71007562 0.8793
2.66810516 0.8672
2.64717009 0.8575
2.65698439 0.8575
2.68479563 0.8671
2.71133399 0.8740
2.73165566 0.8722
2.75225752 0.8663
2.77168848 0.8717
2.78406918 0.8970
2.78049065 0.9325
2.76741172 0.9687
2.75925003 0.9949
2.76154042 1.0093
2.76340377 1.0167
2.77102726 1.0190
2.78589803 1.0085
2.80353410 0.9798
2.81998371 0.9483
2.82297181 0.9361
2.80694971 0.9434
2.77622443 0.9553
2.74388986 0.9657
2.72182653 0.9755
2.71293525 0.9837
2.72155416 0.9898
2.74677261 0.9864
2.78020434 0.9662
2.81134569 0.9433
2.83073499 0.9291
2.83780403 0.9320
2.83231069 0.9459
2.81245848 0.9544
2.79170518 0.9540
2.78245397 0.9414
2.78843722 0.9268
2.79599049 0.9169
2.80273157 0.9072
2.81481301 0.8994
2.82704091 0.8992
2.82864595 0.9041
2.81611874 0.9154
2.78826762 0.9221
2.76014307 0.9266
2.75466825 0.9288
2.76496378 0.9262
2.77491754 0.9200
2.77613994 0.9228
2.78092934 0.9338
2.79486725 0.9526
2.80832557 0.9771
2.81299604 1.0042
2.80733090 1.0270
2.79899162 1.0387
2.79194170 1.0396
2.78372172 1.0329
2.77493200 1.0201
2.76623847 1.0072
2.75659831 0.9892
2.75047143 0.9729
2.75212612 0.9700
2.76026648 0.9783
2.77135524 0.9894
2.77803046 1.0017
2.78152318 1.0184
2.78387836 1.0375
2.78792386 1.0510
2.79286096 1.0573
2.79136767 1.0526
2.78221374 1.0388
2.76772387 1.0190
2.75325841 0.9973
2.74054511 0.9784
2.72777600 0.9651
2.71793234 0.9634
2.72067425 0.9735
2.73297651 0.9843
2.74845505 0.9924
2.75619346 0.9934
2.75852187 0.9915
2.76058633 0.9898
2.76285744 0.9879
2.75556661 0.9852
2.73675526 0.9751
2.71409369 0.9601
2.70169745 0.9542
2.70731187 0.9729
2.73068345 1.0123
2.75716075 1.0407
2.77841902 1.0480
2.78932122 1.0494
2.78841925 1.0514
2.77358057 1.0481
2.74491549 1.0449
2.71605590 1.0524
2.69550793 1.0758
2.69544644 1.1021
2.71060560 1.1146
2.73362217 1.1144
2.76352345 1.1161
2.78803820 1.1146
2.79868566 1.1067
2.79243159 1.0889
2.77395103 1.0662
2.74113424 1.0415
2.69935134 1.0236
2.66651377 1.0130
2.65869661 0.9969
2.67298072 0.9720
2.69422452 0.9470
2.71470451 0.9416
2.72951889 0.9545
2.73891279 0.9729
2.73644956 0.9858
2.72912825 0.9935
2.72373694 0.9973
2.72369988 1.0079
2.72724039 1.0140
2.73787541 0.9995
2.76240338 0.9686
2.79497551 0.9334
2.82903320 0.9114
2.85096881 0.9201
2.84487006 0.9513
2.82494498 0.9911
2.80421990 1.0207
2.78236089 1.0368
2.75942256 1.0469
2.74154883 1.0433
2.74187709 1.0278
2.76306352 1.0010
2.79680440 0.9751
2.83001902 0.9638
2.85088480 0.9649
2.85546383 0.9811
2.84759894 1.0017
2.82907086 1.0203
2.80619086 1.0274
2.78118592 1.0215
2.75988254 0.9984
2.74603884 0.9667
2.74605638 0.9489
2.75525527 0.9520
2.75954805 0.9702
2.74728241 0.9872
2.71938397 0.9958
2.68953843 0.9946
2.67511857 0.9947
2.67115881 0.9881
2.67490154 0.9687
2.67997977 0.9426
2.69510871 0.9295
2.73150357 0.9503
2.77700830 0.9985
2.81184131 1.0498
2.82932990 1.0849
2.83233434 1.1028
2.81935568 1.1139
2.79506091 1.1109
2.76389466 1.0867
2.73159350 1.0438
2.70932466 1.0103
2.70124552 0.9991
2.70698133 1.0098
2.71783110 1.0300
2.72877862 1.0461
2.73388949 1.0581
2.73347581 1.0723
2.72621346 1.0981
2.71827450 1.1219
2.71522171 1.1261
2.71115368 1.0978
2.70539917 1.0615
2.69798056 1.0427
2.69226560 1.0375
2.68871294 1.0406
2.68760893 1.0463
2.68859533 1.0553
2.69262185 1.0694
2.69716895 1.0791
2.69992256 1.0813
2.71105194 1.0791
2.73231802 1.0800
2.76871100 1.0847
2.80681362 1.0910
2.82631057 1.0886
2.81950078 1.0801
2.80179345 1.0673
2.79061698 1.0539
2.78545490 1.0340
2.78630963 1.0191
2.78841944 1.0180
2.79518834 1.0364
2.80226878 1.0653
2.80022744 1.0887
2.79047774 1.0950
2.77229013 1.0832
2.74468002 1.0680
2.71562388 1.0491
2.68724768 1.0249
2.67422194 0.9927
2.69124575 0.9722
2.73327642 0.9712
2.77539575 0.9895
2.79580922 1.0158
2.79914696 1.0323
2.80204926 1.0347
2.80719227 1.0211
2.80849261 0.9950
2.80466571 0.9618
2.79950472 0.9346
2.78814370 0.9246
2.75997214 0.9372
2.72006265 0.9668
2.69132526 0.9979
2.68135822 1.0155
2.68619814 1.0215
2.70860485 1.0319
2.74333244 1.0523
2.77816666 1.0726
2.79757908 1.0744
2.80816743 1.0605
2.82199603 1.0384
2.83886242 1.0232
2.84812722 1.0189
2.84083795 1.0181
2.81757560 1.0153
2.79363134 1.0125
2.77692305 1.0162
2.76023109 1.0180
2.74438233 1.0150
2.73800690 1.0120
2.74642990 1.0157
2.76578021 1.0255
2.77538176 1.0311
2.77671882 1.0319
2.77410748 1.0280
2.77460740 1.0248
2.77485377 1.0212
2.76307494 1.0148
2.74631877 1.0094
2.73879912 1.0149
2.73471143 1.0297
2.72534754 1.0430
2.71028364 1.0459
2.69824604 1.0402
2.69180944 1.0338
2.69107724 1.0302
2.69213464 1.0256
2.69103138 1.0182
2.69146791 1.0107
2.69525776 1.0057
2.69858546 1.0075
2.70163082 1.0146
2.71181327 1.0194
2.72796962 1.0200
2.74551666 1.0238
2.75587871 1.0323
2.75785232 1.0420
2.76288367 1.0511
2.76499313 1.0552
2.75989335 1.0657
2.75211670 1.0799
2.74901861 1.0876
2.76029190 1.0800
2.77446026 1.0581
2.77723504 1.0401
2.76869524 1.0324
2.75774337 1.0307
2.74637262 1.0282
2.74029465 1.0269
2.74033053 1.0328
2.74167248 1.0414
2.73284746 1.0476
2.71608301 1.0409
2.71012497 1.0234
2.72094062 1.0067
2.73344344 0.9984
2.73453547 1.0014
2.73319809 1.0128
2.73321311 1.0232
2.74191861 1.0355
2.75519228 1.0531
2.76151260 1.0717
2.75790499 1.0801
2.75521679 1.0626
2.76539641 1.0328
2.77898654 1.0094
2.77723455 0.9975
2.75545026 0.9852
2.73248943 0.9569
2.72649225 0.9250
2.72672424 0.9177
2.71843750 0.9338
2.71365634 0.9595
2.72189444 0.9680
2.74552227 0.9575
2.77169968 0.9371
2.79228174 0.9354
2.79369498 0.9566
2.77730807 0.9926
2.75612682 1.0133
2.74192969 1.0077
2.73175926 0.9828
2.72175624 0.9560
2.71074702 0.9300
2.70904632 0.9135
2.71911991 0.9151
2.73641479 0.9319
2.75604158 0.9539
2.76847014 0.9763
2.76527974 0.9964
2.75383827 1.0083
2.75018193 1.0110
2.75375574 1.0064
2.75558334 0.9907
2.74776815 0.9607
2.73924303 0.9265
2.74263251 0.9127
2.74761267 0.9254
2.74352697 0.9491
2.73466491 0.9683
2.72699927 0.9782
2.72110224 0.9822
2.71885358 0.9853
2.71717553 0.9704
2.71535105 0.9435
2.71626781 0.9240
2.72404936 0.9268
2.74705095 0.9426
2.78039160 0.9636
2.81054248 0.9784
2.82908427 0.9833
2.83809312 0.9856
2.84321081 0.9793
2.84825640 0.9601
2.85141261 0.9309
2.84762007 0.9073
2.83480712 0.9072
2.83422325 0.9256
2.84839428 0.9443
2.86891967 0.9480
2.88562614 0.9429
2.89790772 0.9360
2.91003843 0.9259
2.92179467 0.9010
2.91869444 0.8644
2.89086460 0.8316
2.86017381 0.8174
2.85242577 0.8347
2.86733394 0.8729
2.88497502 0.9064
2.89392635 0.9291
2.89948607 0.9411
2.90419107 0.9555
2.90697164 0.9577
2.89531219 0.9316
2.87389703 0.8970
2.85272906 0.8812
2.83214485 0.8962
2.81392395 0.9305
2.80997085 0.9684
2.81759478 0.9877
2.82073579 0.9938
2.82066404 0.9993
2.81931572 1.0048
2.82562736 0.9906
2.84105560 0.9564
2.86059479 0.9266
2.86287767 0.9252
2.85306366 0.9524
2.84781644 0.9842
2.84472059 0.9893
2.83546478 0.9754
2.82016603 0.9664
2.80831973 0.9598
2.80552357 0.9523
2.80974373 0.9396
2.81045972 0.9288
2.80632753 0.9342
2.80709368 0.9608
2.81538930 0.9914
2.82047023 1.0081
2.82547802 0.9981
2.83475616 0.9687
2.84571464 0.9289
2.85660966 0.8914
2.86492957 0.8725
2.86126525 0.8737
2.85322493 0.8866
2.84624269 0.9109
2.83640361 0.9431
2.82862668 0.9674
2.82672036 0.9825
2.82344862 0.9874
2.81338190 0.9855
2.79830632 0.9822
2.78900311 0.9738
2.79356418 0.9683
2.80434119 0.9660
2.80580606 0.9735
2.79419449 0.9891
2.77659472 1.0049
2.76098831 1.0040
2.75333662 0.9932
2.75392348 0.9866
2.76084950 0.9938
2.77128039 1.0046
2.77838786 1.0146
2.77813802 1.0130
2.76844055 1.0010
2.76188248 0.9883
2.76285268 0.9796
2.76523317 0.9630
2.76903075 0.9418
2.77843771 0.9333
2.80055416 0.9424
2.82737510 0.9661
2.84079024 0.9867
2.83129191 0.9947
2.81756065 0.9914
2.81275570 0.9822
2.80839227 0.9767
2.79328498 0.9673
2.77249581 0.9609
2.75301925 0.9551
2.74430120 0.9600
2.74025179 0.9755
2.73741550 0.9921
2.73337721 1.0031
2.73750511 1.0036
2.74719807 0.9909
2.76182748 0.9681
2.77854565 0.9444
2.79542132 0.9323
2.81450279 0.9360
2.83552219 0.9531
2.85113880 0.9717
2.85508920 0.9787
2.84906503 0.9779
2.84060049 0.9734
2.83985276 0.9701
2.84411762 0.9660
2.85168740 0.9595
2.85703805 0.9570
2.85375284 0.9677
2.84390288 0.9936
2.83498273 1.0257
2.82860789 1.0501
2.82154598 1.0562
2.80994954 1.0464
2.79693856 1.0288
2.78833735 1.0097
2.78141304 0.9888
2.77006961 0.9758
2.76053276 0.9790
2.76094063 1.0011
2.77448185 1.0371
2.77872531 1.0695
2.77331343 1.0813
2.76551211 1.0760
2.76371237 1.0586
2.76818609 1.0349
2.77429299 1.0101
2.77258323 0.9886
2.76602634 0.9817
2.76455271 0.9926
2.76477583 1.0126
2.76000431 1.0372
2.75484542 1.0546
2.75665099 1.0597
2.76480078 1.0519
2.77323194 1.0364
2.77894102 1.0204
2.77861120 1.0029
2.77564622 0.9946
2.76406477 0.9996
2.73941771 1.0228
2.70233383 1.0575
2.67725101 1.0839
2.68057232 1.0867
2.71430583 1.0765
2.75786111 1.0599
2.79586829 1.0518
2.81265094 1.0525
2.80684028 1.0608
2.78742169 1.0754
2.77118002 1.0883
2.76110401 1.0959
2.74688163 1.0983
2.72928762 1.0936
2.72442081 1.0744
2.73781419 1.0406
2.76392061 1.0036
2.79191320 0.9842
2.80862755 0.9867
2.80727482 0.9993
2.78863618 1.0121
2.75537732 1.0211
2.72058988 1.0233
2.69954938 1.0222
2.69765486 1.0123
2.71016998 0.9915
2.72446043 0.9640
2.73664853 0.9454
2.74512118 0.9424
2.75816323 0.9617
2.77027041 0.9965
2.76793801 1.0276
2.75345536 1.0442
2.73501715 1.0446
2.71815860 1.0230
2.70338201 0.9869
2.68720115 0.9513
2.67915650 0.9264
2.68611549 0.9233
2.70777176 0.9469
2.73371416 0.9843
2.75316023 1.0151
2.76286903 1.0312
2.75996141 1.0306
2.74787035 1.0080
2.72803090 0.9644
2.70504378 0.9094
2.68910562 0.8595
2.67724916 0.8351
2.66621348 0.8436
2.65908770 0.8702
2.66687543 0.9083
2.68178891 0.9391
2.69711808 0.9662
2.71500730 0.9804
2.74027549 0.9810
2.76403622 0.9724
2.76948492 0.9596
2.76093996 0.9503
2.73894990 0.9425
2.72479909 0.9400
2.71593477 0.9367
2.71269129 0.9332
2.71543514 0.9301
2.73078068 0.9322
2.75464855 0.9405
2.76548774 0.9516
2.75408479 0.9659
2.72519555 0.9808
2.69672074 0.9966
2.67698587 1.0101
2.66399617 1.0095
2.65789966 0.9972
2.66112798 0.9740
2.68063524 0.9539
2.71242273 0.9444
2.73987028 0.9429
2.75198078 0.9497
2.75310105 0.9700
2.75205161 0.9992
2.75155836 1.0277
2.74907825 1.0396
2.74133324 1.0277
2.72939847 0.9925
2.71878296 0.9446
2.72250753 0.8984
2.73655328 0.8597
