2.85816520 0.8266
2.84830373 0.8195
2.84595707 0.8109
2.84425100 0.7949
2.83590851 0.7821
2.81834835 0.7770
2.80629600 0.7793
2.80599183 0.7768
2.80564738 0.7696
2.79762805 0.7608
2.78170348 0.7511
2.76832676 0.7456
2.76704165 0.7449
2.78070526 0.7485
2.79515775 0.7493
2.79629476 0.7536
2.78889933 0.7643
2.77616712 0.7802
2.76602687 0.8004
2.76343233 0.8233
2.76485626 0.8492
2.77180882 0.8739
2.78405165 0.8954
2.79633987 0.9082
2.80211534 0.9139
2.79873972 0.9127
2.78395871 0.9110
2.75751778 0.9063
2.73239086 0.9065
2.71774278 0.9088
2.71966899 0.9131
2.72648043 0.9189
2.73349324 0.9224
2.74126613 0.9178
2.75355587 0.9091
2.76563339 0.8943
2.77291182 0.8777
2.77238851 0.8616
2.75950571 0.8511
2.74217513 0.8449
2.72294757 0.8305
2.69945656 0.8071
2.67193235 0.7955
2.65566160 0.8068
2.66268143 0.8484
2.68136167 0.8899
2.69247622 0.9089
2.68978591 0.8970
2.67634600 0.8736
2.66457776 0.8545
2.66007050 0.8323
2.66067813 0.7924
2.65668659 0.7407
2.65065922 0.7053
2.65949160 0.7111
2.69396478 0.7615
2.74413666 0.8286
2.79119423 0.8740
2.82365374 0.8811
2.83695826 0.8647
2.82808858 0.8503
2.80753022 0.8414
2.77932842 0.8243
2.75663481 0.8006
2.74217366 0.7838
2.75350393 0.7885
2.78883419 0.8168
2.83327681 0.8508
2.86813435 0.8725
2.88083919 0.8754
2.86941984 0.8731
2.84132275 0.8757
2.80915935 0.8767
2.78641382 0.8623
2.76296622 0.8359
2.74154044 0.8190
2.73911273 0.8226
2.76244666 0.8354
2.80238390 0.8403
2.84491880 0.8298
2.87870478 0.8137
2.89596575 0.8017
2.89197505 0.7877
2.87414735 0.7554
2.84618046 0.7114
2.81499402 0.6788
2.79862766 0.6797
2.80350504 0.7094
2.82542499 0.7407
2.84878250 0.7580
2.85682628 0.7630
2.85232099 0.7745
2.83763983 0.7849
2.82052673 0.7812
2.80066421 0.7619
2.78393886 0.7481
2.77585001 0.7577
2.77963762 0.7926
2.79845655 0.8321
2.82588004 0.8619
2.84577187 0.8801
2.84237762 0.8925
2.81651171 0.8994
2.77912688 0.8924
2.74780201 0.8708
2.72925957 0.8407
2.72033928 0.8192
2.71619933 0.8107
2.72295008 0.8115
2.74491216 0.8146
2.77537700 0.8154
2.79971654 0.8205
2.80384377 0.8324
2.77927821 0.8390
2.74068501 0.8326
2.70428078 0.8228
2.68399925 0.8201
2.67078642 0.8275
2.66340759 0.8304
2.66179161 0.8238
2.67487310 0.8103
2.70059286 0.8056
2.72543708 0.8143
2.73839689 0.8238
2.74257197 0.8217
2.74299258 0.8103
2.74431956 0.8048
2.74699989 0.8126
2.75152840 0.8292
2.75278326 0.8364
2.75624909 0.8259
2.77230032 0.8136
2.79699114 0.8107
2.81199991 0.8162
2.81563621 0.8183
2.80710239 0.8130
2.80195952 0.8076
2.80709516 0.8100
2.82064952 0.8292
2.83242040 0.8525
2.83536220 0.8645
2.83641046 0.8633
2.84563346 0.8582
2.87095164 0.8552
2.89291101 0.8476
2.90594418 0.8341
2.90308746 0.8131
2.88971088 0.7949
2.87419575 0.7827
2.85585669 0.7728
2.83969896 0.7614
2.82521722 0.7548
2.82051899 0.7586
2.82818195 0.7684
2.84842537 0.7775
2.86634662 0.7812
2.87590433 0.7895
2.87582139 0.8034
2.87014811 0.8178
2.87107392 0.8270
2.87030434 0.8249
2.86783733 0.8203
2.86546169 0.8266
2.86826813 0.8420
2.87480125 0.8452
2.87506308 0.8303
2.86425301 0.8117
2.84437406 0.7951
2.83327738 0.7856
2.83953795 0.7826
2.86501508 0.7829
2.88855452 0.7818
2.89933753 0.7802
2.89595513 0.7872
2.89067007 0.7974
2.88234765 0.8059
2.86183726 0.8121
2.82350257 0.8169
2.77842012 0.8134
2.75118669 0.8036
2.75722510 0.7998
2.77978475 0.8040
2.79385704 0.8142
2.79505646 0.8222
2.78955430 0.8222
2.78957549 0.8206
2.78758606 0.8204
2.77218780 0.8222
2.74847166 0.8176
2.73530386 0.8042
2.74807609 0.7894
2.78537389 0.7891
2.82940642 0.7907
2.85881840 0.7904
2.87355052 0.7938
2.87898384 0.8043
2.88110883 0.8248
2.86037347 0.8481
2.82131152 0.8661
2.77210602 0.8647
2.73486543 0.8448
2.71631111 0.8229
2.70438719 0.8162
2.69865597 0.8207
2.69308143 0.8188
2.69449076 0.8102
2.70302475 0.8098
2.72164881 0.8210
2.74290688 0.8358
2.75467847 0.8364
2.75829259 0.8154
2.76712644 0.7848
2.78146521 0.7701
2.79505469 0.7805
2.79435538 0.8038
2.78182116 0.8147
2.77070802 0.8124
2.76550911 0.8111
2.76319112 0.8253
2.75058461 0.8415
2.73770949 0.8519
2.73605304 0.8521
2.75410570 0.8538
2.78034744 0.8662
2.79988820 0.8863
2.80222624 0.8998
2.79655230 0.8935
2.79207060 0.8757
2.79312098 0.8579
2.79385859 0.8422
2.79189093 0.8244
2.79531254 0.8107
2.81282590 0.8097
2.82654774 0.8173
2.82804835 0.8288
2.81461047 0.8330
2.80489308 0.8354
2.80855610 0.8360
2.81509428 0.8397
2.81846538 0.8406
2.81668578 0.8342
2.81423308 0.8256
2.81558159 0.8187
2.81819529 0.8195
2.82071678 0.8278
2.81986305 0.8389
2.81424393 0.8421
2.81481732 0.8438
2.81637062 0.8439
2.81146521 0.8385
2.79976741 0.8333
2.79112532 0.8312
2.79965486 0.8353
2.82171499 0.8454
2.84427198 0.8556
2.86391171 0.8600
2.88105766 0.8580
2.90271084 0.8563
2.92195866 0.8582
2.92444615 0.8590
2.90623316 0.8571
2.87082316 0.8541
2.84248602 0.8567
2.82857669 0.8643
2.81984235 0.8721
2.81310212 0.8689
2.80180327 0.8547
2.79438925 0.8386
2.79386462 0.8297
2.78874961 0.8207
2.77203475 0.8118
2.75591735 0.8078
2.75338412 0.8157
2.77119738 0.8359
2.79839916 0.8647
2.81982708 0.8924
2.82949586 0.9088
2.83396665 0.9121
2.83716133 0.9109
2.83399148 0.9116
2.82151293 0.9080
2.80543276 0.9025
2.79397631 0.8962
2.79235399 0.8951
2.79403697 0.9026
2.79033135 0.9050
2.78366249 0.8985
2.77847974 0.8845
2.78290342 0.8800
2.78736654 0.8867
2.77986976 0.8921
2.76001904 0.8858
2.73782208 0.8727
2.72319203 0.8661
2.72783477 0.8736
2.74440152 0.8915
2.76501058 0.9081
2.78480709 0.9166
2.80964019 0.9196
2.83682168 0.9240
2.85259025 0.9264
2.84938053 0.9265
2.82996510 0.9234
2.80830416 0.9187
2.79448187 0.9158
2.79278554 0.9174
2.79753355 0.9178
2.79962703 0.9140
2.79922705 0.9049
2.79574563 0.8955
2.78298513 0.8907
2.75821215 0.8939
2.73651146 0.9010
2.72457025 0.8994
2.72705144 0.8918
2.73712130 0.8859
2.74851559 0.8832
2.75897902 0.8759
2.77174370 0.8632
2.78609724 0.8455
2.79748607 0.8293
2.80076136 0.8201
2.79490433 0.8165
2.78074337 0.8092
2.76293671 0.7951
2.74985246 0.7819
2.73884485 0.7787
2.73041026 0.7758
2.73042616 0.7721
2.73559987 0.7651
2.74732050 0.7661
2.75507285 0.7820
2.75094710 0.8036
2.73112034 0.8166
2.70238007 0.8103
2.68510872 0.8018
2.68641210 0.7982
2.70666357 0.8117
2.74025066 0.8286
2.77767338 0.8424
2.80421997 0.8522
2.80682307 0.8625
2.78915575 0.8788
2.76340550 0.8908
2.74192784 0.8888
2.73788460 0.8741
2.74671241 0.8552
2.75855557 0.8421
2.76926398 0.8338
2.78104119 0.8191
2.80367826 0.8033
2.82345954 0.7965
2.83105274 0.8145
2.83072866 0.8549
2.83010961 0.9017
2.82665701 0.9270
2.82333251 0.9367
2.81331663 0.9341
2.80379329 0.9227
2.79544832 0.8946
2.79782746 0.8525
2.80318303 0.8118
2.79586024 0.7893
2.76072905 0.7809
2.70504770 0.7804
2.65592953 0.7883
2.63492345 0.8001
2.64149750 0.8196
2.66207955 0.8446
2.68741659 0.8644
2.71348426 0.8717
2.72911932 0.8571
2.73378484 0.8363
2.71916593 0.8165
2.69101201 0.8029
2.65787714 0.7928
2.63823909 0.7822
2.63706640 0.7819
2.64891210 0.7947
2.66953251 0.8250
2.69065698 0.8606
2.70608326 0.8838
2.71411605 0.8913
2.71309123 0.8903
2.70057226 0.8815
2.67733759 0.8616
2.64911693 0.8242
2.63685410 0.7841
2.65214753 0.7598
2.69891138 0.7691
2.75160276 0.8069
2.79002913 0.8519
2.81056640 0.8883
2.81218513 0.9199
2.79864493 0.9481
2.77574349 0.9689
2.74545448 0.9726
2.71726930 0.9527
2.69897711 0.9109
2.69112717 0.8583
2.69453375 0.8104
2.70234608 0.7857
2.69326426 0.7739
2.67553038 0.7719
2.66431218 0.7849
2.66649006 0.8111
2.67365704 0.8341
2.68465085 0.8493
2.69776424 0.8522
2.72025265 0.8484
2.74592201 0.8393
2.76735542 0.8243
2.78079345 0.8180
2.78031995 0.8135
2.76971543 0.8147
2.75493572 0.8246
2.73745261 0.8354
2.72154123 0.8476
2.71181603 0.8538
2.71896563 0.8665
2.73319731 0.8770
2.74816880 0.8842
2.74951293 0.8788
2.74452171 0.8675
2.73541672 0.8556
2.72960302 0.8464
2.72197215 0.8310
2.72122309 0.8106
2.73305157 0.7905
2.76329130 0.7804
2.80430793 0.7763
2.84329185 0.7847
2.85506856 0.7942
2.83923024 0.8062
2.81602948 0.8277
2.79253944 0.8460
2.77658924 0.8565
2.76652550 0.8555
2.75694121 0.8432
2.74932198 0.8258
2.75247272 0.8106
2.76851591 0.7965
2.78402406 0.7804
2.78633601 0.7665
2.77649288 0.7637
2.76206354 0.7718
2.73947746 0.7810
2.70700492 0.7871
2.67814050 0.7919
2.66544349 0.7966
2.67083227 0.8027
2.68513854 0.8084
2.70019684 0.8122
2.70886315 0.8153
2.71178463 0.8147
2.71591305 0.8182
2.72794100 0.8263
2.74175219 0.8339
2.75029812 0.8415
2.75513553 0.8527
2.75825479 0.8692
2.76332198 0.8873
2.76965284 0.9008
2.76999965 0.8981
2.76240426 0.8798
2.74700850 0.8599
2.72999533 0.8429
2.71066315 0.8177
2.69313038 0.7818
2.68464692 0.7513
2.69135587 0.7350
2.70915422 0.7418
2.72977177 0.7650
2.74707033 0.7934
2.76404092 0.8155
2.78906993 0.8297
2.82062183 0.8359
2.84451845 0.8402
2.85880088 0.8384
2.86787266 0.8283
2.86886078 0.8124
2.85850675 0.7927
2.82878925 0.7770
2.78355280 0.7632
2.72867249 0.7565
2.68448442 0.7553
2.67289932 0.7642
2.68812559 0.7835
2.71692265 0.8095
2.74707854 0.8272
2.77902255 0.8320
2.81364642 0.8245
2.83904750 0.8114
2.84573015 0.7989
2.83125820 0.7826
2.80775648 0.7603
2.79547394 0.7448
2.79712268 0.7414
2.79584609 0.7482
2.78259857 0.7565
2.76563854 0.7645
2.75736703 0.7751
2.75691918 0.7874
2.75491293 0.7933
2.74529982 0.7970
2.73174771 0.7887
2.72414819 0.7749
2.73243544 0.7611
2.74406393 0.7537
2.74911175 0.7498
2.74012402 0.7464
2.73339464 0.7481
2.73885851 0.7632
2.75044949 0.7878
2.75593594 0.8090
2.74787914 0.8176
2.72950763 0.8130
2.71204246 0.7992
2.69604100 0.7822
2.68080247 0.7710
2.66834855 0.7694
2.65827357 0.7733
2.66290001 0.7834
2.68044486 0.7974
2.70929007 0.8158
2.73689698 0.8313
2.75666099 0.8357
2.77698046 0.8296
2.79449519 0.8137
2.79307089 0.7941
2.76897052 0.7753
2.73422134 0.7608
2.70160172 0.7498
2.68741065 0.7475
2.69059497 0.7489
2.70845913 0.7570
2.73252486 0.7708
2.76172298 0.7933
2.78977096 0.8165
2.81172981 0.8271
2.81720945 0.8298
2.80597278 0.8323
2.78651020 0.8333
2.77033024 0.8318
2.76389053 0.8283
2.76885178 0.8256
2.77192703 0.8250
2.77362757 0.8245
2.76347598 0.8242
2.74203054 0.8255
2.72133095 0.8282
2.70082383 0.8304
2.68174467 0.8323
2.66792654 0.8357
2.65830477 0.8388
2.65209507 0.8380
2.64550470 0.8284
2.65021828 0.8140
2.66805327 0.7964
2.69921638 0.7829
2.73148227 0.7737
2.75712484 0.7705
2.77547909 0.7725
2.78123317 0.7762
2.76756371 0.7824
2.74151781 0.7921
2.70788396 0.7942
2.68022029 0.7901
2.66524561 0.7831
2.66185523 0.7809
2.67208135 0.7885
2.68702499 0.7976
2.69958854 0.8011
2.70019101 0.7908
2.68627708 0.7671
2.66234262 0.7400
2.63998999 0.7220
2.62194172 0.7072
2.61041291 0.6938
2.61245067 0.6926
2.62268434 0.7075
2.63849557 0.7347
2.66178524 0.7640
2.69195493 0.7889
2.72112467 0.8062
2.74017114 0.8165
2.74136529 0.8114
2.73985531 0.7937
2.73565969 0.7642
2.72772359 0.7356
2.71639272 0.7199
2.70962504 0.7253
2.70748327 0.7374
2.71658941 0.7481
2.72979997 0.7572
2.73277323 0.7656
2.71703098 0.7706
2.69093645 0.7686
2.67597814 0.7606
2.69133296 0.7570
2.72314207 0.7693
2.74841733 0.7941
2.76417716 0.8260
2.77603621 0.8482
2.78668362 0.8541
2.78969487 0.8515
2.78042710 0.8447
2.75832122 0.8342
2.72296358 0.8156
2.69055792 0.8028
2.67616249 0.8070
2.68092322 0.8345
2.69317775 0.8702
2.70627942 0.8861
2.72256440 0.8778
2.73488071 0.8611
2.73713311 0.8511
2.72780747 0.8501
2.70969221 0.8452
2.68860199 0.8240
2.67944994 0.7994
2.69088679 0.7955
2.71852843 0.8196
2.74753341 0.8577
2.77604091 0.8899
2.79692923 0.8984
2.80387937 0.8891
2.79416191 0.8761
2.77866533 0.8605
2.76227388 0.8408
2.74860858 0.8194
2.73120060 0.8011
2.70186833 0.7951
2.67152201 0.8059
2.65334119 0.8243
2.65960097 0.8473
2.68168584 0.8710
2.71133858 0.8959
2.72910489 0.9112
2.74013090 0.9183
2.73835410 0.9198
2.72299124 0.9162
2.69916634 0.9062
2.67678590 0.8959
2.66591743 0.8840
2.67293179 0.8709
2.69263621 0.8607
2.71740879 0.8654
2.73869402 0.8817
2.74663333 0.8957
2.74268428 0.8992
2.73185260 0.8932
2.71276502 0.8792
2.69338462 0.8650
2.67406831 0.8498
2.65644245 0.8309
2.64401098 0.8102
2.63976746 0.7948
2.64447273 0.7863
2.65323664 0.7865
2.66454167 0.7948
2.67591426 0.8091
2.68378472 0.8302
2.68656585 0.8524
2.69295174 0.8757
2.70361293 0.8928
2.71536999 0.8951
2.72237856 0.8812
2.73059259 0.8560
2.73816964 0.8187
2.74727059 0.7810
2.75205226 0.7489
2.74973434 0.7296
2.73794756 0.7251
2.72723883 0.7275
2.72129467 0.7286
2.72387954 0.7359
2.73171891 0.7511
2.73249160 0.7667
2.72638631 0.7751
2.71949695 0.7731
2.71367094 0.7630
2.70693661 0.7590
2.69800470 0.7621
2.69273906 0.7689
2.70320126 0.7778
2.72928759 0.7873
2.76742604 0.8058
2.80406243 0.8266
2.82511542 0.8423
2.82907399 0.8499
2.82666871 0.8537
2.82390602 0.8539
2.82019043 0.8533
2.80804749 0.8493
2.79290696 0.8397
2.78133325 0.8305
2.77448207 0.8244
2.77322127 0.8243
2.76228369 0.8239
2.73415449 0.8157
2.69880237 0.8046
2.67173541 0.8123
2.67203829 0.8410
2.69461891 0.8799
2.72341629 0.9083
2.74184270 0.9179
2.74772894 0.9160
2.75558423 0.9111
2.76546691 0.9046
2.76957663 0.8860
2.75800731 0.8602
2.73603268 0.8447
2.70769920 0.8431
2.68467067 0.8468
2.67216783 0.8515
2.66676762 0.8535
2.66577064 0.8616
2.66670371 0.8813
2.66790119 0.9018
2.67207061 0.9070
2.67611344 0.8968
2.68014382 0.8835
2.67833144 0.8744
2.67853656 0.8682
2.69123633 0.8620
2.71707456 0.8579
2.74514117 0.8670
2.76435740 0.8900
2.76935634 0.9255
2.75999837 0.9556
2.74237842 0.9650
2.72370580 0.9554
2.70006129 0.9367
2.67034838 0.9172
2.64528853 0.8930
2.63559666 0.8615
2.64772118 0.8317
2.67652657 0.8159
2.71806265 0.8255
2.76480362 0.8546
2.80598439 0.8838
2.83789801 0.9069
2.85702264 0.9231
2.86018960 0.9269
2.84533103 0.9152
2.82006404 0.8907
2.80243998 0.8658
2.79523353 0.8571
2.79215769 0.8667
2.78255057 0.8815
2.76899442 0.8958
2.76224780 0.9052
2.76498396 0.9071
2.77130101 0.8983
2.77614311 0.8766
2.77927799 0.8473
2.78249092 0.8211
2.79932009 0.8139
2.81874520 0.8262
2.83252141 0.8544
2.83604959 0.8848
2.83499656 0.9102
2.83639030 0.9247
2.83500265 0.9210
2.83255563 0.9034
2.82096141 0.8799
2.80329947 0.8500
2.78800872 0.8216
2.78416377 0.8140
2.78364903 0.8248
2.78487624 0.8458
2.78464647 0.8695
2.79356333 0.8944
2.80501938 0.9065
2.81239854 0.8889
2.81310628 0.8578
2.80827309 0.8361
2.80173306 0.8390
2.79283312 0.8545
2.77099491 0.8696
2.73582087 0.8793
2.69831818 0.8939
2.67896132 0.9225
2.67533567 0.9499
2.68432222 0.9604
2.70218000 0.9482
2.72175479 0.9301
2.73496714 0.9259
2.74304489 0.9320
2.74598606 0.9330
2.73823673 0.9216
2.71794461 0.9060
2.69504902 0.9017
2.68059261 0.9155
2.67921761 0.9300
2.68281065 0.9307
2.68407618 0.9192
2.68687456 0.9114
2.69747581 0.9187
2.70975507 0.9298
2.71952827 0.9305
2.72181823 0.9200
2.71891701 0.9140
2.71859280 0.9140
2.72692411 0.9070
2.74146735 0.8825
2.76308779 0.8548
2.78001016 0.8462
2.79426020 0.8604
2.80242056 0.8888
2.79639204 0.9093
2.77297750 0.9077
2.73766642 0.8917
2.70395946 0.8779
2.67732144 0.8633
2.65746392 0.8406
2.64538019 0.8109
2.64017485 0.7903
2.64398390 0.7886
2.66388020 0.8105
2.69937343 0.8460
2.73921769 0.8817
2.77833837 0.9030
2.80943593 0.9136
2.83086515 0.9184
2.83801786 0.9169
2.83970850 0.9016
2.84101678 0.8843
2.84356411 0.8709
2.83937955 0.8613
2.82716576 0.8563
2.81065959 0.8573
2.80227016 0.8756
2.80617703 0.9038
2.82075762 0.9316
2.83591273 0.9437
2.84777916 0.9327
2.85258933 0.9093
2.84709617 0.8906
2.83054744 0.8831
2.81154034 0.8793
2.79518597 0.8744
2.78875306 0.8739
2.79677940 0.8862
2.81527201 0.9049
2.83615618 0.9173
2.84763611 0.9247
2.85835158 0.9344
2.86480956 0.9459
2.86402218 0.9494
2.85174983 0.9451
2.82942920 0.9301
2.80473748 0.9159
2.78651498 0.9047
2.78010440 0.9024
2.77532550 0.8979
2.76514638 0.8921
2.75461989 0.8927
2.75176150 0.9036
2.75981245 0.9246
2.77324630 0.9489
2.78408839 0.9728
2.78879973 0.9890
2.79289485 0.9994
2.79887227 1.0040
2.80469663 0.9970
2.80683428 0.9823
2.80265269 0.9685
2.79141037 0.9538
2.77695911 0.9385
2.76370416 0.9298
2.75542468 0.9307
2.75256445 0.9438
2.75820158 0.9618
2.76643617 0.9799
2.76899431 0.9889
2.76401510 0.9879
2.75023398 0.9848
2.73500556 0.9803
2.72298924 0.9713
2.72484548 0.9560
2.73402217 0.9395
2.74467128 0.9339
2.75314194 0.9418
2.75455188 0.9490
2.74845054 0.9456
2.73175420 0.9332
2.70780361 0.9209
2.68530059 0.9179
2.66504634 0.9175
2.65210261 0.9156
2.65309879 0.9078
2.67114971 0.8981
2.70094780 0.8969
2.74116826 0.9148
2.79117878 0.9450
2.82685606 0.9581
2.83466614 0.9451
2.82693440 0.9407
2.81910097 0.9626
2.81213893 0.9896
2.80580530 1.0046
2.80083122 0.9973
2.80273108 0.9841
2.80813036 0.9776
2.81442783 0.9740
2.81831690 0.9628
2.81350317 0.9420
2.80012535 0.9254
2.78373400 0.9250
2.77623733 0.9344
2.77913923 0.9366
2.79850840 0.9284
2.82833118 0.9225
2.85230504 0.9295
2.87131724 0.9416
2.87990091 0.9401
2.87940683 0.9236
2.87116440 0.9117
2.85770125 0.9149
2.84402789 0.9252
2.83066650 0.9300
2.81961983 0.9178
2.81309508 0.8952
2.80830186 0.8792
2.80689634 0.8813
2.80491185 0.8886
2.79805743 0.8911
2.78519409 0.9002
2.76824258 0.9243
2.76531582 0.9552
2.77683361 0.9768
2.79455108 0.9726
2.81865308 0.9570
2.83690762 0.9428
2.84471400 0.9380
2.84592659 0.9309
2.84473675 0.9209
2.83725141 0.9169
2.81407593 0.9203
2.78303314 0.9349
2.76188811 0.9569
2.75598274 0.9680
2.76174868 0.9612
2.77025172 0.9422
2.77440011 0.9283
2.77608660 0.9216
2.78463237 0.9184
2.79757671 0.9187
2.79516097 0.9168
2.77273563 0.9163
2.74548227 0.9219
2.73471500 0.9284
2.74014341 0.9299
2.75714044 0.9265
2.77858962 0.9202
2.79239380 0.9165
2.79748075 0.9082
2.79969776 0.8943
2.79644323 0.8758
2.77288287 0.8479
2.73635277 0.8185
2.71053984 0.7951
2.70736492 0.7868
2.72248430 0.7963
2.73563642 0.8135
2.74286531 0.8332
2.75248660 0.8612
2.75929832 0.8963
2.76308730 0.9378
2.76294497 0.9760
2.76366759 1.0065
2.77302201 1.0233
2.79385951 1.0191
2.81903144 1.0045
2.83486539 0.9916
2.83985174 0.9876
2.83341085 0.9859
2.82550212 0.9855
2.81944512 0.9944
2.80881769 1.0118
2.79050147 1.0256
2.77120677 1.0239
2.76695356 1.0073
2.77517621 0.9894
2.78471459 0.9782
2.79418498 0.9726
2.80239284 0.9666
2.80816842 0.9565
2.80570712 0.9492
2.79967592 0.9538
2.79216667 0.9663
2.78473215 0.9776
2.77646908 0.9729
2.77995564 0.9647
2.79004012 0.9710
2.79551270 0.9903
2.78728764 0.9974
2.77332822 0.9855
2.76394016 0.9695
2.76718704 0.9651
2.77628482 0.9636
2.78971718 0.9539
2.80573937 0.9312
2.82664344 0.9081
2.84189000 0.9011
2.84731562 0.9158
2.84166166 0.9352
2.82675851 0.9438
2.80529289 0.9441
2.77617175 0.9453
2.74443770 0.9535
2.71555391 0.9552
2.69583333 0.9355
2.70033785 0.9081
2.72844938 0.8943
2.76593666 0.9057
2.79025717 0.9268
2.79557573 0.9392
2.79128241 0.9431
2.78547313 0.9515
2.78017049 0.9731
2.77485078 0.9952
2.77040191 0.9953
2.77306349 0.9727
2.78606668 0.9487
2.81175553 0.9426
2.83134211 0.9494
2.82760550 0.9426
2.81201246 0.9194
2.79734484 0.8994
2.79136149 0.8994
2.78622512 0.9118
2.77763581 0.9142
2.76630805 0.9020
2.76763433 0.8950
2.78936006 0.9092
2.82719339 0.9482
2.86192067 0.9924
2.87934147 1.0189
2.87979042 1.0237
2.87960041 1.0186
2.87370763 1.0046
2.86522170 0.9781
2.85096602 0.9333
2.84127513 0.8940
2.84203438 0.8794
2.84670396 0.8920
2.84140087 0.9133
2.82687458 0.9193
2.81064135 0.9119
2.80121877 0.9085
2.79525455 0.9083
2.78859542 0.9004
2.78012492 0.8790
2.77372739 0.8476
2.76705172 0.8198
2.75851500 0.8117
2.74791336 0.8211
2.74494155 0.8451
2.75606997 0.8721
2.76933149 0.8919
2.77215964 0.9020
2.76198222 0.9005
2.74932836 0.8864
2.74620315 0.8620
2.75650552 0.8412
2.77252661 0.8281
2.78608809 0.8227
2.79810904 0.8195
2.80805563 0.8160
2.81188960 0.8122
2.81352725 0.8152
2.80657514 0.8219
2.79308868 0.8236
2.77581537 0.8212
2.76540778 0.8280
2.77292618 0.8518
2.78682447 0.8791
2.80060064 0.8950
2.81951301 0.8920
2.84276211 0.8766
2.85905376 0.8685
2.86329858 0.8723
2.85256548 0.8791
2.82454638 0.8780
2.78601183 0.8672
2.75086429 0.8590
2.72625726 0.8558
2.71412589 0.8598
2.71554520 0.8627
2.72589225 0.8578
2.74244171 0.8512
2.76214869 0.8512
2.77936014 0.8568
2.78136742 0.8508
2.76652604 0.8264
2.75281710 0.7977
2.74974330 0.7790
2.76273771 0.7775
2.77612417 0.7901
2.78151507 0.7949
2.77580360 0.7892
2.76512477 0.7847
2.75282611 0.7933
2.74704735 0.8117
2.74442389 0.8181
2.73507258 0.8141
2.72261158 0.8111
2.71437089 0.8191
2.72179048 0.8336
2.74278361 0.8345
2.76486881 0.8199
2.78452464 0.8046
2.80167115 0.8041
2.81284407 0.8087
2.81704715 0.8121
2.80932960 0.8165
2.79365909 0.8378
2.78170383 0.8754
2.77875418 0.9149
2.79188502 0.9396
2.80481861 0.9367
2.80989195 0.9164
2.80823416 0.9024
2.80306189 0.8998
2.79239777 0.8932
2.76905011 0.8771
2.74393619 0.8723
2.72459007 0.8899
2.72315486 0.9196
2.74072538 0.9364
2.77059571 0.9307
2.80272865 0.9165
2.83255126 0.9140
2.85463970 0.9242
2.85976588 0.9259
2.84531661 0.9052
2.81093923 0.8789
2.77113844 0.8687
2.74451793 0.8747
2.74601620 0.8853
2.77017237 0.8909
2.80038347 0.8972
2.82487488 0.9138
2.84332401 0.9407
2.85227279 0.9628
2.84845388 0.9671
2.82417060 0.9613
2.78825308 0.9582
2.75224068 0.9594
2.73386855 0.9574
2.73577485 0.9334
2.74939490 0.8968
2.76423581 0.8681
2.78329184 0.8685
2.80213951 0.8874
2.81296145 0.9029
2.80510571 0.9054
2.78091613 0.9117
2.75196925 0.9265
2.73535462 0.9335
2.73895011 0.9141
2.76075127 0.8750
2.78717948 0.8378
2.80851219 0.8248
2.81840580 0.8360
2.82124242 0.8585
2.82180809 0.8767
2.80866218 0.8905
2.78435423 0.9059
2.76003587 0.9150
2.75061352 0.9008
2.75814823 0.8683
2.77818615 0.8327
2.80525597 0.8249
2.82658018 0.8423
2.83246218 0.8579
2.82993765 0.8578
2.82656590 0.8505
2.82261779 0.8516
2.81940609 0.8697
2.82292194 0.8857
2.83083840 0.8815
2.83881515 0.8580
2.84469527 0.8394
2.84184947 0.8411
2.82339566 0.8528
2.79676377 0.8607
2.76349268 0.8588
2.73560740 0.8565
2.72273365 0.8635
2.72054755 0.8704
2.72211970 0.8668
2.72633975 0.8496
2.72922241 0.8323
2.72675674 0.8252
2.71430572 0.8301
2.69313775 0.8416
2.67756983 0.8614
2.67866108 0.8879
2.69120998 0.9159
2.71415867 0.9366
2.74289164 0.9375
2.76386432 0.9186
2.77759580 0.8916
2.78962840 0.8733
2.79369287 0.8694
2.77685368 0.8719
2.73999464 0.8726
2.70125687 0.8778
2.67556592 0.8877
2.66851991 0.8980
2.68644574 0.9027
2.72001414 0.9001
2.75654217 0.8964
2.78276560 0.8962
2.79615938 0.8996
2.78213851 0.8918
2.74705309 0.8757
2.70423493 0.8634
2.66853764 0.8602
2.65025597 0.8572
2.65513635 0.8594
2.67768254 0.8710
2.70614392 0.8900
2.72999561 0.9067
2.74657469 0.9159
2.75146519 0.9125
2.74215904 0.8978
2.72638109 0.8872
2.71144884 0.8891
2.70213035 0.8985
2.69419603 0.8996
2.69671284 0.8888
2.71198795 0.8803
2.72990558 0.8840
2.74223957 0.8978
2.75218591 0.9167
2.75849916 0.9290
2.76254264 0.9420
2.76300145 0.9554
2.76139235 0.9638
2.75447714 0.9540
2.74625971 0.9214
2.74710554 0.8733
2.76072700 0.8347
2.78444114 0.8183
2.80999396 0.8200
2.83239845 0.8285
2.85429621 0.8360
2.87828203 0.8517
2.89068675 0.8704
2.88209656 0.8814
2.86411571 0.8760
2.84539790 0.8574
2.82912866 0.8372
2.81275811 0.8284
2.78732095 0.8270
2.75922926 0.8279
2.73706092 0.8250
2.73313487 0.8249
2.74719420 0.8279
2.76259413 0.8340
2.77081914 0.8456
2.77133905 0.8578
2.76983805 0.8762
2.76451945 0.9064
2.75711555 0.9461
2.74748547 0.9764
2.74111687 0.9875
2.74813401 0.9845
2.77120073 0.9820
2.80251998 0.9807
2.82383184 0.9710
2.83001483 0.9527
2.82258904 0.9344
2.80815499 0.9331
2.79402779 0.9542
2.77615544 0.9766
2.75636638 0.9857
2.74199065 0.9841
2.73691947 0.9920
2.74227917 1.0061
2.75149257 1.0117
2.75570654 0.9928
2.75039742 0.9569
2.74703659 0.9369
2.74930787 0.9428
2.75430654 0.9673
2.75367958 0.9833
2.75035796 0.9850
2.74956736 0.9818
2.75194131 0.9820
2.74764729 0.9797
2.74122330 0.9677
2.73934316 0.9544
2.73785920 0.9496
2.73868088 0.9633
2.74318542 0.9883
2.75436970 1.0080
2.76961296 1.0166
2.78295886 1.0155
2.79359442 1.0186
2.79361432 1.0194
2.78488319 1.0130
2.77476141 1.0040
2.76500230 0.9976
2.75827113 1.0048
2.75266105 1.0125
2.74852894 1.0088
2.74865153 0.9848
2.75904650 0.9558
2.78191576 0.9424
2.81005836 0.9489
2.83198163 0.9572
2.83880525 0.9572
2.84108543 0.9615
2.83902939 0.9829
2.83226548 1.0143
2.81851174 1.0369
2.80687029 1.0374
2.80035103 1.0184
2.80518855 1.0020
2.81557660 0.9876
2.82167587 0.9688
2.81411560 0.9460
2.79042191 0.9284
2.76415265 0.9313
2.74588157 0.9470
2.74108186 0.9606
2.75235126 0.9509
2.77863298 0.9260
2.80613490 0.9068
2.81976660 0.9063
2.81761713 0.9243
2.81143898 0.9533
2.80117562 0.9781
2.78931555 0.9938
2.77979137 1.0010
2.76297647 0.9951
2.73923250 0.9735
2.71940779 0.9424
2.71341957 0.9181
2.72139040 0.9119
2.73561593 0.9148
2.74416922 0.9249
2.74396316 0.9462
2.74176523 0.9812
2.74741524 1.0166
2.76007666 1.0303
2.76698632 1.0209
2.76559608 1.0007
2.75985854 0.9766
2.75912353 0.9475
2.76047332 0.9207
2.76253939 0.9133
2.76684007 0.9331
2.76391922 0.9791
2.75896065 1.0415
2.76595541 1.0833
2.78198292 1.0852
2.79375585 1.0575
2.79375386 1.0271
2.78082469 1.0017
2.76011153 0.9736
2.73339196 0.9320
2.70774252 0.8938
2.68865084 0.8811
2.68403561 0.9045
2.69562756 0.9558
2.71552373 0.9959
2.73755178 1.0128
2.75815141 1.0162
2.77135980 1.0203
2.77169184 1.0180
2.76108053 0.9967
2.74084880 0.9607
2.72320528 0.9271
2.71758537 0.9134
2.72747697 0.9209
2.74710599 0.9386
2.77574454 0.9556
2.80558199 0.9710
2.83462517 0.9847
2.84860367 0.9948
2.85142280 0.9918
2.84123710 0.9766
2.81529397 0.9514
2.77701294 0.9237
2.74469344 0.8917
2.72975340 0.8607
2.73308595 0.8332
2.75341276 0.8121
2.78451079 0.8040
2.80663653 0.8135
2.81407364 0.8334
2.81893792 0.8612
2.82560983 0.8795
2.82996171 0.8849
2.82308553 0.8766
2.80308379 0.8535
2.77691708 0.8254
2.75868246 0.8017
2.75749242 0.7882
2.75630918 0.7801
2.75053935 0.7790
2.73677156 0.7841
2.72908366 0.7957
2.73150626 0.8104
2.74583284 0.8271
2.76345705 0.8406
2.77888661 0.8474
2.79693077 0.8597
2.81661226 0.8736
2.84061041 0.8896
2.85764494 0.8999
2.86283750 0.9020
2.85379126 0.9093
2.84007582 0.9275
2.83578307 0.9481
2.83620538 0.9440
2.83423711 0.9141
2.82684653 0.8803
2.82188128 0.8732
2.82518894 0.8888
2.81853284 0.9022
2.79990765 0.8925
2.77518767 0.8739
2.76039530 0.8746
2.75573735 0.8913
2.75585540 0.9032
2.75459231 0.8858
2.74708911 0.8485
2.74073340 0.8252
2.74712073 0.8313
2.75557603 0.8494
2.74431394 0.8578
2.71488422 0.8573
2.68200463 0.8627
2.65985928 0.8698
2.64593275 0.8742
2.64474522 0.8695
2.65747013 0.8674
2.67787461 0.8761
2.69871638 0.8877
2.72415335 0.8928
2.75373895 0.8856
2.77257677 0.8753
2.77578142 0.8779
2.77662973 0.8997
2.78005111 0.9237
2.77994236 0.9334
2.77345329 0.9391
2.76705043 0.9536
2.75974973 0.9765
2.74569055 0.9888
2.73059908 0.9739
2.71835933 0.9418
2.70908797 0.9133
2.70269092 0.8992
2.70559219 0.8977
2.71476266 0.8968
2.71731920 0.8916
2.70894630 0.8942
2.70155867 0.9120
2.70183364 0.9368
2.70386458 0.9476
2.70150378 0.9402
2.69186379 0.9219
2.68720888 0.9039
2.68677924 0.8843
2.68601302 0.8584
2.67619518 0.8262
2.66137671 0.8036
2.64711181 0.8084
2.63486666 0.8378
2.63532199 0.8785
2.64629727 0.9116
2.67096915 0.9378
2.70620562 0.9595
2.74192785 0.9736
2.76420777 0.9715
2.76830994 0.9512
2.76643399 0.9238
2.77490627 0.9079
2.78934214 0.9091
2.79884921 0.9176
2.79270115 0.9182
2.77269219 0.9127
2.76030610 0.9150
2.76901395 0.9264
2.78997261 0.9394
2.80805317 0.9423
2.81270234 0.9362
2.80489844 0.9231
2.79085679 0.9090
2.77782366 0.9003
2.77919955 0.8981
2.79128774 0.8971
2.80810007 0.8987
2.81995393 0.9066
2.81714674 0.9132
2.79918386 0.9185
2.76872166 0.9187
2.73654815 0.9167
2.72071268 0.9139
2.71909175 0.9040
2.72507355 0.8973
2.72896051 0.9003
2.73433390 0.9144
2.75250235 0.9314
2.77800479 0.9433
2.80268158 0.9579
2.81452467 0.9720
2.80851569 0.9931
2.78924450 1.0216
2.77309373 1.0378
2.76801019 1.0219
2.76392677 0.9879
2.75137672 0.9680
2.73957302 0.9741
2.73163599 0.9921
2.73078375 1.0047
2.73531856 1.0031
2.74255359 1.0024
2.74406306 1.0191
2.73936184 1.0469
2.74697021 1.0662
2.76789217 1.0577
2.78945722 1.0351
2.80559133 1.0215
2.81127961 1.0206
2.80937902 1.0227
2.80040428 1.0192
2.78475439 1.0168
2.76253038 1.0228
2.73388444 1.0325
2.71110225 1.0378
2.70247292 1.0269
2.70877004 0.9995
2.71978041 0.9737
2.72817134 0.9613
2.73079838 0.9589
2.73704140 0.9659
2.75117659 0.9749
2.76857672 0.9879
2.78224883 1.0085
2.79516247 1.0391
2.81245759 1.0658
2.83155099 1.0811
2.84252083 1.0803
2.84575824 1.0718
2.84388488 1.0605
2.83632455 1.0379
2.82646139 1.0063
2.81753827 0.9792
2.80508724 0.9737
2.79833558 0.9919
2.80840263 1.0198
2.82947929 1.0432
2.85096880 1.0649
2.86187897 1.0885
2.86342087 1.1075
2.85985537 1.1064
2.85829698 1.0824
2.85295269 1.0474
2.83926782 1.0134
2.81589898 0.9927
2.79873310 0.9866
2.79085111 0.9781
2.79073080 0.9684
2.79565527 0.9764
2.80112246 1.0007
2.79664700 1.0201
2.78324058 1.0193
2.76806608 1.0038
2.75801558 0.9883
2.74745918 0.9758
2.74072312 0.9662
2.74229760 0.9566
2.75313887 0.9516
2.76798518 0.9576
2.77744958 0.9776
2.78049429 0.9950
2.77591441 1.0030
2.77017654 1.0071
2.76937514 1.0155
2.77660076 1.0267
2.78079973 1.0271
2.78501888 1.0177
2.78860449 1.0101
2.78866706 1.0136
2.78577484 1.0302
2.77399438 1.0423
2.75707625 1.0441
2.74482043 1.0378
2.74851463 1.0350
2.75985645 1.0371
2.76650733 1.0324
2.76050346 1.0160
2.74971696 0.9972
2.74775690 0.9958
2.75593342 1.0056
2.76748759 1.0108
2.77732248 1.0032
2.78353517 0.9862
2.79400466 0.9749
2.80985831 0.9739
2.82316556 0.9724
2.82180647 0.9585
2.80405054 0.9390
2.77754584 0.9305
2.75216941 0.9483
2.73093695 0.9771
2.71332065 0.9915
2.70399389 0.9883
2.71139987 0.9878
2.73773727 0.9991
2.76994244 1.0084
2.79245301 0.9980
2.79990632 0.9720
2.79771328 0.9524
2.79576231 0.9492
2.79271915 0.9580
2.78545704 0.9561
2.77446028 0.9522
2.76856593 0.9578
2.76539833 0.9814
2.75873886 1.0083
2.75460405 1.0260
2.75067757 1.0273
2.74874179 1.0260
2.74907308 1.0279
2.75247968 1.0252
2.75820014 1.0071
2.77274767 0.9822
2.79407811 0.9693
2.81259737 0.9747
2.81730568 0.9926
2.81044955 1.0092
2.79851532 1.0220
2.78917325 1.0338
2.78009857 1.0494
2.76520904 1.0575
2.74681429 1.0432
2.73432439 1.0089
2.73375300 0.9684
2.74680656 0.9372
2.76897263 0.9266
2.78732286 0.9232
2.80268693 0.9224
2.81901653 0.9301
2.83670404 0.9506
2.84453792 0.9785
2.84044404 0.9970
2.82900406 0.9962
2.83056467 0.9879
2.84226010 0.9742
2.84761292 0.9629
2.84211184 0.9542
2.83778145 0.9509
2.83869211 0.9560
2.83873198 0.9695
2.83934668 0.9946
2.83480303 1.0188
2.82779164 1.0368
2.82337483 1.0475
2.82303569 1.0485
2.82213643 1.0394
2.81588304 1.0223
2.80338715 1.0066
2.79452724 0.9931
2.79274397 0.9864
2.78851521 0.9877
2.77842799 0.9921
2.76500666 0.9912
2.75763368 0.9812
2.76123735 0.9716
2.76959481 0.9679
2.77426230 0.9716
2.77173185 0.9752
2.76359274 0.9779
2.76357285 0.9873
2.77329615 1.0049
2.78127914 1.0200
2.77610187 1.0190
2.75829629 1.0024
2.73855091 0.9800
2.72743405 0.9565
2.72147817 0.9304
2.71956593 0.9099
2.72648202 0.9123
2.73396862 0.9372
2.74237695 0.9765
2.75794096 1.0171
2.78105691 1.0503
2.80455117 1.0808
2.82659709 1.1026
2.83730054 1.1124
2.83605033 1.1072
2.82177682 1.0794
2.80088697 1.0357
2.77837592 0.9905
2.75925990 0.9591
2.74380135 0.9469
2.72880332 0.9493
2.71646384 0.9641
2.71569807 0.9988
2.72810409 1.0387
2.75048319 1.0687
2.77356985 1.0781
2.79431157 1.0723
2.81003383 1.0556
2.82102053 1.0344
2.82813162 1.0123
2.82598133 0.9852
2.80723733 0.9571
2.77938195 0.9374
2.75089040 0.9395
2.72851808 0.9513
2.71529731 0.9669
2.71335122 0.9839
2.72388960 1.0085
2.74038082 1.0260
2.75470113 1.0321
2.76551269 1.0249
2.76709777 1.0010
2.76182642 0.9688
2.75378275 0.9408
2.74867438 0.9160
2.75474739 0.9025
2.77545654 0.9107
2.79275117 0.9281
2.80424893 0.9499
2.81286250 0.9757
2.82578820 0.9990
2.84209113 1.0090
2.85811732 1.0000
2.87059611 0.9830
2.87423640 0.9686
2.87794167 0.9605
2.88465552 0.9532
2.90282127 0.9473
2.92482479 0.9461
2.93615135 0.9591
2.93901643 0.9830
2.93586799 1.0055
2.91971451 1.0168
2.88401086 1.0128
2.82961275 0.9947
2.76964133 0.9699
2.72570716 0.9461
2.70597604 0.9291
2.70568250 0.9195
2.71866671 0.9233
2.74401825 0.9413
2.77797966 0.9727
2.81302765 1.0045
2.83573254 1.0214
2.83997205 1.0192
2.83082509 1.0104
2.81569665 1.0014
2.80520215 0.9969
2.79937438 0.9948
2.79173665 0.9918
2.78064404 0.9813
2.77303315 0.9723
2.76754947 0.9703
2.76133203 0.9681
2.75445102 0.9689
2.75264924 0.9741
2.75472787 0.9869
2.75820995 1.0043
2.75820340 1.0181
2.75414113 1.0238
2.74691298 1.0237
2.74855551 1.0257
2.75973118 1.0286
2.76867189 1.0271
2.76120510 1.0222
2.73510687 1.0162
2.70929272 1.0119
2.69199884 1.0088
2.68112419 1.0071
2.67324287 1.0110
2.66743409 1.0199
2.65827501 1.0262
2.65351460 1.0312
2.66189679 1.0321
2.67772635 1.0246
2.69673085 1.0164
2.71124498 1.0150
2.72552727 1.0189
2.73490821 1.0233
2.73490550 1.0264
2.73224769 1.0335
2.73021154 1.0419
2.73494105 1.0448
2.73994019 1.0352
2.74167148 1.0115
2.74453831 0.9791
2.74878371 0.9531
2.76354315 0.9465
2.78733802 0.9614
2.80739645 0.9821
2.82085809 1.0015
2.82725299 1.0166
2.82954820 1.0261
2.82816168 1.0238
2.81490580 1.0044
2.79478833 0.9734
2.77473601 0.9482
2.76377629 0.9383
2.76401561 0.9413
2.76409700 0.9535
2.76425060 0.9670
2.76858885 0.9865
2.77773356 1.0073
2.79098402 1.0244
2.80107049 1.0279
2.80690194 1.0133
2.81139299 0.9916
2.81840792 0.9707
2.82751222 0.9514
2.82910691 0.9368
2.82505479 0.9316
2.83087256 0.9488
2.84714292 0.9803
2.86895461 1.0108
2.87668915 1.0287
2.86922276 1.0321
2.86060319 1.0295
2.85052800 1.0238
2.84578679 1.0171
2.83471954 0.9965
2.81967370 0.9690
2.81258473 0.9504
2.81646031 0.9554
2.83287636 0.9756
2.84860511 1.0011
2.84961259 1.0209
2.83617217 1.0347
2.81735569 1.0449
2.80176783 1.0526
2.78336612 1.0474
2.76574526 1.0300
2.75347293 1.0039
2.74648120 0.9788
2.74710494 0.9616
2.74806752 0.9491
2.75052152 0.9414
2.75220442 0.9459
2.75773400 0.9637
2.76350989 0.9930
2.76502543 1.0174
2.75810396 1.0253
2.74129202 1.0152
2.72014360 0.9998
2.69387268 0.9828
2.66403710 0.9639
2.63612456 0.9453
2.62135406 0.9356
2.63284404 0.9462
2.66431425 0.9725
2.70620267 1.0092
2.74814127 1.0366
2.78456526 1.0456
2.81047592 1.0452
2.82597786 1.0465
2.82507092 1.0477
2.80276170 1.0437
2.76233596 1.0351
2.72289025 1.0286
2.70133005 1.0318
2.69381277 1.0445
2.69048253 1.0607
2.68776440 1.0729
2.69321714 1.0702
2.71078069 1.0621
2.73564378 1.0530
2.75155899 1.0402
2.74433172 1.0189
2.71791904 0.9975
2.69188261 0.9874
2.67634639 0.9940
2.67657944 1.0110
2.69074852 1.0269
2.71902512 1.0312
2.75585258 1.0263
2.79348402 1.0212
2.81482082 1.0111
2.81064374 0.9957
2.78069228 0.9815
2.74250632 0.9727
2.70924347 0.9675
2.69613397 0.9694
2.70703400 0.9868
2.74350161 1.0245
2.79896553 1.0646
2.85584748 1.0921
2.90252423 1.0987
2.92653496 1.0998
2.91765452 1.0992
2.88036570 1.0991
2.82993174 1.0911
2.79908819 1.0754
2.79282873 1.0583
2.80962542 1.0522
2.84119837 1.0639
2.87100140 1.0838
2.88989494 1.1010
2.89397140 1.1061
2.87944408 1.0984
2.85323121 1.0848
2.82148242 1.0647
2.79654870 1.0418
2.78605401 1.0113
2.78627405 0.9827
2.80330773 0.9713
2.82861752 0.9770
2.85538242 0.9948
2.87501867 1.0174
2.87799578 1.0392
2.86984630 1.0634
2.85475833 1.0834
2.83926178 1.0890
2.82270523 1.0743
2.80690679 1.0407
2.80364761 1.0099
2.81662171 0.9907
2.84420197 0.9892
2.86298194 0.9979
2.86048575 1.0050
2.84671212 1.0204
2.82826764 1.0504
2.80893561 1.0826
2.78189819 1.0984
2.75644764 1.0938
2.74291734 1.0834
2.74738957 1.0730
2.76112982 1.0655
2.77847743 1.0654
2.78937932 1.0670
2.78510089 1.0627
2.77724583 1.0588
2.77552958 1.0585
2.77824057 1.0664
2.77200193 1.0743
2.75171822 1.0743
2.73174001 1.0705
2.72226837 1.0668
2.73262857 1.0674
2.75795560 1.0733
2.79341123 1.0772
2.83119598 1.0680
2.87619949 1.0482
2.92379958 1.0319
2.95582943 1.0322
2.96373359 1.0456
2.94778283 1.0604
2.90873012 1.0742
2.86209705 1.0931
2.82227315 1.1177
2.79881686 1.1401
2.78401556 1.1526
2.77421892 1.1393
2.77334092 1.0992
2.78521099 1.0533
2.79546254 1.0243
2.79662102 1.0164
2.79042024 1.0177
2.78302514 1.0287
2.77579859 1.0507
2.77230957 1.0755
2.77531166 1.0955
2.78409318 1.1077
2.80095291 1.1114
2.81895233 1.1010
2.82707734 1.0772
2.81907721 1.0509
2.80021805 1.0277
2.77449438 1.0140
2.74420423 1.0051
2.72015355 1.0054
2.71121803 1.0089
2.71207153 1.0093
2.71729263 1.0080
2.72739264 1.0056
2.74552688 1.0047
2.77065523 1.0059
2.79426240 1.0137
2.81028691 1.0212
2.81213269 1.0274
2.81083797 1.0392
2.80383472 1.0533
2.80000617 1.0599
2.79534889 1.0525
2.78446281 1.0368
2.77932926 1.0285
2.78228762 1.0316
2.78987291 1.0401
2.80269491 1.0489
2.82320410 1.0550
2.84210699 1.0654
2.85210418 1.0773
2.84957231 1.0788
2.83838557 1.0620
2.82752119 1.0314
2.81673742 1.0052
2.80666778 0.9958
2.79503417 0.9981
2.78715151 1.0130
2.77568208 1.0283
2.75942732 1.0407
2.74028158 1.0480
2.72293747 1.0506
2.71069722 1.0414
2.69805272 1.0211
2.68446525 0.9977
2.67314256 0.9812
2.66969484 0.9789
2.67257359 0.9803
2.68488774 0.9828
2.69876082 0.9808
2.70755808 0.9839
2.70910102 0.9923
2.71050976 1.0050
2.71140483 1.0071
2.70595938 0.9956
2.69118772 0.9809
2.66567466 0.9689
2.64160138 0.9645
2.63030665 0.9654
2.63777771 0.9682
2.65794941 0.9712
2.67728065 0.9664
2.69422680 0.9649
2.71380102 0.9693
2.73919884 0.9752
2.77214290 0.9817
2.80043429 0.9863
2.81814646 0.9878
2.81906146 0.9899
2.80438123 0.9941
2.78458177 0.9987
2.76370114 1.0014
2.74512874 0.9977
2.73467753 0.9933
2.73182314 0.9881
2.73061900 0.9827
2.72829782 0.9772
2.73132469 0.9732
2.73220906 0.9679
2.73446211 0.9648
2.73700548 0.9630
2.74515893 0.9608
2.75727942 0.9538
2.77306953 0.9483
2.78971140 0.9432
2.80367803 0.9384
2.80797549 0.9292
2.80160904 0.9166
2.79102944 0.9023
2.77572072 0.8903
2.75800253 0.8818
2.73959844 0.8755
2.72405010 0.8638
2.71639769 0.8469
2.71024235 0.8341
2.70972790 0.8282
2.71394575 0.8296
2.72419485 0.8367
2.73882265 0.8424
2.74931926 0.8455
2.75083309 0.8478
2.74130760 0.8546
2.73284302 0.8613
2.73405270 0.8649
2.74440377 0.8620
2.75292348 0.8553
2.75470433 0.8564
2.75101881 0.8617
2.74682757 0.8649
2.74091355 0.8623
2.73188834 0.8580
2.71896136 0.8579
2.70003062 0.8606
2.68194357 0.8591
2.67202760 0.8494
2.67195492 0.8351
2.67856710 0.8255
2.68807256 0.8257
2.70076875 0.8296
2.71875982 0.8408
2.73427974 0.8634
2.74671953 0.9063
2.75773872 0.9574
2.76385075 0.9894
2.77505908 0.9986
2.79024473 0.9912
2.80668890 0.9815
2.81156412 0.9685
2.80095448 0.9468
2.79163536 0.9202
2.79235159 0.8989
2.79858651 0.9001
2.79450660 0.9237
2.77885769 0.9546
2.75847072 0.9752
2.74983745 0.9825
2.75751170 0.9826
2.77577843 0.9785
2.78764759 0.9822
2.78161255 0.9840
2.76597438 0.9744
2.76191459 0.9499
2.76933971 0.9234
2.77610156 0.9072
2.77511283 0.9061
2.77281017 0.9156
2.77809365 0.9282
2.79416357 0.9410
2.81249214 0.9576
2.82395595 0.9796
2.82124100 1.0034
2.81352163 1.0198
2.81196158 1.0173
2.81241056 0.9983
2.80916891 0.9776
2.80047546 0.9673
2.79137373 0.9542
2.77821844 0.9365
2.76183981 0.9244
2.75044293 0.9344
2.74559081 0.9689
2.74604660 1.0103
2.75032270 1.0408
2.75970200 1.0554
2.76828988 1.0579
2.77423640 1.0542
2.78053770 1.0431
2.78941596 1.0218
2.79734828 0.9994
2.80018588 0.9905
2.80019607 1.0068
2.79701008 1.0392
2.79001907 1.0639
2.78234311 1.0732
2.77111175 1.0726
2.76307376 1.0716
2.76161440 1.0659
2.76484039 1.0513
2.77169977 1.0293
2.77195143 1.0079
2.76356552 0.9961
2.75409177 0.9972
2.75654370 1.0034
2.76650071 1.0070
2.77580438 1.0123
2.78769405 1.0342
2.80029012 1.0583
2.81244597 1.0748
2.82068054 1.0783
2.81713065 1.0769
2.79965870 1.0758
2.77215606 1.0748
2.74462592 1.0668
2.72702647 1.0524
2.72099588 1.0362
2.72451739 1.0216
2.73078609 1.0081
2.74006002 0.9958
2.75022240 0.9840
2.76136979 0.9762
2.76556946 0.9753
2.75985245 0.9824
2.74906409 0.9939
2.73994063 1.0143
2.73817024 1.0376
2.74362206 1.0556
2.75307241 1.0675
2.76333570 1.0723
2.76811831 1.0759
2.76485922 1.0754
2.76020249 1.0663
2.75951132 1.0540
2.75596849 1.0412
2.75592130 1.0349
2.76353363 1.0385
2.77694745 1.0509
2.79748121 1.0632
2.82937409 1.0736
2.85436338 1.0852
2.85285794 1.1007
2.82767414 1.1159
2.79555447 1.1179
2.76986061 1.1053
2.75010506 1.0864
2.73738880 1.0754
2.74024514 1.0798
2.76264428 1.0906
2.80689758 1.1035
2.85452767 1.1143
2.88440866 1.1222
2.88100066 1.1286
2.85831137 1.1358
2.83803528 1.1390
2.82222397 1.1269
2.80384549 1.0984
2.77978369 1.0634
2.76085463 1.0355
2.74861418 1.0149
2.73348332 1.0078
2.72457290 1.0227
2.72523030 1.0530
2.73493127 1.0777
2.75577855 1.0885
2.78137779 1.0910
2.79626449 1.0836
2.79259167 1.0710
2.77544119 1.0653
2.75552845 1.0651
2.74372023 1.0680
2.73140472 1.0748
2.71905377 1.0849
2.71554529 1.0933
2.72140011 1.0934
2.73219136 1.0960
2.73662276 1.1037
2.72840515 1.1154
2.71720539 1.1197
2.70880224 1.1171
2.71087632 1.1118
2.71760606 1.1115
2.72603677 1.1122
2.72809841 1.1085
2.73520396 1.1024
2.74992476 1.1043
2.76471414 1.1180
2.76639411 1.1355
2.75233077 1.1493
2.73851015 1.1575
2.72815207 1.1524
2.72172748 1.1425
2.71226375 1.1320
2.70284750 1.1195
2.69682909 1.0989
2.69383614 1.0731
2.69897561 1.0589
2.70309716 1.0528
2.69602936 1.0451
2.67723857 1.0322
2.65719156 1.0176
2.64926503 1.0065
2.65071106 1.0019
2.65916223 0.9979
2.67051167 0.9897
2.68833243 0.9773
2.71107840 0.9730
2.72976655 0.9827
2.74323736 0.9992
2.74959533 1.0162
2.75171686 1.0253
2.76244501 1.0305
2.77989840 1.0331
2.79493019 1.0276
2.80474829 1.0124
2.81223263 0.9877
2.82006668 0.9673
2.81701853 0.9549
2.80110823 0.9482
2.78137849 0.9527
2.76715599 0.9603
2.76067518 0.9647
2.75520299 0.9621
2.74753812 0.9519
2.73967336 0.9367
2.74137175 0.9257
2.75438580 0.9335
2.76657149 0.9533
2.76600088 0.9750
2.75072553 0.9934
2.73101364 1.0048
2.71918563 1.0130
2.71594113 1.0160
2.71914240 1.0131
2.72626182 1.0028
2.73792080 0.9885
2.75974987 0.9801
2.78101672 0.9836
2.78572692 0.9893
2.77231471 0.9883
2.74976655 0.9809
2.72939253 0.9732
2.72293836 0.9709
2.72293634 0.9702
2.72072960 0.9697
2.71811537 0.9756
2.72978236 0.9944
2.75247807 1.0179
2.76589317 1.0286
2.76300900 1.0242
2.74993256 1.0032
2.74098559 0.9739
2.74265577 0.9480
2.75135323 0.9302
2.76028125 0.9182
2.75675252 0.9056
2.75182344 0.9005
2.76028422 0.9174
2.78032791 0.9558
2.79679406 0.9907
2.79413637 1.0085
2.78403139 1.0068
2.77242733 0.9851
2.75793666 0.9412
2.73682509 0.8888
2.71201873 0.8346
2.68535399 0.7975
2.66470807 0.7887
2.66376020 0.8091
2.68291947 0.8439
2.70803933 0.8820
2.73129734 0.9159
2.74885456 0.9430
2.75746858 0.9561
2.74710548 0.9421
2.71758779 0.9052
2.67817119 0.8616
2.64998464 0.8387
2.64309641 0.8456
2.65318101 0.8720
2.67286235 0.8994
2.69850938 0.9286
2.72393298 0.9599
2.74386034 0.9894
2.75337118 1.0074
2.74918901 1.0089
2.73098474 1.0008
2.71340088 0.9959
2.70523201 0.9934
2.70307047 0.9815
2.70454703 0.9644
2.70827938 0.9482
2.71692198 0.9410
2.73174877 0.9466
2.73850976 0.9524
2.73346330 0.9517
2.72431577 0.9536
2.72002871 0.9567
2.71630316 0.9519
2.70614686 0.9347
2.69118929 0.9038
2.68171011 0.8750
2.68405406 0.8593
2.69724064 0.8603
2.71182982 0.8666
2.71017332 0.8757
2.69992218 0.8836
2.69436437 0.9007
2.70341800 0.9161
2.71751825 0.9155
2.72461037 0.8964
2.72610400 0.8700
2.72908396 0.8548
2.73851833 0.8572
2.74719070 0.8629
2.74377533 0.8606
2.72908483 0.8540
2.72294692 0.8693
2.73488361 0.9071
2.75828936 0.9478
2.78186518 0.9717
2.79764370 0.9803
2.80579816 0.9786
2.81397014 0.9732
2.81896929 0.9566
2.81316966 0.9295
2.78998397 0.9037
2.76320981 0.8956
2.74431664 0.9076
2.73799644 0.9291
2.73771892 0.9491
2.74078162 0.9632
2.74319851 0.9748
2.74752037 0.9804
2.75860980 0.9703
2.77043695 0.9463
2.77357529 0.9208
2.76136236 0.9020
2.74512220 0.8963
2.73563343 0.9014
2.73967793 0.9109
2.75485194 0.9258
2.76727678 0.9495
2.77068996 0.9688
2.77043290 0.9719
2.77346599 0.9561
2.77031137 0.9283
2.75343692 0.9029
2.72235365 0.8901
2.68539610 0.8863
2.65615272 0.8858
2.64928983 0.8926
2.66980718 0.9075
2.70502813 0.9361
2.73364886 0.9584
2.74921540 0.9732
2.75901379 0.9765
2.76326814 0.9775
2.75981569 0.9827
2.74864622 0.9866
2.72764822 0.9829
2.70464524 0.9749
2.69832066 0.9754
2.71756049 0.9829
2.75015863 0.9907
2.77895548 1.0019
2.78995887 1.0164
2.78982059 1.0358
2.77661906 1.0583
2.75755029 1.0761
2.73718154 1.0751
2.72389309 1.0655
2.72429282 1.0565
2.73395865 1.0527
2.74754721 1.0455
2.76348040 1.0363
2.78054080 1.0386
2.79368954 1.0596
2.79970010 1.0942
2.79980491 1.1230
2.79159820 1.1315
2.77862703 1.1264
2.76957257 1.1102
2.76575546 1.0851
2.76443662 1.0543
2.75983117 1.0252
2.76001127 1.0171
2.76262140 1.0300
2.76506128 1.0611
2.76630639 1.0889
2.76702478 1.1019
2.76569884 1.1078
2.76646321 1.1180
2.78040508 1.1190
2.80299850 1.0912
2.82214347 1.0439
2.83347340 0.9991
2.83607089 0.9862
2.82685565 1.0059
2.80781441 1.0420
2.79021646 1.0797
2.78542503 1.1032
2.79402966 1.1212
2.81021636 1.1316
2.82787420 1.1313
2.83873132 1.1114
2.84049769 1.0800
2.83101472 1.0591
2.81589153 1.0630
2.80746561 1.0800
2.80344327 1.0984
2.80058209 1.1110
2.79775231 1.1212
2.79215791 1.1236
2.78413384 1.1175
2.77130788 1.1022
2.74658175 1.0860
2.71414090 1.0767
2.68359924 1.0815
2.66655047 1.0919
2.67148744 1.1017
2.69554174 1.1128
2.73057546 1.1292
2.76825295 1.1471
2.79744812 1.1588
2.81615920 1.1610
2.82256158 1.1625
2.81360842 1.1726
2.79212252 1.1914
2.76788098 1.2064
2.75246466 1.2046
2.74881060 1.1922
2.75073858 1.1830
2.75603418 1.1828
2.76396281 1.1870
2.77497084 1.1870
2.78554418 1.1859
2.78784592 1.1915
2.77975770 1.2023
2.75885479 1.2144
2.73871834 1.2120
2.72362543 1.1924
2.71527340 1.1733
2.71166069 1.1654
2.70912279 1.1702
2.70508969 1.1755
2.70180887 1.1747
2.69684672 1.1695
2.69443220 1.1768
2.69307781 1.1895
2.69443003 1.1979
2.69741921 1.1889
2.70608908 1.1688
2.72203507 1.1460
2.73782324 1.1310
2.74424920 1.1252
2.74293784 1.1279
2.73638673 1.1379
2.72624955 1.1530
2.71206682 1.1622
2.70008696 1.1646
2.69355670 1.1614
2.70109176 1.1560
2.72695648 1.1402
2.76633222 1.1162
2.80471452 1.0820
2.82768246 1.0569
2.82814586 1.0598
2.80778632 1.0987
2.77417959 1.1466
2.74214852 1.1705
2.72537773 1.1632
2.71762687 1.1473
2.71541132 1.1438
2.72100171 1.1473
2.73604398 1.1435
2.75428589 1.1173
2.76985972 1.0890
2.78034364 1.0732
2.78232762 1.0855
2.78143926 1.1075
2.78483720 1.1179
2.79267987 1.1144
2.80191930 1.1092
2.80537434 1.1080
2.80513992 1.1095
2.80980332 1.1126
2.81505028 1.1212
2.80883464 1.1328
2.79512027 1.1347
2.77794630 1.1243
2.76628309 1.1019
2.76419272 1.0799
2.77042825 1.0674
2.77943078 1.0686
2.79529294 1.0789
2.81517288 1.0978
2.83019385 1.1178
2.82634128 1.1330
2.80254163 1.1329
2.76837741 1.1213
2.73681354 1.0965
2.71913102 1.0688
2.71476915 1.0456
2.71895834 1.0307
2.72322235 1.0235
2.72670682 1.0154
2.73251457 1.0086
2.73445570 0.9988
2.71915009 0.9842
2.69572391 0.9672
2.67893812 0.9556
2.68399107 0.9557
2.70522597 0.9632
2.72768992 0.9774
2.73774220 0.9852
2.74204834 0.9836
2.74595039 0.9815
2.74918584 0.9801
2.73929010 0.9755
2.71389739 0.9555
2.67669885 0.9219
2.64500071 0.8890
2.63023146 0.8692
2.62766403 0.8684
2.63105977 0.8792
2.63615858 0.8987
2.64682061 0.9177
2.66328736 0.9460
2.67962899 0.9839
2.69380404 1.0178
2.70566361 1.0332
2.72212747 1.0256
2.73585500 1.0070
2.74723406 0.9882
2.74715056 0.9821
2.73356298 0.9858
2.71234515 0.9929
2.69959209 1.0085
2.69333026 1.0354
2.68820087 1.0669
2.68358607 1.0870
2.68618425 1.0867
2.69836546 1.0649
2.72223543 1.0325
2.75096267 1.0041
2.77821496 0.9937
2.79457942 0.9878
2.79928159 0.9841
2.79361095 0.9891
2.78436158 1.0079
2.77417282 1.0378
2.77164831 1.0651
2.77811413 1.0755
2.78345094 1.0694
2.78232838 1.0497
2.76852707 1.0213
2.75007991 0.9920
2.73626923 0.9719
2.72941313 0.9584
2.72904094 0.9517
2.73500004 0.9579
2.74813755 0.9763
2.76745345 1.0003
2.78571263 1.0158
2.79947783 1.0157
2.80385703 1.0079
2.80316635 1.0025
2.79877708 1.0032
2.79036146 1.0015
2.77349670 0.9909
2.75428269 0.9778
2.74229878 0.9709
2.73611924 0.9762
2.72944356 0.9804
2.71801770 0.9806
2.71193214 0.9817
2.71589934 0.9910
2.73096470 1.0117
2.74605542 1.0313
2.75573283 1.0333
2.75633227 1.0183
2.75154498 1.0056
2.74993234 1.0051
2.74761729 1.0084
2.74501518 1.0059
2.73310395 0.9983
2.71950943 0.9996
2.71067909 1.0143
2.70335791 1.0340
2.69022534 1.0413
2.67710979 1.0304
2.66317181 1.0101
2.65190772 0.9926
2.64635666 0.9806
2.64541145 0.9665
2.65103209 0.9518
2.65979066 0.9350
2.67699921 0.9284
2.69838530 0.9337
2.70947917 0.9430
2.70280109 0.9526
2.68841085 0.9680
2.68024160 0.9858
2.67498002 1.0004
2.66704809 0.9984
2.65746889 0.9747
2.64962990 0.9414
2.64992029 0.9182
2.66188925 0.9087
2.67780915 0.9111
2.69002423 0.9198
2.69655157 0.9326
2.70100051 0.9466
2.70494653 0.9606
2.70449112 0.9635
2.69622834 0.9515
2.67854027 0.9208
2.65510921 0.8811
2.63434089 0.8408
2.62362273 0.8158
2.63063830 0.8141
2.65103476 0.8379
2.68645989 0.8718
2.72472624 0.8996
2.74958650 0.9120
2.75024377 0.9108
2.73934420 0.9050
2.72039615 0.8907
2.70211132 0.8622
2.68758187 0.8231
2.68180552 0.7920
2.69160000 0.7813
2.71328068 0.7939
2.74156898 0.8238
2.76243313 0.8502
2.76783105 0.8605
2.76277934 0.8668
2.75578077 0.8647
2.74770920 0.8481
2.73891946 0.8162
2.73388172 0.7799
2.73794523 0.7606
2.75636503 0.7696
2.78322821 0.7977
2.80529241 0.8332
2.81661245 0.8679
2.81148178 0.8950
2.79967831 0.9196
2.78608227 0.9297
2.77291410 0.9177
2.75469384 0.8858
2.74312939 0.8618
2.74126070 0.8575
2.74688486 0.8716
2.74610251 0.8844
2.73525681 0.8911
2.71975277 0.9030
2.70990831 0.9193
2.70789744 0.9363
2.71345631 0.9393
2.71679357 0.9321
2.71524163 0.9191
2.71094918 0.9074
2.71645622 0.8976
2.72765157 0.8848
2.73063385 0.8658
2.71497049 0.8524
2.68270350 0.8499
2.65256815 0.8542
2.63218134 0.8523
2.62423854 0.8483
2.62369109 0.8491
2.62406986 0.8598
2.62789279 0.8779
2.63512731 0.8945
2.64926229 0.9064
2.66187546 0.9109
2.66894535 0.9120
2.66867966 0.9050
2.66914675 0.8982
2.67926981 0.8930
2.70426697 0.8976
2.73630803 0.9177
2.76631402 0.9509
2.78368118 0.9836
2.78458132 1.0019
2.77750768 1.0120
2.77198268 1.0196
2.77007734 1.0175
2.76483833 0.9983
2.75093263 0.9667
2.73459663 0.9377
2.72044567 0.9179
2.71712347 0.9099
2.72606106 0.9126
2.73635217 0.9209
2.73807305 0.9337
2.72999020 0.9480
2.71819169 0.9550
2.70582813 0.9479
2.69432035 0.9291
2.68451124 0.9062
2.68959542 0.8906
2.70070235 0.8770
2.71264829 0.8669
2.71863126 0.8641
2.71898455 0.8745
2.71957046 0.8890
2.72175127 0.8950
2.72536936 0.8841
2.72399553 0.8601
2.71807964 0.8367
2.71363502 0.8233
2.71760208 0.8194
2.72613779 0.8146
2.73367395 0.8090
2.73599421 0.8137
2.75208671 0.8413
2.78426779 0.8729
2.81128327 0.8815
2.81536568 0.8604
2.80183442 0.8314
2.78551185 0.8126
2.78612242 0.8121
2.80405490 0.8232
2.81375657 0.8351
2.79825490 0.8401
2.76919391 0.8503
2.75511410 0.8706
2.76667013 0.8921
2.78805696 0.9009
2.79204654 0.8849
2.77834495 0.8581
2.76449096 0.8344
2.76305196 0.8180
2.77175219 0.8131
2.77464037 0.8199
2.76360691 0.8347
2.74557488 0.8573
2.73873173 0.8878
2.74915010 0.9179
2.77237736 0.9350
2.79387914 0.9293
2.81156723 0.9006
2.83032853 0.8677
2.84749500 0.8493
2.85292961 0.8502
2.83874224 0.8601
2.81366725 0.8678
2.79441965 0.8694
2.79323126 0.8710
2.79695282 0.8741
2.78602086 0.8659
2.75805822 0.8463
2.72977084 0.8300
2.70811444 0.8320
2.68531694 0.8517
2.66067122 0.8806
2.64234069 0.9096
2.64018761 0.9255
2.65642745 0.9314
2.68775032 0.9354
2.72047068 0.9439
2.74352957 0.9510
2.75548143 0.9523
2.76020669 0.9598
2.75796395 0.9713
2.74911193 0.9906
2.73070830 1.0073
2.70914250 1.0084
2.68890498 0.9879
2.67754834 0.9563
2.67141863 0.9188
2.67666228 0.8874
2.69280928 0.8729
2.71369196 0.8830
2.72923085 0.9115
2.73460511 0.9501
2.73041743 0.9840
2.72602161 1.0044
2.72592712 1.0103
2.73312709 1.0037
2.74152341 0.9849
2.74351244 0.9585
2.73894217 0.9316
2.73354648 0.9182
2.72772022 0.9252
2.71341181 0.9397
2.69351917 0.9517
2.67628930 0.9622
2.67537939 0.9780
2.69072065 0.9940
2.71628474 1.0010
2.74609906 0.9891
2.77203719 0.9565
2.79186836 0.9207
2.79886811 0.9033
2.79821373 0.9149
2.79039967 0.9393
2.78212798 0.9606
2.78273599 0.9762
2.79573614 0.9862
2.81279943 0.9901
2.82151864 0.9814
2.81640725 0.9675
2.80116604 0.9541
2.78323862 0.9460
2.76782975 0.9447
2.75828997 0.9526
2.75590937 0.9621
2.75725173 0.9685
2.76397486 0.9644
2.78039444 0.9596
2.80443339 0.9596
2.83153413 0.9657
2.85101776 0.9759
2.85869170 0.9821
2.85345928 0.9847
2.83942663 0.9867
2.81660833 0.9900
2.78827010 0.9948
2.76320707 0.9916
2.74838965 0.9823
2.74774157 0.9763
2.75591762 0.9761
2.76066426 0.9777
2.75608776 0.9757
2.75663664 0.9799
2.76972608 0.9968
2.79172997 1.0171
2.81578866 1.0352
2.82952818 1.0420
2.83273651 1.0392
2.82630570 1.0325
2.82036191 1.0328
2.81598325 1.0421
2.80130748 1.0470
2.77835339 1.0418
2.75635543 1.0309
2.74364557 1.0292
2.73984278 1.0375
2.73989719 1.0451
2.74057050 1.0384
2.74764703 1.0289
2.75889970 1.0299
2.76925982 1.0388
2.77324936 1.0505
2.77462646 1.0517
2.77346492 1.0422
2.77376652 1.0334
2.77050549 1.0269
2.76155923 1.0149
2.74175753 0.9885
2.72229106 0.9569
2.70816618 0.9443
2.69976472 0.9524
2.68700583 0.9697
2.67272720 0.9761
2.67066335 0.9701
2.68691482 0.9691
2.71581548 0.9760
2.74750723 0.9841
2.77420730 0.9862
2.78950604 0.9770
2.79472791 0.9741
2.79454315 0.9922
2.79024355 1.0266
2.78100501 1.0598
2.76995395 1.0749
2.76877632 1.0824
2.78016847 1.0937
2.80012671 1.1065
2.82297616 1.1066
2.83759012 1.0884
2.84195308 1.0659
2.83669747 1.0521
2.83150930 1.0545
2.83378272 1.0563
2.84421291 1.0549
2.84873527 1.0502
2.85031405 1.0551
2.85054937 1.0631
2.85245511 1.0661
2.84725510 1.0614
2.83380624 1.0562
2.82000279 1.0559
2.81060983 1.0614
2.80197026 1.0626
2.79587380 1.0519
2.79149566 1.0342
2.78525581 1.0122
2.78311111 0.9907
2.79239037 0.9711
2.81207610 0.9595
2.82688209 0.9683
2.83055579 0.9919
2.82264677 1.0238
2.80990298 1.0469
2.79943722 1.0494
2.79471255 1.0375
2.79918155 1.0229
2.81300359 1.0098
2.83379413 0.9963
2.86504309 0.9872
2.89346517 0.9868
2.90197595 1.0061
2.89386113 1.0406
2.87256641 1.0747
2.85140365 1.0977
2.83996503 1.1037
2.84528607 1.1011
2.85767132 1.0949
2.86122092 1.0818
2.85513434 1.0576
2.84558611 1.0337
2.83123329 1.0314
2.81163425 1.0462
2.79557373 1.0637
2.78227946 1.0688
2.77399041 1.0606
2.76984661 1.0504
2.77378549 1.0451
2.78234497 1.0392
2.78512507 1.0258
2.77686762 1.0158
2.75856161 1.0196
2.73369961 1.0378
2.70888064 1.0524
2.69366964 1.0516
2.68843760 1.0351
2.69176121 1.0173
2.70481040 1.0112
2.72051994 1.0065
2.73431761 0.9981
2.74226879 0.9846
2.73914572 0.9837
2.72205190 1.0051
2.70079669 1.0388
2.68277608 1.0574
2.67615797 1.0511
2.68456226 1.0347
2.70356022 1.0222
2.72578144 1.0170
2.74323678 1.0065
2.75974900 0.9914
2.77463081 0.9828
2.77535283 0.9960
2.75565778 1.0189
2.72684450 1.0333
2.70170031 1.0256
2.68807116 1.0014
2.68878308 0.9769
2.69949034 0.9521
2.71541734 0.9335
2.73122405 0.9192
2.75100713 0.9183
2.76970215 0.9326
2.77573390 0.9588
2.76707284 0.9836
2.75519733 0.9912
2.75033449 0.9795
2.75751839 0.9623
2.77653684 0.9524
2.80278723 0.9577
2.82529002 0.9627
2.83712290 0.9589
2.83962914 0.9514
2.83299996 0.9459
2.81361833 0.9402
2.78736022 0.9283
2.76025981 0.9117
2.74358726 0.8984
2.74673415 0.8985
2.76310457 0.9098
2.78125349 0.9272
2.80110770 0.9468
2.81428934 0.9618
2.81309540 0.9788
2.79907258 0.9926
2.78423083 0.9904
2.77416406 0.9659
2.77375052 0.9303
2.77878898 0.9071
2.78763556 0.9067
2.79830306 0.9304
2.80820066 0.9628
2.82167878 0.9921
2.83018460 1.0114
2.82929983 1.0233
2.81227468 1.0273
2.78392123 1.0184
2.75688330 0.9938
2.73765975 0.9589
2.73270465 0.9272
2.73735394 0.9096
2.75115278 0.9115
2.77022920 0.9322
2.79405359 0.9607
2.81777571 0.9847
2.83768977 1.0025
2.84284719 1.0137
2.82696440 1.0179
2.80255860 1.0145
2.77590781 1.0016
2.74980681 0.9803
2.72005103 0.9553
2.69505957 0.9406
2.68079667 0.9381
2.68073189 0.9433
2.69958208 0.9556
2.72787727 0.9751
2.75566556 0.9989
2.77397473 1.0194
2.77632160 1.0303
2.77187166 1.0328
2.76534871 1.0329
2.75432553 1.0269
2.73593610 1.0112
2.71115162 0.9876
2.69379621 0.9672
2.68997557 0.9607
2.69911547 0.9687
2.71300601 0.9756
2.72463198 0.9755
2.73387404 0.9748
2.74200286 0.9842
2.75214572 1.0015
2.75591682 1.0180
2.74602253 1.0214
2.72635333 1.0084
2.71552075 0.9902
2.71595179 0.9779
2.72058035 0.9685
2.72798263 0.9675
2.73403665 0.9716
2.74298445 0.9822
2.74977330 0.9971
2.74885976 1.0109
2.73642813 1.0155
2.71791621 1.0125
2.70865432 1.0090
2.71604383 1.0086
2.73586251 1.0140
2.76103465 1.0164
2.78310040 1.0089
2.80801520 0.9987
2.83871338 0.9978
2.86947619 1.0080
2.88352728 1.0165
2.87231017 1.0123
2.85133648 0.9930
2.83633563 0.9748
2.82888157 0.9630
2.82203559 0.9637
2.81774126 0.9720
2.81925486 0.9853
2.82962693 0.9994
2.85129067 1.0109
2.87248529 1.0133
2.88332372 1.0106
2.88053673 1.0024
2.87786439 0.9849
2.87568451 0.9548
2.87096391 0.9259
2.85992646 0.9199
2.83574506 0.9340
2.80134678 0.9513
2.76736439 0.9641
2.74650631 0.9700
2.73019843 0.9626
2.71705725 0.9490
2.70882074 0.9327
2.71473356 0.9172
2.73538428 0.9085
2.76004164 0.9092
2.78151193 0.9170
2.79638920 0.9328
2.80884759 0.9509
2.81315503 0.9665
2.80976752 0.9734
2.80460389 0.9731
2.80053291 0.9695
2.79829325 0.9621
2.78942789 0.9526
2.77001983 0.9440
2.75040358 0.9430
2.73853239 0.9450
2.74230980 0.9454
2.75878006 0.9502
2.77889655 0.9628
2.79035111 0.9807
2.78930069 1.0028
2.78425240 1.0168
2.77608727 1.0211
2.75879744 1.0169
2.73818581 1.0161
2.72390806 1.0178
2.71775432 1.0137
2.71593379 0.9990
2.70880339 0.9746
2.69945687 0.9520
2.69799030 0.9345
2.71200294 0.9306
2.73505832 0.9396
2.74850070 0.9526
2.74992418 0.9730
2.75028994 0.9945
2.75886803 1.0177
2.76758997 1.0246
2.76863608 1.0135
2.75153138 0.9878
2.72833030 0.9689
2.71259261 0.9596
2.70879012 0.9534
2.70292306 0.9494
2.69197870 0.9516
2.67908371 0.9645
2.67760336 0.9833
2.69237471 1.0061
2.72126800 1.0273
2.75122677 1.0392
2.77871313 1.0465
2.80499214 1.0505
2.82735849 1.0510
2.84013012 1.0449
2.84106842 1.0371
2.83214784 1.0334
2.81735260 1.0321
2.80935974 1.0297
2.81026323 1.0322
2.81455353 1.0387
2.81570434 1.0459
2.81625546 1.0436
2.82112436 1.0276
2.82113270 1.0060
2.81187307 0.9885
2.80350012 0.9818
2.80632797 0.9854
2.82233380 0.9932
2.84272987 1.0043
2.86129549 1.0094
2.87183702 1.0050
2.87283280 0.9973
2.86967131 0.9920
2.86802468 0.9901
2.85803572 0.9935
2.84216077 1.0118
2.82443446 1.0312
2.81087347 1.0456
2.80441535 1.0582
2.79927045 1.0652
2.79455777 1.0626
2.78507983 1.0507
2.77710390 1.0312
2.76996444 1.0111
2.76268738 1.0002
2.75415755 1.0074
2.74701780 1.0330
2.74554136 1.0657
2.75692145 1.0994
2.78133009 1.1319
2.81332998 1.1560
2.84074374 1.1640
2.85662377 1.1474
2.85739294 1.1110
2.83593053 1.0546
2.79711937 0.9912
2.75563303 0.9479
2.72696599 0.9349
2.70811936 0.9482
2.70119709 0.9768
2.70411304 1.0108
2.71883899 1.0453
2.73603249 1.0749
2.75303572 1.0969
2.76572336 1.1106
2.76922326 1.1175
2.76006598 1.1113
2.74324053 1.0915
2.72698358 1.0606
2.71518650 1.0317
2.71396141 1.0120
2.72681754 1.0085
2.75723664 1.0157
2.79291315 1.0289
2.81577543 1.0493
2.81568357 1.0797
2.79693060 1.1204
2.76792795 1.1548
2.73751387 1.1628
2.71800341 1.1448
2.70951066 1.1114
2.71090848 1.0780
2.71948802 1.0501
2.73447910 1.0253
2.75669763 1.0099
2.78641391 1.0113
2.81637914 1.0338
2.83756316 1.0718
2.84994113 1.1083
2.85376989 1.1277
2.85222846 1.1244
2.85010429 1.1016
2.84545908 1.0716
2.84128139 1.0392
2.84257734 1.0128
2.84502092 0.9960
2.84628235 1.0049
2.84244562 1.0338
2.83721686 1.0659
2.83212613 1.0828
2.83053332 1.0775
2.83149349 1.0581
2.83396034 1.0344
2.83250747 1.0121
2.82850979 1.0024
2.82649490 1.0006
2.82810820 1.0015
2.83089732 1.0111
2.82670172 1.0245
2.81895175 1.0301
2.81601466 1.0180
2.82477520 0.9938
2.83661963 0.9654
2.84331845 0.9476
2.84321919 0.9517
2.83092027 0.9736
2.81645098 1.0045
2.81459845 1.0355
2.82908727 1.0542
2.84920665 1.0642
2.85440952 1.0725
2.84959220 1.0805
2.83888145 1.0850
2.82659729 1.0773
2.81534515 1.0632
2.80626802 1.0506
2.79640071 1.0476
2.77926305 1.0565
2.76216683 1.0712
2.75465278 1.0844
2.76120059 1.0908
2.78220748 1.1011
2.80959989 1.1146
2.83225399 1.1230
2.84036750 1.1150
2.82922538 1.0951
2.79985988 1.0785
2.76199600 1.0686
2.72945545 1.0635
2.71010410 1.0549
2.69647177 1.0372
2.69071188 1.0216
2.69383813 1.0175
2.71279145 1.0269
2.73157551 1.0333
2.73743790 1.0319
2.72405704 1.0321
2.70129556 1.0468
2.67225307 1.0680
2.64683781 1.0719
2.62977986 1.0417
2.61656091 0.9908
2.60462547 0.9518
2.60340462 0.9458
2.63257811 0.9823
2.67542665 1.0305
2.70457182 1.0589
2.71819529 1.0762
2.72522230 1.0957
2.73226160 1.1199
2.74086095 1.1294
2.74461354 1.1123
2.73750522 1.0776
2.72334889 1.0536
2.71892512 1.0574
2.73043201 1.0777
2.75145269 1.0957
2.77054092 1.1013
2.78364809 1.1045
2.79383664 1.1064
2.80763090 1.0963
2.82398455 1.0656
2.82998264 1.0193
2.81787986 0.9753
2.79791684 0.9520
2.78669787 0.9496
2.78529512 0.9534
2.78427250 0.9529
2.77747877 0.9516
2.77065174 0.9565
2.77147027 0.9645
2.78759052 0.9664
2.80647682 0.9631
2.81132053 0.9598
2.80464452 0.9711
2.79357229 0.9874
2.77995817 0.9965
2.76523597 0.9894
2.75461491 0.9774
2.75555388 0.9652
2.77091822 0.9492
2.80359587 0.9359
2.84020467 0.9275
2.86189464 0.9310
2.85789174 0.9444
2.84096897 0.9745
2.82333109 1.0140
2.81109561 1.0492
2.80530649 1.0680
2.80977334 1.0698
2.81718073 1.0583
2.83208806 1.0417
2.85259907 1.0275
2.87008297 1.0206
2.86490264 1.0178
2.83827223 1.0185
2.80590793 1.0236
2.77695694 1.0262
2.75714185 1.0271
2.74111195 1.0177
2.72148166 0.9953
2.69905249 0.9657
2.68263991 0.9455
2.68009450 0.9435
2.68354371 0.9480
2.68316665 0.9412
2.68292291 0.9232
2.68656320 0.9070
2.69868837 0.9025
2.70393298 0.9044
2.69562921 0.9015
2.68098139 0.8938
2.67421595 0.8864
2.67624329 0.8853
2.67974118 0.8777
2.67269642 0.8655
2.65270129 0.8525
2.62847228 0.8404
2.61191264 0.8374
2.60617292 0.8450
2.60912739 0.8468
2.60632541 0.8334
2.59657552 0.8121
2.58688158 0.7994
2.58243163 0.7986
2.59122120 0.8060
2.60642951 0.8080
2.62899373 0.8093
2.65713789 0.8091
2.68034472 0.8184
2.69251710 0.8399
2.69489306 0.8562
2.68476662 0.8661
2.66663496 0.8682
2.63805993 0.8699
2.60316546 0.8688
2.57139329 0.8559
2.55335678 0.8315
2.55625219 0.8032
2.58258130 0.7865
2.62059205 0.7771
2.66040486 0.7766
2.69445303 0.7852
2.71691101 0.8072
2.72408124 0.8325
2.70670219 0.8544
2.68099161 0.8611
2.65484282 0.8502
2.64896813 0.8353
2.66551592 0.8226
2.69768019 0.8164
2.73040010 0.8164
2.74762075 0.8231
2.74445522 0.8387
2.72146472 0.8643
2.69014541 0.8933
2.65979051 0.9147
2.63787174 0.9140
2.63340601 0.9020
2.65217297 0.8820
2.68771229 0.8671
2.72449893 0.8618
2.75497522 0.8692
2.77237959 0.8853
2.77267772 0.9133
2.75845804 0.9488
2.73813040 0.9832
2.71644798 1.0024
2.69781673 1.0046
2.68723116 0.9914
2.68770876 0.9679
2.69980652 0.9455
2.71491693 0.9275
2.72024712 0.9140
2.71445187 0.9053
2.70401842 0.9038
2.69821953 0.9111
2.70187202 0.9198
2.70753309 0.9276
2.71258930 0.9301
2.71693050 0.9254
2.72077407 0.9182
2.72824513 0.9159
2.73245753 0.9196
2.72757665 0.9188
2.71486213 0.9082
2.70388998 0.9006
2.70830689 0.9008
2.71672089 0.9118
2.71990761 0.9256
2.72080958 0.9330
2.72681502 0.9329
2.74062313 0.9303
2.75311423 0.9390
2.75787073 0.9574
2.74796293 0.9745
2.73479190 0.9805
2.73060591 0.9779
2.73752894 0.9720
2.74675070 0.9639
2.74577125 0.9553
2.73410950 0.9442
2.72534157 0.9336
2.72525961 0.9264
2.72441063 0.9253
2.71495829 0.9204
2.70004113 0.9083
2.69422197 0.8927
2.71043425 0.8799
2.74556162 0.8757
2.78101309 0.8797
2.80131689 0.8912
2.80942751 0.9077
2.81823038 0.9311
2.83000720 0.9555
2.82851916 0.9654
2.81259079 0.9593
2.79389631 0.9409
2.78130289 0.9093
2.77841272 0.8718
2.78235207 0.8425
2.77600965 0.8234
2.75514008 0.8212
2.73307127 0.8405
2.72218280 0.8707
2.72257950 0.8998
2.72839196 0.9172
2.72962471 0.9100
2.72201073 0.8764
2.71009487 0.8302
2.70121941 0.7900
2.70824716 0.7763
2.72235136 0.7923
2.72798836 0.8237
2.73248950 0.8626
2.74812870 0.8961
2.77450988 0.9242
2.79829305 0.9373
2.80756199 0.9291
2.79918614 0.8996
2.77746514 0.8634
2.75327735 0.8421
2.73708440 0.8412
2.72869360 0.8519
2.72749144 0.8731
2.73805995 0.8959
2.76062912 0.9184
2.78942634 0.9382
2.80916639 0.9409
2.81225428 0.9259
2.80470528 0.9066
2.79195915 0.8977
2.77597670 0.9103
2.75720435 0.9263
2.73722704 0.9316
2.73059878 0.9333
2.73817103 0.9317
2.76287479 0.9310
2.78838497 0.9237
2.80401809 0.9041
2.80095870 0.8718
2.77083246 0.8382
2.72484452 0.8209
2.67483655 0.8235
2.64240301 0.8352
2.63098717 0.8449
2.64495349 0.8506
2.68242864 0.8570
2.73345398 0.8680
2.78520092 0.8837
2.82636950 0.8959
2.84780959 0.8922
2.85218668 0.8770
2.84361894 0.8718
2.82759956 0.8857
2.80053192 0.9060
2.76836623 0.9262
2.73814857 0.9364
2.71668027 0.9309
2.70177625 0.9139
2.69568979 0.8993
2.69728574 0.8974
2.70916508 0.9198
2.72757988 0.9581
2.74144992 0.9948
2.74696643 1.0186
2.75442368 1.0276
2.77201833 1.0213
2.79558179 1.0012
2.81168968 0.9777
2.81766116 0.9588
2.81152199 0.9551
2.79841571 0.9695
2.77778655 0.9851
2.75361486 0.9926
2.73093874 0.9967
2.70740567 1.0025
2.68933718 1.0000
2.68140941 0.9730
2.68104241 0.9274
2.68577276 0.8852
2.69087895 0.8703
2.70203627 0.8890
2.72415346 0.9196
2.75035628 0.9412
2.77855345 0.9534
2.80278518 0.9604
2.81775439 0.9590
2.82572013 0.9436
2.82256666 0.9149
2.81055857 0.8778
2.79222708 0.8450
2.77476255 0.8326
2.76549580 0.8459
2.76843256 0.8682
2.78556812 0.8920
2.80839925 0.9137
2.82704164 0.9309
2.84050515 0.9352
2.85100045 0.9237
2.85911922 0.9049
2.86921016 0.8890
2.87797386 0.8848
2.88689094 0.8937
2.89341242 0.9097
2.89797585 0.9268
2.90375292 0.9404
2.90580545 0.9515
2.90315822 0.9490
2.89418314 0.9340
2.86989240 0.8954
2.82623989 0.8334
2.76554122 0.7715
2.71825728 0.7415
2.70464107 0.7458
2.72529133 0.7716
2.76413789 0.8100
2.80162750 0.8479
2.82061465 0.8687
2.81492350 0.8671
2.78775039 0.8486
2.74453720 0.8228
2.69361457 0.8050
2.65090169 0.7986
2.63004815 0.8046
2.63583815 0.8155
2.66489392 0.8292
2.69928780 0.8409
2.72584932 0.8475
2.73934885 0.8437
2.74073295 0.8332
2.73431687 0.8269
2.72235590 0.8171
2.70837028 0.8028
2.69774154 0.7930
2.70551259 0.7973
2.73640134 0.8167
2.77535347 0.8394
2.79651380 0.8603
2.78666739 0.8708
2.75580439 0.8745
2.72093292 0.8699
2.68972411 0.8605
2.66052666 0.8393
2.64067347 0.8157
2.63659991 0.7955
2.65518722 0.7827
2.68797945 0.7675
2.71552994 0.7520
2.71791034 0.7394
2.68940332 0.7323
2.63796659 0.7311
2.59849435 0.7383
2.57813704 0.7536
2.58226988 0.7742
2.59760919 0.8001
2.62463309 0.8314
2.65722907 0.8573
2.68768223 0.8744
2.70980877 0.8851
2.72056127 0.8957
2.71613968 0.9075
2.70736118 0.9207
2.70651203 0.9343
2.72171137 0.9484
2.74717009 0.9654
2.77955256 0.9850
2.81535495 0.9987
2.84701579 0.9992
2.86426472 0.9795
2.86502535 0.9552
2.84597953 0.9386
2.80900064 0.9253
2.76381730 0.9080
2.73426872 0.8928
2.73030173 0.8886
2.75027568 0.9062
2.78022551 0.9375
2.80726156 0.9664
2.82072696 0.9697
2.81905444 0.9503
2.80253869 0.9233
2.77117134 0.9056
2.73007952 0.8963
2.69373592 0.8813
2.68279679 0.8671
2.69941054 0.8606
2.72894350 0.8750
2.75546669 0.9055
2.76853314 0.9362
2.77181650 0.9617
2.77199998 0.9730
2.76756575 0.9759
2.75120158 0.9705
2.72609058 0.9560
2.70527333 0.9266
2.70228034 0.8904
2.72090264 0.8705
2.75055982 0.8780
2.77500514 0.9072
2.79016334 0.9480
2.79063619 0.9814
2.78336985 1.0025
2.76611348 1.0109
2.74576070 1.0071
2.73217331 0.9937
2.73073832 0.9668
2.73431438 0.9344
2.73497196 0.9130
2.72917055 0.9101
2.72699473 0.9292
2.73239385 0.9550
2.74199216 0.9719
2.75167879 0.9787
2.75746491 0.9806
2.75797925 0.9796
2.75623904 0.9720
2.75449871 0.9592
2.74532220 0.9473
2.72831714 0.9374
2.71267877 0.9395
2.70641031 0.9560
2.71294383 0.9843
2.72584956 1.0131
2.74049871 1.0307
2.75250667 1.0310
2.76121769 1.0241
2.76836304 1.0170
2.77221247 1.0174
2.76847199 1.0195
2.75278038 1.0152
2.72856970 1.0086
2.70840841 1.0030
2.69847360 0.9980
2.69848056 0.9867
2.70591722 0.9697
2.72174333 0.9605
2.74763227 0.9701
2.77835099 0.9945
2.80499739 1.0118
2.81930478 1.0145
2.82328258 1.0074
2.82555037 1.0074
2.83353405 1.0082
2.84183107 0.9908
2.84593346 0.9535
2.85149939 0.9191
2.86023911 0.9053
2.86983279 0.9175
2.86620066 0.9384
2.85393097 0.9495
2.83499425 0.9474
2.82530594 0.9472
2.82507153 0.9519
2.83020803 0.9509
2.83067776 0.9352
2.82873556 0.9141
2.83235456 0.9005
2.84224531 0.9022
2.84650829 0.9131
2.83806438 0.9271
2.82568231 0.9404
2.82031847 0.9497
2.82404413 0.9535
2.82673351 0.9481
2.82542120 0.9296
2.82040406 0.9063
2.81829236 0.8917
2.82520561 0.8916
2.82983821 0.8926
2.82316412 0.8946
2.81013962 0.9090
2.80668321 0.9344
2.81857900 0.9545
2.83785044 0.9653
2.84704659 0.9630
2.83202396 0.9479
2.79875462 0.9193
2.76386244 0.8931
2.73381766 0.8767
2.70868025 0.8714
2.69163093 0.8797
2.69051689 0.8990
2.70053956 0.9152
2.71340734 0.9152
2.72276165 0.9100
2.73111165 0.9128
2.73331015 0.9144
2.73168630 0.9055
2.72695798 0.8807
2.70784054 0.8382
2.67777040 0.7998
2.66120616 0.7852
2.68209479 0.7953
2.73292167 0.8179
2.78388472 0.8545
2.81170769 0.8965
2.81482948 0.9360
2.79684879 0.9605
2.76831666 0.9590
2.72992957 0.9353
2.69415821 0.9141
2.67560847 0.9145
2.67603374 0.9224
2.69775706 0.9289
2.73135286 0.9464
2.76247213 0.9814
2.77755580 1.0250
2.77382725 1.0563
2.76673785 1.0686
2.76128940 1.0629
2.75950103 1.0464
2.75411472 1.0254
2.74841916 0.9999
2.74443770 0.9708
2.74476213 0.9418
2.74410031 0.9285
2.74340950 0.9443
2.73942782 0.9753
2.73733295 1.0044
2.74169605 1.0243
2.76379660 1.0397
2.79195069 1.0447
2.81437859 1.0336
2.82154252 1.0060
2.82504178 0.9749
2.83260995 0.9563
2.83998976 0.9615
2.83635017 0.9780
2.82639736 0.9970
2.81598207 1.0107
2.81157580 1.0123
2.81499390 1.0013
2.82458466 0.9795
2.83754446 0.9492
2.85008474 0.9208
2.85439556 0.9045
2.85302300 0.9091
2.83846732 0.9250
2.82058192 0.9475
2.81342102 0.9804
2.82256560 1.0160
2.84366871 1.0448
2.86192844 1.0524
2.87552605 1.0368
2.88126401 1.0085
2.88170637 0.9828
2.87817437 0.9723
2.86857838 0.9758
2.84956894 0.9851
2.82574086 0.9966
2.81292659 1.0135
2.81683850 1.0392
2.83165591 1.0622
2.85090884 1.0675
2.86670155 1.0522
2.86900801 1.0281
2.85636040 1.0101
2.83300792 1.0016
2.80723166 0.9939
2.78599708 0.9858
2.78089439 0.9860
2.79506648 0.9988
2.82223633 1.0188
2.84955890 1.0392
2.87094292 1.0484
2.88415220 1.0592
2.88686060 1.0782
2.87378185 1.0990
2.84611796 1.1117
2.81045726 1.1058
2.77904195 1.0875
2.76269237 1.0642
2.76369043 1.0436
2.77304804 1.0233
2.78426644 1.0051
2.79336550 0.9979
2.79861023 1.0157
2.80174855 1.0542
2.80201488 1.0890
2.79170503 1.1038
2.77503631 1.1026
2.76667616 1.0974
2.77167081 1.0889
2.79017737 1.0733
2.81571981 1.0497
2.84403291 1.0228
2.86072969 1.0084
2.86059993 1.0129
2.84077636 1.0249
2.81167715 1.0334
2.78136763 1.0367
2.75787812 1.0396
2.75331119 1.0437
2.76578053 1.0481
2.78480589 1.0466
2.80269968 1.0394
2.81368523 1.0341
2.81965440 1.0378
2.82490479 1.0461
2.83028460 1.0559
2.84088432 1.0651
2.85322904 1.0750
2.86451429 1.0842
2.87628995 1.0898
2.88749633 1.0898
2.89138019 1.0826
2.88594122 1.0775
2.87058658 1.0743
2.85526509 1.0629
2.84277381 1.0380
2.83168883 1.0069
2.82414231 0.9782
2.81787148 0.9598
2.81660448 0.9542
2.82220809 0.9575
2.82615067 0.9637
2.82842688 0.9718
2.82275839 0.9807
2.81641515 0.9861
2.81348282 0.9835
2.81837969 0.9784
2.82811314 0.9725
2.84091090 0.9716
2.85526116 0.9731
2.86614506 0.9776
2.87575016 0.9858
2.88322290 0.9925
2.88219043 0.9913
2.87031488 0.9840
2.85135714 0.9711
2.83339557 0.9606
2.81890633 0.9562
2.80979846 0.9580
2.80980689 0.9694
2.81600050 0.9847
2.82611229 1.0019
2.83492503 1.0148
2.84220054 1.0194
2.84737026 1.0113
2.85638266 1.0015
2.86277609 0.9929
2.86172397 0.9908
2.84731052 0.9887
2.82295896 0.9913
2.79655180 0.9953
2.76870208 1.0012
2.74200960 1.0050
2.71234834 1.0013
2.68163399 0.9890
2.65470118 0.9666
2.64174603 0.9467
2.64215127 0.9327
2.65535863 0.9330
2.67319201 0.9321
2.69379956 0.9358
2.71542175 0.9447
2.73393614 0.9651
2.74978713 0.9895
2.76349113 1.0099
2.77871744 1.0237
2.79364384 1.0292
2.80686816 1.0314
2.81215183 1.0265
2.80073468 1.0144
2.77433394 0.9957
2.74283908 0.9765
2.72109606 0.9618
2.71506011 0.9568
2.72855807 0.9605
2.75374428 0.9677
2.77657992 0.9756
2.79781187 0.9902
2.81645207 1.0139
2.83310932 1.0381
2.84328773 1.0560
2.84081825 1.0614
2.82840256 1.0543
2.80934472 1.0429
2.78860717 1.0256
2.77136025 1.0077
2.76102838 0.9922
2.75950525 0.9895
2.76309928 1.0031
2.76842102 1.0246
2.77330938 1.0461
2.77712297 1.0608
2.78109972 1.0642
2.78539043 1.0517
2.79118026 1.0240
2.79709507 0.9889
2.80255461 0.9606
2.81215120 0.9469
2.81755609 0.9483
2.81435746 0.9558
2.80232260 0.9639
2.78397001 0.9726
2.76142933 0.9813
2.73643533 0.9924
2.71275498 0.9951
2.69356584 0.9865
2.68466397 0.9652
2.69446850 0.9451
2.71227875 0.9360
