    1001      33.9349
    1002      33.3969
    1003      32.8265
    1004      32.2918
    1005      31.9165
    1006      31.6646
    1007      31.8009
    1008      32.3885
    1009      33.3198
    1010      34.5472
    1011      35.9942
    1012      37.4849
    1013      38.8808
    1014      40.1158
    1015      41.2082
    1016      42.3014
    1017      43.3207
    1018      44.2490
    1019      44.8870
    1020      45.0867
    1021      44.7547
    1022      43.7950
    1023      42.1294
    1024      39.8386
    1025      36.8759
    1026      33.3976
    1027      29.4064
    1028      25.0632
    1029      20.8766
    1030      17.5773
    1031      15.7221
    1032      15.1916
    1033      15.9015
    1034      17.7028
    1035      20.3279
    1036      23.3597
    1037      26.6963
    1038      30.1718
    1039      33.5061
    1040      36.3320
    1041      38.4087
    1042      39.6242
    1043      40.0373
    1044      39.6479
    1045      38.3510
    1046      36.4372
    1047      33.8862
    1048      30.8596
    1049      27.6254
    1050      24.6017
    1051      22.1552
    1052      20.3718
    1053      19.3255
    1054      19.1214
    1055      19.7757
    1056      21.3011
    1057      23.5285
    1058      26.4226
    1059      29.6971
    1060      33.0530
    1061      36.1871
    1062      38.8200
    1063      40.6728
    1064      41.8202
    1065      42.3782
    1066      42.3262
    1067      41.9274
    1068      41.4446
    1069      40.8875
    1070      40.2934
    1071      39.7520
    1072      39.3488
    1073      38.8566
    1074      38.2130
    1075      37.4497
    1076      36.6541
    1077      35.7858
    1078      34.9467
    1079      34.2853
    1080      33.9452
    1081      34.0258
    1082      34.5814
    1083      35.6759
    1084      37.1589
    1085      38.8500
    1086      40.5144
    1087      41.9894
    1088      43.1464
    1089      43.7486
    1090      43.5144
    1091      42.5023
    1092      40.9749
    1093      39.0398
    1094      37.0090
    1095      35.0540
    1096      33.4053
    1097      32.3235
    1098      31.7485
    1099      31.6709
    1100      32.3076
    1101      33.5116
    1102      35.1177
    1103      36.9371
    1104      38.6437
    1105      39.8648
    1106      40.4315
    1107      40.2896
    1108      39.5131
    1109      38.0916
    1110      36.1530
    1111      34.0913
    1112      31.9702
    1113      29.9813
    1114      28.2020
    1115      26.7830
    1116      25.8719
    1117      25.6251
    1118      25.9282
    1119      26.9254
    1120      28.3710
    1121      30.1618
    1122      31.8982
    1123      33.3142
    1124      34.3060
    1125      34.6304
    1126      34.1780
    1127      32.9895
    1128      31.2634
    1129      29.2975
    1130      27.1575
    1131      25.2029
    1132      23.7049
    1133      22.8686
    1134      22.5613
    1135      22.6113
    1136      22.9160
    1137      23.4536
    1138      24.1017
    1139      24.8021
    1140      25.5499
    1141      26.4134
    1142      27.2883
    1143      28.1295
    1144      28.8307
    1145      29.3136
    1146      29.5339
    1147      29.3723
    1148      28.9267
    1149      28.2629
    1150      27.2871
    1151      26.2003
    1152      25.1893
    1153      24.6240
    1154      24.6108
    1155      25.1575
    1156      26.2073
    1157      27.7253
    1158      29.6021
    1159      31.6963
    1160      33.6599
    1161      35.6434
    1162      37.5133
    1163      39.1659
    1164      40.6716
    1165      41.8633
    1166      42.6717
    1167      43.1306
    1168      43.1679
    1169      42.8096
    1170      42.0300
    1171      40.8780
    1172      39.4589
    1173      37.7396
    1174      35.8527
    1175      33.7859
    1176      31.6261
    1177      29.5583
    1178      27.7460
    1179      26.4001
    1180      25.5974
    1181      25.6092
    1182      26.4381
    1183      28.3100
    1184      30.8862
    1185      33.7303
    1186      36.3188
    1187      38.2923
    1188      39.5419
    1189      39.9237
    1190      39.4394
    1191      38.1468
    1192      36.2106
    1193      33.7781
    1194      31.1348
    1195      28.6248
    1196      26.6997
    1197      25.5613
    1198      24.9534
    1199      24.7563
    1200      24.9429
    1201      25.4242
    1202      26.2441
    1203      27.4826
    1204      28.9679
    1205      30.3861
    1206      31.5702
    1207      32.3058
    1208      32.3556
    1209      31.6321
    1210      30.2094
    1211      28.1397
    1212      25.5426
    1213      22.5252
    1214      19.2873
    1215      16.2217
    1216      13.5783
    1217      11.6783
    1218      10.7339
    1219      10.6679
    1220      11.2126
    1221      12.1150
    1222      13.3081
    1223      14.6738
    1224      16.3066
    1225      18.1102
    1226      19.7646
    1227      21.1156
    1228      22.1906
    1229      23.0784
    1230      23.6995
    1231      24.0712
    1232      24.3257
    1233      24.5510
    1234      24.7275
    1235      24.6552
    1236      24.1310
    1237      23.2086
    1238      21.9827
    1239      20.6349
    1240      19.3528
    1241      18.1215
    1242      17.0035
    1243      16.0202
    1244      15.2531
    1245      14.9278
    1246      15.0591
    1247      15.6953
    1248      16.6215
    1249      17.8846
    1250      19.3633
    1251      20.9611
    1252      22.5332
    1253      24.0222
    1254      25.4335
    1255      26.6676
    1256      27.3801
    1257      27.5176
    1258      27.1311
    1259      26.1642
    1260      24.8101
    1261      23.1547
    1262      21.3585
    1263      19.5671
    1264      18.0900
    1265      17.1905
    1266      16.9683
    1267      17.3197
    1268      18.3746
    1269      20.0558
    1270      22.1494
    1271      24.5216
    1272      26.8157
    1273      28.8333
    1274      30.1878
    1275      30.8447
    1276      30.6006
    1277      29.6507
    1278      28.1458
    1279      26.3547
    1280      24.6026
    1281      23.0506
    1282      21.7815
    1283      20.8490
    1284      20.1492
    1285      19.8594
    1286      19.9675
    1287      20.3344
    1288      21.0530
    1289      21.9805
    1290      22.8741
    1291      23.7533
    1292      24.3840
    1293      24.9002
    1294      25.1982
    1295      25.4065
    1296      25.5454
    1297      25.4775
    1298      25.1545
    1299      24.6690
    1300      24.1578
    1301      23.5395
    1302      22.8548
    1303      22.1969
    1304      21.6835
    1305      21.4715
    1306      21.6315
    1307      22.2006
    1308      23.1114
    1309      24.5538
    1310      26.4605
    1311      28.7715
    1312      31.3283
    1313      33.8665
    1314      36.0166
    1315      37.6036
    1316      38.4179
    1317      38.4694
    1318      37.9398
    1319      36.8565
    1320      35.2570
    1321      33.4351
    1322      31.4864
    1323      29.4029
    1324      27.2086
    1325      25.0152
    1326      23.0949
    1327      21.6978
    1328      20.9087
    1329      20.7123
    1330      21.1337
    1331      22.2057
    1332      23.6221
    1333      25.2268
    1334      26.7845
    1335      28.0163
    1336      28.6256
    1337      28.5821
    1338      27.6989
    1339      26.1933
    1340      24.3159
    1341      22.4877
    1342      20.9872
    1343      20.1441
    1344      19.9870
    1345      20.5636
    1346      22.0115
    1347      24.3405
    1348      27.6128
    1349      31.4358
    1350      35.5900
    1351      39.6601
    1352      43.4089
    1353      46.4429
    1354      48.6746
    1355      50.0325
    1356      50.4394
    1357      49.9194
    1358      48.4169
    1359      45.9391
    1360      42.6211
    1361      38.6719
    1362      34.4014
    1363      30.3147
    1364      26.6463
    1365      23.5450
    1366      20.9489
    1367      19.0752
    1368      18.2325
    1369      18.4951
    1370      19.7898
    1371      21.8806
    1372      24.5421
    1373      27.3356
    1374      30.1281
    1375      32.5598
    1376      34.2129
    1377      35.1159
    1378      35.3165
    1379      35.0419
    1380      34.2350
    1381      33.0133
    1382      31.6476
    1383      30.3606
    1384      29.2157
    1385      28.1976
    1386      27.3503
    1387      26.6620
    1388      26.3799
    1389      26.5660
    1390      27.2077
    1391      28.1922
    1392      29.4591
    1393      31.0778
    1394      32.9302
    1395      34.8696
    1396      36.7844
    1397      38.4556
    1398      39.7962
    1399      40.9226
    1400      41.4782
    1401      41.5861
    1402      41.2425
    1403      40.3918
    1404      39.4210
    1405      38.4871
    1406      37.6110
    1407      36.8551
    1408      36.4232
    1409      36.2950
    1410      36.5313
    1411      37.2489
    1412      38.4674
    1413      40.0931
    1414      41.8641
    1415      43.5981
    1416      45.0206
    1417      46.0483
    1418      46.6231
    1419      46.7656
    1420      46.5213
    1421      45.9655
    1422      45.3557
    1423      44.7654
    1424      44.4180
    1425      44.3787
    1426      44.6797
    1427      44.9619
    1428      45.2616
    1429      45.6399
    1430      46.0116
    1431      46.3735
    1432      46.6780
    1433      47.0007
    1434      47.3803
    1435      47.8176
    1436      48.3599
    1437      48.8544
    1438      49.1762
    1439      49.3335
    1440      49.4127
    1441      49.5616
    1442      49.6947
    1443      49.8444
    1444      49.9100
    1445      49.9536
    1446      50.1773
    1447      50.7976
    1448      51.6112
    1449      52.3479
    1450      52.7943
    1451      52.7745
    1452      52.2281
    1453      51.1605
    1454      49.6265
    1455      48.0050
    1456      46.4070
    1457      45.0842
    1458      44.2281
    1459      43.9646
    1460      44.3090
    1461      45.3535
    1462      46.7592
    1463      48.1306
    1464      49.1172
    1465      49.6989
    1466      49.7734
    1467      49.4352
    1468      48.6011
    1469      47.2917
    1470      45.7705
    1471      44.0292
    1472      42.3058
    1473      40.7483
    1474      39.1843
    1475      37.5549
    1476      36.0603
    1477      35.0867
    1478      34.5034
    1479      34.3769
    1480      34.5919
    1481      35.3001
    1482      36.4671
    1483      38.1534
    1484      40.1045
    1485      42.2656
    1486      44.4464
    1487      46.3342
    1488      47.8620
    1489      48.9096
    1490      49.6249
    1491      50.0660
    1492      50.2571
    1493      50.3275
    1494      50.2433
    1495      49.9622
    1496      49.5216
    1497      49.0641
    1498      48.6073
    1499      48.2712
    1500      47.9743
    1501      47.6932
    1502      47.5086
    1503      47.4256
    1504      47.3760
    1505      47.4683
    1506      47.6716
    1507      48.0002
    1508      48.2981
    1509      48.3805
    1510      48.0771
    1511      47.3361
    1512      46.1328
    1513      44.6254
    1514      42.8769
    1515      40.9084
    1516      38.8960
    1517      37.0259
    1518      35.5112
    1519      34.5650
    1520      34.0574
    1521      33.9694
    1522      34.2444
    1523      34.7065
    1524      35.2816
    1525      35.6721
    1526      35.9122
    1527      35.8879
    1528      35.6405
    1529      35.3429
    1530      35.0059
    1531      34.6283
    1532      34.2405
    1533      33.8918
    1534      33.6195
    1535      33.3689
    1536      32.9841
    1537      32.5115
    1538      31.9429
    1539      31.4268
    1540      30.9293
    1541      30.6521
    1542      30.7017
    1543      31.1908
    1544      32.2404
    1545      33.8727
    1546      35.8093
    1547      37.5498
    1548      38.8685
    1549      39.6417
    1550      39.8567
    1551      39.5557
    1552      38.8797
    1553      38.0904
    1554      37.3286
    1555      36.6438
    1556      36.0681
    1557      35.6114
    1558      35.2091
    1559      34.9314
    1560      34.7748
    1561      34.8488
    1562      35.1264
    1563      35.5576
    1564      35.9568
    1565      36.3766
    1566      36.7498
    1567      37.1883
    1568      37.5515
    1569      37.6832
    1570      37.5434
    1571      37.1255
    1572      36.3277
    1573      35.1921
    1574      33.8206
    1575      32.4374
    1576      31.3025
    1577      30.5129
    1578      30.2105
    1579      30.3247
    1580      30.7507
    1581      31.5236
    1582      32.3815
    1583      33.4817
    1584      34.9191
    1585      36.7752
    1586      38.9214
    1587      41.3067
    1588      43.7095
    1589      46.0480
    1590      48.1411
    1591      49.7122
    1592      50.5823
    1593      50.6341
    1594      49.9495
    1595      48.6495
    1596      46.7343
    1597      44.2022
    1598      41.2421
    1599      38.0490
    1600      35.1291
    1601      32.7991
    1602      31.1566
    1603      30.2878
    1604      30.2024
    1605      30.7949
    1606      31.9467
    1607      33.5216
    1608      35.3141
    1609      37.1100
    1610      38.7192
    1611      39.9427
    1612      40.7434
    1613      41.1150
    1614      41.0333
    1615      40.5169
    1616      39.5886
    1617      38.3620
    1618      36.9689
    1619      35.6054
    1620      34.2110
    1621      32.8789
    1622      31.9067
    1623      31.4064
    1624      31.3824
    1625      32.0218
    1626      33.1471
    1627      34.5925
    1628      36.1677
    1629      37.6400
    1630      38.9039
    1631      39.9794
    1632      40.7395
    1633      41.1630
    1634      41.2309
    1635      41.1102
    1636      41.1305
    1637      41.3542
    1638      41.6183
    1639      41.7373
    1640      41.4748
    1641      40.6603
    1642      39.3428
    1643      37.8358
    1644      36.5074
    1645      35.6303
    1646      35.0495
    1647      34.8396
    1648      34.9705
    1649      35.2995
    1650      35.7626
    1651      36.3193
    1652      36.7609
    1653      36.8732
    1654      36.7727
    1655      36.6500
    1656      36.4483
    1657      36.1839
    1658      36.1140
    1659      36.0806
    1660      36.2185
    1661      36.4115
    1662      36.5245
    1663      36.5426
    1664      36.6078
    1665      36.7579
    1666      37.1139
    1667      37.5463
    1668      38.0844
    1669      38.6765
    1670      39.2146
    1671      39.7153
    1672      39.9666
    1673      39.9591
    1674      39.5509
    1675      38.6551
    1676      37.1547
    1677      35.1893
    1678      33.0198
    1679      30.8960
    1680      28.8286
    1681      26.9351
    1682      25.3307
    1683      24.0721
    1684      23.3219
    1685      23.1803
    1686      23.6178
    1687      24.5650
    1688      25.9703
    1689      27.5828
    1690      29.2066
    1691      30.6517
    1692      31.8283
    1693      32.6898
    1694      33.2513
    1695      33.5917
    1696      33.7091
    1697      33.7280
    1698      33.6631
    1699      33.6209
    1700      33.7780
    1701      34.1530
    1702      34.7454
    1703      35.5567
    1704      36.2998
    1705      36.9525
    1706      37.5212
    1707      37.9549
    1708      38.1059
    1709      37.9491
    1710      37.3053
    1711      35.9400
    1712      33.8603
    1713      31.5323
    1714      29.3163
    1715      27.4087
    1716      25.9753
    1717      24.9973
    1718      24.2986
    1719      23.7126
    1720      23.0547
    1721      22.2948
    1722      21.4319
    1723      20.7095
    1724      20.3841
    1725      20.4766
    1726      20.9701
    1727      21.9436
    1728      23.1726
    1729      24.5646
    1730      26.1447
    1731      27.8977
    1732      29.6044
    1733      31.3519
    1734      33.0479
    1735      34.5511
    1736      35.8808
    1737      36.8549
    1738      37.4590
    1739      37.7242
    1740      37.5987
    1741      37.0455
    1742      35.8494
    1743      34.1464
    1744      32.0971
    1745      29.9278
    1746      27.8114
    1747      25.9019
    1748      24.4446
    1749      23.7216
    1750      23.5926
    1751      24.1292
    1752      25.2601
    1753      26.7521
    1754      28.4879
    1755      30.3741
    1756      32.2541
    1757      33.8937
    1758      35.1481
    1759      35.9802
    1760      36.3729
    1761      36.2792
    1762      35.5209
    1763      34.0326
    1764      31.9422
    1765      29.6790
    1766      27.4764
    1767      25.5850
    1768      24.3844
    1769      23.7382
    1770      23.5212
    1771      23.7932
    1772      24.3490
    1773      25.1496
    1774      26.1399
    1775      26.9559
    1776      27.6040
    1777      28.0783
    1778      28.4075
    1779      28.4867
    1780      28.1961
    1781      27.1982
    1782      25.6768
    1783      23.5969
    1784      21.2008
    1785      18.7301
    1786      16.3807
    1787      14.4478
    1788      13.2760
    1789      13.1494
    1790      14.1443
    1791      16.0677
    1792      18.8534
    1793      21.9989
    1794      25.1172
    1795      28.0494
    1796      30.7639
    1797      33.1408
    1798      35.1464
    1799      36.8119
    1800      37.8882
    1801      38.2533
    1802      37.7508
    1803      36.4396
    1804      34.5308
    1805      32.1181
    1806      29.4356
    1807      26.6859
    1808      24.0467
    1809      21.7796
    1810      20.2674
    1811      20.0497
    1812      21.3558
    1813      24.2142
    1814      28.4568
    1815      33.2721
    1816      37.9420
    1817      42.0566
    1818      45.3639
    1819      47.8918
    1820      49.6749
    1821      50.6616
    1822      50.6630
    1823      49.5892
    1824      47.5366
    1825      44.4618
    1826      40.6477
    1827      36.3948
    1828      31.9508
    1829      27.5261
    1830      23.3326
    1831      19.7070
    1832      16.9588
    1833      15.0105
    1834      14.0145
    1835      14.0249
    1836      15.1661
    1837      17.3754
    1838      20.6118
    1839      24.4490
    1840      28.2205
    1841      31.7742
    1842      34.7632
    1843      37.0597
    1844      38.5054
    1845      39.0306
    1846      38.6116
    1847      37.1526
    1848      34.9302
    1849      32.1762
    1850      29.3800
    1851      26.9246
    1852      25.2294
    1853      24.4241
    1854      24.5824
    1855      25.5645
    1856      27.1769
    1857      29.0425
    1858      31.0390
    1859      33.0819
    1860      34.8547
    1861      36.2189
    1862      36.9877
    1863      37.0068
    1864      36.3338
    1865      34.7603
    1866      32.4607
    1867      29.6174
    1868      26.5656
    1869      23.4962
    1870      20.6910
    1871      18.4566
    1872      16.9570
    1873      16.4548
    1874      17.1163
    1875      18.8204
    1876      21.4541
    1877      24.7821
    1878      28.3875
    1879      31.8856
    1880      35.1008
    1881      37.9104
    1882      40.1057
    1883      41.5135
    1884      42.0662
    1885      41.6829
    1886      40.4918
    1887      38.6064
    1888      36.1987
    1889      33.4721
    1890      30.7702
    1891      28.4405
    1892      26.6902
    1893      25.5915
    1894      25.1698
    1895      25.2241
    1896      25.5617
    1897      26.3121
    1898      27.4655
    1899      28.8966
    1900      30.5781
    1901      32.2921
    1902      33.7913
    1903      34.8690
    1904      35.3989
    1905      35.3677
    1906      34.9381
    1907      34.0599
    1908      33.0548
    1909      31.8019
    1910      30.2031
    1911      28.5621
    1912      27.2753
    1913      26.3376
    1914      25.9514
    1915      26.2233
    1916      27.1389
    1917      28.5654
    1918      30.2307
    1919      32.0924
    1920      33.8638
    1921      35.5750
    1922      37.1777
    1923      38.5351
    1924      39.4518
    1925      39.9815
    1926      40.0324
    1927      39.5706
    1928      38.6635
    1929      37.3828
    1930      35.5094
    1931      33.3195
    1932      30.9498
    1933      28.8631
    1934      27.4424
    1935      26.8615
    1936      27.1945
    1937      28.3977
    1938      30.1965
    1939      32.4770
    1940      34.8681
    1941      37.1806
    1942      39.0064
    1943      40.1946
    1944      40.6389
    1945      40.4632
    1946      39.7505
    1947      38.6672
    1948      37.3482
    1949      35.9863
    1950      34.7431
    1951      33.8185
    1952      33.3385
    1953      33.2605
    1954      33.3821
    1955      33.5780
    1956      33.8078
    1957      34.0352
    1958      34.4283
    1959      34.9413
    1960      35.6009
    1961      36.3442
    1962      37.1987
    1963      38.0532
    1964      38.9459
    1965      39.9060
    1966      40.7308
    1967      41.3005
    1968      41.5629
    1969      41.6526
    1970      41.4552
    1971      40.9317
    1972      39.9590
    1973      38.6839
    1974      37.3260
    1975      35.9593
    1976      34.8172
    1977      33.9819
    1978      33.3508
    1979      32.9762
    1980      32.7708
    1981      32.7165
    1982      32.7123
    1983      32.7773
    1984      33.1612
    1985      34.0695
    1986      35.4750
    1987      37.3538
    1988      39.5712
    1989      41.7767
    1990      43.6686
    1991      45.1159
    1992      46.0284
    1993      46.2488
    1994      45.7949
    1995      44.7069
    1996      43.1348
    1997      41.2888
    1998      39.3928
    1999      37.7340
    2000      36.4758
    2001      35.7617
    2002      35.5811
    2003      35.6614
    2004      35.8443
    2005      35.9223
    2006      35.7485
    2007      35.3395
    2008      34.6748
    2009      33.7816
    2010      32.6487
    2011      31.5099
    2012      30.6633
    2013      30.2210
    2014      30.2119
    2015      30.4966
    2016      30.8024
    2017      31.3062
    2018      32.0193
    2019      33.0269
    2020      34.1663
    2021      35.5677
    2022      37.1389
    2023      39.0124
    2024      40.9296
    2025      42.8151
    2026      44.5599
    2027      45.9746
    2028      46.7298
    2029      46.8569
    2030      46.2595
    2031      45.1806
    2032      43.6977
    2033      42.0474
    2034      40.4401
    2035      39.1234
    2036      38.1903
    2037      37.7288
    2038      37.7215
    2039      38.0496
    2040      38.6357
    2041      39.2945
    2042      39.9443
    2043      40.3854
    2044      40.7171
    2045      40.8210
    2046      40.8051
    2047      40.7971
    2048      40.9488
    2049      41.3349
    2050      41.9721
    2051      42.5985
    2052      42.9811
    2053      42.8934
    2054      42.1944
    2055      40.7509
    2056      38.7819
    2057      36.4135
    2058      33.7086
    2059      31.0830
    2060      28.9719
    2061      27.8214
    2062      27.7819
    2063      29.0221
    2064      31.0337
    2065      33.3782
    2066      35.7397
    2067      37.8339
    2068      39.5320
    2069      40.6818
    2070      41.3158
    2071      41.3831
    2072      40.8516
    2073      39.7581
    2074      38.1457
    2075      36.2090
    2076      34.0683
    2077      31.8221
    2078      29.6425
    2079      27.7039
    2080      26.1125
    2081      25.0080
    2082      24.7563
    2083      25.5520
    2084      27.4103
    2085      30.2245
    2086      33.6271
    2087      37.0902
    2088      40.1517
    2089      42.5013
    2090      43.8147
    2091      43.9405
    2092      43.0322
    2093      40.9534
    2094      38.1014
    2095      34.6754
    2096      30.9633
    2097      27.1004
    2098      23.2883
    2099      19.8230
    2100      17.1398
    2101      15.4667
    2102      14.9380
    2103      15.5888
    2104      17.1581
    2105      19.3300
    2106      21.8626
    2107      24.4907
    2108      27.1344
    2109      29.5785
    2110      31.5261
    2111      32.9136
    2112      33.4364
    2113      33.2467
    2114      32.5460
    2115      31.4439
    2116      30.1595
    2117      28.7716
    2118      27.3967
    2119      26.1527
    2120      25.1659
    2121      24.5758
    2122      24.4442
    2123      24.8454
    2124      25.7787
    2125      27.2900
    2126      29.1125
    2127      30.8959
    2128      32.4114
    2129      33.5947
    2130      34.4498
    2131      34.8194
    2132      34.8042
    2133      34.3016
    2134      33.3537
    2135      31.9854
    2136      30.4325
    2137      28.8013
    2138      26.9889
    2139      25.0914
    2140      23.3896
    2141      21.7652
    2142      20.4175
    2143      19.4175
    2144      18.8011
    2145      18.7665
    2146      19.4674
    2147      20.8608
    2148      22.7630
    2149      24.8649
    2150      26.8758
    2151      28.4521
    2152      29.5576
    2153      30.2247
    2154      30.4045
    2155      30.1531
    2156      29.6600
    2157      29.0891
    2158      28.6410
    2159      28.4289
    2160      28.5164
    2161      28.7757
    2162      29.1591
    2163      29.5984
    2164      29.8723
    2165      29.9201
    2166      29.6823
    2167      29.2075
    2168      28.5258
    2169      27.6934
    2170      26.7626
    2171      25.6212
    2172      24.4548
    2173      23.1247
    2174      21.7646
    2175      20.5751
    2176      19.5483
    2177      18.6616
    2178      17.9093
    2179      17.2381
    2180      16.6062
    2181      15.9010
    2182      15.2053
    2183      14.6390
    2184      14.4731
    2185      14.6349
    2186      15.1045
    2187      15.6764
    2188      16.4145
    2189      17.1795
    2190      17.8827
    2191      18.6222
    2192      19.3120
    2193      19.8763
    2194      20.1483
    2195      20.3940
    2196      20.6431
    2197      20.8486
    2198      21.0263
    2199      21.2027
    2200      21.2602
    2201      21.3389
    2202      21.4942
    2203      21.6723
    2204      21.7797
    2205      21.8966
    2206      22.0215
    2207      22.1872
    2208      22.4981
    2209      22.6416
    2210      22.7944
    2211      23.1357
    2212      23.6945
    2213      24.3845
    2214      25.2923
    2215      26.4390
    2216      27.7813
    2217      29.4496
    2218      31.2856
    2219      33.2746
    2220      35.3407
    2221      37.3103
    2222      39.1595
    2223      40.7332
    2224      42.0154
    2225      42.8847
    2226      43.3576
    2227      43.3775
    2228      42.9271
    2229      42.2521
    2230      41.5047
    2231      40.8748
    2232      40.2166
    2233      39.6335
    2234      39.1446
    2235      38.7569
    2236      38.5392
    2237      38.2679
    2238      38.0061
    2239      37.7998
    2240      37.5617
    2241      37.3905
    2242      37.3169
    2243      37.3686
    2244      37.4440
    2245      37.2585
    2246      36.7154
    2247      35.9068
    2248      34.8251
    2249      33.4513
    2250      31.9832
    2251      30.4866
    2252      29.1360
    2253      27.9386
    2254      26.8819
    2255      26.2133
    2256      26.0220
    2257      26.4205
    2258      27.2678
    2259      28.4442
    2260      29.8437
    2261      31.3235
    2262      32.6155
    2263      33.5382
    2264      34.0809
    2265      34.1917
    2266      33.9977
    2267      33.5077
    2268      32.9631
    2269      32.3498
    2270      31.8877
    2271      31.7318
    2272      31.7692
    2273      31.9469
    2274      32.0034
    2275      31.9281
    2276      31.6819
    2277      31.3440
    2278      30.9576
    2279      30.4200
    2280      29.8074
    2281      29.1635
    2282      28.6140
    2283      28.1024
    2284      27.6473
    2285      27.2356
    2286      26.8350
    2287      26.3131
    2288      25.8247
    2289      25.3418
    2290      25.0264
    2291      24.9673
    2292      25.3318
    2293      25.9971
    2294      26.9531
    2295      28.1104
    2296      29.4480
    2297      30.8943
    2298      32.4208
    2299      33.8023
    2300      35.0356
    2301      36.0921
    2302      36.9738
    2303      37.6368
    2304      38.0327
    2305      38.2478
    2306      38.2040
    2307      37.9265
    2308      37.5415
    2309      37.0763
    2310      36.6047
    2311      36.0503
    2312      35.5303
    2313      35.2320
    2314      35.0989
    2315      35.2396
    2316      35.7699
    2317      36.5718
    2318      37.4439
    2319      38.3063
    2320      38.9984
    2321      39.4576
    2322      39.6410
    2323      39.4014
    2324      38.7070
    2325      37.5851
    2326      36.2370
    2327      34.6489
    2328      33.0737
    2329      31.7026
    2330      30.7122
    2331      30.0796
    2332      29.9558
    2333      30.2547
    2334      30.8846
    2335      31.9041
    2336      33.1404
    2337      34.4840
    2338      36.0629
    2339      37.6992
    2340      39.1988
    2341      40.4374
    2342      41.4073
    2343      42.2154
    2344      42.9745
    2345      43.6426
    2346      44.1077
    2347      44.3490
    2348      44.3404
    2349      44.2947
    2350      44.1578
    2351      44.0232
    2352      43.9970
    2353      44.1754
    2354      44.5137
    2355      44.8378
    2356      45.0756
    2357      45.3212
    2358      45.4870
    2359      45.7534
    2360      46.0945
    2361      46.5611
    2362      47.1429
    2363      47.6771
    2364      48.0173
    2365      48.1264
    2366      48.1405
    2367      48.0608
    2368      47.8673
    2369      47.6018
    2370      47.0837
    2371      46.4225
    2372      45.5776
    2373      44.6465
    2374      43.8489
    2375      43.1359
    2376      42.3489
    2377      41.3687
    2378      40.2108
    2379      38.9387
    2380      37.6406
    2381      36.4232
    2382      35.2174
    2383      34.0891
    2384      33.1315
    2385      32.3344
    2386      31.7155
    2387      31.1101
    2388      30.4082
    2389      29.6103
    2390      28.7287
    2391      27.6685
    2392      26.4310
    2393      25.1734
    2394      24.1388
    2395      23.5181
    2396      23.3663
    2397      23.6518
    2398      24.3158
    2399      25.1828
    2400      26.1098
    2401      26.9897
    2402      27.8153
    2403      28.5562
    2404      29.2398
    2405      30.0585
    2406      31.0020
    2407      32.0571
    2408      33.1142
    2409      33.9679
    2410      34.8129
    2411      35.4272
    2412      35.9790
    2413      36.4751
    2414      36.9640
    2415      37.6290
    2416      38.3590
    2417      39.1304
    2418      39.8763
    2419      40.6700
    2420      41.4123
    2421      41.9873
    2422      42.3819
    2423      42.7217
    2424      43.0882
    2425      43.3934
    2426      43.7328
    2427      44.1470
    2428      44.5993
    2429      45.1279
    2430      45.6252
    2431      46.0157
    2432      46.2809
    2433      46.4092
    2434      46.3536
    2435      46.0309
    2436      45.4584
    2437      44.7856
    2438      43.9622
    2439      43.0183
    2440      41.8504
    2441      40.6849
    2442      39.5771
    2443      38.7263
    2444      38.1874
    2445      38.1558
    2446      38.6773
    2447      39.7393
    2448      41.2149
    2449      42.9513
    2450      44.8337
    2451      46.4501
    2452      47.6013
    2453      48.1032
    2454      47.8434
    2455      46.8536
    2456      45.2247
    2457      43.0073
    2458      40.4880
    2459      37.9302
    2460      35.6232
    2461      33.5235
    2462      31.7535
    2463      30.4459
    2464      29.6158
    2465      29.1601
    2466      29.1146
    2467      29.6024
    2468      30.8419
    2469      32.6262
    2470      34.7550
    2471      36.8427
    2472      38.6015
    2473      39.9877
    2474      40.9170
    2475      41.1931
    2476      40.7868
    2477      39.7629
    2478      38.1183
    2479      36.1549
    2480      34.2078
    2481      32.6914
    2482      31.6249
    2483      31.1657
    2484      31.1181
    2485      31.2467
    2486      31.4267
    2487      31.6059
    2488      31.9727
    2489      32.4986
    2490      33.2691
    2491      34.1937
    2492      35.3890
    2493      36.8338
    2494      38.2672
    2495      39.5064
    2496      40.2640
    2497      40.5369
    2498      40.3002
    2499      39.5712
    2500      38.2783
    2501      36.5766
    2502      34.5422
    2503      32.3571
    2504      30.3155
    2505      28.7202
    2506      27.9397
    2507      27.8592
    2508      28.5170
    2509      29.7751
    2510      31.6205
    2511      34.0573
    2512      36.9340
    2513      39.9033
    2514      42.7496
    2515      45.1696
    2516      46.9643
    2517      48.0342
    2518      48.3470
    2519      48.0002
    2520      46.9924
    2521      45.4617
    2522      43.6218
    2523      41.6358
    2524      39.7966
    2525      38.0601
    2526      36.5634
    2527      35.3858
    2528      34.6071
    2529      34.2566
    2530      34.2323
    2531      34.5252
    2532      35.2539
    2533      36.1885
    2534      37.2721
    2535      38.3169
    2536      39.0380
    2537      39.3038
    2538      39.0627
    2539      38.1483
    2540      36.5932
    2541      34.6976
    2542      32.6835
    2543      30.7020
    2544      28.9758
    2545      27.8156
    2546      27.4029
    2547      27.7932
    2548      29.0353
    2549      30.9815
    2550      33.4808
    2551      36.2131
    2552      39.0976
    2553      41.6766
    2554      43.7982
    2555      45.5942
    2556      46.9563
    2557      47.7887
    2558      48.2544
    2559      48.4409
    2560      48.2387
    2561      47.7844
    2562      47.1053
    2563      46.2547
    2564      45.2933
    2565      44.2711
    2566      43.2511
    2567      42.3056
    2568      41.7204
    2569      41.4484
    2570      41.4959
    2571      41.7257
    2572      41.9203
    2573      42.0542
    2574      42.1960
    2575      42.4255
    2576      42.5743
    2577      42.5719
    2578      42.4205
    2579      42.1885
    2580      41.9252
    2581      41.7254
    2582      41.5859
    2583      41.5078
    2584      41.3896
    2585      41.1576
    2586      40.8299
    2587      40.6337
    2588      40.4863
    2589      40.5945
    2590      40.9417
    2591      41.7419
    2592      42.8542
    2593      44.0418
    2594      45.1204
    2595      46.0675
    2596      46.8281
    2597      47.2346
    2598      47.4094
    2599      47.1936
    2600      46.7062
    2601      45.9223
    2602      44.7790
    2603      43.4214
    2604      41.7696
    2605      40.0254
    2606      38.1431
    2607      36.2887
    2608      34.6568
    2609      33.2048
    2610      32.1071
    2611      31.4119
    2612      30.8578
    2613      30.5769
    2614      30.5264
    2615      30.5101
    2616      30.5347
    2617      30.4976
    2618      30.3479
    2619      30.0992
    2620      29.9393
    2621      29.9673
    2622      30.4800
    2623      31.3789
    2624      32.4909
    2625      33.7120
    2626      34.9560
    2627      35.9162
    2628      36.4975
    2629      36.5924
    2630      36.0809
    2631      35.1108
    2632      33.8091
    2633      32.4099
    2634      30.9095
    2635      29.2531
    2636      27.7842
    2637      26.6020
    2638      25.6388
    2639      25.0539
    2640      24.6567
    2641      24.4244
    2642      24.4279
    2643      24.4846
    2644      24.5437
    2645      24.6492
    2646      24.9579
    2647      25.2782
    2648      25.5954
    2649      25.7519
    2650      25.8856
    2651      25.9840
    2652      25.9954
    2653      26.0575
    2654      26.0842
    2655      26.1683
    2656      26.4140
    2657      26.8385
    2658      27.4942
    2659      28.2057
    2660      28.9232
    2661      29.5360
    2662      29.8786
    2663      29.7910
    2664      29.1626
    2665      27.9635
    2666      26.2176
    2667      24.1236
    2668      21.8655
    2669      19.5690
    2670      17.6218
    2671      16.0573
    2672      14.8231
    2673      14.0944
    2674      13.7490
    2675      13.7359
    2676      14.1448
    2677      15.0093
    2678      16.2034
    2679      17.6644
    2680      19.2814
    2681      20.8669
    2682      22.4544
    2683      23.8725
    2684      24.7646
    2685      25.0915
    2686      24.9615
    2687      24.2810
    2688      23.2876
    2689      22.2139
    2690      21.2740
    2691      20.5267
    2692      20.1047
    2693      20.1534
    2694      20.6713
    2695      21.7346
    2696      23.3689
    2697      25.2700
    2698      27.3310
    2699      29.5308
    2700      31.6348
    2701      33.6160
    2702      35.3604
    2703      36.7458
    2704      37.7580
    2705      38.2491
    2706      38.2705
    2707      37.8383
    2708      36.9205
    2709      35.5559
    2710      33.9459
    2711      32.1773
    2712      30.4177
    2713      28.8795
    2714      27.6176
    2715      26.6619
    2716      25.9584
    2717      25.4645
    2718      25.3316
    2719      25.4783
    2720      25.9013
    2721      26.6320
    2722      27.6523
    2723      29.0003
    2724      30.4891
    2725      31.8606
    2726      32.7328
    2727      32.9521
    2728      32.4033
    2729      31.1663
    2730      29.5281
    2731      27.6716
    2732      25.7819
    2733      24.0321
    2734      22.6992
    2735      21.8485
    2736      21.4535
    2737      21.5693
    2738      22.2419
    2739      23.4203
    2740      25.1238
    2741      27.3653
    2742      30.0122
    2743      32.9022
    2744      35.7840
    2745      38.3543
    2746      40.3528
    2747      41.6096
    2748      42.0741
    2749      41.8384
    2750      40.8720
    2751      39.2814
    2752      37.1626
    2753      34.7113
    2754      32.0965
    2755      29.3563
    2756      26.7684
    2757      24.4556
    2758      22.7931
    2759      21.8409
    2760      21.6591
    2761      22.0133
    2762      22.7703
    2763      23.8374
    2764      24.9999
    2765      26.2377
    2766      27.4442
    2767      28.6160
    2768      29.8631
    2769      31.1522
    2770      32.4494
    2771      33.7778
    2772      34.9766
    2773      36.0462
    2774      36.7844
    2775      37.1597
    2776      37.3226
    2777      37.3463
    2778      37.2911
    2779      37.1885
    2780      37.1296
    2781      37.1743
    2782      37.4311
    2783      37.9463
    2784      38.6492
    2785      39.5306
    2786      40.3512
    2787      41.1150
    2788      41.5696
    2789      41.7203
    2790      41.6472
    2791      41.3603
    2792      41.1987
    2793      41.4151
    2794      42.1461
    2795      43.3807
    2796      44.9131
    2797      46.4772
    2798      48.0071
    2799      49.3906
    2800      50.4064
    2801      51.0068
    2802      51.1467
    2803      50.7464
    2804      49.8927
    2805      48.7526
    2806      47.5105
    2807      46.2649
    2808      45.0563
    2809      43.7915
    2810      42.4173
    2811      40.9654
    2812      39.3487
    2813      37.6319
    2814      35.8892
    2815      34.1871
    2816      32.7412
    2817      31.7540
    2818      31.4259
    2819      31.7408
    2820      32.7441
    2821      34.2235
    2822      36.0902
    2823      38.1906
    2824      40.2401
    2825      42.0096
    2826      43.2158
    2827      43.8367
    2828      43.8457
    2829      43.4872
    2830      42.8071
    2831      42.0461
    2832      41.2375
    2833      40.3697
    2834      39.4401
    2835      38.4086
    2836      37.3855
    2837      36.5071
    2838      35.6818
    2839      35.2599
    2840      35.3133
    2841      35.9104
    2842      36.9781
    2843      38.5515
    2844      40.6069
    2845      42.8786
    2846      45.0167
    2847      46.7483
    2848      47.9029
    2849      48.2768
    2850      48.0207
    2851      47.2893
    2852      46.1591
    2853      44.7966
    2854      43.1473
    2855      41.3467
    2856      39.5946
    2857      38.0906
    2858      36.9639
    2859      36.2027
    2860      35.7334
    2861      35.4388
    2862      35.1389
    2863      34.8936
    2864      34.7672
    2865      34.8839
    2866      35.3952
    2867      36.3256
    2868      37.4183
    2869      38.7053
    2870      40.0405
    2871      41.1027
    2872      41.7630
    2873      42.2289
    2874      42.3453
    2875      42.0746
    2876      41.5115
    2877      40.5209
    2878      39.2236
    2879      37.8278
    2880      36.4985
    2881      35.2652
    2882      34.2616
    2883      33.3724
    2884      32.4785
    2885      31.7201
    2886      31.0546
    2887      30.5746
    2888      30.4848
    2889      30.8933
    2890      31.9003
    2891      33.4578
    2892      35.3249
    2893      37.4487
    2894      39.6154
    2895      41.5608
    2896      42.9853
    2897      43.7600
    2898      44.0464
    2899      43.9584
    2900      43.3896
    2901      42.5293
    2902      41.4677
    2903      40.3490
    2904      39.5201
    2905      39.0977
    2906      39.0809
    2907      39.3871
    2908      39.9143
    2909      40.6768
    2910      41.6717
    2911      42.6762
    2912      43.6903
    2913      44.5813
    2914      45.3980
    2915      46.1530
    2916      46.8679
    2917      47.5406
    2918      48.1128
    2919      48.5687
    2920      48.8608
    2921      49.0307
    2922      48.9080
    2923      48.4513
    2924      47.6570
    2925      46.5949
    2926      45.4391
    2927      44.2968
    2928      43.3465
    2929      42.7560
    2930      42.6503
    2931      42.9203
    2932      43.4345
    2933      44.1478
    2934      44.9018
    2935      45.6072
    2936      46.0768
    2937      46.1784
    2938      45.8888
    2939      45.2880
    2940      44.6011
    2941      43.8284
    2942      42.9269
    2943      42.1665
    2944      41.5466
    2945      41.1458
    2946      40.9731
    2947      41.0803
    2948      41.2137
    2949      41.4773
    2950      41.8097
    2951      42.2333
    2952      42.7939
    2953      43.6837
    2954      44.9635
    2955      46.5403
    2956      48.2606
    2957      49.9775
    2958      51.4385
    2959      52.5607
    2960      53.1164
    2961      53.0063
    2962      52.1789
    2963      50.7266
    2964      48.9156
    2965      46.8635
    2966      44.6874
    2967      42.6163
    2968      40.7165
    2969      38.9655
    2970      37.5571
    2971      36.4207
    2972      35.5083
    2973      34.9396
    2974      34.6165
    2975      34.6399
    2976      35.0108
    2977      35.7221
    2978      36.5332
    2979      37.3629
    2980      37.9670
    2981      38.2843
    2982      38.3324
    2983      37.9799
    2984      37.2577
    2985      36.3161
    2986      35.3578
    2987      34.4140
    2988      33.6793
    2989      33.2571
    2990      33.1184
    2991      33.2397
    2992      33.6288
    2993      34.2823
    2994      35.2824
    2995      36.3917
    2996      37.6456
    2997      38.7969
    2998      39.7624
    2999      40.6343
    3000      41.3688
    3001      41.8204
    3002      41.9885
    3003      41.7974
    3004      41.3216
    3005      40.6401
    3006      39.8212
    3007      39.0548
    3008      38.2341
    3009      37.4092
    3010      36.6194
    3011      35.8384
    3012      35.3048
    3013      34.9027
    3014      35.0034
    3015      36.0317
    3016      37.7879
    3017      40.1008
    3018      42.8497
    3019      45.6518
    3020      47.7984
    3021      49.1645
    3022      49.6785
    3023      49.3887
    3024      48.3962
    3025      46.7538
    3026      44.6780
    3027      42.3022
    3028      39.9561
    3029      38.0306
    3030      36.7613
    3031      36.4654
    3032      37.0377
    3033      38.1951
    3034      39.5372
    3035      40.6648
    3036      41.4058
    3037      41.7735
    3038      41.6804
    3039      41.3508
    3040      40.7392
    3041      40.0563
    3042      39.3694
    3043      38.7165
    3044      38.1814
    3045      37.9670
    3046      38.0211
    3047      38.3155
    3048      38.8240
    3049      39.5733
    3050      40.5890
    3051      41.9754
    3052      43.6890
    3053      45.5700
    3054      47.4951
    3055      49.4364
    3056      51.1746
    3057      52.4803
    3058      53.2470
    3059      53.4636
    3060      53.3228
    3061      52.7753
    3062      51.8998
    3063      51.0062
    3064      50.3339
    3065      50.1910
    3066      50.5081
    3067      51.0651
    3068      51.5623
    3069      51.7216
    3070      51.5142
    3071      50.8997
    3072      49.9820
    3073      48.9722
    3074      47.9340
    3075      47.0723
    3076      46.4277
    3077      46.2260
    3078      46.3673
    3079      46.8064
    3080      47.3328
    3081      47.6158
    3082      47.4923
    3083      47.0870
    3084      46.2274
    3085      45.0292
    3086      43.6630
    3087      42.3507
    3088      41.0866
    3089      40.1025
    3090      39.3126
    3091      38.6796
    3092      38.0775
    3093      37.4208
    3094      36.6573
    3095      35.9120
    3096      35.2752
    3097      34.7717
    3098      34.5940
    3099      35.1249
    3100      36.2751
    3101      38.0346
    3102      40.1535
    3103      42.1814
    3104      43.9500
    3105      45.2339
    3106      46.0123
    3107      46.2867
    3108      45.9596
    3109      45.1624
    3110      43.9011
    3111      42.3109
    3112      40.8173
    3113      39.7834
    3114      39.4255
    3115      39.6507
    3116      40.3084
    3117      41.3380
    3118      42.3095
    3119      43.0998
    3120      43.5625
    3121      43.6750
    3122      43.4697
    3123      43.0364
    3124      42.5205
    3125      42.2934
    3126      42.4440
    3127      43.0331
    3128      43.9703
    3129      45.1380
    3130      46.2090
    3131      46.9622
    3132      47.5780
    3133      47.9983
    3134      48.2232
    3135      48.2358
    3136      48.1407
    3137      47.9569
    3138      47.8148
    3139      47.8717
    3140      48.1257
    3141      48.6642
    3142      49.4030
    3143      50.2441
    3144      50.9407
    3145      51.4170
    3146      51.6344
    3147      51.5343
    3148      51.3272
    3149      51.1466
    3150      51.0291
    3151      50.9046
    3152      50.5502
    3153      50.0226
    3154      49.2641
    3155      48.2072
    3156      47.1089
    3157      46.1456
    3158      45.3816
    3159      44.9362
    3160      44.8469
    3161      45.0971
    3162      45.7831
    3163      47.0605
    3164      48.6655
    3165      50.3655
    3166      51.6847
    3167      52.5202
    3168      52.5810
    3169      51.8415
    3170      50.3622
    3171      48.2370
    3172      45.6081
    3173      42.7614
    3174      39.9444
    3175      37.5114
    3176      35.6285
    3177      34.4531
    3178      33.8777
    3179      33.7945
    3180      34.1133
    3181      34.7172
    3182      35.5331
    3183      36.7205
    3184      38.1373
    3185      39.7067
    3186      41.2935
    3187      42.6660
    3188      43.6407
    3189      44.0730
    3190      43.9238
    3191      43.2482
    3192      42.0072
    3193      40.1400
    3194      37.9171
    3195      35.6012
    3196      33.4422
    3197      31.7688
    3198      30.6840
    3199      30.1095
    3200      29.9986
    3201      30.3610
    3202      31.3090
    3203      32.6586
    3204      34.3523
    3205      36.3298
    3206      38.3165
    3207      40.0088
    3208      41.3111
    3209      42.1821
    3210      42.5989
    3211      42.5470
    3212      42.1203
    3213      41.4994
    3214      40.5999
    3215      39.6467
    3216      38.6910
    3217      37.7618
    3218      36.7989
    3219      35.9966
    3220      35.2598
    3221      34.6910
    3222      34.3052
    3223      34.1636
    3224      34.4558
    3225      35.2927
    3226      36.8805
    3227      39.1756
    3228      41.8968
    3229      44.5457
    3230      46.6420
    3231      47.9302
    3232      48.3567
    3233      48.1720
    3234      47.2859
    3235      45.9431
    3236      44.3819
    3237      42.8389
    3238      41.5829
    3239      40.8402
    3240      40.6377
    3241      41.2628
    3242      42.5546
    3243      44.2035
    3244      46.0770
    3245      48.0394
    3246      49.7599
    3247      51.0194
    3248      51.6295
    3249      51.6099
    3250      50.7723
    3251      49.1962
    3252      47.0012
    3253      44.2741
    3254      41.1172
    3255      37.8231
    3256      34.7348
    3257      32.1594
    3258      30.5647
    3259      30.1102
    3260      30.8299
    3261      32.5343
    3262      34.8634
    3263      37.5854
    3264      40.3278
    3265      42.9093
    3266      45.3136
    3267      47.4793
    3268      49.1907
    3269      50.3965
    3270      51.0096
    3271      51.0494
    3272      50.5879
    3273      49.6846
    3274      48.3844
    3275      46.7823
    3276      45.0324
    3277      43.1242
    3278      41.2752
    3279      39.5866
    3280      38.3067
    3281      37.5089
    3282      37.0660
    3283      37.1161
    3284      37.5434
    3285      38.3550
    3286      39.5235
    3287      40.9409
    3288      42.4506
    3289      43.7944
    3290      44.9216
    3291      45.6416
    3292      45.8566
    3293      45.4760
    3294      44.5213
    3295      43.2111
    3296      41.7132
    3297      40.2319
    3298      38.9724
    3299      38.0637
    3300      37.5271
    3301      37.4500
    3302      37.6967
    3303      38.2760
    3304      39.2367
    3305      40.5833
    3306      42.2843
    3307      44.1608
    3308      46.2201
    3309      48.2021
    3310      49.8668
    3311      51.2283
    3312      51.9563
    3313      51.9483
    3314      51.2217
    3315      49.9728
    3316      48.4868
    3317      46.8553
    3318      45.2069
    3319      43.7067
    3320      42.4410
    3321      41.5829
    3322      41.2333
    3323      41.3771
    3324      42.0059
    3325      43.0852
    3326      44.4603
    3327      45.9263
    3328      47.2032
    3329      48.1858
    3330      48.8003
    3331      48.8761
    3332      48.4234
    3333      47.5224
    3334      46.0195
    3335      43.9538
    3336      41.6695
    3337      39.3660
    3338      37.4245
    3339      35.9872
    3340      35.0208
    3341      34.6361
    3342      34.6644
    3343      34.9925
    3344      35.6089
    3345      36.4560
    3346      37.1710
    3347      37.6973
    3348      38.0409
    3349      38.2454
    3350      38.3443
    3351      38.3465
    3352      38.2598
    3353      38.1061
    3354      38.0231
    3355      38.0509
    3356      38.1471
    3357      38.4549
    3358      38.8410
    3359      39.2129
    3360      39.4436
    3361      39.5210
    3362      39.3980
    3363      39.0468
    3364      38.5313
    3365      37.9339
    3366      37.4692
    3367      37.3221
    3368      37.3253
    3369      37.5659
    3370      38.2732
    3371      39.2536
    3372      40.1641
    3373      40.9567
    3374      41.6889
    3375      42.1362
    3376      42.2280
    3377      41.9759
    3378      41.4411
    3379      40.6518
    3380      39.9046
    3381      39.3043
    3382      38.9765
    3383      38.8161
    3384      38.8673
    3385      39.0685
    3386      39.4818
    3387      40.0016
    3388      40.6153
    3389      41.3048
    3390      42.0148
    3391      42.7438
    3392      43.3929
    3393      43.7335
    3394      43.6467
    3395      43.2721
    3396      42.4804
    3397      41.5457
    3398      40.3832
    3399      38.8793
    3400      37.1377
    3401      35.2323
    3402      33.3676
    3403      31.8418
    3404      30.8806
    3405      30.5935
    3406      30.9930
    3407      31.8441
    3408      33.1878
    3409      34.9107
    3410      36.9978
    3411      39.4215
    3412      42.0157
    3413      44.7404
    3414      47.4194
    3415      50.1170
    3416      52.5203
    3417      54.4535
    3418      56.0438
    3419      57.2340
    3420      57.8984
    3421      58.0005
    3422      57.5442
    3423      56.5688
    3424      55.3479
    3425      53.9618
    3426      52.3378
    3427      50.8958
    3428      49.7080
    3429      48.6112
    3430      47.5532
    3431      46.4512
    3432      45.1832
    3433      43.9503
    3434      42.9318
    3435      42.2616
    3436      42.1226
    3437      42.5466
    3438      43.5899
    3439      44.9003
    3440      46.2604
    3441      47.4133
    3442      48.0559
    3443      48.1147
    3444      47.6016
    3445      46.5693
    3446      44.9038
    3447      42.7245
    3448      40.1802
    3449      37.6603
    3450      35.4666
    3451      33.8047
    3452      32.8207
    3453      32.3790
    3454      32.5523
    3455      33.1856
    3456      34.2495
    3457      35.7092
    3458      37.2405
    3459      38.9242
    3460      40.5259
    3461      41.7888
    3462      42.5297
    3463      42.7173
    3464      42.6657
    3465      42.6494
    3466      42.7117
    3467      42.8393
    3468      42.9388
    3469      43.1146
    3470      43.2967
    3471      43.3374
    3472      43.2438
    3473      42.9430
    3474      42.5225
    3475      41.9258
    3476      41.2386
    3477      40.4833
    3478      39.6410
    3479      38.6363
    3480      37.2444
    3481      35.3992
    3482      33.1516
    3483      30.7049
    3484      28.2569
    3485      26.1177
    3486      24.6522
    3487      23.9646
    3488      24.0546
    3489      24.5685
    3490      25.4157
    3491      26.3381
    3492      27.3812
    3493      28.4439
    3494      29.3606
    3495      30.0811
    3496      30.4070
    3497      30.6772
    3498      30.8580
    3499      30.8705
    3500      30.7674
    3501      30.5659
    3502      30.1284
    3503      29.4402
    3504      28.5168
    3505      27.3194
    3506      25.8130
    3507      24.3206
    3508      22.9637
    3509      22.3524
    3510      22.6265
    3511      23.8243
    3512      25.7416
    3513      27.9696
    3514      30.0563
    3515      32.0098
    3516      33.5549
    3517      34.5146
    3518      34.9557
    3519      34.8631
    3520      34.4072
    3521      33.5261
    3522      32.2589
    3523      30.7719
    3524      29.0551
    3525      27.0347
    3526      24.8006
    3527      22.3861
    3528      20.0930
    3529      18.1326
    3530      16.5995
    3531      15.6897
    3532      15.3989
    3533      15.8061
    3534      16.7137
    3535      17.9610
    3536      19.2871
    3537      20.5661
    3538      21.6293
    3539      22.4659
    3540      23.0151
    3541      23.3084
    3542      23.4039
    3543      23.2438
    3544      22.7222
    3545      21.8428
    3546      20.6278
    3547      19.4128
    3548      18.3644
    3549      17.7639
    3550      17.7815
    3551      18.5409
    3552      19.9207
    3553      21.6919
    3554      23.7327
    3555      25.7648
    3556      27.5958
    3557      29.2145
    3558      30.3214
    3559      30.9169
    3560      31.0945
    3561      30.9652
    3562      30.4881
    3563      29.6330
    3564      28.4380
    3565      27.0240
    3566      25.3486
    3567      23.4778
    3568      21.5907
    3569      19.8599
    3570      18.3656
    3571      17.3385
    3572      16.9134
    3573      17.0182
    3574      17.6240
    3575      18.6336
    3576      19.8671
    3577      21.1395
    3578      22.2898
    3579      23.3096
    3580      24.2953
    3581      25.2286
    3582      26.0836
    3583      26.7705
    3584      27.4197
    3585      27.8619
    3586      27.9010
    3587      27.5477
    3588      26.7895
    3589      25.6227
    3590      24.0698
    3591      22.3527
    3592      20.7937
    3593      19.4711
    3594      18.6000
    3595      18.3529
    3596      18.7061
    3597      19.3740
    3598      20.3128
    3599      21.4035
    3600      22.6746
    3601      24.1509
    3602      25.7910
    3603      27.6814
    3604      29.7710
    3605      32.0244
    3606      34.4578
    3607      36.8041
    3608      38.8523
    3609      40.5213
    3610      41.7587
    3611      42.4783
    3612      42.5054
    3613      41.8179
    3614      40.6537
    3615      39.0274
    3616      37.2602
    3617      35.3069
    3618      33.4219
    3619      31.8077
    3620      30.6659
    3621      30.2208
    3622      30.6602
    3623      31.9823
    3624      33.9544
    3625      36.2138
    3626      38.4058
    3627      40.1634
    3628      41.3487
    3629      41.8329
    3630      41.6042
    3631      40.7784
    3632      39.5986
    3633      38.4236
    3634      37.3130
    3635      36.1351
    3636      34.9859
    3637      33.8325
    3638      32.7709
    3639      31.7576
    3640      30.8842
    3641      30.2416
    3642      30.0983
    3643      30.5242
    3644      31.6738
    3645      33.4610
    3646      35.5359
    3647      37.4940
    3648      38.9709
    3649      39.8052
    3650      40.0583
    3651      39.9466
    3652      39.5700
    3653      38.8607
    3654      37.8764
    3655      36.6914
    3656      35.4299
    3657      34.1453
    3658      32.8522
    3659      31.5002
    3660      30.2022
    3661      29.1417
    3662      28.3650
    3663      27.9874
    3664      28.2121
    3665      28.9902
    3666      30.4504
    3667      32.5363
    3668      34.9743
    3669      37.2899
    3670      39.1393
    3671      40.4923
    3672      41.1203
    3673      40.8657
    3674      39.7583
    3675      37.9625
    3676      35.5165
    3677      32.5673
    3678      29.2936
    3679      25.9478
    3680      22.6233
    3681      19.5795
    3682      17.0346
    3683      15.1311
    3684      14.1303
    3685      14.1252
    3686      15.1865
    3687      17.2823
    3688      20.3573
    3689      24.0663
    3690      27.8810
    3691      31.4564
    3692      34.6464
    3693      37.2802
    3694      39.2841
    3695      40.5856
    3696      41.3798
    3697      41.7210
    3698      41.6256
    3699      41.3084
    3700      40.9541
    3701      40.5897
    3702      40.1657
    3703      39.7220
    3704      39.3917
    3705      39.2559
    3706      39.2527
    3707      39.3661
    3708      39.5188
    3709      39.3953
    3710      38.7288
    3711      37.7544
    3712      36.6563
    3713      35.4201
    3714      34.2245
    3715      33.2080
    3716      32.3344
    3717      31.7694
    3718      31.4861
    3719      31.4074
    3720      31.6130
    3721      32.0982
    3722      32.8089
    3723      33.6541
    3724      34.4904
    3725      35.3455
    3726      36.1876
    3727      37.0373
    3728      37.9976
    3729      39.2427
    3730      40.5760
    3731      41.7332
    3732      42.5892
    3733      43.0928
    3734      43.3973
    3735      43.4715
    3736      43.2265
    3737      42.6737
    3738      41.6617
    3739      40.2975
    3740      38.7307
    3741      37.1500
    3742      35.7510
    3743      34.6253
    3744      33.9011
    3745      33.8331
    3746      34.4198
    3747      35.6146
    3748      37.4921
    3749      40.0399
    3750      42.9028
    3751      45.8099
    3752      48.4711
    3753      50.5962
    3754      52.1986
    3755      53.2820
    3756      53.6410
    3757      53.2834
    3758      52.2904
    3759      50.6009
    3760      48.3054
    3761      45.6022
    3762      42.7587
    3763      40.1145
    3764      37.7477
    3765      35.8952
    3766      34.8449
    3767      34.5396
    3768      34.8058
    3769      35.5257
    3770      36.6501
    3771      37.9301
    3772      39.2256
    3773      40.3886
    3774      41.2667
    3775      41.7153
    3776      41.6911
    3777      41.3247
    3778      40.6052
    3779      39.5876
    3780      38.3485
    3781      36.9856
    3782      35.5043
    3783      33.8801
    3784      32.2801
    3785      31.0377
    3786      30.4162
    3787      30.5862
    3788      31.4220
    3789      32.8016
    3790      34.6097
    3791      36.5748
    3792      38.5152
    3793      40.2928
    3794      41.9333
    3795      43.3797
    3796      44.5152
    3797      45.3915
    3798      45.9956
    3799      46.3819
    3800      46.3714
    3801      45.9246
    3802      45.1355
    3803      44.0932
    3804      42.6976
    3805      41.0363
    3806      39.2345
    3807      37.5968
    3808      36.4611
    3809      35.9246
    3810      35.9993
    3811      36.5929
    3812      37.5064
    3813      38.5756
    3814      39.7814
    3815      41.0601
    3816      42.3157
    3817      43.5273
    3818      44.7330
    3819      46.0182
    3820      47.2177
    3821      48.1498
    3822      48.6311
    3823      48.4196
    3824      47.3162
    3825      45.6506
    3826      43.7198
    3827      41.7819
    3828      40.1553
    3829      39.1501
    3830      39.0821
    3831      39.9388
    3832      41.8257
    3833      44.4044
    3834      47.4881
    3835      50.5843
    3836      53.5308
    3837      56.2589
    3838      58.7365
    3839      60.7776
    3840      62.2384
    3841      62.9831
    3842      63.0748
    3843      62.6878
    3844      62.0270
    3845      61.0113
    3846      59.5201
    3847      57.5855
    3848      55.3904
    3849      53.1417
    3850      51.0611
    3851      49.3058
    3852      48.1008
    3853      47.4158
    3854      47.1759
    3855      47.2773
    3856      47.7060
    3857      48.2908
    3858      48.8802
    3859      49.4668
    3860      50.1285
    3861      50.9010
    3862      51.7122
    3863      52.3965
    3864      52.8752
    3865      53.0363
    3866      52.8874
    3867      52.3707
    3868      51.5240
    3869      50.3783
    3870      49.2031
    3871      48.1338
    3872      47.1576
    3873      46.3492
    3874      45.6347
    3875      44.8667
    3876      44.0331
    3877      43.2602
    3878      42.7017
    3879      42.5249
    3880      42.9469
    3881      43.9666
    3882      45.4258
    3883      47.1348
    3884      48.7469
    3885      49.9447
    3886      50.4373
    3887      50.2316
    3888      49.3085
    3889      47.7491
    3890      45.7362
    3891      43.5354
    3892      41.4177
    3893      39.7792
    3894      38.9399
    3895      38.9255
    3896      39.4407
    3897      40.2825
    3898      41.1714
    3899      42.0878
    3900      43.0331
    3901      43.9866
    3902      44.8455
    3903      45.4642
    3904      45.8549
    3905      46.0353
    3906      46.0789
    3907      46.0256
    3908      45.6818
    3909      45.0343
    3910      44.2408
    3911      43.3259
    3912      42.5451
    3913      41.9958
    3914      42.0212
    3915      42.7168
    3916      44.1610
    3917      46.1388
    3918      48.3080
    3919      50.4087
    3920      52.2143
    3921      53.5898
    3922      54.4501
    3923      54.7656
    3924      54.5007
    3925      53.5081
    3926      51.9443
    3927      50.0012
    3928      47.8968
    3929      45.8343
    3930      44.0685
    3931      42.6165
    3932      41.5460
    3933      40.8097
    3934      40.2380
    3935      39.8263
    3936      39.4710
    3937      39.0454
    3938      38.7693
    3939      38.6223
    3940      38.6392
    3941      39.0095
    3942      39.6839
    3943      40.6096
    3944      41.7077
    3945      42.7823
    3946      43.6133
    3947      44.0415
    3948      43.9304
    3949      43.3738
    3950      42.3302
    3951      40.8690
    3952      39.2843
    3953      37.8339
    3954      36.8602
    3955      36.3482
    3956      36.2481
    3957      36.7022
    3958      37.4608
    3959      38.5204
    3960      39.8017
    3961      41.1716
    3962      42.3854
    3963      43.3425
    3964      43.9945
    3965      44.1143
    3966      43.5729
    3967      42.3992
    3968      40.6642
    3969      38.4397
    3970      35.9272
    3971      33.2429
    3972      30.5054
    3973      27.8914
    3974      25.6649
    3975      24.2383
    3976      23.7949
    3977      24.3464
    3978      25.6308
    3979      27.3579
    3980      29.3029
    3981      31.1499
    3982      32.8632
    3983      34.4054
    3984      35.7032
    3985      36.7039
    3986      37.4361
    3987      37.5337
    3988      37.0381
    3989      36.0341
    3990      34.5890
    3991      32.7789
    3992      30.6692
    3993      28.4168
    3994      26.1985
    3995      24.0921
    3996      22.3329
    3997      20.9604
    3998      20.2717
    3999      20.3056
    4000      21.0638
    4001      22.3888
    4002      24.0591
    4003      25.8352
    4004      27.6977
    4005      29.5995
    4006      31.5855
    4007      33.5842
    4008      35.5572
    4009      37.5070
    4010      39.3784
    4011      41.0726
    4012      42.4964
    4013      43.6059
    4014      44.3747
    4015      44.6999
    4016      44.6850
    4017      44.2770
    4018      43.4160
    4019      42.2529
    4020      40.8676
    4021      39.4104
    4022      38.0534
    4023      36.8777
    4024      36.0422
    4025      35.6650
    4026      35.8598
    4027      36.7516
    4028      38.2892
    4029      40.3503
    4030      42.5746
    4031      44.7258
    4032      46.5078
    4033      47.6929
    4034      48.2062
    4035      48.1064
    4036      47.4707
    4037      46.4504
    4038      45.2383
    4039      43.9565
    4040      42.6982
    4041      41.4296
    4042      40.0817
    4043      38.6658
    4044      37.1945
    4045      35.8113
    4046      34.6931
    4047      34.0616
    4048      34.0665
    4049      34.8087
    4050      36.3022
    4051      38.3616
    4052      40.4630
    4053      42.3665
    4054      43.9029
    4055      45.0423
    4056      45.9088
    4057      46.5920
    4058      47.2105
    4059      47.7432
    4060      48.2224
    4061      48.6235
    4062      48.8401
    4063      48.7273
    4064      48.3325
    4065      47.6158
    4066      46.5876
    4067      45.4020
    4068      44.1441
    4069      43.0090
    4070      42.1662
    4071      41.7187
    4072      41.6518
    4073      41.8977
    4074      42.1946
    4075      42.2994
    4076      42.1460
    4077      41.6446
    4078      40.8541
    4079      39.9829
    4080      39.1744
    4081      38.6605
    4082      38.4058
    4083      38.2180
    4084      38.0487
    4085      37.7851
    4086      37.4257
    4087      36.9585
    4088      36.3151
    4089      35.5542
    4090      34.7264
    4091      33.9408
    4092      33.4535
    4093      33.4651
    4094      33.9281
    4095      34.8992
    4096      36.2681
    4097      37.9698
    4098      39.8500
    4099      41.5836
    4100      43.1186
    4101      44.4047
    4102      45.5521
    4103      46.4982
    4104      47.3537
    4105      48.1579
    4106      49.0350
    4107      49.7882
    4108      50.4209
    4109      50.9560
    4110      51.2702
    4111      51.3322
    4112      51.1534
    4113      50.5277
    4114      49.3667
    4115      47.6700
    4116      45.6925
    4117      43.5961
    4118      41.4956
    4119      39.5761
    4120      37.9341
    4121      36.7156
    4122      35.8588
    4123      35.3111
    4124      34.9411
    4125      34.6951
    4126      34.5363
    4127      34.4865
    4128      34.6214
    4129      35.0871
    4130      36.0206
    4131      37.3147
    4132      38.6317
    4133      39.7491
    4134      40.3963
    4135      40.3676
    4136      39.6674
    4137      38.3828
    4138      36.5581
    4139      34.4035
    4140      32.0173
    4141      29.9414
    4142      28.5310
    4143      28.0702
    4144      28.5330
    4145      29.7905
    4146      31.6802
    4147      33.8610
    4148      35.9535
    4149      37.6726
    4150      39.0642
    4151      40.2160
    4152      41.2020
    4153      42.0953
    4154      42.8122
    4155      43.1763
    4156      43.0267
    4157      42.2604
    4158      40.7996
    4159      38.7270
    4160      36.3101
    4161      33.7090
    4162      31.1675
    4163      28.9034
    4164      27.0655
    4165      25.9667
    4166      25.6649
    4167      26.1699
    4168      27.2619
    4169      28.8594
    4170      30.5584
    4171      32.1341
    4172      33.3777
    4173      34.1607
    4174      34.4280
    4175      34.0792
    4176      33.2913
    4177      32.1597
    4178      30.9174
    4179      29.7557
    4180      28.8954
    4181      28.5969
    4182      28.8335
    4183      29.4852
    4184      30.4441
    4185      31.5467
    4186      32.7748
    4187      34.0623
    4188      35.5343
    4189      37.0507
    4190      38.5772
    4191      40.2447
    4192      41.8250
    4193      43.2073
    4194      44.1661
    4195      44.7434
    4196      44.6501
    4197      43.8540
    4198      42.4249
    4199      40.5155
    4200      38.3553
    4201      36.1405
    4202      34.3022
    4203      33.1435
    4204      32.9330
    4205      33.7174
    4206      35.2327
    4207      37.1397
    4208      39.1736
    4209      41.1917
    4210      43.1015
    4211      44.8222
    4212      46.1613
    4213      47.2539
    4214      47.8716
    4215      48.1347
    4216      48.0721
    4217      47.6953
    4218      47.0689
    4219      46.2349
    4220      45.0916
    4221      43.6145
    4222      41.8521
    4223      39.9541
    4224      38.3005
    4225      36.9707
    4226      36.1436
    4227      35.9569
    4228      36.3521
    4229      37.2354
    4230      38.4311
    4231      39.6913
    4232      40.8768
    4233      41.9007
    4234      42.7302
    4235      43.1287
    4236      43.1069
    4237      42.5857
    4238      41.6340
    4239      40.2504
    4240      38.6522
    4241      36.9860
    4242      35.3526
    4243      33.8316
    4244      32.5973
    4245      32.0122
    4246      31.8871
    4247      32.2315
    4248      33.0510
    4249      34.2493
    4250      35.6989
    4251      37.3355
    4252      39.0646
    4253      40.8120
    4254      42.4522
    4255      43.8115
    4256      44.6289
    4257      44.9505
    4258      44.7919
    4259      44.1424
    4260      42.9700
    4261      41.5377
    4262      40.0622
    4263      38.7785
    4264      37.8476
    4265      37.3496
    4266      37.2384
    4267      37.4181
    4268      37.7651
    4269      38.2011
    4270      38.9102
    4271      39.7397
    4272      40.7529
    4273      41.7461
    4274      42.5555
    4275      43.0693
    4276      43.1597
    4277      42.7504
    4278      42.0028
    4279      40.8080
    4280      39.2561
    4281      37.3322
    4282      35.1796
    4283      32.8777
    4284      30.7138
    4285      28.8503
    4286      27.5535
    4287      26.8360
    4288      26.8741
    4289      27.7121
    4290      29.2559
    4291      31.2947
    4292      33.9081
    4293      37.0709
    4294      40.5403
    4295      44.0841
    4296      47.4448
    4297      50.4232
    4298      52.8588
    4299      54.5816
    4300      55.5659
    4301      55.7415
    4302      55.1304
    4303      53.9670
    4304      52.4958
    4305      50.7730
    4306      49.1025
    4307      47.5837
    4308      46.2973
    4309      45.3897
    4310      44.7224
    4311      44.3242
    4312      44.1515
    4313      44.2990
    4314      44.8096
    4315      45.9286
    4316      47.5691
    4317      49.5184
    4318      51.5494
    4319      53.5651
    4320      55.2083
    4321      56.2768
    4322      56.6434
    4323      56.2923
    4324      55.2763
    4325      53.6577
    4326      51.7450
    4327      49.6590
    4328      47.7467
    4329      46.2744
    4330      45.3927
    4331      45.3093
    4332      45.9610
    4333      47.2168
    4334      49.0925
    4335      51.2567
    4336      53.4767
    4337      55.7354
    4338      57.8437
    4339      59.9305
    4340      61.9496
    4341      63.5932
    4342      64.6410
    4343      65.0824
    4344      64.8166
    4345      63.7877
    4346      62.0808
    4347      59.8383
    4348      57.1198
    4349      54.1164
    4350      51.1214
    4351      48.4638
    4352      46.2875
    4353      44.5596
    4354      43.3341
    4355      42.6686
    4356      42.5534
    4357      43.0282
    4358      44.1424
    4359      45.7128
    4360      47.6688
    4361      49.8359
    4362      51.8605
    4363      53.5705
    4364      54.8849
    4365      55.4716
    4366      55.3902
    4367      54.5655
    4368      53.0797
    4369      50.9445
    4370      48.3388
    4371      45.6564
    4372      43.1828
    4373      41.1377
    4374      39.4446
    4375      38.1598
    4376      37.3897
    4377      37.0808
    4378      36.9557
    4379      36.8821
    4380      36.8640
    4381      37.0168
    4382      37.3727
    4383      37.9525
    4384      38.4944
    4385      38.7327
    4386      38.5627
    4387      37.8252
    4388      36.5469
    4389      34.8269
    4390      32.7667
    4391      30.7184
    4392      28.8461
    4393      27.3193
    4394      26.2949
    4395      25.8358
    4396      26.0581
    4397      26.8723
    4398      28.1651
    4399      29.8778
    4400      31.6252
    4401      33.0497
    4402      34.0371
    4403      34.6999
    4404      35.1003
    4405      35.1824
    4406      35.0123
    4407      34.6021
    4408      33.8941
    4409      33.0097
    4410      32.0972
    4411      31.1681
    4412      30.4274
    4413      30.2271
    4414      30.5524
    4415      31.3239
    4416      32.6799
    4417      34.4434
    4418      36.4592
    4419      38.4987
    4420      40.3829
    4421      41.8868
    4422      42.8154
    4423      43.1308
    4424      42.9000
    4425      42.0516
    4426      40.6054
    4427      38.6378
    4428      36.2490
    4429      33.7059
    4430      31.2422
    4431      29.2133
    4432      27.8197
    4433      27.2174
    4434      27.3168
    4435      27.8814
    4436      28.7978
    4437      29.9492
    4438      31.3711
    4439      33.0174
    4440      34.8181
    4441      36.5492
    4442      38.3020
    4443      39.9121
    4444      41.2489
    4445      42.0997
    4446      42.3538
    4447      41.9532
    4448      40.7169
    4449      38.8118
    4450      36.4509
    4451      34.0934
    4452      32.0744
    4453      30.7342
    4454      30.2181
    4455      30.5324
    4456      31.5507
    4457      33.2252
    4458      35.4705
    4459      38.0768
    4460      40.8163
    4461      43.4032
    4462      45.7354
    4463      47.6728
    4464      49.1005
    4465      49.8361
    4466      49.8008
    4467      48.9911
    4468      47.4336
    4469      45.2733
    4470      42.6822
    4471      39.7116
    4472      36.6639
    4473      33.8478
    4474      31.5032
    4475      29.8926
    4476      29.0504
    4477      29.1383
    4478      30.0425
    4479      31.7405
    4480      34.0790
    4481      36.9126
    4482      39.8232
    4483      42.6751
    4484      45.2027
    4485      47.2371
    4486      48.7703
    4487      49.8967
    4488      50.5674
    4489      50.7736
    4490      50.5316
    4491      49.9552
    4492      49.0741
    4493      48.1228
    4494      47.1991
    4495      46.5201
    4496      45.9875
    4497      45.6075
    4498      45.5248
    4499      45.7087
    4500      46.0696
    4501      46.8167
    4502      47.8924
    4503      49.0135
    4504      49.8891
    4505      50.3831
    4506      50.3387
    4507      49.7517
    4508      48.6639
    4509      47.3342
    4510      46.1051
    4511      45.2124
    4512      44.8264
    4513      44.8372
    4514      44.9412
    4515      45.0417
    4516      45.1215
    4517      45.1123
    4518      44.9281
    4519      44.6549
    4520      44.3855
    4521      44.2356
    4522      44.3920
    4523      44.8743
    4524      45.7099
    4525      46.7216
    4526      47.8812
    4527      48.9735
    4528      50.0279
    4529      51.0168
    4530      52.0254
    4531      52.9101
    4532      53.6517
    4533      54.1308
    4534      54.2571
    4535      53.9847
    4536      53.3424
    4537      52.4493
    4538      51.3110
    4539      49.8852
    4540      48.1656
    4541      46.2439
    4542      44.1005
    4543      41.9239
    4544      39.7399
    4545      37.9243
    4546      36.6605
    4547      36.1741
    4548      36.5135
    4549      37.5043
    4550      38.7986
    4551      40.2954
    4552      41.7434
    4553      43.0343
    4554      44.0126
    4555      44.5985
    4556      44.6267
    4557      44.1418
    4558      43.1174
    4559      41.6227
    4560      39.9239
    4561      38.2962
    4562      36.8833
    4563      35.8131
    4564      34.8271
    4565      34.0646
    4566      33.4223
    4567      32.8367
    4568      32.3362
    4569      31.9509
    4570      31.6763
    4571      31.4756
    4572      31.4932
    4573      31.8380
    4574      32.4737
    4575      33.3606
    4576      34.3672
    4577      35.3129
    4578      36.2209
    4579      36.9329
    4580      37.3036
    4581      37.3422
    4582      37.1568
    4583      36.8425
    4584      36.3238
    4585      35.5591
    4586      34.6024
    4587      33.5042
    4588      32.4715
    4589      31.4291
    4590      30.5538
    4591      29.8599
    4592      29.5106
    4593      29.7582
    4594      30.5301
    4595      31.6880
    4596      33.3817
    4597      35.2937
    4598      37.4513
    4599      39.5336
    4600      41.3990
    4601      42.8853
    4602      43.8094
    4603      44.1029
    4604      43.9323
    4605      43.3021
    4606      42.2771
    4607      41.1009
    4608      40.0643
    4609      39.3294
    4610      39.1031
    4611      39.5261
    4612      40.4546
    4613      41.7620
    4614      43.2717
    4615      44.6588
    4616      45.8335
    4617      46.6654
    4618      47.1150
    4619      47.2563
    4620      47.1721
    4621      47.0505
    4622      46.8928
    4623      46.8145
    4624      46.8579
    4625      46.8556
    4626      46.6863
    4627      46.4319
    4628      46.0968
    4629      45.7550
    4630      45.3795
    4631      44.9356
    4632      44.3451
    4633      43.6961
    4634      43.0686
    4635      42.5044
    4636      41.8328
    4637      41.2478
    4638      40.6574
    4639      40.1511
    4640      39.8257
    4641      39.8127
    4642      40.2256
    4643      41.1730
    4644      42.6604
    4645      44.6841
    4646      47.2171
    4647      50.0250
    4648      52.8781
    4649      55.5838
    4650      58.0336
    4651      60.0709
    4652      61.4659
    4653      62.0475
    4654      61.9651
    4655      61.2818
    4656      60.2386
    4657      58.9247
    4658      57.5478
    4659      56.1541
    4660      54.7369
    4661      53.3213
    4662      52.0737
    4663      51.2132
    4664      50.7124
    4665      50.6486
    4666      50.9744
    4667      51.7514
    4668      52.9246
    4669      54.3298
    4670      55.9724
    4671      57.6531
    4672      59.1613
    4673      60.4242
    4674      61.3902
    4675      62.0599
    4676      62.5333
    4677      62.7979
    4678      62.8870
    4679      62.9282
    4680      62.8963
    4681      62.7086
    4682      62.3917
    4683      61.9419
    4684      61.2920
    4685      60.5748
    4686      59.8908
    4687      59.2040
    4688      58.3975
    4689      57.5241
    4690      56.4706
    4691      55.2359
    4692      54.0096
    4693      52.8513
    4694      51.9072
    4695      51.2486
    4696      51.1189
    4697      51.4130
    4698      52.2041
    4699      53.3782
    4700      54.8926
    4701      56.5547
    4702      58.2358
    4703      59.8041
    4704      61.1558
    4705      62.1634
    4706      62.8095
    4707      63.0869
    4708      63.1486
    4709      62.9397
    4710      62.3185
    4711      61.3539
    4712      59.9982
    4713      58.4232
    4714      56.5958
    4715      54.6301
    4716      52.7798
    4717      51.1420
    4718      49.7604
    4719      48.6631
    4720      47.9221
    4721      47.7136
    4722      48.0468
    4723      48.7808
    4724      49.7985
    4725      50.8546
    4726      51.8597
    4727      52.6906
    4728      53.3362
    4729      53.6260
    4730      53.3926
    4731      52.5778
    4732      51.0838
    4733      49.0759
    4734      46.7748
    4735      44.3364
    4736      41.8977
    4737      39.6817
    4738      37.6687
    4739      36.0573
    4740      34.8861
    4741      34.2538
    4742      34.2239
    4743      34.8104
    4744      35.9096
    4745      37.4327
    4746      39.3236
    4747      41.3674
    4748      43.2341
    4749      44.7954
    4750      46.0534
    4751      46.7407
    4752      46.8802
    4753      46.3850
    4754      45.4514
    4755      44.1656
    4756      42.7428
    4757      41.4023
    4758      40.3254
    4759      39.5812
    4760      39.2618
    4761      39.4981
    4762      40.2448
    4763      41.4764
    4764      43.1107
    4765      44.9926
    4766      46.8869
    4767      48.5704
    4768      49.7946
    4769      50.4667
    4770      50.5768
    4771      50.1453
    4772      49.0262
    4773      47.3399
    4774      44.9734
    4775      42.0992
    4776      38.8517
    4777      35.4094
    4778      31.9955
    4779      28.9074
    4780      26.3444
    4781      24.6259
    4782      23.7971
    4783      23.8810
    4784      24.8889
    4785      26.7298
    4786      29.1567
    4787      31.9757
    4788      34.9646
    4789      37.8021
    4790      40.3542
    4791      42.4773
    4792      44.1363
    4793      45.1037
    4794      45.4439
    4795      45.1455
    4796      44.2658
    4797      43.0112
    4798      41.5807
    4799      40.1403
    4800      38.8331
    4801      37.7625
    4802      36.9806
    4803      36.5652
    4804      36.5996
    4805      37.2534
    4806      38.6158
    4807      40.6730
    4808      43.1302
    4809      45.4395
    4810      47.1787
    4811      48.2258
    4812      48.6030
    4813      48.1940
    4814      46.9752
    4815      44.9679
    4816      42.3257
    4817      39.1832
    4818      35.9191
    4819      32.8946
    4820      30.3370
    4821      28.4918
    4822      27.1830
    4823      26.4393
    4824      26.1815
    4825      26.3478
    4826      26.8976
    4827      27.9436
    4828      29.4287
    4829      31.4048
    4830      33.6850
    4831      35.8065
    4832      37.4654
    4833      38.4910
    4834      38.7581
    4835      38.3468
    4836      37.3022
    4837      35.8117
    4838      34.1449
    4839      32.4670
    4840      30.8941
    4841      29.5163
    4842      28.6262
    4843      28.2625
    4844      28.2876
    4845      28.8162
    4846      29.6847
    4847      30.8617
    4848      32.3548
    4849      34.0917
    4850      35.9736
    4851      37.8586
    4852      39.7368
    4853      41.5497
    4854      43.2145
    4855      44.5755
    4856      45.6474
    4857      46.4606
    4858      46.9522
    4859      47.3189
    4860      47.5735
    4861      47.6407
    4862      47.6750
    4863      47.5789
    4864      47.2334
    4865      46.5126
    4866      45.4387
    4867      43.9795
    4868      41.9990
    4869      39.9458
    4870      37.9635
    4871      36.1586
    4872      34.8138
    4873      33.9965
    4874      33.4882
    4875      33.1478
    4876      32.8297
    4877      32.4427
    4878      32.0122
    4879      31.5870
    4880      31.4247
    4881      31.5650
    4882      32.1023
    4883      33.0494
    4884      34.2629
    4885      35.6242
    4886      36.9931
    4887      38.2003
    4888      39.1686
    4889      39.7665
    4890      39.9553
    4891      39.7924
    4892      39.5171
    4893      39.2209
    4894      38.9724
    4895      38.8050
    4896      38.6581
    4897      38.4829
    4898      38.3690
    4899      38.4144
    4900      38.6307
    4901      39.0733
    4902      39.9412
    4903      41.1799
    4904      42.7364
    4905      44.6034
    4906      46.5764
    4907      48.3911
    4908      49.7232
    4909      50.5894
    4910      50.9394
    4911      50.9096
    4912      50.7145
    4913      50.4265
    4914      50.0453
    4915      49.7626
    4916      49.3881
    4917      48.7724
    4918      48.0031
    4919      47.0162
    4920      45.8068
    4921      44.2569
    4922      42.3740
    4923      40.1924
    4924      37.6344
    4925      34.7983
    4926      31.8724
    4927      28.9923
    4928      26.3357
    4929      24.0920
    4930      22.3508
    4931      21.1447
    4932      20.7075
    4933      21.2495
    4934      22.7809
    4935      25.0042
    4936      27.6856
    4937      30.3756
    4938      32.8733
    4939      35.0415
    4940      36.6765
    4941      37.8904
    4942      38.7554
    4943      39.0319
    4944      38.7148
    4945      37.7987
    4946      36.2067
    4947      34.1018
    4948      31.6318
    4949      29.0191
    4950      26.6839
    4951      24.8571
    4952      23.7857
    4953      23.5612
    4954      24.0937
    4955      25.3672
    4956      27.1204
    4957      29.0951
    4958      30.9334
    4959      32.6317
    4960      33.9940
    4961      34.9293
    4962      35.2488
    4963      34.9634
    4964      33.9968
    4965      32.3327
    4966      30.1405
    4967      27.6845
    4968      25.1355
    4969      22.5968
    4970      20.2164
    4971      18.0834
    4972      16.3281
    4973      15.0687
    4974      14.5122
    4975      14.7752
    4976      15.8889
    4977      17.7731
    4978      20.3027
    4979      23.1813
    4980      26.2376
    4981      29.2632
    4982      32.1722
    4983      34.9148
    4984      37.3401
    4985      39.3839
    4986      41.0709
    4987      42.2071
    4988      42.6349
    4989      42.5454
    4990      42.0044
    4991      40.8732
    4992      39.1673
    4993      37.0656
    4994      34.8332
    4995      32.5619
    4996      30.5358
    4997      28.9726
    4998      27.9416
    4999      27.5198
    5000      27.5113
