    1001      25.3702
    1002      25.7424
    1003      26.2626
    1004      26.8370
    1005      27.3853
    1006      27.9380
    1007      28.2970
    1008      28.4038
    1009      28.3203
    1010      27.9563
    1011      27.2214
    1012      26.2223
    1013      24.8174
    1014      23.1300
    1015      21.2258
    1016      19.1880
    1017      17.0878
    1018      15.0575
    1019      13.3851
    1020      12.2724
    1021      11.6450
    1022      11.6721
    1023      12.3368
    1024      13.7484
    1025      16.0655
    1026      19.1731
    1027      22.9925
    1028      27.4128
    1029      31.9807
    1030      36.1629
    1031      39.4769
    1032      41.9057
    1033      43.2620
    1034      43.3901
    1035      42.1034
    1036      39.6019
    1037      36.1814
    1038      32.2720
    1039      28.4050
    1040      25.1380
    1041      22.7969
    1042      21.4211
    1043      20.8157
    1044      20.9345
    1045      21.7956
    1046      23.1410
    1047      24.9134
    1048      26.9877
    1049      29.2514
    1050      31.4170
    1051      33.3273
    1052      34.8406
    1053      35.8317
    1054      36.1856
    1055      35.7827
    1056      34.5486
    1057      32.6044
    1058      30.0416
    1059      27.1146
    1060      24.3074
    1061      21.9671
    1062      20.4095
    1063      19.8274
    1064      20.0825
    1065      20.9039
    1066      22.1544
    1067      23.4889
    1068      24.5919
    1069      25.5305
    1070      26.3462
    1071      26.9811
    1072      27.4552
    1073      27.8698
    1074      28.3317
    1075      28.6840
    1076      28.8512
    1077      28.8485
    1078      28.7596
    1079      28.5617
    1080      28.0786
    1081      27.2782
    1082      26.1395
    1083      24.7120
    1084      23.1149
    1085      21.4476
    1086      19.9639
    1087      18.7905
    1088      18.1845
    1089      18.3353
    1090      19.4511
    1091      21.4458
    1092      23.9461
    1093      26.6156
    1094      29.1479
    1095      31.3643
    1096      33.0067
    1097      33.8534
    1098      34.0430
    1099      33.6889
    1100      32.7072
    1101      31.3172
    1102      29.5959
    1103      27.7592
    1104      26.0801
    1105      24.8169
    1106      23.9393
    1107      23.4547
    1108      23.3736
    1109      23.7435
    1110      24.5561
    1111      25.6570
    1112      27.1102
    1113      28.6473
    1114      30.1525
    1115      31.4466
    1116      32.3836
    1117      32.6591
    1118      32.3488
    1119      31.3903
    1120      30.0182
    1121      28.4680
    1122      27.1493
    1123      26.2689
    1124      25.9498
    1125      26.3543
    1126      27.3761
    1127      28.7536
    1128      30.2954
    1129      31.6789
    1130      32.9730
    1131      34.0099
    1132      34.6518
    1133      34.7601
    1134      34.3064
    1135      33.3631
    1136      31.9495
    1137      30.3051
    1138      28.5770
    1139      26.9687
    1140      25.6502
    1141      24.6570
    1142      24.0384
    1143      23.8516
    1144      24.2119
    1145      25.0871
    1146      26.5448
    1147      28.4202
    1148      30.3608
    1149      32.0932
    1150      33.5258
    1151      34.6504
    1152      35.4932
    1153      35.9581
    1154      36.0606
    1155      35.8040
    1156      35.3462
    1157      34.6902
    1158      33.8003
    1159      32.7264
    1160      31.6677
    1161      30.5392
    1162      29.4962
    1163      28.4920
    1164      27.5340
    1165      26.6538
    1166      25.9608
    1167      25.4736
    1168      25.4017
    1169      25.7278
    1170      26.3932
    1171      27.4470
    1172      28.8951
    1173      30.9103
    1174      33.4536
    1175      36.4688
    1176      39.7477
    1177      42.6851
    1178      44.8111
    1179      45.8931
    1180      45.8734
    1181      44.7658
    1182      42.6807
    1183      39.4548
    1184      35.5219
    1185      31.2139
    1186      26.9019
    1187      22.8447
    1188      19.3941
    1189      16.9901
    1190      15.8301
    1191      15.8763
    1192      16.9403
    1193      18.8700
    1194      21.2870
    1195      23.9054
    1196      26.3502
    1197      28.5374
    1198      30.4045
    1199      31.8293
    1200      32.5695
    1201      32.4624
    1202      31.4740
    1203      29.6687
    1204      27.3591
    1205      24.9570
    1206      22.6637
    1207      20.7883
    1208      19.7057
    1209      19.5506
    1210      20.2569
    1211      21.6368
    1212      23.5965
    1213      26.0328
    1214      28.7267
    1215      31.5363
    1216      34.2048
    1217      36.3474
    1218      37.6874
    1219      38.0507
    1220      37.5956
    1221      36.4283
    1222      34.6727
    1223      32.6201
    1224      30.2990
    1225      27.9012
    1226      25.8606
    1227      24.3161
    1228      23.1512
    1229      22.3216
    1230      21.8006
    1231      21.4423
    1232      21.0718
    1233      20.5388
    1234      20.0730
    1235      20.0347
    1236      20.7546
    1237      22.2250
    1238      24.3897
    1239      26.9617
    1240      29.7106
    1241      32.4329
    1242      34.7326
    1243      36.4400
    1244      37.4929
    1245      37.8212
    1246      37.4841
    1247      36.5482
    1248      35.1958
    1249      33.4545
    1250      31.4197
    1251      29.2407
    1252      26.9940
    1253      24.8025
    1254      22.7253
    1255      20.9401
    1256      19.7869
    1257      19.4335
    1258      19.9945
    1259      21.4960
    1260      23.8095
    1261      26.7453
    1262      29.8687
    1263      32.8612
    1264      35.3046
    1265      36.9350
    1266      37.7113
    1267      37.7724
    1268      37.1166
    1269      35.9106
    1270      34.3561
    1271      32.5733
    1272      30.7661
    1273      28.9901
    1274      27.7335
    1275      26.9292
    1276      26.7976
    1277      27.3093
    1278      28.5125
    1279      30.3818
    1280      32.6162
    1281      35.1344
    1282      37.8148
    1283      40.4271
    1284      42.9324
    1285      45.1549
    1286      46.9223
    1287      48.2598
    1288      48.9063
    1289      48.9493
    1290      48.4896
    1291      47.4715
    1292      46.1367
    1293      44.6488
    1294      43.0979
    1295      41.4396
    1296      39.8621
    1297      38.4072
    1298      37.1636
    1299      36.1705
    1300      35.3435
    1301      34.7270
    1302      34.4332
    1303      34.5416
    1304      34.9564
    1305      35.5399
    1306      36.0910
    1307      36.4447
    1308      36.7374
    1309      36.8437
    1310      36.7510
    1311      36.4103
    1312      35.8542
    1313      35.1238
    1314      34.3361
    1315      33.6670
    1316      33.2284
    1317      33.1492
    1318      33.3677
    1319      33.9367
    1320      34.7250
    1321      35.5556
    1322      36.2346
    1323      36.7375
    1324      37.0741
    1325      37.3547
    1326      37.5896
    1327      37.8079
    1328      38.0614
    1329      38.2513
    1330      38.2401
    1331      37.9173
    1332      37.3948
    1333      36.6503
    1334      35.6142
    1335      34.2694
    1336      32.7949
    1337      31.2365
    1338      30.0463
    1339      29.3655
    1340      29.2890
    1341      29.6386
    1342      30.1952
    1343      30.7169
    1344      31.0318
    1345      31.0616
    1346      30.6775
    1347      29.8078
    1348      28.4431
    1349      26.7478
    1350      24.6221
    1351      22.3402
    1352      20.1782
    1353      18.4414
    1354      17.2773
    1355      16.7648
    1356      16.8937
    1357      17.6112
    1358      18.7343
    1359      20.1048
    1360      21.6481
    1361      23.3782
    1362      25.1685
    1363      26.9480
    1364      28.6607
    1365      30.2285
    1366      31.6787
    1367      32.9128
    1368      33.6980
    1369      34.0031
    1370      33.8701
    1371      33.3777
    1372      32.6338
    1373      31.8009
    1374      30.9583
    1375      30.3598
    1376      30.2076
    1377      30.5013
    1378      31.2893
    1379      32.4559
    1380      33.7981
    1381      35.1061
    1382      36.1921
    1383      36.8039
    1384      36.9095
    1385      36.5975
    1386      36.0084
    1387      35.3392
    1388      34.5417
    1389      33.7905
    1390      33.0960
    1391      32.3621
    1392      31.5567
    1393      30.5274
    1394      29.3256
    1395      28.0213
    1396      26.6139
    1397      25.3162
    1398      24.2023
    1399      23.3049
    1400      23.0038
    1401      23.2282
    1402      23.9323
    1403      25.0907
    1404      26.3884
    1405      27.6447
    1406      28.6906
    1407      29.4344
    1408      29.7473
    1409      29.7506
    1410      29.3480
    1411      28.3364
    1412      26.8148
    1413      24.9831
    1414      23.1811
    1415      21.5321
    1416      20.0335
    1417      18.6360
    1418      17.4277
    1419      16.4029
    1420      15.5568
    1421      14.9388
    1422      14.4558
    1423      14.0529
    1424      13.7383
    1425      13.4184
    1426      12.8939
    1427      12.3507
    1428      11.7008
    1429      10.8327
    1430       9.7155
    1431       8.3624
    1432       6.9370
    1433       5.5256
    1434       4.3076
    1435       3.3882
    1436       2.7857
    1437       2.8030
    1438       3.4559
    1439       4.7394
    1440       6.5747
    1441       8.5859
    1442      10.5587
    1443      12.2112
    1444      13.3175
    1445      13.6762
    1446      13.1524
    1447      11.8080
    1448       9.9547
    1449       8.0119
    1450       6.3161
    1451       5.0728
    1452       4.4568
    1453       4.4370
    1454       5.1217
    1455       6.3227
    1456       7.9323
    1457       9.6161
    1458      11.3353
    1459      12.9411
    1460      14.5477
    1461      15.8529
    1462      16.9300
    1463      17.7001
    1464      18.1610
    1465      18.2271
    1466      17.9465
    1467      17.3180
    1468      16.4929
    1469      15.6435
    1470      14.8433
    1471      14.2900
    1472      13.9094
    1473      13.6870
    1474      13.6749
    1475      13.9581
    1476      14.3713
    1477      14.4494
    1478      14.3815
    1479      14.1223
    1480      13.8469
    1481      13.5162
    1482      13.2048
    1483      12.8410
    1484      12.4268
    1485      12.0517
    1486      11.7356
    1487      11.5167
    1488      11.2545
    1489      11.0187
    1490      10.7170
    1491      10.3503
    1492      10.0109
    1493       9.7074
    1494       9.3884
    1495       9.0910
    1496       8.8460
    1497       8.6698
    1498       8.4679
    1499       8.0814
    1500       7.4583
    1501       6.7316
    1502       5.9355
    1503       5.2310
    1504       4.6339
    1505       4.0095
    1506       3.4116
    1507       2.8921
    1508       2.4586
    1509       2.3577
    1510       2.7797
    1511       3.6692
    1512       5.0595
    1513       6.7895
    1514       8.7988
    1515      11.0569
    1516      13.3475
    1517      15.4866
    1518      17.3890
    1519      18.9695
    1520      20.3833
    1521      21.6369
    1522      22.8822
    1523      24.2706
    1524      25.6382
    1525      27.0208
    1526      28.1679
    1527      28.8033
    1528      28.9327
    1529      28.5964
    1530      27.9099
    1531      27.0946
    1532      26.2167
    1533      25.3854
    1534      24.7150
    1535      24.1740
    1536      23.8499
    1537      23.8499
    1538      24.1954
    1539      24.8167
    1540      25.7118
    1541      26.5213
    1542      27.1232
    1543      27.4432
    1544      27.2833
    1545      26.6659
    1546      25.7256
    1547      24.8203
    1548      24.0879
    1549      23.6855
    1550      23.8142
    1551      24.5028
    1552      25.7395
    1553      27.2826
    1554      28.9640
    1555      30.4934
    1556      31.8280
    1557      32.7440
    1558      33.2236
    1559      33.2778
    1560      32.8297
    1561      31.7712
    1562      30.3380
    1563      28.5632
    1564      26.7872
    1565      25.0660
    1566      23.5608
    1567      22.3103
    1568      21.3619
    1569      20.8218
    1570      20.6493
    1571      20.7092
    1572      20.9669
    1573      21.3904
    1574      21.9528
    1575      22.4530
    1576      22.7442
    1577      22.7314
    1578      22.2973
    1579      21.4923
    1580      20.4369
    1581      19.1342
    1582      17.6816
    1583      16.0124
    1584      14.0750
    1585      11.9045
    1586       9.6257
    1587       7.4422
    1588       5.6936
    1589       4.5543
    1590       4.2560
    1591       4.7392
    1592       6.0343
    1593       8.1901
    1594      11.0919
    1595      14.5976
    1596      18.5389
    1597      22.8117
    1598      27.1577
    1599      31.4131
    1600      35.1421
    1601      38.0133
    1602      39.9868
    1603      41.0705
    1604      41.2110
    1605      40.6200
    1606      39.5381
    1607      38.1494
    1608      36.6470
    1609      35.0889
    1610      33.5944
    1611      32.3910
    1612      31.4656
    1613      30.8945
    1614      30.6362
    1615      30.7668
    1616      31.4834
    1617      32.6412
    1618      34.0444
    1619      35.4928
    1620      37.0518
    1621      38.6125
    1622      39.8508
    1623      40.5288
    1624      40.4922
    1625      39.6763
    1626      38.3598
    1627      36.7929
    1628      35.0799
    1629      33.4442
    1630      32.0611
    1631      31.0393
    1632      30.6994
    1633      31.1381
    1634      32.4268
    1635      34.5172
    1636      37.1121
    1637      39.9286
    1638      42.5650
    1639      44.7135
    1640      46.2186
    1641      47.0294
    1642      47.3858
    1643      47.2793
    1644      46.6967
    1645      45.6588
    1646      44.3321
    1647      42.8316
    1648      41.2073
    1649      39.5179
    1650      37.8842
    1651      36.3595
    1652      35.0693
    1653      34.2032
    1654      33.5583
    1655      33.1088
    1656      32.9100
    1657      32.9083
    1658      32.9116
    1659      33.0192
    1660      33.1688
    1661      33.3236
    1662      33.4815
    1663      33.5009
    1664      33.4218
    1665      33.2519
    1666      32.9592
    1667      32.6901
    1668      32.4952
    1669      32.5136
    1670      32.8442
    1671      33.4262
    1672      34.2935
    1673      35.2867
    1674      36.1729
    1675      36.7450
    1676      37.0612
    1677      37.0406
    1678      36.6758
    1679      36.0606
    1680      35.4955
    1681      35.0830
    1682      34.7819
    1683      34.5973
    1684      34.5401
    1685      34.5202
    1686      34.4160
    1687      34.1855
    1688      33.6750
    1689      32.9476
    1690      32.0715
    1691      31.2092
    1692      30.4478
    1693      29.8995
    1694      29.5670
    1695      29.4089
    1696      29.3579
    1697      29.2887
    1698      29.2929
    1699      29.3728
    1700      29.3983
    1701      29.4142
    1702      29.4257
    1703      29.3756
    1704      29.5935
    1705      30.0791
    1706      30.7462
    1707      31.4816
    1708      32.3545
    1709      33.1471
    1710      33.7294
    1711      34.1806
    1712      34.4091
    1713      34.1748
    1714      33.6119
    1715      32.7321
    1716      31.5871
    1717      30.4272
    1718      29.5061
    1719      28.8594
    1720      28.6640
    1721      28.9775
    1722      29.6668
    1723      30.4907
    1724      31.2883
    1725      32.0066
    1726      32.6985
    1727      33.2469
    1728      33.5332
    1729      33.5875
    1730      33.3101
    1731      32.6722
    1732      31.8143
    1733      30.7482
    1734      29.4980
    1735      28.1947
    1736      26.8978
    1737      25.6395
    1738      24.3810
    1739      23.1709
    1740      22.2958
    1741      21.8610
    1742      22.2713
    1743      23.3402
    1744      24.7907
    1745      26.4446
    1746      28.1634
    1747      29.8559
    1748      31.4385
    1749      32.7051
    1750      33.7375
    1751      34.4651
    1752      34.7970
    1753      34.7431
    1754      34.3156
    1755      33.4924
    1756      32.5576
    1757      31.6192
    1758      30.8055
    1759      30.0999
    1760      29.4697
    1761      28.8850
    1762      28.7238
    1763      29.1903
    1764      30.2596
    1765      31.6548
    1766      33.1772
    1767      34.5589
    1768      35.4561
    1769      36.0067
    1770      36.2598
    1771      35.9680
    1772      35.1291
    1773      33.6765
    1774      31.6319
    1775      29.3730
    1776      27.0626
    1777      24.8809
    1778      23.0202
    1779      21.7056
    1780      21.0169
    1781      21.1230
    1782      21.9418
    1783      23.5859
    1784      25.8885
    1785      28.6882
    1786      31.6279
    1787      34.3935
    1788      36.6713
    1789      38.1556
    1790      38.7970
    1791      38.5878
    1792      37.4869
    1793      35.7675
    1794      33.6224
    1795      31.0039
    1796      28.0433
    1797      25.1483
    1798      22.5660
    1799      20.4056
    1800      18.8383
    1801      17.8685
    1802      17.5574
    1803      17.8601
    1804      18.6093
    1805      19.8094
    1806      21.2792
    1807      22.9311
    1808      24.6659
    1809      26.2920
    1810      27.5721
    1811      28.2578
    1812      28.2380
    1813      27.3980
    1814      25.6838
    1815      23.5348
    1816      21.2647
    1817      19.1059
    1818      17.2756
    1819      15.8211
    1820      14.8148
    1821      14.2576
    1822      14.2989
    1823      14.9709
    1824      16.1438
    1825      17.7897
    1826      19.7454
    1827      21.9200
    1828      24.2158
    1829      26.4981
    1830      28.7463
    1831      30.6998
    1832      32.0705
    1833      32.8909
    1834      33.0810
    1835      32.5443
    1836      31.3151
    1837      29.5894
    1838      27.4578
    1839      25.2210
    1840      23.3599
    1841      21.7663
    1842      20.6646
    1843      20.1991
    1844      20.6337
    1845      22.1793
    1846      24.7582
    1847      28.2748
    1848      32.3825
    1849      36.5560
    1850      40.1269
    1851      42.6945
    1852      43.9543
    1853      43.9755
    1854      42.8235
    1855      40.5904
    1856      37.5358
    1857      33.9932
    1858      30.2794
    1859      26.6647
    1860      23.5617
    1861      21.2464
    1862      20.0465
    1863      19.8860
    1864      20.4559
    1865      21.6007
    1866      23.1787
    1867      25.0795
    1868      27.1665
    1869      29.3749
    1870      31.4830
    1871      33.1799
    1872      34.3378
    1873      34.8073
    1874      34.5154
    1875      33.5767
    1876      32.0368
    1877      29.9802
    1878      27.6329
    1879      25.1858
    1880      22.8713
    1881      20.9147
    1882      19.7251
    1883      19.5171
    1884      20.1916
    1885      21.6174
    1886      23.3781
    1887      25.0798
    1888      26.4769
    1889      27.4822
    1890      27.9896
    1891      27.8968
    1892      27.2540
    1893      26.0290
    1894      24.2739
    1895      22.3410
    1896      20.5462
    1897      18.9746
    1898      17.6411
    1899      16.6324
    1900      15.7929
    1901      15.1068
    1902      14.5637
    1903      14.3687
    1904      14.6240
    1905      15.4046
    1906      16.5060
    1907      18.0857
    1908      19.8631
    1909      21.8816
    1910      24.1248
    1911      26.2732
    1912      28.0373
    1913      29.3081
    1914      30.0197
    1915      30.0858
    1916      29.5772
    1917      28.5860
    1918      27.3598
    1919      25.9487
    1920      24.6224
    1921      23.4748
    1922      22.5193
    1923      21.7993
    1924      21.3306
    1925      20.9580
    1926      20.7801
    1927      21.0613
    1928      22.0514
    1929      23.8894
    1930      26.7898
    1931      30.5648
    1932      34.9235
    1933      38.9592
    1934      42.0737
    1935      44.0418
    1936      44.7656
    1937      44.3208
    1938      42.8363
    1939      40.4797
    1940      37.8126
    1941      35.2030
    1942      33.2578
    1943      32.3001
    1944      32.4378
    1945      33.4705
    1946      35.1082
    1947      36.9945
    1948      38.7528
    1949      40.0880
    1950      40.9396
    1951      41.3760
    1952      41.4981
    1953      41.4911
    1954      41.5589
    1955      41.8284
    1956      42.2210
    1957      42.5985
    1958      42.6801
    1959      42.3620
    1960      41.5097
    1961      40.1837
    1962      38.4569
    1963      36.5677
    1964      34.6592
    1965      32.8262
    1966      31.4080
    1967      30.5560
    1968      30.2721
    1969      30.3598
    1970      30.6996
    1971      31.0696
    1972      31.4875
    1973      31.8396
    1974      32.0706
    1975      32.1294
    1976      31.9058
    1977      31.5122
    1978      31.0840
    1979      30.5998
    1980      30.2246
    1981      29.8606
    1982      29.6003
    1983      29.3490
    1984      28.7598
    1985      27.7138
    1986      26.2948
    1987      24.5441
    1988      22.5286
    1989      20.5710
    1990      18.9989
    1991      17.9379
    1992      17.5306
    1993      17.9346
    1994      19.0900
    1995      20.9466
    1996      23.2464
    1997      25.5897
    1998      27.7341
    1999      29.4072
    2000      30.3890
    2001      30.6518
    2002      30.2638
    2003      29.6405
    2004      28.8234
    2005      27.9052
    2006      26.9209
    2007      25.9641
    2008      25.1209
    2009      24.3680
    2010      23.8597
    2011      23.6944
    2012      23.7719
    2013      24.1975
    2014      24.9350
    2015      26.0649
    2016      27.6317
    2017      29.2447
    2018      30.7268
    2019      31.8255
    2020      32.4758
    2021      32.5107
    2022      31.9957
    2023      30.8471
    2024      29.3496
    2025      27.6161
    2026      26.0203
    2027      24.7285
    2028      24.0046
    2029      23.8559
    2030      24.4097
    2031      25.5128
    2032      27.0541
    2033      28.7805
    2034      30.5883
    2035      32.3399
    2036      33.7801
    2037      34.8322
    2038      35.5092
    2039      35.8210
    2040      35.6806
    2041      35.2032
    2042      34.5281
    2043      33.8066
    2044      32.9880
    2045      32.1688
    2046      31.4159
    2047      30.7383
    2048      30.0316
    2049      29.4163
    2050      28.8401
    2051      28.4513
    2052      28.3113
    2053      28.6630
    2054      29.5552
    2055      31.1341
    2056      33.1397
    2057      35.3638
    2058      37.6352
    2059      39.6180
    2060      41.0681
    2061      41.7290
    2062      41.5509
    2063      40.3830
    2064      38.6283
    2065      36.4648
    2066      34.0718
    2067      31.6697
    2068      29.3921
    2069      27.2576
    2070      25.2168
    2071      23.4062
    2072      21.8211
    2073      20.6222
    2074      19.8609
    2075      19.4753
    2076      19.5391
    2077      20.1327
    2078      20.9657
    2079      21.8586
    2080      22.7304
    2081      23.4081
    2082      23.4959
    2083      22.9058
    2084      21.6995
    2085      19.7591
    2086      17.4174
    2087      14.9849
    2088      12.8206
    2089      11.1868
    2090      10.3292
    2091      10.4955
    2092      11.5709
    2093      13.5397
    2094      16.0903
    2095      19.0879
    2096      22.3823
    2097      25.8017
    2098      29.0785
    2099      32.0111
    2100      34.1911
    2101      35.2215
    2102      34.9359
    2103      33.4018
    2104      30.9539
    2105      27.9654
    2106      24.6827
    2107      21.3997
    2108      18.3214
    2109      15.8331
    2110      14.1539
    2111      13.3568
    2112      13.7177
    2113      14.9242
    2114      16.7174
    2115      18.8555
    2116      20.9051
    2117      22.7954
    2118      24.5558
    2119      26.0791
    2120      27.3018
    2121      28.0346
    2122      28.2953
    2123      28.0572
    2124      27.3208
    2125      26.2578
    2126      25.2731
    2127      24.6697
    2128      24.5342
    2129      24.7502
    2130      25.2670
    2131      26.0784
    2132      26.9552
    2133      27.7075
    2134      28.3880
    2135      28.9583
    2136      29.2489
    2137      29.3101
    2138      29.3887
    2139      29.5192
    2140      29.4497
    2141      29.5059
    2142      29.7034
    2143      30.0708
    2144      30.6166
    2145      31.2811
    2146      31.8953
    2147      32.4158
    2148      32.8084
    2149      33.2343
    2150      33.7921
    2151      34.5431
    2152      35.3505
    2153      36.0473
    2154      36.7271
    2155      37.3754
    2156      37.7590
    2157      37.8585
    2158      37.7040
    2159      37.3238
    2160      36.6691
    2161      35.8848
    2162      35.0605
    2163      34.2241
    2164      33.4858
    2165      32.8574
    2166      32.3292
    2167      31.8717
    2168      31.5399
    2169      31.3757
    2170      31.3475
    2171      31.5591
    2172      31.8420
    2173      32.2269
    2174      32.7663
    2175      33.1887
    2176      33.6064
    2177      33.9763
    2178      34.3046
    2179      34.5237
    2180      34.6456
    2181      34.6420
    2182      34.5225
    2183      34.2239
    2184      33.5334
    2185      32.5838
    2186      31.3247
    2187      29.9719
    2188      28.6082
    2189      27.3478
    2190      26.2848
    2191      25.5293
    2192      25.1812
    2193      25.2817
    2194      25.8856
    2195      26.7262
    2196      27.6656
    2197      28.5803
    2198      29.3119
    2199      29.6959
    2200      29.8307
    2201      29.5622
    2202      28.8674
    2203      27.9379
    2204      26.9960
    2205      26.1370
    2206      25.6055
    2207      25.5630
    2208      25.9746
    2209      26.9111
    2210      28.1385
    2211      29.4518
    2212      30.6928
    2213      31.5729
    2214      31.8327
    2215      31.3499
    2216      30.1234
    2217      28.1094
    2218      25.5875
    2219      22.8789
    2220      20.1089
    2221      17.7085
    2222      15.8402
    2223      14.6203
    2224      14.0088
    2225      14.1527
    2226      15.0069
    2227      16.5825
    2228      18.7224
    2229      21.0354
    2230      23.3049
    2231      25.4152
    2232      27.2976
    2233      28.6561
    2234      29.5359
    2235      29.8974
    2236      29.7315
    2237      29.3388
    2238      28.8485
    2239      28.3400
    2240      28.1920
    2241      28.4978
    2242      29.2756
    2243      30.4720
    2244      32.0160
    2245      34.0138
    2246      36.3687
    2247      38.7452
    2248      40.9509
    2249      42.8783
    2250      44.5174
    2251      45.8935
    2252      46.8912
    2253      47.5281
    2254      47.9051
    2255      47.9217
    2256      47.5858
    2257      46.9289
    2258      46.0044
    2259      44.9674
    2260      43.8560
    2261      42.7543
    2262      41.7541
    2263      40.9630
    2264      40.5900
    2265      40.8174
    2266      41.5005
    2267      42.6551
    2268      44.1018
    2269      45.7956
    2270      47.3947
    2271      48.5593
    2272      49.1651
    2273      49.0620
    2274      48.4795
    2275      47.5416
    2276      46.5291
    2277      45.6022
    2278      44.8673
    2279      44.3803
    2280      44.1035
    2281      43.7931
    2282      43.2795
    2283      42.5729
    2284      41.6163
    2285      40.4452
    2286      39.2861
    2287      38.4285
    2288      37.9343
    2289      37.9365
    2290      38.4022
    2291      39.1780
    2292      40.0307
    2293      40.8457
    2294      41.4566
    2295      41.8053
    2296      41.7705
    2297      41.2978
    2298      40.4390
    2299      39.4981
    2300      38.5907
    2301      37.7975
    2302      37.2308
    2303      36.8784
    2304      36.8044
    2305      36.9716
    2306      37.4684
    2307      38.1709
    2308      38.9656
    2309      39.8317
    2310      40.6282
    2311      41.3086
    2312      41.6220
    2313      41.4715
    2314      40.9075
    2315      39.8851
    2316      38.4680
    2317      36.8342
    2318      35.2467
    2319      33.9333
    2320      33.0339
    2321      32.6054
    2322      32.6196
    2323      33.0167
    2324      33.7916
    2325      34.9202
    2326      36.4611
    2327      38.4356
    2328      40.7867
    2329      43.2303
    2330      45.5099
    2331      47.5796
    2332      49.0071
    2333      49.6917
    2334      49.5725
    2335      48.5534
    2336      46.8342
    2337      44.8293
    2338      42.7982
    2339      41.0071
    2340      39.7961
    2341      39.2493
    2342      39.2917
    2343      39.6581
    2344      39.8526
    2345      39.6752
    2346      39.2183
    2347      38.6541
    2348      38.1498
    2349      37.7578
    2350      37.7375
    2351      38.1134
    2352      38.6961
    2353      39.1287
    2354      39.2110
    2355      38.8838
    2356      38.1621
    2357      37.0484
    2358      35.7821
    2359      34.5174
    2360      33.3908
    2361      32.5680
    2362      32.0273
    2363      31.9784
    2364      32.3835
    2365      33.0437
    2366      33.6688
    2367      34.2043
    2368      34.5722
    2369      34.6692
    2370      34.6266
    2371      34.4678
    2372      34.3248
    2373      34.1382
    2374      33.8948
    2375      33.7687
    2376      33.8182
    2377      34.1061
    2378      34.7375
    2379      35.6728
    2380      36.7772
    2381      37.8702
    2382      38.9994
    2383      40.0841
    2384      41.0401
    2385      41.8098
    2386      42.2841
    2387      42.5149
    2388      42.4968
    2389      42.3792
    2390      42.2079
    2391      41.9709
    2392      41.6779
    2393      41.3157
    2394      40.6097
    2395      39.5412
    2396      38.2111
    2397      36.6948
    2398      35.0553
    2399      33.5242
    2400      32.3957
    2401      31.7966
    2402      31.6621
    2403      32.0278
    2404      32.7950
    2405      33.6198
    2406      34.4065
    2407      35.0101
    2408      35.4759
    2409      35.7900
    2410      35.8779
    2411      35.8816
    2412      35.6326
    2413      35.1306
    2414      34.3289
    2415      33.1310
    2416      31.6387
    2417      29.9393
    2418      28.2008
    2419      26.4183
    2420      24.7096
    2421      23.3872
    2422      22.5622
    2423      22.1142
    2424      21.8802
    2425      21.8762
    2426      22.0060
    2427      22.0465
    2428      21.8651
    2429      21.3875
    2430      20.7339
    2431      20.0858
    2432      19.5709
    2433      19.2570
    2434      19.2841
    2435      19.7560
    2436      20.7240
    2437      22.0132
    2438      23.5408
    2439      25.1831
    2440      26.7090
    2441      27.8534
    2442      28.6985
    2443      29.3204
    2444      29.9141
    2445      30.4441
    2446      30.9184
    2447      31.2796
    2448      31.4106
    2449      31.2879
    2450      30.7899
    2451      30.1103
    2452      29.2604
    2453      28.4643
    2454      28.0630
    2455      28.2004
    2456      28.8002
    2457      29.8694
    2458      31.2365
    2459      32.6936
    2460      34.1375
    2461      35.5639
    2462      36.8872
    2463      37.7779
    2464      38.0868
    2465      37.8939
    2466      37.3261
    2467      36.2718
    2468      34.5762
    2469      32.4514
    2470      29.9474
    2471      27.3094
    2472      24.6686
    2473      22.2963
    2474      20.3503
    2475      19.1472
    2476      18.8092
    2477      19.2207
    2478      20.4518
    2479      22.0829
    2480      23.7455
    2481      25.1009
    2482      26.1725
    2483      26.9218
    2484      27.3986
    2485      27.7144
    2486      27.8530
    2487      27.8035
    2488      27.4736
    2489      27.0139
    2490      26.4257
    2491      25.8577
    2492      25.1980
    2493      24.4629
    2494      23.8046
    2495      23.3875
    2496      23.3843
    2497      23.8168
    2498      24.6666
    2499      25.6945
    2500      26.8325
    2501      27.8721
    2502      28.7349
    2503      29.4155
    2504      29.9562
    2505      30.2597
    2506      30.1185
    2507      29.6361
    2508      28.7160
    2509      27.4040
    2510      25.6432
    2511      23.4595
    2512      20.9781
    2513      18.6189
    2514      16.6245
    2515      15.3236
    2516      14.8756
    2517      15.4593
    2518      17.0478
    2519      19.3891
    2520      22.3165
    2521      25.5052
    2522      28.5766
    2523      31.4509
    2524      33.8671
    2525      35.7669
    2526      37.0795
    2527      37.7268
    2528      37.7613
    2529      37.2789
    2530      36.3881
    2531      35.2926
    2532      33.9650
    2533      32.6301
    2534      31.3258
    2535      30.1508
    2536      29.3954
    2537      29.0979
    2538      29.2996
    2539      30.0542
    2540      31.2487
    2541      32.8081
    2542      34.7242
    2543      36.8454
    2544      38.9812
    2545      40.8089
    2546      42.1976
    2547      43.0969
    2548      43.3528
    2549      42.9653
    2550      41.8487
    2551      40.1157
    2552      37.9059
    2553      35.6115
    2554      33.5232
    2555      31.7842
    2556      30.5291
    2557      30.0228
    2558      30.1651
    2559      30.8662
    2560      32.0346
    2561      33.4530
    2562      34.9836
    2563      36.4645
    2564      37.7777
    2565      38.8811
    2566      39.8688
    2567      40.7474
    2568      41.1814
    2569      41.1153
    2570      40.4906
    2571      39.5388
    2572      38.3549
    2573      37.0394
    2574      35.7703
    2575      34.6382
    2576      34.0606
    2577      34.2223
    2578      35.1088
    2579      36.7100
    2580      38.7782
    2581      41.0307
    2582      43.1980
    2583      45.0509
    2584      46.4707
    2585      47.5675
    2586      48.4236
    2587      49.1047
    2588      49.7327
    2589      50.2626
    2590      50.7493
    2591      50.8722
    2592      50.5906
    2593      49.8410
    2594      48.6445
    2595      47.0242
    2596      45.2195
    2597      43.4979
    2598      42.0567
    2599      41.2526
    2600      41.0575
    2601      41.4035
    2602      42.2429
    2603      43.2532
    2604      44.3665
    2605      45.3896
    2606      46.2058
    2607      46.8608
    2608      47.3660
    2609      47.7778
    2610      48.0901
    2611      48.1327
    2612      48.0180
    2613      47.4904
    2614      46.4489
    2615      44.9550
    2616      43.2269
    2617      41.5546
    2618      40.1876
    2619      39.2572
    2620      38.6423
    2621      38.1767
    2622      37.6089
    2623      36.9892
    2624      36.2298
    2625      35.4482
    2626      34.6306
    2627      33.9298
    2628      33.4774
    2629      33.4306
    2630      33.9676
    2631      34.9574
    2632      36.1332
    2633      37.1815
    2634      37.9071
    2635      38.2502
    2636      38.0977
    2637      37.4975
    2638      36.5991
    2639      35.4285
    2640      34.3081
    2641      33.3248
    2642      32.5757
    2643      32.2677
    2644      32.4243
    2645      32.9189
    2646      33.4025
    2647      33.9547
    2648      34.4117
    2649      34.9338
    2650      35.3588
    2651      35.6306
    2652      35.8538
    2653      35.8872
    2654      35.6879
    2655      35.1475
    2656      34.2302
    2657      32.9101
    2658      31.3263
    2659      29.5603
    2660      27.8409
    2661      26.3384
    2662      25.2259
    2663      24.7662
    2664      24.9899
    2665      25.9404
    2666      27.6639
    2667      29.9095
    2668      32.3494
    2669      34.8815
    2670      37.1117
    2671      38.9970
    2672      40.5666
    2673      41.7000
    2674      42.3981
    2675      42.6722
    2676      42.4669
    2677      41.8478
    2678      40.9894
    2679      39.9760
    2680      38.9147
    2681      37.9267
    2682      37.0792
    2683      36.3268
    2684      35.8869
    2685      35.8789
    2686      36.3224
    2687      37.3393
    2688      38.7796
    2689      40.4907
    2690      42.2912
    2691      44.0650
    2692      45.6357
    2693      46.8587
    2694      47.4435
    2695      47.2797
    2696      46.3827
    2697      44.8550
    2698      42.8144
    2699      40.2756
    2700      37.4755
    2701      34.5870
    2702      31.7176
    2703      28.9864
    2704      26.5143
    2705      24.7212
    2706      23.7214
    2707      23.6173
    2708      24.4008
    2709      26.0284
    2710      28.2813
    2711      31.1060
    2712      34.1532
    2713      37.0582
    2714      39.6685
    2715      41.8515
    2716      43.4508
    2717      44.3585
    2718      44.3984
    2719      43.6091
    2720      41.8603
    2721      39.0584
    2722      35.4163
    2723      31.1248
    2724      26.8297
    2725      23.1547
    2726      20.6200
    2727      19.4930
    2728      19.8373
    2729      21.5365
    2730      24.2157
    2731      27.5048
    2732      31.0961
    2733      34.6671
    2734      37.8461
    2735      40.3550
    2736      42.0970
    2737      42.9528
    2738      42.9637
    2739      42.3400
    2740      41.2110
    2741      39.6289
    2742      37.8235
    2743      35.8893
    2744      33.8928
    2745      31.8088
    2746      29.6639
    2747      27.6000
    2748      25.7496
    2749      24.3341
    2750      23.5671
    2751      23.5856
    2752      24.3305
    2753      25.6256
    2754      27.1714
    2755      28.8417
    2756      30.3562
    2757      31.6422
    2758      32.5587
    2759      33.1071
    2760      33.2363
    2761      33.1497
    2762      32.9853
    2763      32.6896
    2764      32.4746
    2765      32.2210
    2766      31.9168
    2767      31.4575
    2768      30.7149
    2769      29.6560
    2770      28.4194
    2771      27.2125
    2772      26.3278
    2773      26.0140
    2774      26.4543
    2775      27.5805
    2776      29.1043
    2777      30.6655
    2778      32.1803
    2779      33.5289
    2780      34.5474
    2781      35.0713
    2782      34.9768
    2783      34.3181
    2784      33.3486
    2785      32.1569
    2786      30.8486
    2787      29.5225
    2788      28.3552
    2789      27.3271
    2790      26.3159
    2791      25.2872
    2792      24.1888
    2793      23.0027
    2794      21.8395
    2795      20.8384
    2796      20.2349
    2797      20.2035
    2798      20.6704
    2799      21.6544
    2800      23.1671
    2801      24.9145
    2802      26.6708
    2803      28.3974
    2804      30.0706
    2805      31.5268
    2806      32.6432
    2807      33.3489
    2808      33.7262
    2809      33.8604
    2810      33.6977
    2811      33.2040
    2812      32.4500
    2813      31.4243
    2814      30.2989
    2815      29.2567
    2816      28.2522
    2817      27.2195
    2818      26.3227
    2819      25.6617
    2820      25.1868
    2821      25.0908
    2822      25.2393
    2823      25.6299
    2824      26.4382
    2825      27.6191
    2826      29.2419
    2827      30.9269
    2828      32.6274
    2829      34.0993
    2830      35.2202
    2831      35.8445
    2832      35.9460
    2833      35.6079
    2834      34.9787
    2835      34.2270
    2836      33.3386
    2837      32.4032
    2838      31.5641
    2839      30.6701
    2840      29.6357
    2841      28.5078
    2842      27.3323
    2843      26.0074
    2844      24.4421
    2845      22.7692
    2846      21.0983
    2847      19.4700
    2848      17.9391
    2849      16.4811
    2850      15.1604
    2851      14.0556
    2852      13.3367
    2853      12.9905
    2854      13.2001
    2855      13.9830
    2856      15.3174
    2857      16.8837
    2858      18.4639
    2859      19.9799
    2860      21.4719
    2861      22.7806
    2862      23.9662
    2863      24.9857
    2864      25.7966
    2865      26.2274
    2866      26.2761
    2867      25.9939
    2868      25.5514
    2869      24.9217
    2870      24.1493
    2871      23.3458
    2872      22.6000
    2873      21.8022
    2874      21.2162
    2875      21.0336
    2876      21.1803
    2877      21.6788
    2878      22.5264
    2879      23.5574
    2880      24.5801
    2881      25.6652
    2882      26.7600
    2883      27.9200
    2884      29.2466
    2885      30.6420
    2886      32.1089
    2887      33.6307
    2888      34.9857
    2889      36.0827
    2890      36.7734
    2891      37.0175
    2892      36.7364
    2893      35.9060
    2894      34.6602
    2895      33.0987
    2896      31.4609
    2897      29.8316
    2898      28.1349
    2899      26.3595
    2900      24.7157
    2901      23.1859
    2902      21.9005
    2903      20.9833
    2904      20.3553
    2905      19.9582
    2906      19.8715
    2907      20.0732
    2908      20.5487
    2909      21.2426
    2910      21.9533
    2911      22.7491
    2912      23.5436
    2913      24.3967
    2914      25.1872
    2915      25.8810
    2916      26.4653
    2917      26.9471
    2918      27.3685
    2919      27.6988
    2920      27.8623
    2921      28.0192
    2922      28.3074
    2923      28.8016
    2924      29.5832
    2925      30.4753
    2926      31.3346
    2927      31.9188
    2928      32.2029
    2929      32.0316
    2930      31.3660
    2931      30.2315
    2932      28.8956
    2933      27.3370
    2934      25.8747
    2935      24.7034
    2936      23.9387
    2937      23.7501
    2938      24.1983
    2939      25.1674
    2940      26.3716
    2941      27.6829
    2942      29.1003
    2943      30.3329
    2944      31.3124
    2945      31.9672
    2946      32.1840
    2947      31.9278
    2948      31.4810
    2949      30.8261
    2950      30.2298
    2951      29.8009
    2952      29.5366
    2953      29.2762
    2954      28.9991
    2955      28.6315
    2956      28.1192
    2957      27.5654
    2958      26.9699
    2959      26.2965
    2960      25.7331
    2961      25.4654
    2962      25.3591
    2963      25.4807
    2964      25.5913
    2965      25.6496
    2966      25.5899
    2967      25.3350
    2968      24.8400
    2969      24.2533
    2970      23.6518
    2971      23.1073
    2972      22.7663
    2973      22.6140
    2974      22.8221
    2975      23.2741
    2976      23.9417
    2977      24.6433
    2978      25.4006
    2979      26.0977
    2980      26.8282
    2981      27.6250
    2982      28.4079
    2983      29.3416
    2984      30.4536
    2985      31.6227
    2986      32.6913
    2987      33.6701
    2988      34.4914
    2989      34.9464
    2990      35.0176
    2991      34.6257
    2992      33.7098
    2993      32.2820
    2994      30.3876
    2995      28.3396
    2996      26.2534
    2997      24.4912
    2998      23.2304
    2999      22.4309
    3000      22.0039
    3001      21.8527
    3002      21.9253
    3003      22.2397
    3004      22.6814
    3005      23.2569
    3006      23.7561
    3007      24.0927
    3008      24.3305
    3009      24.3644
    3010      24.1811
    3011      23.7842
    3012      23.1574
    3013      22.4836
    3014      21.5322
    3015      20.2397
    3016      18.9008
    3017      17.6544
    3018      16.5719
    3019      15.7268
    3020      15.5488
    3021      16.0588
    3022      17.2160
    3023      19.0357
    3024      21.3311
    3025      23.8147
    3026      26.1459
    3027      28.0739
    3028      29.2864
    3029      29.5726
    3030      28.8876
    3031      27.4135
    3032      25.3237
    3033      22.8920
    3034      20.5448
    3035      18.8418
    3036      18.0476
    3037      18.1302
    3038      18.9171
    3039      20.1377
    3040      21.5134
    3041      22.8172
    3042      23.9705
    3043      25.0516
    3044      25.9773
    3045      26.5984
    3046      27.0307
    3047      27.2824
    3048      27.4084
    3049      27.4440
    3050      27.2461
    3051      26.8615
    3052      26.3018
    3053      25.7002
    3054      24.9829
    3055      24.1206
    3056      23.2267
    3057      22.4523
    3058      21.8944
    3059      21.4174
    3060      20.8260
    3061      20.1830
    3062      19.4875
    3063      18.7146
    3064      17.7753
    3065      16.5570
    3066      15.2727
    3067      14.1912
    3068      13.6605
    3069      13.8331
    3070      14.6301
    3071      15.9710
    3072      17.5754
    3073      19.1546
    3074      20.6832
    3075      21.9010
    3076      22.7284
    3077      23.0030
    3078      22.8675
    3079      22.4106
    3080      21.7624
    3081      21.2023
    3082      20.9984
    3083      21.1498
    3084      21.8172
    3085      22.8941
    3086      24.2309
    3087      25.7327
    3088      27.2639
    3089      28.5553
    3090      29.4829
    3091      29.9181
    3092      29.9223
    3093      29.6475
    3094      29.3505
    3095      29.0783
    3096      28.8885
    3097      28.7536
    3098      28.4315
    3099      27.6653
    3100      26.4751
    3101      24.7023
    3102      22.4583
    3103      19.9713
    3104      17.6206
    3105      15.7595
    3106      14.5391
    3107      14.1403
    3108      14.5005
    3109      15.4210
    3110      16.8645
    3111      18.6232
    3112      20.2670
    3113      21.5685
    3114      22.3384
    3115      22.5765
    3116      22.4106
    3117      21.8540
    3118      21.3217
    3119      20.8893
    3120      20.7051
    3121      20.7106
    3122      20.9714
    3123      21.3646
    3124      21.7120
    3125      21.7354
    3126      21.4462
    3127      20.9358
    3128      20.3682
    3129      19.8361
    3130      19.4332
    3131      19.3572
    3132      19.4634
    3133      19.8286
    3134      20.4325
    3135      21.2805
    3136      22.3110
    3137      23.5071
    3138      24.7906
    3139      25.9629
    3140      26.9598
    3141      27.6141
    3142      27.8730
    3143      27.7950
    3144      27.6106
    3145      27.4171
    3146      27.2798
    3147      27.3991
    3148      27.7713
    3149      28.2522
    3150      28.6900
    3151      28.9739
    3152      29.0801
    3153      28.9180
    3154      28.5258
    3155      27.9107
    3156      27.0288
    3157      25.9504
    3158      24.7647
    3159      23.4743
    3160      22.2972
    3161      21.2543
    3162      20.2643
    3163      19.2113
    3164      18.0744
    3165      16.9506
    3166      15.9664
    3167      15.1947
    3168      14.8793
    3169      15.3309
    3170      16.5552
    3171      18.4658
    3172      20.8481
    3173      23.3996
    3174      25.8538
    3175      27.9153
    3176      29.6026
    3177      30.7234
    3178      31.1994
    3179      31.1205
    3180      30.6985
    3181      30.0979
    3182      29.4150
    3183      28.6007
    3184      27.7473
    3185      26.8231
    3186      25.8545
    3187      24.8502
    3188      23.8362
    3189      22.9620
    3190      22.2971
    3191      22.0520
    3192      22.5015
    3193      23.7953
    3194      25.8765
    3195      28.4930
    3196      31.2203
    3197      33.6512
    3198      35.4234
    3199      36.3738
    3200      36.3944
    3201      35.3222
    3202      33.1642
    3203      30.2722
    3204      27.0268
    3205      23.6374
    3206      20.4967
    3207      17.9725
    3208      16.2566
    3209      15.2511
    3210      14.9661
    3211      15.1814
    3212      15.7496
    3213      16.4938
    3214      17.5475
    3215      18.6794
    3216      19.7897
    3217      20.8907
    3218      21.9348
    3219      22.6568
    3220      23.2645
    3221      23.6034
    3222      23.6899
    3223      23.5689
    3224      23.1680
    3225      22.5356
    3226      21.6115
    3227      20.5922
    3228      19.5743
    3229      18.8512
    3230      18.7791
    3231      19.5291
    3232      21.0051
    3233      23.0014
    3234      25.5081
    3235      28.2079
    3236      30.7444
    3237      32.8714
    3238      34.3838
    3239      35.1268
    3240      35.1839
    3241      34.3833
    3242      32.8027
    3243      30.7729
    3244      28.4668
    3245      26.0690
    3246      23.9339
    3247      22.1580
    3248      20.8550
    3249      20.0321
    3250      19.8596
    3251      20.3777
    3252      21.6648
    3253      23.6031
    3254      26.0210
    3255      28.5501
    3256      30.8586
    3257      32.7513
    3258      33.9327
    3259      34.3356
    3260      33.8485
    3261      32.5338
    3262      30.6550
    3263      28.2514
    3264      25.6701
    3265      23.2731
    3266      21.1489
    3267      19.3737
    3268      18.0028
    3269      17.0049
    3270      16.3666
    3271      16.2100
    3272      16.6208
    3273      17.7134
    3274      19.5259
    3275      21.9093
    3276      24.5368
    3277      27.0344
    3278      29.1994
    3279      30.8068
    3280      31.8861
    3281      32.4632
    3282      32.6917
    3283      32.4063
    3284      31.5669
    3285      30.1023
    3286      28.0590
    3287      25.6007
    3288      23.0474
    3289      20.8854
    3290      19.2603
    3291      18.4516
    3292      18.4452
    3293      19.4664
    3294      21.4873
    3295      24.2448
    3296      27.4887
    3297      30.8465
    3298      33.7845
    3299      35.8766
    3300      37.1754
    3301      37.8002
    3302      37.8477
    3303      37.5475
    3304      36.9731
    3305      36.1296
    3306      35.1080
    3307      33.9637
    3308      32.6156
    3309      31.2742
    3310      29.9730
    3311      28.7832
    3312      27.8388
    3313      27.2476
    3314      27.0705
    3315      27.2642
    3316      27.7121
    3317      28.3082
    3318      28.9712
    3319      29.5602
    3320      29.9890
    3321      30.1649
    3322      30.0251
    3323      29.5362
    3324      28.8222
    3325      27.8625
    3326      26.6245
    3327      25.4042
    3328      24.2254
    3329      23.1371
    3330      22.2516
    3331      21.8092
    3332      21.8724
    3333      22.4344
    3334      23.7096
    3335      25.6866
    3336      27.9767
    3337      30.2537
    3338      32.1942
    3339      33.6241
    3340      34.3726
    3341      34.3885
    3342      33.9164
    3343      33.0866
    3344      32.0070
    3345      30.7447
    3346      29.5924
    3347      28.7586
    3348      28.2956
    3349      27.9456
    3350      27.6499
    3351      27.4796
    3352      27.3649
    3353      27.2495
    3354      27.0991
    3355      26.9822
    3356      26.9324
    3357      26.7531
    3358      26.4290
    3359      25.7745
    3360      24.6568
    3361      23.1259
    3362      21.3511
    3363      19.5847
    3364      17.9751
    3365      16.8120
    3366      16.1194
    3367      15.6859
    3368      15.6538
    3369      15.7529
    3370      15.6590
    3371      15.2535
    3372      14.7231
    3373      14.0065
    3374      13.1208
    3375      12.3185
    3376      11.9112
    3377      11.9774
    3378      12.5244
    3379      13.5936
    3380      14.8734
    3381      16.1949
    3382      17.3221
    3383      18.2892
    3384      19.0121
    3385      19.5207
    3386      19.7312
    3387      19.8425
    3388      20.0194
    3389      20.1854
    3390      20.4219
    3391      20.5048
    3392      20.3570
    3393      20.0114
    3394      19.4866
    3395      18.6929
    3396      17.9685
    3397      17.3223
    3398      17.0473
    3399      17.3580
    3400      18.2863
    3401      19.7265
    3402      21.4715
    3403      23.1529
    3404      24.5010
    3405      25.3987
    3406      25.8307
    3407      25.9250
    3408      25.6303
    3409      24.9875
    3410      24.0004
    3411      22.6050
    3412      20.9596
    3413      19.1447
    3414      17.2694
    3415      15.3477
    3416      13.6665
    3417      12.4507
    3418      11.6470
    3419      11.3103
    3420      11.3182
    3421      11.6889
    3422      12.2041
    3423      12.7842
    3424      13.3555
    3425      14.0082
    3426      14.8857
    3427      15.7390
    3428      16.5946
    3429      17.5629
    3430      18.6170
    3431      19.6483
    3432      20.6664
    3433      21.4092
    3434      21.8122
    3435      21.7970
    3436      21.3882
    3437      20.7695
    3438      19.9670
    3439      19.2234
    3440      18.6961
    3441      18.4987
    3442      18.8418
    3443      19.7080
    3444      21.1127
    3445      23.1712
    3446      25.8864
    3447      29.1100
    3448      32.6984
    3449      36.2324
    3450      39.2263
    3451      41.2945
    3452      42.1786
    3453      41.9554
    3454      40.5981
    3455      38.3978
    3456      35.6739
    3457      32.6734
    3458      29.9134
    3459      27.4450
    3460      25.5617
    3461      24.3499
    3462      23.7140
    3463      23.5940
    3464      23.6663
    3465      23.7448
    3466      24.0473
    3467      24.6020
    3468      25.5153
    3469      26.6644
    3470      27.8271
    3471      28.8591
    3472      29.3947
    3473      29.4147
    3474      29.0665
    3475      28.4814
    3476      27.9517
    3477      27.7230
    3478      27.8452
    3479      28.3449
    3480      29.3857
    3481      30.8105
    3482      32.4798
    3483      34.1861
    3484      35.6993
    3485      36.8719
    3486      37.4851
    3487      37.4840
    3488      36.9911
    3489      36.4049
    3490      35.7020
    3491      34.9513
    3492      33.9768
    3493      32.7897
    3494      31.6590
    3495      30.7308
    3496      30.2190
    3497      29.9476
    3498      29.9843
    3499      30.4023
    3500      31.1893
    3501      32.2074
    3502      33.2840
    3503      34.1908
    3504      34.7758
    3505      35.0278
    3506      35.1385
    3507      35.0636
    3508      34.8460
    3509      34.2828
    3510      33.3832
    3511      32.1587
    3512      30.6960
    3513      29.2709
    3514      28.1236
    3515      27.0646
    3516      26.0629
    3517      25.1365
    3518      24.2411
    3519      23.5305
    3520      23.0688
    3521      23.1499
    3522      23.9444
    3523      25.3541
    3524      27.3163
    3525      29.8421
    3526      32.8263
    3527      36.0332
    3528      38.9175
    3529      41.3913
    3530      43.4527
    3531      44.8342
    3532      45.4610
    3533      45.1950
    3534      44.3325
    3535      42.8361
    3536      40.8611
    3537      38.5713
    3538      36.1911
    3539      33.8918
    3540      31.8419
    3541      30.2000
    3542      29.0819
    3543      28.6266
    3544      29.0014
    3545      30.2681
    3546      32.2454
    3547      34.4199
    3548      36.4846
    3549      38.1473
    3550      39.2272
    3551      39.5711
    3552      39.1855
    3553      38.2050
    3554      36.8259
    3555      35.3099
    3556      33.8760
    3557      32.6685
    3558      32.0243
    3559      31.9658
    3560      32.4340
    3561      33.3220
    3562      34.6176
    3563      36.3348
    3564      38.3040
    3565      40.2815
    3566      42.2355
    3567      43.9343
    3568      45.2695
    3569      46.2382
    3570      46.8337
    3571      46.9363
    3572      46.5669
    3573      45.8373
    3574      44.8682
    3575      43.8278
    3576      43.0334
    3577      42.5922
    3578      42.5115
    3579      42.6274
    3580      42.8105
    3581      43.0375
    3582      43.1512
    3583      43.0849
    3584      42.6570
    3585      42.0960
    3586      41.4249
    3587      40.7321
    3588      40.2492
    3589      40.1241
    3590      40.5939
    3591      41.5392
    3592      42.8343
    3593      44.5522
    3594      46.4315
    3595      48.2107
    3596      49.7617
    3597      51.0817
    3598      51.8586
    3599      52.0440
    3600      51.6887
    3601      50.6091
    3602      48.8759
    3603      46.4750
    3604      43.5434
    3605      40.3145
    3606      36.8363
    3607      33.5144
    3608      30.7498
    3609      28.7646
    3610      27.5796
    3611      27.2112
    3612      27.6571
    3613      28.8092
    3614      30.5409
    3615      32.6192
    3616      34.7583
    3617      36.8513
    3618      38.6088
    3619      39.9130
    3620      40.7181
    3621      40.9670
    3622      40.6347
    3623      39.7113
    3624      38.2660
    3625      36.5570
    3626      34.6829
    3627      33.0649
    3628      31.8948
    3629      31.2397
    3630      31.1656
    3631      31.5985
    3632      32.3328
    3633      33.0620
    3634      33.8031
    3635      34.7032
    3636      35.5833
    3637      36.4581
    3638      37.3198
    3639      38.2494
    3640      39.1306
    3641      39.8525
    3642      40.2897
    3643      40.4109
    3644      40.0991
    3645      39.4094
    3646      38.4603
    3647      37.4146
    3648      36.3065
    3649      35.0285
    3650      33.6483
    3651      32.2831
    3652      31.0961
    3653      30.4085
    3654      30.2339
    3655      30.7262
    3656      31.8957
    3657      33.6919
    3658      36.0164
    3659      38.7310
    3660      41.5612
    3661      44.0520
    3662      45.9988
    3663      47.2920
    3664      47.6930
    3665      47.2515
    3666      45.8719
    3667      43.6659
    3668      40.7924
    3669      37.4414
    3670      33.9184
    3671      30.3992
    3672      27.3316
    3673      25.1258
    3674      24.0123
    3675      24.0385
    3676      25.3493
    3677      27.6904
    3678      30.7852
    3679      34.6448
    3680      39.1307
    3681      43.6983
    3682      47.7815
    3683      51.0643
    3684      53.2300
    3685      54.0430
    3686      53.6045
    3687      52.0850
    3688      49.7515
    3689      46.8981
    3690      43.9136
    3691      41.2093
    3692      38.8433
    3693      37.0288
    3694      35.6737
    3695      34.7407
    3696      33.9958
    3697      33.3884
    3698      33.0123
    3699      32.8701
    3700      32.8034
    3701      32.9165
    3702      33.3304
    3703      34.1124
    3704      35.2399
    3705      36.5829
    3706      38.0648
    3707      39.4654
    3708      40.6015
    3709      41.5842
    3710      42.5699
    3711      43.4502
    3712      44.2248
    3713      45.0117
    3714      45.7324
    3715      46.3097
    3716      46.7677
    3717      46.9898
    3718      46.9329
    3719      46.6022
    3720      45.9629
    3721      45.1304
    3722      44.2212
    3723      43.3729
    3724      42.6555
    3725      42.1917
    3726      42.1469
    3727      42.5901
    3728      43.3744
    3729      44.1051
    3730      44.5989
    3731      44.6858
    3732      44.1843
    3733      43.1613
    3734      41.7395
    3735      40.0623
    3736      38.4487
    3737      37.1371
    3738      36.3946
    3739      36.2007
    3740      36.4317
    3741      36.9464
    3742      37.5826
    3743      38.2452
    3744      38.7327
    3745      38.8775
    3746      38.6260
    3747      37.9228
    3748      36.8078
    3749      35.3616
    3750      33.8002
    3751      32.2198
    3752      30.8083
    3753      29.7566
    3754      29.0753
    3755      28.5568
    3756      28.3042
    3757      28.4578
    3758      29.0812
    3759      30.0911
    3760      31.3102
    3761      32.5361
    3762      33.7175
    3763      34.5682
    3764      35.0460
    3765      35.1127
    3766      34.5963
    3767      33.5814
    3768      32.2242
    3769      30.8000
    3770      29.4129
    3771      28.1893
    3772      27.2780
    3773      26.7727
    3774      26.7431
    3775      27.1106
    3776      27.8511
    3777      28.8937
    3778      30.2766
    3779      31.7314
    3780      33.0520
    3781      34.1746
    3782      34.9860
    3783      35.3834
    3784      35.2767
    3785      34.6665
    3786      33.4323
    3787      31.6522
    3788      29.6234
    3789      27.6855
    3790      25.8581
    3791      24.3413
    3792      23.2667
    3793      22.8145
    3794      22.7571
    3795      23.0418
    3796      23.5194
    3797      24.0775
    3798      24.7102
    3799      25.3639
    3800      26.1734
    3801      27.2335
    3802      28.4265
    3803      29.5423
    3804      30.6069
    3805      31.4783
    3806      32.0621
    3807      32.4119
    3808      32.4927
    3809      32.5371
    3810      32.5677
    3811      32.5761
    3812      32.6707
    3813      32.8047
    3814      32.7650
    3815      32.4167
    3816      31.6799
    3817      30.5060
    3818      28.8782
    3819      26.7973
    3820      24.6184
    3821      22.7345
    3822      21.4193
    3823      20.9510
    3824      21.5478
    3825      22.8693
    3826      24.5407
    3827      26.1162
    3828      27.2152
    3829      27.6453
    3830      27.2166
    3831      26.0325
    3832      24.1082
    3833      21.8248
    3834      19.5462
    3835      17.7630
    3836      16.5923
    3837      15.8494
    3838      15.1754
    3839      14.5601
    3840      13.9581
    3841      13.3836
    3842      12.8086
    3843      12.2219
    3844      11.6394
    3845      11.2739
    3846      11.1989
    3847      11.4690
    3848      12.0433
    3849      12.7216
    3850      13.4163
    3851      14.1240
    3852      14.7499
    3853      15.3790
    3854      16.1453
    3855      17.1768
    3856      18.4659
    3857      19.9523
    3858      21.5732
    3859      23.2926
    3860      24.9547
    3861      26.4656
    3862      27.6870
    3863      28.8021
    3864      29.8640
    3865      30.8148
    3866      31.4411
    3867      31.7550
    3868      31.7802
    3869      31.6668
    3870      31.3653
    3871      30.9525
    3872      30.5138
    3873      30.2070
    3874      30.1059
    3875      30.3410
    3876      30.7903
    3877      31.3162
    3878      31.6878
    3879      31.8492
    3880      31.6153
    3881      30.9438
    3882      29.9249
    3883      28.8081
    3884      28.0016
    3885      27.7470
    3886      28.2736
    3887      29.2853
    3888      30.5996
    3889      32.0324
    3890      33.4158
    3891      34.6223
    3892      35.6429
    3893      36.2648
    3894      36.4404
    3895      36.2711
    3896      35.7991
    3897      35.0557
    3898      34.2557
    3899      33.3329
    3900      32.2718
    3901      31.0950
    3902      29.9904
    3903      28.9886
    3904      28.1074
    3905      27.4821
    3906      27.2993
    3907      27.5560
    3908      28.2261
    3909      29.1582
    3910      29.9959
    3911      30.4428
    3912      30.3336
    3913      29.7387
    3914      28.5600
    3915      26.7730
    3916      24.5738
    3917      22.2903
    3918      20.4448
    3919      19.1207
    3920      18.5512
    3921      18.7501
    3922      19.5146
    3923      20.6207
    3924      21.9791
    3925      23.6521
    3926      25.4448
    3927      27.2273
    3928      28.8815
    3929      30.2287
    3930      31.1059
    3931      31.5650
    3932      31.6312
    3933      31.3579
    3934      30.7724
    3935      29.9985
    3936      29.0952
    3937      28.2363
    3938      27.3472
    3939      26.4997
    3940      25.8166
    3941      25.2231
    3942      24.7133
    3943      24.3415
    3944      24.1124
    3945      24.0631
    3946      24.1698
    3947      24.4167
    3948      24.9705
    3949      25.8796
    3950      27.2396
    3951      29.0203
    3952      30.8700
    3953      32.4462
    3954      33.4521
    3955      33.9617
    3956      33.9669
    3957      33.3741
    3958      32.3564
    3959      30.8001
    3960      28.7170
    3961      26.1518
    3962      23.4053
    3963      20.9489
    3964      19.0458
    3965      18.0660
    3966      18.2393
    3967      19.4232
    3968      21.3962
    3969      24.0174
    3970      27.0735
    3971      30.3733
    3972      33.6057
    3973      36.4935
    3974      38.7104
    3975      39.9188
    3976      40.0146
    3977      39.0041
    3978      37.2050
    3979      34.8942
    3980      32.1884
    3981      29.3180
    3982      26.4170
    3983      23.7336
    3984      21.4693
    3985      19.7320
    3986      18.5759
    3987      18.3582
    3988      19.1389
    3989      20.8007
    3990      23.2587
    3991      26.2234
    3992      29.3233
    3993      32.0633
    3994      34.1809
    3995      35.5413
    3996      36.0098
    3997      35.8495
    3998      35.2033
    3999      34.2710
    4000      33.1885
    4001      32.1333
    4002      31.3238
    4003      30.7892
    4004      30.3057
    4005      29.8157
    4006      29.1303
    4007      28.2309
    4008      27.1313
    4009      25.9463
    4010      24.7551
    4011      23.6952
    4012      22.8633
    4013      22.2898
    4014      21.9907
    4015      21.9692
    4016      22.0259
    4017      22.0954
    4018      22.1030
    4019      22.0231
    4020      22.0302
    4021      22.2208
    4022      22.5004
    4023      22.8039
    4024      22.9908
    4025      22.9030
    4026      22.3803
    4027      21.3415
    4028      19.8667
    4029      18.0397
    4030      16.0584
    4031      14.1447
    4032      12.5272
    4033      11.5476
    4034      11.5154
    4035      12.3794
    4036      14.0023
    4037      16.1073
    4038      18.2701
    4039      20.2701
    4040      22.0103
    4041      23.5739
    4042      25.0102
    4043      26.2678
    4044      27.3970
    4045      28.3800
    4046      29.0440
    4047      29.2587
    4048      29.0529
    4049      28.4649
    4050      27.5881
    4051      26.5865
    4052      25.7567
    4053      25.1002
    4054      24.5910
    4055      24.2169
    4056      23.7378
    4057      23.0346
    4058      22.0699
    4059      21.0569
    4060      20.1750
    4061      19.5563
    4062      19.2975
    4063      19.5864
    4064      20.3097
    4065      21.3593
    4066      22.5269
    4067      23.4638
    4068      24.1420
    4069      24.4999
    4070      24.5542
    4071      24.4026
    4072      24.0610
    4073      23.4810
    4074      22.8190
    4075      22.1434
    4076      21.2881
    4077      20.3472
    4078      19.4163
    4079      18.5288
    4080      17.7171
    4081      17.1052
    4082      16.8863
    4083      17.2763
    4084      18.2829
    4085      19.9620
    4086      22.2015
    4087      24.6581
    4088      27.0274
    4089      29.0237
    4090      30.5411
    4091      31.4609
    4092      31.5740
    4093      31.0693
    4094      30.0695
    4095      28.7983
    4096      27.4940
    4097      26.3465
    4098      25.4357
    4099      24.8445
    4100      24.3266
    4101      23.8353
    4102      23.3229
    4103      22.9190
    4104      22.4503
    4105      21.8805
    4106      21.1707
    4107      20.4795
    4108      19.8165
    4109      19.2194
    4110      18.7389
    4111      18.4530
    4112      18.4639
    4113      19.0086
    4114      20.1558
    4115      21.8584
    4116      23.9378
    4117      26.2901
    4118      28.6589
    4119      30.7670
    4120      32.4492
    4121      33.6186
    4122      34.3615
    4123      34.6636
    4124      34.5905
    4125      34.2249
    4126      33.5876
    4127      32.5310
    4128      31.1532
    4129      29.5465
    4130      27.8335
    4131      26.2961
    4132      25.2782
    4133      24.9431
    4134      25.4355
    4135      26.7932
    4136      28.8492
    4137      31.3477
    4138      34.1284
    4139      36.8197
    4140      39.2720
    4141      41.1409
    4142      42.3744
    4143      42.7987
    4144      42.4493
    4145      41.4599
    4146      40.0301
    4147      38.3577
    4148      36.4230
    4149      34.2256
    4150      31.7063
    4151      28.8902
    4152      25.8656
    4153      22.7449
    4154      19.9330
    4155      17.6936
    4156      16.2334
    4157      15.6314
    4158      16.0388
    4159      17.3700
    4160      19.3926
    4161      21.7903
    4162      24.1841
    4163      26.4733
    4164      28.5364
    4165      30.1679
    4166      31.1530
    4167      31.4703
    4168      31.2247
    4169      30.4005
    4170      29.2626
    4171      27.9968
    4172      26.6906
    4173      25.3690
    4174      24.1870
    4175      23.4582
    4176      23.2606
    4177      23.6749
    4178      24.5688
    4179      25.9041
    4180      27.4598
    4181      28.9422
    4182      30.2478
    4183      31.2155
    4184      31.8330
    4185      32.0465
    4186      31.7006
    4187      30.9944
    4188      29.8910
    4189      28.4358
    4190      26.6419
    4191      24.4937
    4192      22.1971
    4193      19.9548
    4194      18.0934
    4195      16.8196
    4196      16.5295
    4197      17.4784
    4198      19.5132
    4199      22.4772
    4200      25.9935
    4201      29.6929
    4202      32.8999
    4203      35.3289
    4204      36.5982
    4205      36.5720
    4206      35.3921
    4207      33.2483
    4208      30.4199
    4209      27.1929
    4210      23.6247
    4211      20.0610
    4212      17.1480
    4213      15.0318
    4214      13.9723
    4215      13.7397
    4216      14.1819
    4217      15.0832
    4218      16.2562
    4219      17.8987
    4220      20.0740
    4221      22.7458
    4222      25.7162
    4223      28.7554
    4224      31.3044
    4225      33.0679
    4226      33.8580
    4227      33.8074
    4228      33.1758
    4229      32.0957
    4230      30.6051
    4231      28.9039
    4232      27.1428
    4233      25.3904
    4234      23.8528
    4235      22.9141
    4236      22.8188
    4237      23.5231
    4238      24.7572
    4239      26.4192
    4240      28.3730
    4241      30.4206
    4242      32.2839
    4243      33.7953
    4244      34.7950
    4245      34.9379
    4246      34.3652
    4247      33.1969
    4248      31.5335
    4249      29.5751
    4250      27.4500
    4251      25.1916
    4252      22.9368
    4253      20.6183
    4254      18.3119
    4255      16.2459
    4256      14.7881
    4257      14.1140
    4258      14.1653
    4259      14.8274
    4260      16.0233
    4261      17.6516
    4262      19.4995
    4263      21.2884
    4264      22.8296
    4265      23.9370
    4266      24.4707
    4267      24.3854
    4268      23.8224
    4269      22.9229
    4270      21.6503
    4271      20.2576
    4272      18.7964
    4273      17.4680
    4274      16.4076
    4275      15.6854
    4276      15.5620
    4277      16.2335
    4278      17.5089
    4279      19.3561
    4280      21.7074
    4281      24.6138
    4282      27.7596
    4283      31.0730
    4284      34.1786
    4285      36.8734
    4286      38.8285
    4287      39.9221
    4288      40.1259
    4289      39.4727
    4290      38.0891
    4291      36.1919
    4292      33.8560
    4293      31.1886
    4294      28.3939
    4295      25.8143
    4296      23.6738
    4297      22.0680
    4298      21.0235
    4299      20.5686
    4300      20.6726
    4301      21.3819
    4302      22.5744
    4303      24.1167
    4304      25.8229
    4305      27.6858
    4306      29.4045
    4307      30.9363
    4308      32.1570
    4309      33.0550
    4310      33.7377
    4311      34.1559
    4312      34.2641
    4313      34.0155
    4314      33.3243
    4315      31.9931
    4316      30.1696
    4317      28.1479
    4318      26.2399
    4319      24.5590
    4320      23.4074
    4321      22.9763
    4322      23.3710
    4323      24.4324
    4324      25.9753
    4325      27.9400
    4326      30.0698
    4327      32.2628
    4328      34.2977
    4329      36.0776
    4330      37.4982
    4331      38.4145
    4332      38.7746
    4333      38.5831
    4334      37.7191
    4335      36.2940
    4336      34.3828
    4337      31.9682
    4338      29.2054
    4339      26.1516
    4340      23.2161
    4341      20.9507
    4342      19.6794
    4343      19.3592
    4344      19.9002
    4345      21.3337
    4346      23.4397
    4347      25.8729
    4348      28.2835
    4349      30.5324
    4350      32.3728
    4351      33.7016
    4352      34.5271
    4353      34.9210
    4354      34.8712
    4355      34.3534
    4356      33.1806
    4357      31.3181
    4358      28.8084
    4359      25.8842
    4360      22.7644
    4361      19.8600
    4362      17.5606
    4363      16.2278
    4364      15.9395
    4365      16.6868
    4366      18.1437
    4367      20.0703
    4368      22.3563
    4369      24.8034
    4370      27.3652
    4371      29.9135
    4372      32.4051
    4373      34.7181
    4374      36.9759
    4375      39.0138
    4376      40.6705
    4377      41.7347
    4378      42.2777
    4379      42.1876
    4380      41.3640
    4381      39.8985
    4382      37.9247
    4383      35.5604
    4384      33.2274
    4385      31.3490
    4386      30.1138
    4387      29.6342
    4388      29.9140
    4389      30.7544
    4390      32.0027
    4391      33.4276
    4392      34.9304
    4393      36.3508
    4394      37.6107
    4395      38.6505
    4396      39.4254
    4397      39.8948
    4398      40.0464
    4399      39.6695
    4400      38.8875
    4401      37.8746
    4402      36.7563
    4403      35.5475
    4404      34.3796
    4405      33.5745
    4406      33.0900
    4407      33.0836
    4408      33.5958
    4409      34.5775
    4410      35.7535
    4411      36.9337
    4412      37.7297
    4413      37.8529
    4414      37.2611
    4415      36.1650
    4416      34.4341
    4417      32.2341
    4418      29.5600
    4419      26.6127
    4420      23.5929
    4421      20.7849
    4422      18.4891
    4423      16.8361
    4424      15.8759
    4425      15.7007
    4426      16.4681
    4427      18.0754
    4428      20.4793
    4429      23.5968
    4430      27.2231
    4431      31.0687
    4432      34.7739
    4433      37.9799
    4434      40.3742
    4435      41.8213
    4436      42.1519
    4437      41.3831
    4438      39.5011
    4439      36.7037
    4440      33.3106
    4441      29.6651
    4442      25.8583
    4443      22.2737
    4444      19.3176
    4445      17.2996
    4446      16.4563
    4447      16.8267
    4448      18.4532
    4449      21.0387
    4450      24.1984
    4451      27.4237
    4452      30.4764
    4453      33.0086
    4454      34.9138
    4455      36.1488
    4456      36.7137
    4457      36.6614
    4458      35.9361
    4459      34.5915
    4460      32.6259
    4461      30.3214
    4462      27.9152
    4463      25.6461
    4464      23.7219
    4465      22.5776
    4466      22.4624
    4467      23.4251
    4468      25.3517
    4469      27.9453
    4470      30.9121
    4471      34.0658
    4472      36.9993
    4473      39.4874
    4474      41.4203
    4475      42.6405
    4476      43.2176
    4477      43.0744
    4478      42.3166
    4479      40.9397
    4480      39.0242
    4481      36.6895
    4482      34.2911
    4483      31.7382
    4484      29.1033
    4485      26.4613
    4486      24.0276
    4487      22.0041
    4488      20.5151
    4489      19.6684
    4490      19.6600
    4491      20.4343
    4492      22.0260
    4493      24.0636
    4494      26.1153
    4495      27.6692
    4496      28.8041
    4497      29.4726
    4498      29.5625
    4499      29.1137
    4500      28.2626
    4501      26.9895
    4502      25.3440
    4503      23.6042
    4504      22.0127
    4505      20.6683
    4506      19.6510
    4507      19.0460
    4508      18.8296
    4509      18.9272
    4510      19.1390
    4511      19.4415
    4512      19.8077
    4513      20.3114
    4514      21.3134
    4515      22.7292
    4516      24.2945
    4517      25.8700
    4518      27.4634
    4519      28.9237
    4520      30.0828
    4521      30.8481
    4522      31.1877
    4523      30.9990
    4524      30.2621
    4525      29.0108
    4526      27.2756
    4527      25.2001
    4528      22.9555
    4529      20.7661
    4530      18.6203
    4531      16.6836
    4532      15.0077
    4533      13.6933
    4534      12.8747
    4535      12.6032
    4536      12.9373
    4537      13.6947
    4538      14.6780
    4539      15.9547
    4540      17.5393
    4541      19.3659
    4542      21.4467
    4543      23.7238
    4544      26.0609
    4545      28.1577
    4546      29.8366
    4547      30.8251
    4548      30.8751
    4549      30.0286
    4550      28.3923
    4551      26.0031
    4552      23.2519
    4553      20.4167
    4554      17.6693
    4555      15.4122
    4556      14.0171
    4557      13.5578
    4558      14.1112
    4559      15.5458
    4560      17.6096
    4561      19.9267
    4562      22.1091
    4563      23.8861
    4564      25.3414
    4565      26.3678
    4566      27.0961
    4567      27.6616
    4568      28.1255
    4569      28.4708
    4570      28.6640
    4571      28.7153
    4572      28.5661
    4573      28.1773
    4574      27.5198
    4575      26.6836
    4576      25.8105
    4577      25.1446
    4578      24.7722
    4579      24.8851
    4580      25.6170
    4581      26.8684
    4582      28.3008
    4583      29.7290
    4584      31.0388
    4585      32.1288
    4586      32.9061
    4587      33.3034
    4588      33.2815
    4589      33.1987
    4590      32.9912
    4591      32.7490
    4592      32.3323
    4593      31.4822
    4594      30.1740
    4595      28.3667
    4596      26.0019
    4597      23.5050
    4598      21.0327
    4599      19.0078
    4600      17.5571
    4601      16.7824
    4602      16.9663
    4603      18.1045
    4604      19.9453
    4605      22.3350
    4606      24.9097
    4607      27.2076
    4608      29.1303
    4609      30.6338
    4610      31.5296
    4611      31.7806
    4612      31.5503
    4613      31.0225
    4614      30.3383
    4615      29.6246
    4616      28.7941
    4617      28.0258
    4618      27.3623
    4619      26.8786
    4620      26.5332
    4621      26.2652
    4622      26.1694
    4623      26.1395
    4624      26.1318
    4625      26.1412
    4626      26.1248
    4627      25.9874
    4628      25.7738
    4629      25.5764
    4630      25.6186
    4631      25.9252
    4632      26.6241
    4633      27.6364
    4634      28.8785
    4635      30.3054
    4636      31.8580
    4637      33.2402
    4638      34.4644
    4639      35.4800
    4640      36.4076
    4641      37.2434
    4642      37.9479
    4643      38.3012
    4644      38.2053
    4645      37.6361
    4646      36.5537
    4647      34.8841
    4648      32.6938
    4649      30.1927
    4650      27.5492
    4651      25.1869
    4652      23.5281
    4653      22.9382
    4654      23.4415
    4655      24.8293
    4656      26.8347
    4657      29.1515
    4658      31.3696
    4659      33.3355
    4660      34.9093
    4661      36.0773
    4662      36.6622
    4663      36.6587
    4664      36.3597
    4665      35.9086
    4666      35.4328
    4667      34.8856
    4668      34.3735
    4669      33.9786
    4670      33.5789
    4671      33.2116
    4672      32.9240
    4673      32.6093
    4674      32.3437
    4675      32.1579
    4676      32.0318
    4677      31.9846
    4678      32.0057
    4679      32.1173
    4680      32.3882
    4681      32.7522
    4682      33.1732
    4683      33.5512
    4684      33.9033
    4685      34.1288
    4686      34.1355
    4687      34.1179
    4688      34.2039
    4689      34.4490
    4690      34.9370
    4691      35.5866
    4692      36.0285
    4693      36.1096
    4694      35.7699
    4695      35.0693
    4696      33.8370
    4697      32.3026
    4698      30.4463
    4699      28.4188
    4700      26.3348
    4701      24.4583
    4702      22.8398
    4703      21.5248
    4704      20.4954
    4705      19.6650
    4706      18.9788
    4707      18.5703
    4708      18.2669
    4709      18.0251
    4710      18.0410
    4711      18.3489
    4712      19.0903
    4713      20.0922
    4714      21.3833
    4715      22.8489
    4716      24.3633
    4717      25.8187
    4718      27.1773
    4719      28.3302
    4720      29.1842
    4721      29.6101
    4722      29.5324
    4723      29.0937
    4724      28.3054
    4725      27.4136
    4726      26.4856
    4727      25.6171
    4728      24.7730
    4729      24.0124
    4730      23.5197
    4731      23.3558
    4732      23.7454
    4733      24.6413
    4734      25.9717
    4735      27.6588
    4736      29.3938
    4737      31.0176
    4738      32.4756
    4739      33.6681
    4740      34.4116
    4741      34.5962
    4742      34.2251
    4743      33.1309
    4744      31.4920
    4745      29.3092
    4746      26.7982
    4747      24.2196
    4748      21.7767
    4749      19.7962
    4750      18.5234
    4751      18.1022
    4752      18.4653
    4753      19.6769
    4754      21.5267
    4755      23.8317
    4756      26.3241
    4757      28.7296
    4758      30.8360
    4759      32.4027
    4760      33.2563
    4761      33.3169
    4762      32.7702
    4763      31.6853
    4764      30.2478
    4765      28.6809
    4766      27.1343
    4767      25.7015
    4768      24.4840
    4769      23.5276
    4770      22.8939
    4771      22.5981
    4772      22.7999
    4773      23.5364
    4774      24.8362
    4775      26.6569
    4776      29.0500
    4777      31.8596
    4778      34.8149
    4779      37.6377
    4780      39.9925
    4781      41.5314
    4782      42.1855
    4783      41.9866
    4784      41.0160
    4785      39.3361
    4786      37.0508
    4787      34.3249
    4788      31.3614
    4789      28.4547
    4790      25.6728
    4791      23.1509
    4792      21.0398
    4793      19.6779
    4794      19.1405
    4795      19.4717
    4796      20.5757
    4797      22.2000
    4798      24.1824
    4799      26.3002
    4800      28.2559
    4801      29.8973
    4802      31.0349
    4803      31.5364
    4804      31.3524
    4805      30.2785
    4806      28.4117
    4807      25.8086
    4808      22.7699
    4809      19.7210
    4810      17.0795
    4811      15.0398
    4812      13.7358
    4813      13.5139
    4814      14.4746
    4815      16.6611
    4816      19.7896
    4817      23.6544
    4818      27.8520
    4819      31.9301
    4820      35.5544
    4821      38.2979
    4822      40.1494
    4823      41.0614
    4824      41.0319
    4825      40.3341
    4826      39.1865
    4827      37.7534
    4828      36.1357
    4829      34.3786
    4830      32.7107
    4831      31.4075
    4832      30.3627
    4833      29.5694
    4834      29.0450
    4835      28.7287
    4836      28.6925
    4837      28.8840
    4838      29.2672
    4839      29.6568
    4840      30.0296
    4841      30.3304
    4842      30.3900
    4843      30.1736
    4844      29.8002
    4845      29.2622
    4846      28.7577
    4847      28.2587
    4848      27.6357
    4849      26.9344
    4850      26.1985
    4851      25.5104
    4852      24.7877
    4853      23.9788
    4854      23.0342
    4855      22.0559
    4856      21.0541
    4857      19.9803
    4858      18.9599
    4859      18.0184
    4860      17.2905
    4861      16.8623
    4862      16.7277
    4863      16.9614
    4864      17.6337
    4865      18.8476
    4866      20.5454
    4867      22.6449
    4868      25.1491
    4869      27.7829
    4870      30.3940
    4871      32.7558
    4872      34.5871
    4873      35.8360
    4874      36.5771
    4875      36.9672
    4876      36.9823
    4877      36.7966
    4878      36.4496
    4879      36.0607
    4880      35.4308
    4881      34.5857
    4882      33.5145
    4883      32.1408
    4884      30.4566
    4885      28.4910
    4886      26.4686
    4887      24.6214
    4888      23.2684
    4889      22.6068
    4890      22.6902
    4891      23.4488
    4892      24.6422
    4893      25.9725
    4894      27.2700
    4895      28.3452
    4896      29.2686
    4897      30.0997
    4898      30.7178
    4899      31.1425
    4900      31.3458
    4901      31.3243
    4902      31.0192
    4903      30.4604
    4904      29.7032
    4905      28.7527
    4906      27.6266
    4907      26.4526
    4908      25.3158
    4909      24.1918
    4910      23.1992
    4911      22.3148
    4912      21.5421
    4913      20.9557
    4914      20.6029
    4915      20.3286
    4916      20.1465
    4917      20.1091
    4918      20.1936
    4919      20.4007
    4920      20.7432
    4921      21.2013
    4922      21.8034
    4923      22.5136
    4924      23.5129
    4925      24.7998
    4926      26.3702
    4927      28.2827
    4928      30.3966
    4929      32.3649
    4930      34.0448
    4931      35.4029
    4932      36.1835
    4933      36.1711
    4934      35.2712
    4935      33.6674
    4936      31.4278
    4937      28.9603
    4938      26.5137
    4939      24.3801
    4940      22.9007
    4941      22.0254
    4942      21.6782
    4943      21.9278
    4944      22.6210
    4945      23.5600
    4946      24.6973
    4947      25.9434
    4948      27.2530
    4949      28.6051
    4950      29.7382
    4951      30.5608
    4952      30.8720
    4953      30.6113
    4954      29.8496
    4955      28.4461
    4956      26.5958
    4957      24.5205
    4958      22.5684
    4959      20.9440
    4960      19.8751
    4961      19.4461
    4962      19.7415
    4963      20.7458
    4964      22.3682
    4965      24.5417
    4966      26.9733
    4967      29.3782
    4968      31.6175
    4969      33.5153
    4970      34.9300
    4971      35.7319
    4972      35.9909
    4973      35.8840
    4974      35.4912
    4975      34.8501
    4976      33.9632
    4977      32.8858
    4978      31.5372
    4979      30.0012
    4980      28.3507
    4981      26.6161
    4982      24.7773
    4983      22.9085
    4984      21.2596
    4985      19.9848
    4986      19.1532
    4987      18.8723
    4988      19.4655
    4989      20.6973
    4990      22.3746
    4991      24.3797
    4992      26.5225
    4993      28.5928
    4994      30.3707
    4995      31.9394
    4996      33.2088
    4997      34.1200
    4998      34.8140
    4999      35.2256
    5000      35.5113
