    1001      36.8084
    1002      36.5884
    1003      36.0019
    1004      35.0456
    1005      33.8689
    1006      32.4423
    1007      30.8601
    1008      29.1939
    1009      27.5155
    1010      26.0247
    1011      25.0381
    1012      24.7111
    1013      25.0687
    1014      26.2635
    1015      28.1673
    1016      30.4510
    1017      32.9373
    1018      35.4251
    1019      37.6544
    1020      39.4672
    1021      40.7958
    1022      41.4612
    1023      41.4610
    1024      40.8467
    1025      39.6250
    1026      37.9820
    1027      36.1316
    1028      34.0689
    1029      31.9545
    1030      30.1244
    1031      29.0497
    1032      28.7013
    1033      29.2041
    1034      30.7383
    1035      33.2426
    1036      36.4381
    1037      40.1170
    1038      43.8031
    1039      47.1196
    1040      49.6766
    1041      51.3562
    1042      52.2081
    1043      52.3566
    1044      51.9527
    1045      50.9285
    1046      49.4463
    1047      47.5117
    1048      45.3960
    1049      43.4026
    1050      41.7352
    1051      40.4935
    1052      39.7814
    1053      39.5067
    1054      39.6459
    1055      40.0826
    1056      40.8254
    1057      41.9486
    1058      43.5211
    1059      45.5301
    1060      47.7996
    1061      50.1335
    1062      52.4484
    1063      54.5143
    1064      56.2030
    1065      57.3876
    1066      57.9491
    1067      57.8647
    1068      57.1369
    1069      55.7590
    1070      53.7710
    1071      51.3599
    1072      48.7712
    1073      45.9452
    1074      43.1819
    1075      40.7148
    1076      38.9026
    1077      37.7227
    1078      37.1742
    1079      37.2425
    1080      37.7915
    1081      38.8390
    1082      40.2980
    1083      42.1227
    1084      44.3039
    1085      46.6835
    1086      48.9496
    1087      50.9458
    1088      52.4134
    1089      53.1570
    1090      53.1309
    1091      52.2631
    1092      50.6953
    1093      48.5320
    1094      45.9454
    1095      43.1456
    1096      40.5540
    1097      38.5799
    1098      37.3525
    1099      36.8449
    1100      36.9641
    1101      37.4748
    1102      38.2390
    1103      39.0912
    1104      39.9449
    1105      40.6624
    1106      41.3248
    1107      41.9668
    1108      42.5033
    1109      42.9169
    1110      43.0219
    1111      42.9777
    1112      42.7967
    1113      42.3920
    1114      41.7376
    1115      40.8454
    1116      39.8767
    1117      39.0839
    1118      38.4877
    1119      38.2281
    1120      38.2765
    1121      38.5629
    1122      38.9164
    1123      39.1871
    1124      39.1621
    1125      38.5716
    1126      37.5397
    1127      36.2091
    1128      34.8346
    1129      33.5580
    1130      32.2975
    1131      31.2237
    1132      30.4194
    1133      29.7374
    1134      29.1267
    1135      28.5971
    1136      28.0364
    1137      27.5845
    1138      27.4160
    1139      27.4724
    1140      27.8450
    1141      28.5871
    1142      29.5001
    1143      30.4648
    1144      31.3786
    1145      32.1186
    1146      32.5960
    1147      32.7141
    1148      32.6453
    1149      32.3164
    1150      31.6327
    1151      30.7925
    1152      29.9038
    1153      29.0730
    1154      28.2015
    1155      27.3712
    1156      26.5566
    1157      25.9725
    1158      25.7664
    1159      25.9379
    1160      26.3198
    1161      27.1390
    1162      28.2667
    1163      29.5462
    1164      31.0042
    1165      32.3117
    1166      33.2732
    1167      33.9753
    1168      34.4093
    1169      34.5888
    1170      34.5959
    1171      34.4355
    1172      34.0972
    1173      33.4792
    1174      32.5771
    1175      31.6238
    1176      30.6816
    1177      30.1050
    1178      30.0331
    1179      30.7158
    1180      32.2057
    1181      34.4975
    1182      37.5057
    1183      41.1867
    1184      45.1704
    1185      48.9703
    1186      52.3058
    1187      54.7804
    1188      56.2767
    1189      56.6352
    1190      55.8279
    1191      53.9513
    1192      51.2675
    1193      47.8906
    1194      44.0874
    1195      40.0918
    1196      36.0764
    1197      32.4262
    1198      29.3814
    1199      27.3585
    1200      26.5253
    1201      26.9841
    1202      28.5368
    1203      31.0287
    1204      34.1293
    1205      37.3793
    1206      40.4322
    1207      43.0673
    1208      45.0202
    1209      46.1171
    1210      46.2901
    1211      45.7133
    1212      44.4753
    1213      42.8258
    1214      40.9585
    1215      39.2859
    1216      37.8174
    1217      36.6823
    1218      35.9886
    1219      35.8551
    1220      36.2162
    1221      37.1449
    1222      38.5064
    1223      40.0870
    1224      41.9029
    1225      43.8042
    1226      45.5919
    1227      47.2327
    1228      48.6339
    1229      49.6914
    1230      50.2517
    1231      50.2787
    1232      49.7879
    1233      48.8257
    1234      47.4187
    1235      45.6474
    1236      43.6244
    1237      41.4671
    1238      39.2444
    1239      37.1215
    1240      35.4557
    1241      34.3681
    1242      33.9926
    1243      34.3745
    1244      35.3778
    1245      36.8657
    1246      38.6895
    1247      40.5057
    1248      42.2457
    1249      43.8213
    1250      45.1593
    1251      46.2114
    1252      47.0220
    1253      47.4358
    1254      47.4177
    1255      46.9110
    1256      45.9278
    1257      44.5128
    1258      42.7638
    1259      40.9400
    1260      39.3628
    1261      38.1503
    1262      37.3472
    1263      37.1117
    1264      37.5939
    1265      38.9024
    1266      40.7711
    1267      42.9866
    1268      45.4011
    1269      47.8169
    1270      49.9406
    1271      51.6777
    1272      52.9630
    1273      53.6933
    1274      53.8124
    1275      53.3611
    1276      52.2916
    1277      50.6961
    1278      48.7977
    1279      46.6587
    1280      44.3666
    1281      41.9685
    1282      39.6551
    1283      37.5430
    1284      35.8297
    1285      34.7367
    1286      34.3862
    1287      34.6874
    1288      35.4925
    1289      36.7166
    1290      38.1910
    1291      39.9156
    1292      41.5877
    1293      43.0243
    1294      44.2431
    1295      45.2307
    1296      46.0023
    1297      46.5066
    1298      46.6201
    1299      46.1456
    1300      45.1469
    1301      43.7606
    1302      42.2553
    1303      40.6164
    1304      38.9175
    1305      37.3562
    1306      36.1529
    1307      35.3055
    1308      34.7777
    1309      34.6589
    1310      35.0752
    1311      35.8499
    1312      36.8116
    1313      37.8625
    1314      38.7891
    1315      39.4229
    1316      39.7124
    1317      39.5863
    1318      39.1264
    1319      38.3345
    1320      37.2817
    1321      36.2827
    1322      35.4056
    1323      34.6664
    1324      34.0500
    1325      33.6535
    1326      33.4748
    1327      33.6004
    1328      33.9776
    1329      34.5416
    1330      35.4054
    1331      36.5623
    1332      37.9381
    1333      39.5106
    1334      41.2159
    1335      42.7473
    1336      43.8334
    1337      44.3519
    1338      43.9723
    1339      42.7755
    1340      40.8998
    1341      38.7014
    1342      36.3248
    1343      33.9072
    1344      31.4358
    1345      29.1318
    1346      27.3922
    1347      26.4726
    1348      26.5222
    1349      27.3361
    1350      28.8527
    1351      30.7704
    1352      32.9789
    1353      35.1454
    1354      37.1659
    1355      38.8902
    1356      40.2976
    1357      41.3005
    1358      41.8609
    1359      41.9915
    1360      41.7306
    1361      41.1326
    1362      40.1490
    1363      38.8294
    1364      37.2933
    1365      35.7740
    1366      34.3506
    1367      33.1368
    1368      32.5808
    1369      32.9605
    1370      34.4925
    1371      37.1255
    1372      40.6644
    1373      44.7481
    1374      48.9505
    1375      52.8301
    1376      56.0367
    1377      58.4787
    1378      60.0023
    1379      60.5299
    1380      59.9348
    1381      58.2516
    1382      55.6079
    1383      52.4034
    1384      48.9859
    1385      45.7033
    1386      42.8029
    1387      40.3784
    1388      38.6290
    1389      37.4192
    1390      36.7459
    1391      36.5269
    1392      36.7717
    1393      37.5447
    1394      38.8107
    1395      40.3098
    1396      41.8693
    1397      43.2043
    1398      44.1582
    1399      44.8950
    1400      45.1540
    1401      45.0593
    1402      44.7019
    1403      44.1068
    1404      43.5577
    1405      43.2014
    1406      43.0527
    1407      43.2300
    1408      43.8094
    1409      44.6014
    1410      45.5334
    1411      46.4122
    1412      47.1527
    1413      47.7179
    1414      47.9937
    1415      47.9240
    1416      47.4684
    1417      46.8730
    1418      46.2212
    1419      45.6633
    1420      45.2030
    1421      44.8385
    1422      44.6130
    1423      44.5741
    1424      44.6533
    1425      44.8966
    1426      45.2977
    1427      45.6201
    1428      45.7095
    1429      45.6319
    1430      45.2728
    1431      44.7262
    1432      43.9433
    1433      42.9796
    1434      41.9497
    1435      41.0627
    1436      40.3637
    1437      39.8892
    1438      39.5515
    1439      39.3071
    1440      39.1941
    1441      39.3781
    1442      39.9746
    1443      41.0028
    1444      42.4548
    1445      44.1180
    1446      45.8847
    1447      47.7230
    1448      49.3138
    1449      50.5829
    1450      51.6236
    1451      52.4486
    1452      53.0460
    1453      53.4762
    1454      53.8434
    1455      54.2374
    1456      54.7343
    1457      55.3160
    1458      55.9673
    1459      56.7283
    1460      57.4915
    1461      58.3735
    1462      59.2098
    1463      59.8769
    1464      60.2032
    1465      60.1117
    1466      59.4014
    1467      58.2267
    1468      56.6156
    1469      54.6781
    1470      52.7163
    1471      50.9853
    1472      49.7500
    1473      49.1227
    1474      49.0043
    1475      49.2858
    1476      49.8446
    1477      50.6757
    1478      51.5708
    1479      52.3802
    1480      52.8722
    1481      53.0089
    1482      52.8013
    1483      52.5074
    1484      52.2095
    1485      51.9603
    1486      51.9964
    1487      52.3347
    1488      52.9698
    1489      53.7883
    1490      54.6605
    1491      55.4512
    1492      56.0137
    1493      56.1393
    1494      55.8564
    1495      55.1117
    1496      53.9578
    1497      52.5053
    1498      50.8926
    1499      49.2992
    1500      47.8130
    1501      46.4855
    1502      45.3382
    1503      44.4278
    1504      43.7661
    1505      43.5443
    1506      43.6512
    1507      44.1112
    1508      44.8217
    1509      45.6305
    1510      46.3480
    1511      46.9447
    1512      47.3890
    1513      47.7170
    1514      47.8867
    1515      47.8584
    1516      47.6699
    1517      47.2774
    1518      46.8333
    1519      46.4368
    1520      46.1526
    1521      46.0551
    1522      46.1882
    1523      46.4683
    1524      47.0031
    1525      47.8005
    1526      48.7536
    1527      49.6138
    1528      50.2803
    1529      50.6417
    1530      50.5368
    1531      49.8069
    1532      48.6088
    1533      47.1147
    1534      45.6367
    1535      44.5530
    1536      43.9935
    1537      44.1051
    1538      44.6799
    1539      45.5261
    1540      46.5137
    1541      47.7477
    1542      49.0627
    1543      50.3021
    1544      51.4874
    1545      52.7551
    1546      54.0338
    1547      55.1031
    1548      55.8506
    1549      56.3444
    1550      56.4785
    1551      56.1487
    1552      55.4572
    1553      54.4236
    1554      53.1686
    1555      51.9428
    1556      51.0836
    1557      50.9865
    1558      51.7437
    1559      53.2770
    1560      55.3431
    1561      57.7259
    1562      59.9799
    1563      61.8484
    1564      63.2577
    1565      64.2312
    1566      64.6216
    1567      64.4916
    1568      63.9093
    1569      62.7946
    1570      61.2113
    1571      59.1794
    1572      56.8279
    1573      54.3870
    1574      52.0686
    1575      50.1189
    1576      48.6877
    1577      47.7561
    1578      47.4014
    1579      47.4583
    1580      47.5891
    1581      47.6465
    1582      47.4495
    1583      47.0758
    1584      46.5630
    1585      45.9710
    1586      45.4110
    1587      45.0440
    1588      44.8913
    1589      45.0923
    1590      45.6615
    1591      46.3487
    1592      46.9679
    1593      47.1985
    1594      46.8754
    1595      45.9631
    1596      44.5539
    1597      42.8882
    1598      41.3046
    1599      39.8588
    1600      38.9427
    1601      38.6481
    1602      38.7978
    1603      39.4345
    1604      40.4756
    1605      41.8199
    1606      43.2659
    1607      44.7160
    1608      45.9129
    1609      46.7307
    1610      47.1851
    1611      47.1194
    1612      46.4284
    1613      45.1553
    1614      43.3565
    1615      41.0455
    1616      38.0922
    1617      34.5474
    1618      30.7421
    1619      27.1190
    1620      23.9757
    1621      21.6374
    1622      20.2600
    1623      19.8899
    1624      20.4377
    1625      21.8790
    1626      24.1843
    1627      27.1280
    1628      30.3139
    1629      33.3346
    1630      35.8178
    1631      37.4422
    1632      38.0695
    1633      37.6747
    1634      36.2794
    1635      34.0827
    1636      31.3317
    1637      28.3332
    1638      25.3745
    1639      22.7710
    1640      20.7954
    1641      19.6470
    1642      19.2042
    1643      19.4424
    1644      20.1628
    1645      21.2883
    1646      22.4403
    1647      23.5628
    1648      24.6496
    1649      25.6709
    1650      26.6737
    1651      27.6410
    1652      28.4637
    1653      28.9965
    1654      29.2453
    1655      29.3519
    1656      29.3029
    1657      29.0501
    1658      28.5827
    1659      27.8304
    1660      26.9943
    1661      26.3111
    1662      25.8015
    1663      25.4507
    1664      25.2845
    1665      25.2175
    1666      25.3031
    1667      25.4492
    1668      25.6795
    1669      26.1398
    1670      26.8693
    1671      27.9537
    1672      29.3481
    1673      31.0533
    1674      32.8596
    1675      34.4341
    1676      35.4780
    1677      35.9506
    1678      35.8158
    1679      35.0034
    1680      33.5239
    1681      31.4709
    1682      29.1183
    1683      26.7134
    1684      24.5664
    1685      23.0780
    1686      22.5228
    1687      22.9906
    1688      24.5976
    1689      27.1388
    1690      30.3146
    1691      33.8039
    1692      37.1895
    1693      40.0604
    1694      42.1119
    1695      43.0864
    1696      43.0132
    1697      41.9534
    1698      40.1169
    1699      37.7749
    1700      35.2381
    1701      32.8185
    1702      30.7511
    1703      29.1720
    1704      28.0123
    1705      27.3010
    1706      26.9643
    1707      27.1961
    1708      28.0389
    1709      29.5119
    1710      31.5532
    1711      34.0030
    1712      36.5270
    1713      38.9266
    1714      41.1093
    1715      42.8811
    1716      44.0344
    1717      44.5414
    1718      44.2384
    1719      43.0639
    1720      41.1619
    1721      38.6994
    1722      35.9401
    1723      33.4496
    1724      31.6493
    1725      30.7633
    1726      30.6266
    1727      31.0602
    1728      31.6759
    1729      32.2701
    1730      32.7015
    1731      32.9479
    1732      33.0847
    1733      33.4644
    1734      34.3426
    1735      35.7066
    1736      37.5412
    1737      39.7046
    1738      42.0963
    1739      44.5369
    1740      46.7940
    1741      48.6189
    1742      49.7431
    1743      50.0165
    1744      49.4767
    1745      48.3382
    1746      46.7446
    1747      45.0449
    1748      43.5380
    1749      42.4549
    1750      41.6866
    1751      41.3537
    1752      41.6356
    1753      42.5465
    1754      44.0946
    1755      46.2712
    1756      49.0320
    1757      52.2837
    1758      55.6533
    1759      58.7367
    1760      61.1821
    1761      62.7806
    1762      63.3392
    1763      62.6651
    1764      60.9428
    1765      58.4548
    1766      55.4474
    1767      52.2605
    1768      49.4733
    1769      47.4243
    1770      46.2643
    1771      46.1598
    1772      46.9840
    1773      48.6288
    1774      50.9142
    1775      53.2884
    1776      55.5620
    1777      57.5535
    1778      59.0632
    1779      59.9160
    1780      60.0244
    1781      59.1582
    1782      57.3353
    1783      54.6215
    1784      51.3190
    1785      47.6856
    1786      44.0986
    1787      40.8169
    1788      38.2258
    1789      36.7480
    1790      36.4815
    1791      37.4053
    1792      39.6452
    1793      42.8264
    1794      46.3996
    1795      49.8196
    1796      52.6017
    1797      54.6048
    1798      55.6859
    1799      55.8334
    1800      55.0737
    1801      53.6788
    1802      51.7241
    1803      49.4842
    1804      47.2197
    1805      45.0459
    1806      43.0801
    1807      41.3480
    1808      39.8467
    1809      38.5839
    1810      37.5681
    1811      36.8316
    1812      36.5045
    1813      36.6263
    1814      37.2877
    1815      38.4600
    1816      39.9457
    1817      41.4608
    1818      42.7338
    1819      43.7988
    1820      44.6977
    1821      45.4278
    1822      45.9207
    1823      46.1273
    1824      46.0560
    1825      45.5696
    1826      44.8771
    1827      43.9952
    1828      43.0016
    1829      41.9257
    1830      40.6291
    1831      39.1899
    1832      37.7804
    1833      36.3842
    1834      35.2245
    1835      34.4838
    1836      34.4915
    1837      35.1820
    1838      36.5658
    1839      38.5902
    1840      40.9280
    1841      43.3783
    1842      45.6219
    1843      47.2886
    1844      47.9841
    1845      47.6900
    1846      46.4824
    1847      44.4235
    1848      41.6815
    1849      38.5272
    1850      35.5319
    1851      33.1450
    1852      31.7310
    1853      31.4930
    1854      32.5862
    1855      34.8189
    1856      37.7534
    1857      40.8317
    1858      43.7304
    1859      46.1768
    1860      47.9155
    1861      48.9152
    1862      49.2025
    1863      48.7626
    1864      47.7540
    1865      46.1717
    1866      44.2422
    1867      42.1899
    1868      40.2399
    1869      38.5773
    1870      37.4202
    1871      36.8339
    1872      36.6621
    1873      36.9991
    1874      37.9636
    1875      39.5743
    1876      41.7172
    1877      44.1865
    1878      46.5130
    1879      48.4298
    1880      49.5915
    1881      49.6504
    1882      48.7059
    1883      47.0082
    1884      44.7023
    1885      41.9808
    1886      39.1647
    1887      36.4700
    1888      34.1557
    1889      32.5549
    1890      32.1427
    1891      32.9935
    1892      34.7674
    1893      36.7845
    1894      38.6118
    1895      39.9305
    1896      40.5811
    1897      40.7320
    1898      40.4776
    1899      39.7363
    1900      38.7703
    1901      37.8130
    1902      37.0322
    1903      36.3831
    1904      35.9376
    1905      35.6368
    1906      35.3833
    1907      35.0525
    1908      34.7882
    1909      34.3104
    1910      33.7278
    1911      33.3439
    1912      33.3225
    1913      33.7503
    1914      34.6865
    1915      36.0651
    1916      37.5965
    1917      39.0843
    1918      40.2677
    1919      41.0817
    1920      41.2978
    1921      40.9891
    1922      40.3050
    1923      39.2755
    1924      37.9990
    1925      36.8129
    1926      35.7192
    1927      34.6749
    1928      33.6526
    1929      32.5309
    1930      31.1452
    1931      29.6595
    1932      28.0699
    1933      26.6552
    1934      25.7947
    1935      25.8802
    1936      27.1032
    1937      29.2815
    1938      32.1717
    1939      35.5988
    1940      39.0431
    1941      41.9467
    1942      43.8529
    1943      44.6546
    1944      44.3081
    1945      42.9988
    1946      40.9284
    1947      38.4002
    1948      35.8264
    1949      33.6179
    1950      32.1754
    1951      31.7487
    1952      32.1559
    1953      33.0324
    1954      33.9363
    1955      34.6925
    1956      35.1450
    1957      35.2758
    1958      35.2278
    1959      35.1271
    1960      34.9615
    1961      34.6744
    1962      34.3320
    1963      33.9126
    1964      33.5189
    1965      33.2145
    1966      33.0190
    1967      32.8345
    1968      32.5330
    1969      32.0868
    1970      31.4805
    1971      30.8341
    1972      30.2056
    1973      29.6208
    1974      29.1504
    1975      28.8148
    1976      28.6634
    1977      28.6065
    1978      28.5485
    1979      28.4580
    1980      28.3255
    1981      28.2415
    1982      28.1835
    1983      28.0841
    1984      28.0753
    1985      28.2155
    1986      28.5668
    1987      29.1427
    1988      29.9547
    1989      30.7862
    1990      31.4303
    1991      31.9670
    1992      32.2507
    1993      32.1805
    1994      31.6870
    1995      30.7743
    1996      29.5371
    1997      28.4018
    1998      27.6163
    1999      27.3575
    2000      27.7722
    2001      28.7356
    2002      30.1044
    2003      31.6582
    2004      33.1191
    2005      34.2172
    2006      34.9837
    2007      35.3915
    2008      35.4503
    2009      35.2759
    2010      34.7823
    2011      34.0385
    2012      33.2718
    2013      32.4018
    2014      31.4481
    2015      30.3668
    2016      29.1085
    2017      27.9398
    2018      26.9376
    2019      26.1622
    2020      25.6910
    2021      25.7327
    2022      26.2257
    2023      27.2312
    2024      28.4064
    2025      29.5642
    2026      30.6046
    2027      31.3636
    2028      31.5270
    2029      30.9405
    2030      29.4555
    2031      27.3547
    2032      25.0571
    2033      23.0604
    2034      21.5811
    2035      20.6779
    2036      20.3787
    2037      20.7103
    2038      21.4641
    2039      22.5559
    2040      23.9500
    2041      25.5274
    2042      27.1057
    2043      28.4884
    2044      29.5127
    2045      30.0620
    2046      30.2140
    2047      30.0359
    2048      29.7665
    2049      29.6227
    2050      29.7350
    2051      29.9360
    2052      30.2627
    2053      30.4549
    2054      30.3357
    2055      29.7622
    2056      28.8679
    2057      27.8586
    2058      26.9137
    2059      26.1756
    2060      25.8081
    2061      25.9844
    2062      26.8027
    2063      28.3463
    2064      30.2697
    2065      32.3797
    2066      34.4015
    2067      36.0147
    2068      37.1063
    2069      37.5504
    2070      37.2251
    2071      36.0795
    2072      34.1932
    2073      31.7327
    2074      28.9079
    2075      25.8436
    2076      22.6927
    2077      19.4023
    2078      16.2949
    2079      13.5220
    2080      11.3329
    2081       9.8914
    2082       9.6114
    2083      10.7805
    2084      13.3221
    2085      16.7999
    2086      20.8560
    2087      25.1145
    2088      29.3046
    2089      33.2116
    2090      36.4465
    2091      38.8167
    2092      40.4735
    2093      41.0616
    2094      40.6774
    2095      39.5683
    2096      37.9136
    2097      35.8675
    2098      33.7264
    2099      31.8809
    2100      30.6136
    2101      30.1470
    2102      30.4795
    2103      31.6099
    2104      33.4815
    2105      35.8448
    2106      38.4377
    2107      41.0096
    2108      43.4282
    2109      45.3206
    2110      46.4743
    2111      46.8552
    2112      46.2772
    2113      44.9052
    2114      42.9201
    2115      40.6105
    2116      38.2336
    2117      35.9167
    2118      33.8029
    2119      32.0365
    2120      30.6848
    2121      29.7941
    2122      29.3782
    2123      29.5353
    2124      30.2732
    2125      31.7800
    2126      33.7708
    2127      35.9735
    2128      38.1711
    2129      40.1138
    2130      41.6472
    2131      42.7198
    2132      43.3352
    2133      43.6105
    2134      43.5894
    2135      43.2767
    2136      42.9346
    2137      42.5127
    2138      41.8366
    2139      40.8955
    2140      39.9261
    2141      38.9297
    2142      38.0691
    2143      37.5323
    2144      37.4456
    2145      37.9672
    2146      39.1727
    2147      41.0621
    2148      43.4367
    2149      46.1542
    2150      49.0456
    2151      51.8697
    2152      54.3155
    2153      56.1759
    2154      57.2674
    2155      57.3136
    2156      56.4729
    2157      54.8335
    2158      52.7803
    2159      50.6450
    2160      48.6150
    2161      46.8049
    2162      45.3793
    2163      44.3708
    2164      43.6789
    2165      43.3434
    2166      43.4706
    2167      44.1933
    2168      45.4252
    2169      47.0853
    2170      49.0341
    2171      50.9754
    2172      52.8668
    2173      54.5172
    2174      55.7373
    2175      56.5246
    2176      56.7668
    2177      56.4761
    2178      55.6535
    2179      54.4659
    2180      53.1196
    2181      51.8318
    2182      50.8331
    2183      50.0721
    2184      49.5829
    2185      49.2402
    2186      48.9571
    2187      48.6203
    2188      48.2865
    2189      47.8660
    2190      47.3888
    2191      46.8890
    2192      46.2891
    2193      45.8281
    2194      45.5233
    2195      45.3137
    2196      45.1991
    2197      45.0211
    2198      44.8642
    2199      44.7934
    2200      44.7599
    2201      44.8433
    2202      44.9857
    2203      45.1526
    2204      45.2882
    2205      45.5228
    2206      45.7588
    2207      45.9370
    2208      46.0219
    2209      45.8343
    2210      45.4647
    2211      45.0018
    2212      44.4938
    2213      43.9840
    2214      43.6639
    2215      43.4929
    2216      43.4786
    2217      43.7465
    2218      44.2104
    2219      44.7739
    2220      45.2412
    2221      45.3132
    2222      45.0167
    2223      44.1376
    2224      42.7800
    2225      40.9573
    2226      38.9209
    2227      36.8268
    2228      34.9999
    2229      33.7465
    2230      33.4486
    2231      34.2346
    2232      36.0543
    2233      38.6104
    2234      41.5142
    2235      44.4011
    2236      47.0077
    2237      49.0261
    2238      50.4331
    2239      51.2228
    2240      51.3859
    2241      51.1437
    2242      50.5478
    2243      49.7204
    2244      48.8422
    2245      47.9309
    2246      46.9578
    2247      45.9901
    2248      44.9618
    2249      43.7739
    2250      42.4162
    2251      40.8944
    2252      39.2688
    2253      37.5626
    2254      35.9500
    2255      34.5757
    2256      33.4608
    2257      32.6899
    2258      32.2137
    2259      32.0785
    2260      32.1258
    2261      32.2940
    2262      32.4412
    2263      32.4772
    2264      32.4276
    2265      32.4292
    2266      32.3578
    2267      32.2393
    2268      32.1272
    2269      31.8067
    2270      31.4767
    2271      31.1586
    2272      30.8995
    2273      30.6852
    2274      30.4031
    2275      30.1065
    2276      29.7533
    2277      29.3597
    2278      28.8276
    2279      28.1819
    2280      27.5820
    2281      27.1543
    2282      27.0175
    2283      27.1649
    2284      27.5128
    2285      27.9756
    2286      28.3285
    2287      28.4424
    2288      28.3309
    2289      27.9476
    2290      27.4108
    2291      26.6282
    2292      25.6661
    2293      24.5448
    2294      23.5716
    2295      22.8599
    2296      22.3966
    2297      22.2594
    2298      22.4836
    2299      22.9522
    2300      23.5478
    2301      24.2185
    2302      24.7975
    2303      25.1746
    2304      25.1856
    2305      24.7958
    2306      23.8031
    2307      22.2233
    2308      20.2582
    2309      18.0352
    2310      15.7904
    2311      13.7082
    2312      12.1544
    2313      11.3484
    2314      11.5016
    2315      12.5352
    2316      14.3805
    2317      16.7979
    2318      19.4565
    2319      22.1146
    2320      24.3778
    2321      26.0855
    2322      27.1822
    2323      27.4753
    2324      27.1486
    2325      26.3571
    2326      25.3115
    2327      23.9716
    2328      22.4744
    2329      21.0068
    2330      19.8101
    2331      18.7276
    2332      17.9594
    2333      17.5569
    2334      17.5347
    2335      17.9634
    2336      18.7411
    2337      19.6824
    2338      20.7055
    2339      21.6357
    2340      22.3687
    2341      22.7897
    2342      22.9109
    2343      22.8499
    2344      22.8856
    2345      23.1636
    2346      23.6674
    2347      24.3063
    2348      24.9260
    2349      25.5243
    2350      25.8852
    2351      25.9481
    2352      25.6144
    2353      24.9764
    2354      24.1046
    2355      23.0522
    2356      22.1571
    2357      21.7099
    2358      21.7445
    2359      22.4475
    2360      23.5926
    2361      24.9721
    2362      26.3737
    2363      27.4876
    2364      28.1920
    2365      28.5343
    2366      28.5552
    2367      28.1417
    2368      27.2729
    2369      26.2982
    2370      25.2254
    2371      24.3056
    2372      23.4824
    2373      22.7735
    2374      22.1229
    2375      21.4930
    2376      20.7774
    2377      19.9863
    2378      19.3027
    2379      18.8535
    2380      18.8151
    2381      19.3748
    2382      20.2998
    2383      21.5752
    2384      23.1642
    2385      24.8205
    2386      26.4388
    2387      27.7426
    2388      28.5524
    2389      28.7352
    2390      28.1968
    2391      26.9249
    2392      25.0385
    2393      22.8324
    2394      20.7831
    2395      19.2103
    2396      18.2853
    2397      18.0454
    2398      18.4323
    2399      19.1779
    2400      20.1617
    2401      21.1659
    2402      21.9937
    2403      22.5010
    2404      22.5997
    2405      22.4479
    2406      22.1526
    2407      21.7655
    2408      21.5270
    2409      21.4171
    2410      21.6764
    2411      21.9656
    2412      22.3258
    2413      22.5907
    2414      22.5340
    2415      22.3507
    2416      22.0314
    2417      21.5604
    2418      20.8784
    2419      20.2286
    2420      19.7962
    2421      19.4545
    2422      19.1466
    2423      18.9973
    2424      18.9368
    2425      18.9831
    2426      19.2465
    2427      19.8015
    2428      20.7822
    2429      22.2322
    2430      23.9896
    2431      25.9497
    2432      27.8140
    2433      29.3086
    2434      30.2929
    2435      30.7998
    2436      30.7438
    2437      30.3828
    2438      29.8670
    2439      29.2072
    2440      28.5902
    2441      28.1730
    2442      28.0086
    2443      28.2207
    2444      28.7663
    2445      29.5724
    2446      30.6912
    2447      32.1132
    2448      33.8583
    2449      35.6520
    2450      37.3820
    2451      38.6851
    2452      39.3190
    2453      39.2613
    2454      38.4744
    2455      37.0607
    2456      35.1862
    2457      33.0478
    2458      30.9624
    2459      29.1356
    2460      27.6118
    2461      26.3390
    2462      25.3265
    2463      24.6198
    2464      24.1833
    2465      23.9430
    2466      23.9590
    2467      24.2228
    2468      24.8702
    2469      25.7332
    2470      26.7443
    2471      27.6896
    2472      28.4212
    2473      28.7891
    2474      28.6719
    2475      27.9994
    2476      26.7625
    2477      25.1900
    2478      23.4326
    2479      21.7893
    2480      20.5509
    2481      19.8693
    2482      19.6263
    2483      19.8346
    2484      20.1274
    2485      20.3810
    2486      20.5732
    2487      20.8056
    2488      21.1719
    2489      21.7875
    2490      22.9123
    2491      24.4871
    2492      26.5536
    2493      29.0952
    2494      31.8106
    2495      34.4090
    2496      36.4625
    2497      37.9422
    2498      38.6696
    2499      38.7240
    2500      38.2083
    2501      37.2311
    2502      36.0126
    2503      34.7259
    2504      33.5037
    2505      32.4333
    2506      31.6342
    2507      31.1101
    2508      31.0917
    2509      31.3349
    2510      31.8612
    2511      32.8305
    2512      34.2096
    2513      35.7760
    2514      37.3350
    2515      38.6061
    2516      39.4581
    2517      39.7585
    2518      39.3542
    2519      38.3305
    2520      36.7389
    2521      34.6810
    2522      32.4154
    2523      30.1397
    2524      28.1501
    2525      26.5106
    2526      25.3141
    2527      24.6863
    2528      24.4527
    2529      24.8820
    2530      25.9259
    2531      27.2896
    2532      28.8432
    2533      30.3402
    2534      31.7777
    2535      33.0076
    2536      33.9131
    2537      34.5776
    2538      34.9960
    2539      34.9940
    2540      34.6288
    2541      33.9935
    2542      33.0557
    2543      31.8910
    2544      30.6128
    2545      29.2616
    2546      27.9378
    2547      26.6923
    2548      25.5915
    2549      24.8266
    2550      24.4974
    2551      24.7718
    2552      25.5830
    2553      26.6962
    2554      27.9362
    2555      29.1137
    2556      30.1836
    2557      30.9020
    2558      31.2779
    2559      31.2048
    2560      30.5801
    2561      29.6201
    2562      28.1638
    2563      26.3507
    2564      24.1914
    2565      21.6900
    2566      18.9524
    2567      16.0511
    2568      13.4864
    2569      11.4636
    2570      10.3603
    2571      10.1604
    2572      10.8870
    2573      12.5789
    2574      14.8032
    2575      17.0422
    2576      19.0688
    2577      20.5816
    2578      21.5673
    2579      22.0866
    2580      22.2542
    2581      22.1850
    2582      22.0444
    2583      21.9420
    2584      21.9341
    2585      21.9665
    2586      22.0787
    2587      22.3473
    2588      22.5001
    2589      22.6237
    2590      22.5457
    2591      22.3558
    2592      22.1062
    2593      21.9690
    2594      21.9533
    2595      22.3436
    2596      23.0542
    2597      23.9114
    2598      24.7629
    2599      25.3040
    2600      25.7204
    2601      26.1258
    2602      26.3749
    2603      26.5863
    2604      26.6293
    2605      26.5724
    2606      26.3320
    2607      25.9428
    2608      25.3710
    2609      24.5802
    2610      23.7737
    2611      23.0238
    2612      22.3044
    2613      21.7736
    2614      21.4447
    2615      21.0782
    2616      20.7223
    2617      20.2317
    2618      19.5420
    2619      18.7884
    2620      18.1475
    2621      17.7615
    2622      17.7401
    2623      18.2213
    2624      19.1372
    2625      20.3815
    2626      21.8090
    2627      23.1797
    2628      24.4133
    2629      25.1677
    2630      25.4783
    2631      25.4114
    2632      25.0007
    2633      24.5348
    2634      24.2231
    2635      24.1586
    2636      24.6096
    2637      25.4587
    2638      26.4399
    2639      27.4693
    2640      28.2224
    2641      28.5571
    2642      28.5539
    2643      28.2334
    2644      27.7257
    2645      27.2821
    2646      27.1579
    2647      27.3361
    2648      27.7584
    2649      28.3486
    2650      29.0046
    2651      29.5781
    2652      29.9313
    2653      30.0142
    2654      29.7743
    2655      29.2689
    2656      28.7888
    2657      28.4771
    2658      28.4639
    2659      28.7613
    2660      29.2990
    2661      29.9652
    2662      30.6310
    2663      31.1262
    2664      31.4347
    2665      31.4928
    2666      31.3752
    2667      31.0990
    2668      30.8733
    2669      30.9710
    2670      31.6531
    2671      32.7166
    2672      33.9498
    2673      35.3538
    2674      36.8161
    2675      38.2007
    2676      39.4994
    2677      40.5828
    2678      41.3158
    2679      41.8422
    2680      42.2105
    2681      42.3544
    2682      42.3561
    2683      42.3876
    2684      42.1229
    2685      41.6742
    2686      40.9201
    2687      39.6805
    2688      38.1180
    2689      36.4569
    2690      34.7541
    2691      33.2897
    2692      32.3915
    2693      32.3016
    2694      33.2125
    2695      35.0855
    2696      37.5385
    2697      40.1699
    2698      42.4508
    2699      44.0836
    2700      44.8861
    2701      44.8640
    2702      44.0012
    2703      42.3228
    2704      40.0756
    2705      37.4690
    2706      34.8405
    2707      32.4260
    2708      30.2562
    2709      28.3056
    2710      26.6926
    2711      25.3945
    2712      24.2831
    2713      23.3292
    2714      22.3208
    2715      21.3683
    2716      20.5001
    2717      19.9131
    2718      19.9362
    2719      20.6159
    2720      21.9564
    2721      23.8850
    2722      25.9944
    2723      27.9612
    2724      29.6795
    2725      31.1805
    2726      32.3756
    2727      33.1472
    2728      33.4391
    2729      33.2770
    2730      32.8083
    2731      32.2439
    2732      31.6958
    2733      31.2824
    2734      31.2040
    2735      31.5409
    2736      32.0944
    2737      32.7611
    2738      33.4269
    2739      33.9955
    2740      34.4260
    2741      34.7803
    2742      35.0594
    2743      35.4494
    2744      36.0565
    2745      36.8829
    2746      37.7408
    2747      38.4841
    2748      38.8629
    2749      38.7463
    2750      38.1741
    2751      37.0996
    2752      35.5545
    2753      33.8122
    2754      32.1035
    2755      30.7021
    2756      30.0184
    2757      29.9814
    2758      30.4788
    2759      31.3068
    2760      32.2246
    2761      33.0531
    2762      33.6891
    2763      34.0607
    2764      34.1819
    2765      34.0241
    2766      33.8691
    2767      33.8991
    2768      34.2940
    2769      35.0561
    2770      36.0250
    2771      37.0596
    2772      37.8540
    2773      38.3552
    2774      38.5976
    2775      38.6431
    2776      38.4086
    2777      37.8647
    2778      37.1892
    2779      36.4980
    2780      35.9371
    2781      35.5603
    2782      35.2967
    2783      35.1840
    2784      34.9731
    2785      34.7249
    2786      34.3610
    2787      34.0546
    2788      33.7343
    2789      33.5858
    2790      33.8246
    2791      34.4601
    2792      35.4407
    2793      36.4862
    2794      37.4249
    2795      38.1663
    2796      38.6903
    2797      38.8721
    2798      38.7696
    2799      38.3236
    2800      37.6255
    2801      36.7507
    2802      35.8244
    2803      34.8230
    2804      33.9660
    2805      33.3891
    2806      33.1840
    2807      33.1827
    2808      33.2399
    2809      33.1932
    2810      33.0121
    2811      32.6706
    2812      32.0230
    2813      31.1109
    2814      30.0874
    2815      28.9696
    2816      27.8135
    2817      26.5999
    2818      25.5556
    2819      24.8501
    2820      24.7332
    2821      25.2793
    2822      26.5455
    2823      28.2970
    2824      30.3247
    2825      32.4603
    2826      34.4203
    2827      36.1984
    2828      37.6238
    2829      38.6896
    2830      39.2266
    2831      39.1137
    2832      38.2133
    2833      36.6709
    2834      34.6959
    2835      32.2890
    2836      29.7500
    2837      27.2024
    2838      24.7191
    2839      22.6378
    2840      21.0941
    2841      20.0887
    2842      19.7848
    2843      20.1140
    2844      21.0426
    2845      22.4411
    2846      24.1687
    2847      25.8465
    2848      27.2766
    2849      28.2555
    2850      28.8087
    2851      28.9125
    2852      28.5026
    2853      27.6464
    2854      26.3937
    2855      24.8894
    2856      23.5054
    2857      22.3249
    2858      21.3944
    2859      20.7894
    2860      20.5279
    2861      20.5675
    2862      20.6369
    2863      20.7778
    2864      21.0137
    2865      21.3181
    2866      21.8668
    2867      22.6694
    2868      23.7074
    2869      25.1236
    2870      26.8517
    2871      28.8004
    2872      30.8332
    2873      32.9354
    2874      34.7132
    2875      36.1584
    2876      37.1514
    2877      37.6241
    2878      37.6737
    2879      37.3730
    2880      36.8056
    2881      36.0392
    2882      35.2004
    2883      34.3400
    2884      33.4522
    2885      32.5965
    2886      31.8355
    2887      31.2806
    2888      31.0427
    2889      31.2093
    2890      31.8305
    2891      32.9923
    2892      34.6194
    2893      36.5962
    2894      38.6900
    2895      40.6100
    2896      41.9163
    2897      42.4427
    2898      42.1215
    2899      41.0016
    2900      39.1160
    2901      36.7839
    2902      34.1717
    2903      31.5515
    2904      29.2562
    2905      27.4035
    2906      25.9386
    2907      24.8728
    2908      24.2987
    2909      24.2893
    2910      24.9209
    2911      25.9058
    2912      27.2801
    2913      28.7260
    2914      30.1926
    2915      31.5260
    2916      32.7270
    2917      33.8243
    2918      34.8928
    2919      36.0115
    2920      37.1470
    2921      38.3001
    2922      39.2155
    2923      39.7526
    2924      39.6996
    2925      39.1325
    2926      38.0821
    2927      36.6932
    2928      35.2300
    2929      33.9343
    2930      32.9551
    2931      32.3330
    2932      32.1279
    2933      32.1723
    2934      32.2435
    2935      32.2354
    2936      32.1345
    2937      31.9611
    2938      31.6720
    2939      31.2902
    2940      30.9503
    2941      30.6980
    2942      30.5727
    2943      30.7604
    2944      31.0817
    2945      31.5070
    2946      31.9616
    2947      32.3493
    2948      32.5283
    2949      32.5782
    2950      32.5628
    2951      32.3780
    2952      31.9917
    2953      31.5558
    2954      31.2886
    2955      31.1868
    2956      31.2034
    2957      31.1828
    2958      30.9853
    2959      30.6239
    2960      30.0320
    2961      29.2845
    2962      28.4862
    2963      27.6722
    2964      27.1518
    2965      27.0181
    2966      27.2509
    2967      27.9389
    2968      28.9758
    2969      30.1681
    2970      31.4039
    2971      32.5728
    2972      33.6343
    2973      34.6505
    2974      35.5227
    2975      36.2199
    2976      36.8386
    2977      37.3754
    2978      37.9252
    2979      38.4132
    2980      38.8559
    2981      39.1418
    2982      39.3336
    2983      39.3808
    2984      39.1446
    2985      38.7458
    2986      38.3018
    2987      38.0368
    2988      38.1471
    2989      38.7422
    2990      39.6948
    2991      40.7316
    2992      41.8252
    2993      42.7471
    2994      43.3308
    2995      43.4565
    2996      43.2853
    2997      42.7625
    2998      41.9938
    2999      41.2447
    3000      40.7190
    3001      40.5656
    3002      40.7892
    3003      41.3159
    3004      42.0096
    3005      42.6850
    3006      43.2794
    3007      43.8021
    3008      44.1372
    3009      44.2540
    3010      44.1893
    3011      44.1392
    3012      44.2062
    3013      44.2718
    3014      44.4503
    3015      44.9707
    3016      45.7429
    3017      46.6292
    3018      47.6917
    3019      48.8975
    3020      49.8803
    3021      50.5885
    3022      50.8502
    3023      50.5547
    3024      49.6737
    3025      48.2115
    3026      46.4256
    3027      44.4724
    3028      42.5777
    3029      41.0195
    3030      39.9197
    3031      39.4364
    3032      39.7260
    3033      40.7351
    3034      42.1179
    3035      43.5154
    3036      44.7074
    3037      45.6193
    3038      46.1515
    3039      46.3716
    3040      46.2832
    3041      45.8654
    3042      45.1908
    3043      44.2673
    3044      43.1494
    3045      41.8814
    3046      40.5107
    3047      39.1156
    3048      37.7838
    3049      36.6252
    3050      35.8870
    3051      35.7053
    3052      36.2164
    3053      37.3250
    3054      38.9208
    3055      40.9128
    3056      43.0662
    3057      45.1166
    3058      46.7854
    3059      47.9318
    3060      48.6113
    3061      48.9088
    3062      48.8349
    3063      48.4164
    3064      47.7710
    3065      47.0228
    3066      46.0573
    3067      44.9274
    3068      43.4547
    3069      41.6924
    3070      39.8803
    3071      38.2933
    3072      37.1244
    3073      36.6422
    3074      36.6987
    3075      37.1611
    3076      37.8621
    3077      38.6832
    3078      39.6238
    3079      40.6998
    3080      41.9110
    3081      43.1520
    3082      44.2390
    3083      45.2698
    3084      46.0961
    3085      46.6962
    3086      47.0650
    3087      47.2336
    3088      47.1544
    3089      46.9876
    3090      46.6379
    3091      46.1457
    3092      45.5681
    3093      44.7539
    3094      43.7484
    3095      42.6950
    3096      41.6546
    3097      40.7988
    3098      40.1664
    3099      39.9104
    3100      40.2339
    3101      41.1996
    3102      42.7273
    3103      44.4656
    3104      46.1231
    3105      47.2818
    3106      47.6591
    3107      47.2338
    3108      45.9836
    3109      44.1161
    3110      41.6433
    3111      38.9433
    3112      36.3824
    3113      34.1363
    3114      32.4439
    3115      31.3842
    3116      30.8523
    3117      30.7596
    3118      30.8249
    3119      30.9912
    3120      31.2775
    3121      31.7443
    3122      32.3419
    3123      33.0412
    3124      33.8741
    3125      35.0202
    3126      36.3350
    3127      37.6824
    3128      38.9295
    3129      39.9810
    3130      40.6617
    3131      40.8846
    3132      40.7979
    3133      40.3264
    3134      39.5424
    3135      38.6169
    3136      37.7544
    3137      36.9440
    3138      36.2012
    3139      35.6862
    3140      35.4183
    3141      35.4972
    3142      35.9872
    3143      36.8028
    3144      37.7633
    3145      38.7001
    3146      39.3962
    3147      39.6345
    3148      39.3983
    3149      38.6879
    3150      37.6255
    3151      36.2367
    3152      34.6216
    3153      33.0396
    3154      31.5935
    3155      30.3620
    3156      29.3711
    3157      28.5803
    3158      28.0613
    3159      27.8720
    3160      27.9329
    3161      28.2895
    3162      29.0506
    3163      30.3048
    3164      31.8838
    3165      33.6661
    3166      35.3269
    3167      36.7747
    3168      37.6040
    3169      37.6048
    3170      36.8137
    3171      35.3831
    3172      33.4733
    3173      31.2959
    3174      29.0852
    3175      27.0769
    3176      25.5171
    3177      24.6342
    3178      24.2892
    3179      24.2466
    3180      24.3598
    3181      24.4300
    3182      24.4711
    3183      24.6541
    3184      24.8979
    3185      25.4209
    3186      26.2700
    3187      27.4455
    3188      28.7397
    3189      29.9996
    3190      31.0300
    3191      31.7006
    3192      31.9286
    3193      31.6961
    3194      31.0586
    3195      30.1040
    3196      28.8936
    3197      27.8534
    3198      27.3590
    3199      27.5039
    3200      28.3001
    3201      29.6584
    3202      31.4732
    3203      33.3354
    3204      34.9786
    3205      36.2583
    3206      36.9264
    3207      36.9497
    3208      36.3995
    3209      35.3802
    3210      33.9718
    3211      32.3551
    3212      30.7728
    3213      29.2865
    3214      27.8518
    3215      26.6999
    3216      25.6974
    3217      24.7674
    3218      23.8677
    3219      23.2229
    3220      22.8553
    3221      22.8925
    3222      23.2721
    3223      23.9309
    3224      24.9856
    3225      26.3711
    3226      28.3169
    3227      30.6519
    3228      33.2822
    3229      36.0063
    3230      38.4828
    3231      40.4652
    3232      41.8966
    3233      42.7549
    3234      42.9284
    3235      42.5590
    3236      41.8098
    3237      40.8601
    3238      39.9147
    3239      39.2313
    3240      38.8741
    3241      38.9963
    3242      39.5588
    3243      40.5217
    3244      41.8872
    3245      43.5878
    3246      45.4458
    3247      47.2336
    3248      48.9062
    3249      50.3765
    3250      51.4688
    3251      52.0959
    3252      52.1533
    3253      51.5908
    3254      50.4777
    3255      49.0015
    3256      47.4940
    3257      46.1073
    3258      45.2635
    3259      45.0871
    3260      45.6370
    3261      46.6808
    3262      47.8105
    3263      48.7558
    3264      49.3733
    3265      49.5103
    3266      49.2536
    3267      48.6910
    3268      47.9322
    3269      47.2534
    3270      46.6421
    3271      46.0273
    3272      45.2532
    3273      44.2198
    3274      42.8665
    3275      41.1697
    3276      39.2202
    3277      37.1481
    3278      35.2250
    3279      33.8972
    3280      33.4892
    3281      34.1340
    3282      35.7869
    3283      38.3658
    3284      41.2778
    3285      44.1439
    3286      46.6970
    3287      48.8760
    3288      50.7536
    3289      52.3467
    3290      53.6919
    3291      54.5875
    3292      55.0310
    3293      54.8000
    3294      53.7559
    3295      51.9641
    3296      49.3792
    3297      46.2090
    3298      42.7679
    3299      39.5900
    3300      37.3022
    3301      36.2024
    3302      36.2823
    3303      37.2908
    3304      38.7550
    3305      40.3513
    3306      41.7931
    3307      42.8835
    3308      43.6400
    3309      43.9213
    3310      43.8478
    3311      43.7110
    3312      43.5138
    3313      43.1780
    3314      42.6009
    3315      41.8327
    3316      40.9132
    3317      39.5463
    3318      37.8162
    3319      35.8778
    3320      33.9756
    3321      32.2608
    3322      30.7449
    3323      29.5202
    3324      28.6359
    3325      27.9722
    3326      27.5482
    3327      27.3165
    3328      27.1864
    3329      27.1953
    3330      27.3622
    3331      27.3489
    3332      27.1534
    3333      26.7496
    3334      26.0388
    3335      25.1372
    3336      24.1910
    3337      23.3869
    3338      23.0371
    3339      23.3584
    3340      24.2371
    3341      25.7101
    3342      27.3726
    3343      29.0464
    3344      30.4428
    3345      31.5496
    3346      32.1960
    3347      32.4373
    3348      32.4198
    3349      32.4937
    3350      32.8245
    3351      33.4099
    3352      34.2249
    3353      35.1329
    3354      35.9870
    3355      36.4858
    3356      36.3240
    3357      35.5582
    3358      34.1215
    3359      32.3300
    3360      30.5831
    3361      29.0022
    3362      27.7837
    3363      26.8725
    3364      26.2370
    3365      25.8767
    3366      25.6768
    3367      25.7536
    3368      26.0422
    3369      26.5127
    3370      27.2229
    3371      28.2067
    3372      29.3064
    3373      30.4176
    3374      31.4897
    3375      32.2918
    3376      32.7258
    3377      32.5097
    3378      31.7042
    3379      30.3436
    3380      28.6407
    3381      26.8813
    3382      25.2841
    3383      24.1425
    3384      23.7269
    3385      24.0707
    3386      25.1144
    3387      26.6878
    3388      28.5160
    3389      30.4254
    3390      32.2571
    3391      34.0305
    3392      35.8212
    3393      37.3918
    3394      38.7314
    3395      39.7603
    3396      40.3210
    3397      40.6116
    3398      40.4849
    3399      39.9025
    3400      38.8676
    3401      37.5153
    3402      35.9147
    3403      34.1599
    3404      32.3677
    3405      30.6474
    3406      29.1304
    3407      27.8412
    3408      26.8956
    3409      26.3688
    3410      26.4355
    3411      27.1379
    3412      28.3706
    3413      29.9781
    3414      31.8366
    3415      33.8469
    3416      35.6046
    3417      36.7504
    3418      37.3345
    3419      37.2399
    3420      36.5099
    3421      35.2422
    3422      33.6499
    3423      31.8143
    3424      29.8634
    3425      27.9017
    3426      25.8898
    3427      24.1608
    3428      22.8355
    3429      21.8735
    3430      21.4005
    3431      21.3797
    3432      21.6212
    3433      22.2567
    3434      23.4902
    3435      25.2398
    3436      27.4747
    3437      30.1957
    3438      33.3993
    3439      36.7859
    3440      40.0423
    3441      42.9510
    3442      45.1819
    3443      46.4704
    3444      46.7909
    3445      46.3027
    3446      45.1044
    3447      43.2661
    3448      41.0366
    3449      38.5014
    3450      35.9773
    3451      33.5722
    3452      31.4847
    3453      29.7931
    3454      28.6586
    3455      27.9890
    3456      27.6872
    3457      27.7794
    3458      28.0608
    3459      28.6224
    3460      29.3805
    3461      30.0900
    3462      30.6066
    3463      30.8708
    3464      30.9352
    3465      30.7996
    3466      30.3023
    3467      29.4028
    3468      28.1313
    3469      26.5589
    3470      24.8429
    3471      23.1855
    3472      21.8779
    3473      21.1469
    3474      21.2507
    3475      22.1247
    3476      23.5518
    3477      25.2298
    3478      26.8733
    3479      28.3219
    3480      29.4909
    3481      30.3806
    3482      30.9970
    3483      31.3542
    3484      31.5368
    3485      31.6095
    3486      31.5316
    3487      31.3466
    3488      30.9300
    3489      30.1477
    3490      29.1190
    3491      27.9191
    3492      26.7796
    3493      25.7546
    3494      24.8778
    3495      24.2512
    3496      23.9826
    3497      24.3402
    3498      25.1674
    3499      26.3645
    3500      27.7834
    3501      29.2210
    3502      30.5470
    3503      31.6586
    3504      32.5487
    3505      33.2823
    3506      33.8225
    3507      34.3298
    3508      34.9068
    3509      35.6769
    3510      36.6738
    3511      37.8181
    3512      38.9898
    3513      39.9385
    3514      40.4910
    3515      40.7360
    3516      40.5985
    3517      40.0142
    3518      38.9811
    3519      37.6066
    3520      36.3077
    3521      35.2620
    3522      34.6579
    3523      34.5939
    3524      35.0910
    3525      36.0946
    3526      37.4130
    3527      38.7962
    3528      40.3172
    3529      41.8745
    3530      43.4710
    3531      45.1059
    3532      46.6166
    3533      47.9693
    3534      49.1929
    3535      50.2601
    3536      51.0796
    3537      51.6553
    3538      51.8745
    3539      51.8512
    3540      51.5385
    3541      50.8875
    3542      50.0896
    3543      49.1255
    3544      47.9095
    3545      46.4078
    3546      44.6518
    3547      42.9657
    3548      41.3943
    3549      40.0638
    3550      39.0585
    3551      38.4072
    3552      38.0796
    3553      37.9697
    3554      37.9336
    3555      37.7698
    3556      37.4506
    3557      37.1079
    3558      36.5576
    3559      35.7831
    3560      35.0283
    3561      34.4867
    3562      34.2836
    3563      34.5242
    3564      35.1972
    3565      36.1634
    3566      37.1463
    3567      37.9838
    3568      38.6673
    3569      39.2368
    3570      39.5549
    3571      39.6528
    3572      39.7107
    3573      39.7209
    3574      39.6569
    3575      39.3678
    3576      38.8406
    3577      37.9236
    3578      36.6125
    3579      35.1441
    3580      33.5840
    3581      31.9262
    3582      30.2935
    3583      28.8480
    3584      27.9301
    3585      27.5220
    3586      27.7197
    3587      28.3411
    3588      29.4131
    3589      30.7660
    3590      32.2505
    3591      33.9114
    3592      35.7846
    3593      37.7948
    3594      39.9198
    3595      42.0538
    3596      43.8229
    3597      45.0198
    3598      45.4254
    3599      45.1707
    3600      44.4026
    3601      43.1987
    3602      41.6223
    3603      39.8100
    3604      37.7906
    3605      35.6946
    3606      33.7649
    3607      32.0357
    3608      30.6568
    3609      29.7403
    3610      29.2386
    3611      29.0644
    3612      29.1467
    3613      29.3407
    3614      29.6213
    3615      29.8291
    3616      29.9952
    3617      29.9612
    3618      29.8936
    3619      29.7129
    3620      29.4806
    3621      29.3198
    3622      29.5549
    3623      30.3384
    3624      31.6313
    3625      33.1432
    3626      34.5724
    3627      35.5082
    3628      35.8435
    3629      35.5144
    3630      34.6277
    3631      33.5040
    3632      32.3954
    3633      31.3948
    3634      30.3581
    3635      29.2598
    3636      28.2034
    3637      27.1619
    3638      26.1777
    3639      25.2439
    3640      24.5288
    3641      24.1362
    3642      24.0722
    3643      24.3959
    3644      25.2054
    3645      26.5109
    3646      28.2152
    3647      30.2396
    3648      32.2262
    3649      33.8992
    3650      35.0813
    3651      35.7759
    3652      35.9239
    3653      35.5824
    3654      35.0202
    3655      34.2931
    3656      33.5854
    3657      32.9463
    3658      32.4307
    3659      32.0749
    3660      31.8184
    3661      31.7744
    3662      31.8717
    3663      31.9087
    3664      31.9874
    3665      32.0142
    3666      32.0948
    3667      32.1963
    3668      32.4067
    3669      32.4982
    3670      32.3115
    3671      32.0885
    3672      31.7843
    3673      31.4776
    3674      31.2707
    3675      31.2008
    3676      31.2664
    3677      31.4632
    3678      31.7614
    3679      32.0578
    3680      32.3044
    3681      32.4555
    3682      32.6555
    3683      32.8895
    3684      33.3461
    3685      33.9747
    3686      34.7370
    3687      35.6048
    3688      36.4764
    3689      37.0538
    3690      37.1763
    3691      36.5444
    3692      35.3483
    3693      33.6601
    3694      31.4865
    3695      28.9865
    3696      26.4406
    3697      23.9880
    3698      21.8410
    3699      20.1837
    3700      19.3168
    3701      19.2375
    3702      19.7227
    3703      20.5533
    3704      21.6393
    3705      22.9738
    3706      24.5516
    3707      26.3616
    3708      28.4973
    3709      30.6390
    3710      32.6097
    3711      34.1562
    3712      35.0972
    3713      35.3681
    3714      35.1346
    3715      34.5037
    3716      33.5367
    3717      32.4625
    3718      31.4138
    3719      30.4678
    3720      29.7877
    3721      29.2840
    3722      28.9265
    3723      28.6065
    3724      28.0468
    3725      27.3036
    3726      26.4819
    3727      25.5694
    3728      24.6242
    3729      23.9059
    3730      23.3728
    3731      22.8221
    3732      22.2325
    3733      21.5589
    3734      20.7817
    3735      19.8804
    3736      18.7488
    3737      17.6160
    3738      16.4860
    3739      15.5626
    3740      15.1667
    3741      15.5482
    3742      16.7686
    3743      18.6314
    3744      20.9353
    3745      23.4954
    3746      26.0436
    3747      28.4384
    3748      30.6291
    3749      32.5300
    3750      34.1362
    3751      35.3012
    3752      35.7378
    3753      35.4122
    3754      34.3234
    3755      32.6511
    3756      30.6075
    3757      28.3211
    3758      25.8821
    3759      23.4069
    3760      21.0676
    3761      19.1711
    3762      17.8920
    3763      17.3985
    3764      17.5888
    3765      18.4343
    3766      19.8349
    3767      21.6688
    3768      23.7074
    3769      25.7851
    3770      28.0687
    3771      30.3520
    3772      32.5238
    3773      34.4441
    3774      35.9424
    3775      36.7653
    3776      36.7033
    3777      35.6558
    3778      33.5716
    3779      30.7191
    3780      27.1144
    3781      23.0531
    3782      18.9526
    3783      15.2821
    3784      12.3245
    3785      10.4001
    3786       9.6876
    3787      10.1195
    3788      11.4010
    3789      13.2236
    3790      15.5046
    3791      18.1553
    3792      20.9712
    3793      23.6510
    3794      26.1632
    3795      28.3645
    3796      30.1387
    3797      31.4466
    3798      32.1876
    3799      32.2449
    3800      31.4840
    3801      29.9128
    3802      27.7478
    3803      25.3147
    3804      22.7853
    3805      20.6750
    3806      19.2028
    3807      18.6068
    3808      18.7445
    3809      19.3031
    3810      20.1594
    3811      21.2918
    3812      22.6720
    3813      24.2223
    3814      25.8676
    3815      27.4340
    3816      28.7533
    3817      29.7924
    3818      30.4034
    3819      30.5263
    3820      30.1950
    3821      29.2998
    3822      27.8254
    3823      25.6263
    3824      22.6790
    3825      19.3156
    3826      15.9124
    3827      12.9219
    3828      10.8228
    3829       9.9108
    3830      10.1302
    3831      11.1826
    3832      12.8884
    3833      14.9145
    3834      17.0213
    3835      18.8142
    3836      20.1350
    3837      20.9258
    3838      21.3408
    3839      21.5316
    3840      21.5078
    3841      21.1908
    3842      20.7330
    3843      20.1631
    3844      19.4571
    3845      18.5070
    3846      17.1621
    3847      15.7389
    3848      14.4236
    3849      13.4961
    3850      13.1761
    3851      13.5859
    3852      14.8431
    3853      16.7944
    3854      19.3012
    3855      22.0537
    3856      24.9923
    3857      27.8252
    3858      30.4818
    3859      32.9714
    3860      35.2264
    3861      37.1444
    3862      38.6687
    3863      39.7601
    3864      40.4803
    3865      40.7128
    3866      40.5055
    3867      39.8569
    3868      38.9992
    3869      38.0876
    3870      37.2698
    3871      36.5274
    3872      35.8215
    3873      35.0594
    3874      34.2191
    3875      33.0600
    3876      31.5257
    3877      29.8049
    3878      28.1184
    3879      26.6165
    3880      25.5310
    3881      24.8632
    3882      24.6420
    3883      24.7581
    3884      25.1096
    3885      25.4690
    3886      25.4881
    3887      25.2052
    3888      24.7115
    3889      24.1317
    3890      23.5366
    3891      23.1017
    3892      22.8332
    3893      22.9211
    3894      23.4859
    3895      24.4693
    3896      25.6116
    3897      26.7191
    3898      27.7194
    3899      28.3946
    3900      28.6780
    3901      28.6841
    3902      28.4813
    3903      28.1557
    3904      27.8838
    3905      27.6126
    3906      27.3409
    3907      27.2169
    3908      27.0235
    3909      26.6708
    3910      26.1637
    3911      25.5835
    3912      25.0123
    3913      24.5423
    3914      24.5397
    3915      25.0524
    3916      26.0425
    3917      27.4341
    3918      28.9427
    3919      30.3956
    3920      31.7100
    3921      32.6756
    3922      33.2083
    3923      33.2005
    3924      32.6340
    3925      31.5851
    3926      30.2716
    3927      28.9399
    3928      27.7747
    3929      26.8779
    3930      26.4335
    3931      26.3567
    3932      26.7394
    3933      27.5923
    3934      28.7722
    3935      30.2041
    3936      31.6592
    3937      32.9344
    3938      34.0391
    3939      34.9055
    3940      35.4690
    3941      35.7331
    3942      35.6333
    3943      35.2403
    3944      34.6641
    3945      33.8933
    3946      32.8376
    3947      31.4159
    3948      29.6897
    3949      27.8481
    3950      25.9998
    3951      24.4343
    3952      23.3938
    3953      22.9797
    3954      23.3107
    3955      24.2040
    3956      25.5154
    3957      27.2922
    3958      29.2448
    3959      31.3400
    3960      33.5749
    3961      35.6586
    3962      37.4208
    3963      38.8686
    3964      39.9322
    3965      40.7244
    3966      41.0474
    3967      40.8569
    3968      40.1064
    3969      38.8766
    3970      37.4006
    3971      35.7701
    3972      34.0597
    3973      32.4186
    3974      30.9617
    3975      29.9090
    3976      29.4139
    3977      29.4663
    3978      29.9505
    3979      30.8634
    3980      32.1679
    3981      33.5995
    3982      35.0769
    3983      36.5265
    3984      37.9773
    3985      39.4365
    3986      40.8457
    3987      41.8294
    3988      42.2695
    3989      42.2118
    3990      41.6080
    3991      40.4109
    3992      38.7963
    3993      36.9392
    3994      35.0570
    3995      33.4413
    3996      32.4229
    3997      31.9929
    3998      32.2081
    3999      33.0486
    4000      34.4831
    4001      36.2684
    4002      38.2992
    4003      40.4121
    4004      42.3701
    4005      44.0029
    4006      45.1719
    4007      45.8075
    4008      45.8117
    4009      45.2172
    4010      44.0399
    4011      42.1356
    4012      39.5022
    4013      36.1998
    4014      32.4212
    4015      28.4353
    4016      24.7865
    4017      21.9497
    4018      20.0654
    4019      19.2437
    4020      19.4295
    4021      20.3029
    4022      21.6704
    4023      23.3649
    4024      25.0156
    4025      26.6257
    4026      28.1271
    4027      29.5512
    4028      30.8282
    4029      31.8626
    4030      32.4149
    4031      32.4437
    4032      31.8694
    4033      30.6126
    4034      28.6869
    4035      26.2302
    4036      23.6290
    4037      21.1554
    4038      19.0510
    4039      17.5913
    4040      16.9214
    4041      17.0435
    4042      17.9211
    4043      19.4992
    4044      21.5611
    4045      24.0998
    4046      26.8996
    4047      29.7638
    4048      32.4993
    4049      35.1317
    4050      37.6983
    4051      40.1482
    4052      42.2109
    4053      43.7043
    4054      44.5595
    4055      44.6537
    4056      44.2116
    4057      43.3675
    4058      42.2333
    4059      40.9628
    4060      39.7967
    4061      38.8498
    4062      38.1695
    4063      37.6451
    4064      37.3286
    4065      37.0692
    4066      36.8371
    4067      36.7054
    4068      36.6847
    4069      36.6819
    4070      36.5691
    4071      36.2635
    4072      35.8085
    4073      35.1521
    4074      34.3753
    4075      33.4874
    4076      32.6240
    4077      31.8338
    4078      31.1185
    4079      30.6970
    4080      30.5770
    4081      30.9085
    4082      31.6882
    4083      32.7342
    4084      33.9748
    4085      35.2058
    4086      36.2669
    4087      37.1021
    4088      37.5258
    4089      37.7439
    4090      37.8177
    4091      37.9051
    4092      38.0165
    4093      38.0748
    4094      37.8196
    4095      37.0801
    4096      35.9035
    4097      34.4595
    4098      32.8803
    4099      31.3912
    4100      30.1513
    4101      29.1320
    4102      28.3437
    4103      27.8593
    4104      27.7759
    4105      28.1778
    4106      29.0409
    4107      30.3477
    4108      31.9059
    4109      33.5555
    4110      35.0663
    4111      36.3567
    4112      37.2945
    4113      37.5649
    4114      37.0300
    4115      35.6444
    4116      33.4327
    4117      30.4061
    4118      26.7419
    4119      22.8612
    4120      19.2688
    4121      16.2224
    4122      13.8764
    4123      12.3954
    4124      11.9121
    4125      12.4256
    4126      13.9092
    4127      16.3982
    4128      19.7885
    4129      23.7909
    4130      28.0842
    4131      32.2732
    4132      35.8854
    4133      38.6803
    4134      40.4940
    4135      41.2308
    4136      40.7837
    4137      39.1640
    4138      36.4690
    4139      33.0717
    4140      29.3193
    4141      25.8599
    4142      23.0109
    4143      21.1297
    4144      20.2739
    4145      20.3411
    4146      21.1509
    4147      22.7033
    4148      24.9128
    4149      27.6916
    4150      30.7103
    4151      33.5786
    4152      36.0289
    4153      37.8616
    4154      38.9024
    4155      39.2193
    4156      38.7337
    4157      37.4767
    4158      35.2984
    4159      32.3813
    4160      29.0291
    4161      25.5062
    4162      22.1705
    4163      19.4549
    4164      17.5416
    4165      16.6000
    4166      16.6284
    4167      17.5771
    4168      19.3972
    4169      22.1586
    4170      25.6090
    4171      29.3810
    4172      33.0331
    4173      36.1942
    4174      38.6725
    4175      40.3295
    4176      41.1695
    4177      41.2190
    4178      40.6349
    4179      39.5529
    4180      38.0404
    4181      36.2486
    4182      34.3973
    4183      32.6171
    4184      30.9395
    4185      29.3813
    4186      28.1073
    4187      27.1178
    4188      26.5044
    4189      26.4132
    4190      26.9990
    4191      28.4205
    4192      30.6370
    4193      33.4758
    4194      36.6276
    4195      39.8288
    4196      42.4684
    4197      44.3082
    4198      45.3330
    4199      45.4934
    4200      44.9841
    4201      43.7896
    4202      42.1183
    4203      40.1355
    4204      38.1595
    4205      36.5434
    4206      35.3256
    4207      34.4166
    4208      33.6677
    4209      32.8186
    4210      31.7970
    4211      30.6381
    4212      29.3050
    4213      28.0095
    4214      26.8905
    4215      26.2852
    4216      26.2927
    4217      26.8691
    4218      27.8960
    4219      29.2781
    4220      30.7804
    4221      31.9664
    4222      32.6531
    4223      32.8988
    4224      32.8440
    4225      32.6461
    4226      32.5140
    4227      32.6645
    4228      33.1396
    4229      33.9394
    4230      35.0551
    4231      36.2961
    4232      37.3602
    4233      38.3054
    4234      39.1662
    4235      39.8390
    4236      40.3430
    4237      40.7261
    4238      41.1294
    4239      41.6001
    4240      42.1816
    4241      42.5961
    4242      42.7414
    4243      42.4265
    4244      41.4812
    4245      40.0107
    4246      38.0408
    4247      35.8104
    4248      33.4507
    4249      31.0098
    4250      28.7226
    4251      26.8558
    4252      25.6109
    4253      25.2066
    4254      25.6789
    4255      26.7431
    4256      28.1211
    4257      29.4454
    4258      30.6666
    4259      31.6403
    4260      32.0578
    4261      32.0113
    4262      31.5222
    4263      30.7868
    4264      29.8047
    4265      28.6908
    4266      27.6028
    4267      26.6081
    4268      25.7135
    4269      24.8906
    4270      24.2618
    4271      23.8453
    4272      23.7517
    4273      24.0110
    4274      24.7200
    4275      25.8407
    4276      27.2065
    4277      28.5827
    4278      29.8312
    4279      30.8429
    4280      31.5863
    4281      31.8247
    4282      31.6198
    4283      30.9127
    4284      29.8943
    4285      28.7341
    4286      27.7255
    4287      27.0712
    4288      26.8897
    4289      27.0879
    4290      27.6441
    4291      28.2038
    4292      28.7635
    4293      29.2512
    4294      29.6201
    4295      29.7527
    4296      29.5669
    4297      29.0916
    4298      28.3879
    4299      27.6048
    4300      26.7898
    4301      25.9332
    4302      25.0680
    4303      24.0466
    4304      22.9459
    4305      21.7348
    4306      20.5578
    4307      19.4548
    4308      18.4919
    4309      17.5801
    4310      16.7486
    4311      16.2069
    4312      16.1610
    4313      16.5900
    4314      17.5590
    4315      19.1037
    4316      21.1573
    4317      23.5752
    4318      26.1737
    4319      28.9097
    4320      31.5137
    4321      33.8552
    4322      35.6954
    4323      37.0907
    4324      37.7595
    4325      37.6934
    4326      36.7889
    4327      35.1044
    4328      32.8531
    4329      29.9840
    4330      26.6444
    4331      23.2499
    4332      20.1563
    4333      17.8322
    4334      16.6904
    4335      16.9533
    4336      18.5732
    4337      21.4168
    4338      25.0636
    4339      28.9747
    4340      32.6179
    4341      35.6419
    4342      37.7971
    4343      38.9644
    4344      39.0126
    4345      38.0183
    4346      36.0935
    4347      33.5453
    4348      30.7851
    4349      27.9348
    4350      25.2352
    4351      22.7556
    4352      20.6089
    4353      18.7775
    4354      17.5733
    4355      17.2430
    4356      18.0796
    4357      20.0515
    4358      22.8491
    4359      25.9520
    4360      29.0151
    4361      31.5745
    4362      33.4076
    4363      34.4884
    4364      34.9149
    4365      34.6316
    4366      33.6948
    4367      32.2616
    4368      30.8658
    4369      29.7457
    4370      29.1008
    4371      28.8609
    4372      28.9837
    4373      29.3919
    4374      29.8673
    4375      30.3495
    4376      30.8042
    4377      31.4559
    4378      32.3611
    4379      33.4816
    4380      34.8272
    4381      36.1871
    4382      37.3512
    4383      38.2720
    4384      38.9728
    4385      39.4727
    4386      39.8019
    4387      39.8653
    4388      39.5841
    4389      39.0054
    4390      38.1283
    4391      37.0934
    4392      35.9573
    4393      34.8682
    4394      33.9311
    4395      33.2574
    4396      32.8232
    4397      32.6067
    4398      32.5195
    4399      32.4985
    4400      32.3387
    4401      31.8990
    4402      31.3782
    4403      30.8250
    4404      30.4247
    4405      29.9168
    4406      29.2848
    4407      28.5570
    4408      27.6531
    4409      26.5661
    4410      25.2951
    4411      24.0097
    4412      22.9006
    4413      22.3437
    4414      22.3070
    4415      22.7135
    4416      23.5593
    4417      24.7342
    4418      26.1025
    4419      27.4121
    4420      28.3815
    4421      28.8543
    4422      28.7814
    4423      28.2803
    4424      27.5567
    4425      26.5420
    4426      25.4819
    4427      24.4866
    4428      23.6060
    4429      23.0851
    4430      23.0108
    4431      23.3554
    4432      23.9543
    4433      24.8732
    4434      26.1705
    4435      27.7530
    4436      29.6793
    4437      32.0495
    4438      34.7309
    4439      37.2694
    4440      39.4525
    4441      40.9647
    4442      41.8402
    4443      41.9723
    4444      41.2902
    4445      39.7979
    4446      37.7013
    4447      35.1544
    4448      32.2108
    4449      29.2586
    4450      26.8287
    4451      25.1501
    4452      24.3636
    4453      24.4105
    4454      25.1101
    4455      26.3842
    4456      28.0713
    4457      30.1012
    4458      32.4325
    4459      34.9174
    4460      37.5088
    4461      39.7730
    4462      41.5466
    4463      42.7564
    4464      43.3211
    4465      43.2983
    4466      42.6879
    4467      41.6062
    4468      40.1435
    4469      38.4236
    4470      36.5695
    4471      34.6669
    4472      33.0268
    4473      31.8024
    4474      31.1904
    4475      31.2445
    4476      31.8180
    4477      32.7986
    4478      33.9239
    4479      35.0933
    4480      36.0725
    4481      37.0069
    4482      37.8349
    4483      38.6731
    4484      39.3766
    4485      39.9717
    4486      40.2124
    4487      40.0098
    4488      39.2259
    4489      37.6807
    4490      35.3238
    4491      32.2749
    4492      28.7600
    4493      25.0647
    4494      21.5085
    4495      18.6105
    4496      16.6865
    4497      15.6947
    4498      15.5743
    4499      16.2467
    4500      17.4231
    4501      18.9251
    4502      20.5622
    4503      22.1928
    4504      23.6218
    4505      24.7186
    4506      25.4274
    4507      25.7606
    4508      25.6887
    4509      25.3804
    4510      25.0353
    4511      24.7677
    4512      24.6212
    4513      24.5135
    4514      24.2807
    4515      23.8545
    4516      23.2435
    4517      22.5750
    4518      21.6922
    4519      20.7887
    4520      19.9329
    4521      19.2277
    4522      18.5808
    4523      17.9470
    4524      17.3064
    4525      16.6897
    4526      16.2802
    4527      16.2080
    4528      16.4994
    4529      17.1074
    4530      17.9704
    4531      18.9450
    4532      20.0096
    4533      21.0156
    4534      21.9794
    4535      22.8702
    4536      23.7706
    4537      24.6222
    4538      25.4344
    4539      26.1267
    4540      26.6674
    4541      27.1247
    4542      27.3893
    4543      27.5161
    4544      27.6737
    4545      28.0355
    4546      28.6234
    4547      29.3063
    4548      30.2329
    4549      31.4015
    4550      32.6285
    4551      33.8554
    4552      34.9726
    4553      35.8719
    4554      36.3078
    4555      36.1847
    4556      35.3709
    4557      34.0596
    4558      32.4780
    4559      30.7623
    4560      29.0581
    4561      27.6316
    4562      26.7045
    4563      26.4617
    4564      26.6919
    4565      27.4239
    4566      28.4459
    4567      29.5494
    4568      30.5536
    4569      31.3824
    4570      31.9250
    4571      32.0894
    4572      32.0801
    4573      31.9345
    4574      31.7494
    4575      31.6803
    4576      31.7516
    4577      31.8969
    4578      32.1740
    4579      32.4034
    4580      32.4353
    4581      32.2581
    4582      31.9982
    4583      31.6722
    4584      31.2090
    4585      30.6367
    4586      29.8736
    4587      29.0041
    4588      27.9743
    4589      26.6278
    4590      25.0727
    4591      23.2483
    4592      21.1038
    4593      18.8255
    4594      16.6760
    4595      14.8022
    4596      13.5468
    4597      12.9369
    4598      12.9924
    4599      13.4133
    4600      14.0634
    4601      14.9018
    4602      15.7468
    4603      16.5911
    4604      17.4205
    4605      18.1384
    4606      18.6564
    4607      18.9360
    4608      18.9893
    4609      18.8979
    4610      18.5567
    4611      17.9211
    4612      16.9636
    4613      15.7006
    4614      14.3000
    4615      12.7261
    4616      11.2895
    4617      10.3145
    4618       9.7594
    4619       9.6159
    4620       9.8371
    4621      10.3338
    4622      11.2269
    4623      12.5476
    4624      14.2990
    4625      16.2291
    4626      18.1359
    4627      19.8691
    4628      21.2952
    4629      22.2160
    4630      22.4614
    4631      22.0907
    4632      21.1249
    4633      19.4524
    4634      17.1988
    4635      14.5953
    4636      11.9821
    4637       9.9895
    4638       8.7198
    4639       8.1609
    4640       8.2187
    4641       8.6956
    4642       9.5300
    4643      10.6242
    4644      11.8637
    4645      13.2579
    4646      14.8771
    4647      16.6382
    4648      18.4126
    4649      19.8995
    4650      21.0834
    4651      21.7375
    4652      21.8352
    4653      21.3981
    4654      20.5199
    4655      19.1459
    4656      17.4446
    4657      15.5749
    4658      13.9020
    4659      12.6549
    4660      12.1338
    4661      12.3528
    4662      13.2971
    4663      14.8549
    4664      16.7978
    4665      18.8659
    4666      20.7830
    4667      22.3952
    4668      23.6802
    4669      24.6259
    4670      25.4353
    4671      26.0852
    4672      26.6154
    4673      27.0810
    4674      27.3157
    4675      27.3227
    4676      27.2230
    4677      27.0894
    4678      26.8621
    4679      26.6714
    4680      26.4919
    4681      26.2101
    4682      25.9631
    4683      25.7794
    4684      25.6677
    4685      25.7507
    4686      26.0587
    4687      26.6962
    4688      27.4296
    4689      28.1905
    4690      28.9007
    4691      29.6095
    4692      30.4130
    4693      31.3027
    4694      32.1563
    4695      32.8393
    4696      33.3840
    4697      33.6849
    4698      33.6912
    4699      33.3484
    4700      32.5431
    4701      31.1363
    4702      29.2968
    4703      27.2414
    4704      25.2499
    4705      23.6485
    4706      22.4513
    4707      21.6084
    4708      21.1723
    4709      21.0206
    4710      20.8997
    4711      20.8360
    4712      20.8363
    4713      20.9108
    4714      20.9946
    4715      21.1432
    4716      21.3801
    4717      21.7331
    4718      22.2403
    4719      22.8022
    4720      23.3624
    4721      24.0764
    4722      24.9110
    4723      25.8878
    4724      27.0379
    4725      28.2949
    4726      29.7086
    4727      31.1401
    4728      32.4731
    4729      33.6638
    4730      34.4959
    4731      34.8615
    4732      34.6871
    4733      34.0846
    4734      33.1409
    4735      31.9408
    4736      30.6217
    4737      29.1232
    4738      27.3620
    4739      25.4313
    4740      23.4116
    4741      21.4960
    4742      20.0091
    4743      19.2115
    4744      19.0109
    4745      19.6112
    4746      20.8943
    4747      22.5985
    4748      24.3884
    4749      26.2741
    4750      28.0215
    4751      29.3450
    4752      30.1623
    4753      30.5758
    4754      30.6655
    4755      30.4267
    4756      29.9347
    4757      29.2273
    4758      28.4918
    4759      27.7428
    4760      27.0890
    4761      26.4654
    4762      25.9056
    4763      25.4008
    4764      24.9812
    4765      24.7172
    4766      24.6974
    4767      24.9716
    4768      25.3810
    4769      26.0833
    4770      27.1376
    4771      28.5370
    4772      30.1227
    4773      31.8716
    4774      33.5998
    4775      35.1737
    4776      36.4667
    4777      37.4134
    4778      38.0479
    4779      38.4115
    4780      38.5155
    4781      38.3953
    4782      37.9965
    4783      37.4136
    4784      36.7569
    4785      36.2360
    4786      36.0303
    4787      36.2124
    4788      36.6436
    4789      37.0533
    4790      37.4452
    4791      37.5122
    4792      37.2530
    4793      36.5665
    4794      35.4556
    4795      33.9188
    4796      31.9454
    4797      29.6517
    4798      27.2450
    4799      24.8532
    4800      22.6489
    4801      20.8080
    4802      19.3003
    4803      18.1407
    4804      17.3628
    4805      17.1417
    4806      17.4345
    4807      18.2631
    4808      19.6543
    4809      21.4736
    4810      23.5291
    4811      25.6639
    4812      27.6143
    4813      29.0349
    4814      29.7836
    4815      29.8230
    4816      29.2731
    4817      28.2801
    4818      26.9876
    4819      25.6376
    4820      24.4165
    4821      23.5086
    4822      23.0448
    4823      23.0356
    4824      23.4070
    4825      24.0864
    4826      24.9543
    4827      25.9830
    4828      26.9749
    4829      27.8979
    4830      28.6640
    4831      29.2019
    4832      29.5112
    4833      29.5585
    4834      29.3210
    4835      28.8851
    4836      28.1684
    4837      27.3313
    4838      26.5563
    4839      26.0661
    4840      25.8239
    4841      25.8600
    4842      26.2740
    4843      27.0195
    4844      27.9267
    4845      28.8940
    4846      29.7094
    4847      30.2577
    4848      30.5358
    4849      30.3171
    4850      29.7470
    4851      28.8718
    4852      27.8349
    4853      26.7420
    4854      25.7447
    4855      24.9309
    4856      24.3355
    4857      24.0620
    4858      24.1997
    4859      24.8705
    4860      26.0463
    4861      27.4038
    4862      29.1404
    4863      31.0428
    4864      32.7808
    4865      34.2352
    4866      35.3972
    4867      36.0247
    4868      36.1383
    4869      35.9359
    4870      35.4159
    4871      34.5624
    4872      33.5909
    4873      32.5804
    4874      31.4832
    4875      30.4254
    4876      29.2508
    4877      28.1320
    4878      27.1724
    4879      26.4534
    4880      26.1167
    4881      26.0620
    4882      26.3953
    4883      27.2947
    4884      28.6121
    4885      30.2626
    4886      32.0092
    4887      33.6001
    4888      34.7648
    4889      35.2469
    4890      34.9710
    4891      33.9483
    4892      32.2863
    4893      30.0243
    4894      27.3138
    4895      24.5014
    4896      21.8647
    4897      19.3912
    4898      17.2394
    4899      15.5717
    4900      14.4176
    4901      13.6489
    4902      13.4358
    4903      13.8363
    4904      15.0092
    4905      16.9353
    4906      19.4950
    4907      22.3541
    4908      25.1381
    4909      27.5463
    4910      29.3459
    4911      30.3866
    4912      30.6457
    4913      30.1390
    4914      28.9464
    4915      27.2797
    4916      25.2434
    4917      22.9657
    4918      20.6647
    4919      18.5284
    4920      16.6863
    4921      15.3525
    4922      14.6001
    4923      14.3894
    4924      14.6923
    4925      15.5060
    4926      16.7636
    4927      18.2284
    4928      19.5677
    4929      20.6365
    4930      21.6049
    4931      22.6352
    4932      23.9361
    4933      25.5494
    4934      27.5881
    4935      29.8199
    4936      32.0001
    4937      33.8154
    4938      35.2012
    4939      35.9764
    4940      36.0628
    4941      35.5222
    4942      34.4158
    4943      32.6635
    4944      30.3553
    4945      27.5778
    4946      24.6091
    4947      21.8419
    4948      19.5776
    4949      17.8970
    4950      17.0200
    4951      16.9828
    4952      17.7370
    4953      19.1146
    4954      20.9969
    4955      23.4373
    4956      26.1550
    4957      28.9632
    4958      31.5582
    4959      33.6083
    4960      34.9568
    4961      35.6747
    4962      35.8428
    4963      35.4240
    4964      34.5606
    4965      33.1910
    4966      31.4811
    4967      29.6387
    4968      27.7662
    4969      25.9012
    4970      24.1475
    4971      22.6826
    4972      21.6185
    4973      20.7211
    4974      20.0112
    4975      19.4119
    4976      19.0877
    4977      19.0105
    4978      19.0415
    4979      19.2354
    4980      19.4756
    4981      19.7210
    4982      19.9397
    4983      20.1408
    4984      20.3385
    4985      20.5636
    4986      20.8444
    4987      21.2126
    4988      21.4838
    4989      21.5942
    4990      21.4870
    4991      21.1052
    4992      20.5605
    4993      19.8992
    4994      19.1614
    4995      18.4751
    4996      18.0903
    4997      18.1664
    4998      18.5966
    4999      19.3461
    5000      20.2984
