3.33713666 0.7128
3.30732315 0.7244
3.28983785 0.7223
3.29310937 0.7095
3.31597225 0.6973
3.33820807 0.6998
3.35127716 0.7130
3.34754749 0.7316
3.32146021 0.7506
3.28539567 0.7651
3.24989356 0.7749
3.22707917 0.7758
3.22395018 0.7607
3.24223812 0.7314
3.27547177 0.6948
3.31978031 0.6611
3.35648247 0.6398
3.38685059 0.6346
3.39837930 0.6453
3.37880473 0.6568
3.33470246 0.6581
3.29411489 0.6460
3.27572792 0.6256
3.29240744 0.6068
3.32266345 0.5919
3.34903006 0.5847
3.36115475 0.5876
3.36108789 0.6024
3.35374524 0.6275
3.33197390 0.6531
3.29119775 0.6720
3.24537199 0.6800
3.21438491 0.6776
3.21581101 0.6695
3.23692079 0.6649
3.25767905 0.6590
3.25797005 0.6551
3.24516883 0.6588
3.22786994 0.6777
3.22740859 0.7045
3.25333732 0.7207
3.29329843 0.7203
3.33503667 0.7045
3.37467520 0.6785
3.40462660 0.6567
3.41012849 0.6413
3.38817638 0.6286
3.35178914 0.6227
3.31225597 0.6284
3.28640420 0.6473
3.27587040 0.6716
3.28397699 0.6819
3.31473568 0.6770
3.36055445 0.6619
3.41580567 0.6484
3.46067766 0.6393
3.47677454 0.6380
3.45666794 0.6364
3.41193036 0.6378
3.37281442 0.6369
3.35137923 0.6371
3.35481154 0.6290
3.38113292 0.6087
3.41614486 0.5844
3.45893704 0.5678
3.50555153 0.5661
3.53041232 0.5737
3.51882218 0.5860
3.48008737 0.5992
3.43886039 0.6196
3.40076134 0.6499
3.37564801 0.6805
3.35191163 0.7020
3.33541638 0.7047
3.32589692 0.6980
3.34126391 0.6926
3.34993870 0.7006
3.35153124 0.7153
3.33410489 0.7310
3.31569456 0.7358
3.30082965 0.7431
3.28901492 0.7581
3.28662100 0.7699
3.28707136 0.7679
3.29599930 0.7475
3.30811642 0.7260
3.32509157 0.7155
3.32575125 0.7166
3.31362938 0.7210
3.28767453 0.7216
3.25771869 0.7229
3.23763965 0.7267
3.22457690 0.7304
3.22744666 0.7277
3.24041500 0.7185
3.26571554 0.7076
3.29111838 0.7023
3.29131421 0.7047
3.26831964 0.7120
3.22722000 0.7176
3.18473170 0.7240
3.15206109 0.7332
3.14185090 0.7430
3.15530115 0.7494
3.18701236 0.7469
3.23918522 0.7352
3.29142466 0.7243
3.33503128 0.7132
3.35185954 0.7056
3.34623200 0.7011
3.31449391 0.7057
3.27596691 0.7211
3.24076548 0.7469
3.21758961 0.7725
3.22338928 0.7866
3.26005065 0.7894
3.30767387 0.7848
3.36260718 0.7724
3.40529951 0.7553
3.44716206 0.7303
3.48558076 0.7075
3.49490771 0.6964
3.47862867 0.6944
3.43459943 0.7003
3.37654938 0.7111
3.33319868 0.7154
3.30748465 0.7128
3.29186498 0.7033
3.27123320 0.6902
3.25216415 0.6730
3.25500186 0.6577
3.27737060 0.6552
3.31361380 0.6597
3.34611871 0.6673
3.35501495 0.6772
3.35743590 0.6890
3.36464438 0.7062
3.37018591 0.7267
3.35098817 0.7501
3.31372292 0.7625
3.28238462 0.7623
3.27346665 0.7561
3.28913785 0.7557
3.31778445 0.7575
3.34022755 0.7545
3.35078055 0.7520
3.36618592 0.7481
3.38070993 0.7556
3.39270774 0.7686
3.37225479 0.7796
3.33892295 0.7739
3.30759642 0.7558
3.29941233 0.7389
3.31370290 0.7326
3.33617147 0.7258
3.35942938 0.7132
3.38689623 0.7046
3.43016683 0.7072
3.48243408 0.7155
3.50667220 0.7244
3.48047126 0.7306
3.40838891 0.7349
3.31917216 0.7418
3.25192568 0.7448
3.21461301 0.7475
3.20529467 0.7460
3.21101063 0.7405
3.22767274 0.7335
3.25856968 0.7331
3.29670551 0.7373
3.31841919 0.7376
3.32014474 0.7283
3.30176279 0.7104
3.27344389 0.7003
3.25420492 0.7040
3.24956594 0.7172
3.24611595 0.7292
3.23566099 0.7342
3.22497883 0.7390
3.21674366 0.7462
3.21299528 0.7526
3.21042674 0.7599
3.20572333 0.7675
3.19149050 0.7744
3.18170759 0.7726
3.17669984 0.7673
3.17533232 0.7595
3.18085333 0.7512
3.19551911 0.7423
3.22618409 0.7318
3.26141532 0.7124
3.29692386 0.6801
3.32384891 0.6510
3.33441420 0.6415
3.32305240 0.6634
3.30204649 0.7030
3.27026142 0.7430
3.22654037 0.7725
3.19118022 0.7867
3.19571079 0.7918
3.23899971 0.7820
3.30458666 0.7446
3.36921155 0.6871
3.41867102 0.6384
3.44717038 0.6218
3.44217375 0.6455
3.39578150 0.6926
3.29581893 0.7464
3.17669128 0.7795
3.07966880 0.7931
3.04608329 0.8011
3.06305633 0.8014
3.11619011 0.7726
3.18485805 0.7222
3.27786544 0.6752
3.38030643 0.6529
3.46155237 0.6647
3.48195886 0.7023
3.42687582 0.7537
3.31656749 0.8055
3.21714918 0.8451
3.16065717 0.8627
3.14567533 0.8493
3.15024291 0.8136
3.17214929 0.7735
3.21842909 0.7493
3.27854533 0.7442
3.33055236 0.7490
3.35137942 0.7622
3.31779432 0.7801
3.24808606 0.8015
3.18790515 0.8185
3.15065534 0.8307
3.14807943 0.8306
3.15843512 0.8251
3.18726220 0.8161
3.23857616 0.8019
3.30818247 0.7742
3.38679467 0.7375
3.44572352 0.7149
3.47355687 0.7102
3.46492869 0.7154
3.42308229 0.7199
3.37460631 0.7185
3.33331722 0.7191
3.31881317 0.7248
3.34291035 0.7305
3.40231912 0.7223
3.48601224 0.7020
3.54289705 0.6855
3.55348728 0.6829
3.50453402 0.6975
3.41736645 0.7163
3.32747710 0.7336
3.24486343 0.7586
3.19002240 0.7859
3.16718052 0.8120
3.18937969 0.8234
3.24592041 0.8128
3.31211648 0.7781
3.37201830 0.7326
3.40737354 0.6959
3.40673063 0.6768
3.37504920 0.6774
3.31753246 0.6985
3.26487137 0.7305
3.20713721 0.7727
3.16500548 0.8094
3.14661489 0.8253
3.14676564 0.8236
3.16795412 0.8073
3.20010666 0.7851
3.24037312 0.7568
3.27270835 0.7300
3.28297876 0.7136
3.27824662 0.7117
3.27096811 0.7265
3.26768518 0.7466
3.26362430 0.7605
3.25466609 0.7567
3.24963657 0.7367
3.25505803 0.7121
3.26350908 0.6955
3.28407241 0.6785
3.30953363 0.6578
3.34265663 0.6378
3.39116720 0.6285
3.44469905 0.6419
3.46586428 0.6693
3.42427490 0.6970
3.34299488 0.7165
3.25681813 0.7335
3.19211838 0.7502
3.15024965 0.7686
3.12545615 0.7893
3.12671334 0.7952
3.15743730 0.7797
3.22545348 0.7503
3.31130175 0.7265
3.37623283 0.7138
3.38359982 0.7154
3.34453504 0.7277
3.28669764 0.7504
3.24029228 0.7772
3.20845902 0.8025
3.19081444 0.8159
3.19263883 0.8073
3.22017140 0.7797
3.28652414 0.7495
3.36918329 0.7314
3.42487687 0.7229
3.42510246 0.7219
3.37899962 0.7284
3.31728372 0.7497
3.27106750 0.7774
3.24397650 0.8000
3.23786127 0.8052
3.25683449 0.7881
3.30257128 0.7601
3.37411024 0.7308
3.44282470 0.7092
3.47427508 0.6978
3.45192491 0.6991
3.38185231 0.7129
3.29544528 0.7341
3.21172573 0.7577
3.15027353 0.7784
3.12501167 0.7834
3.14514604 0.7705
3.20651177 0.7466
3.28796860 0.7252
3.36046549 0.7061
3.39398703 0.6961
3.38079111 0.7031
3.33114611 0.7252
3.26315403 0.7624
3.19568590 0.7941
3.13716578 0.8119
3.11187734 0.8105
3.11994826 0.7963
3.15598725 0.7802
3.20421075 0.7639
3.25410469 0.7488
3.29565175 0.7388
3.31573501 0.7389
3.31462994 0.7462
3.29625928 0.7545
3.26953909 0.7576
3.24309013 0.7540
3.23730983 0.7465
3.26818959 0.7455
3.30604089 0.7512
3.33284458 0.7548
3.34047601 0.7512
3.34367174 0.7406
3.34858785 0.7270
3.35751128 0.7085
3.35983075 0.6919
3.35539395 0.6829
3.34489979 0.6853
3.32176269 0.6952
3.29404513 0.7089
3.26489586 0.7222
3.23841940 0.7322
3.22606150 0.7336
3.24146634 0.7302
3.29275529 0.7166
3.35916992 0.6932
3.40963252 0.6725
3.42886501 0.6656
3.42923361 0.6747
3.40707960 0.6933
3.36075122 0.7211
3.28955397 0.7522
3.22223447 0.7819
3.18660501 0.8025
3.19781370 0.8093
3.24689895 0.7945
3.31091323 0.7557
3.36636012 0.7122
3.42256472 0.6879
3.45601271 0.6973
3.45612518 0.7296
3.41267953 0.7669
3.33780355 0.7974
3.26101753 0.8116
3.22312045 0.8056
3.23731366 0.7836
3.28609092 0.7414
3.33525715 0.6986
3.36275042 0.6762
3.35631010 0.6880
3.32124899 0.7222
3.26835530 0.7606
3.21806409 0.7852
3.18117230 0.8009
3.17728637 0.8136
3.21535532 0.8158
3.29527803 0.7875
3.39101447 0.7375
3.47209408 0.6878
3.50599430 0.6655
3.47853117 0.6722
3.39598412 0.6973
3.29704312 0.7236
3.21177293 0.7462
3.14812180 0.7678
3.10596937 0.7860
3.09686074 0.7884
3.12897532 0.7675
3.19653518 0.7377
3.27770088 0.7178
3.34206025 0.7150
3.35703107 0.7253
3.32267777 0.7344
3.26560064 0.7414
3.22019191 0.7523
3.18858789 0.7720
3.17101333 0.7897
3.16005686 0.8007
3.16898623 0.8029
3.20925043 0.8026
3.26012190 0.8056
3.31251604 0.8075
3.35623259 0.8018
3.39061622 0.7829
3.42097274 0.7599
3.44969087 0.7375
3.45999418 0.7203
3.44371476 0.7084
3.40507408 0.7022
3.36462954 0.7000
3.33963663 0.7067
3.32960010 0.7218
3.32923446 0.7348
3.33563448 0.7352
3.35786598 0.7154
3.39387985 0.6881
3.42841280 0.6596
3.45228317 0.6339
3.45045109 0.6219
3.43187345 0.6326
3.40165368 0.6669
3.36683855 0.7072
3.32499889 0.7399
3.29389168 0.7556
3.28366817 0.7531
3.29485401 0.7391
3.31265244 0.7222
3.33294744 0.7021
3.33624608 0.6859
3.34450151 0.6764
3.35514259 0.6847
3.37375957 0.7080
3.39642376 0.7269
3.42994228 0.7309
3.47647868 0.7251
3.52485618 0.7205
3.55200082 0.7162
3.53898039 0.7015
3.49431979 0.6784
3.43446567 0.6646
3.37876907 0.6720
3.33511435 0.6884
3.30394074 0.6913
3.29313031 0.6734
3.32147991 0.6435
3.38314836 0.6177
3.45826553 0.5950
3.49105561 0.5769
3.47599864 0.5610
3.43472167 0.5610
3.38591297 0.5787
3.34196904 0.6084
3.30003404 0.6392
3.26820339 0.6584
3.26833311 0.6649
3.30494219 0.6724
3.35880163 0.6843
3.38710599 0.6949
3.37924929 0.6920
3.35657222 0.6799
3.33811509 0.6705
3.34040936 0.6709
3.34880030 0.6814
3.35594062 0.6869
3.35656809 0.6759
3.36527600 0.6532
3.38490932 0.6349
3.39201694 0.6363
3.36595479 0.6580
3.31837496 0.6847
3.27683750 0.7007
3.27621197 0.7086
3.31655393 0.7110
3.38583405 0.7066
3.45172897 0.6838
3.50600526 0.6498
3.56011583 0.6248
3.59929631 0.6239
3.58866545 0.6374
3.50764657 0.6575
3.40103499 0.6796
3.30430672 0.7028
3.24141209 0.7278
3.22412101 0.7455
3.24191636 0.7499
3.29028508 0.7359
3.36588578 0.7134
3.46835918 0.6949
3.55999218 0.6842
3.60685478 0.6761
3.59562647 0.6699
3.54505077 0.6805
3.49082259 0.7078
3.45147226 0.7406
3.43495938 0.7622
3.42991681 0.7723
3.42587262 0.7713
3.42015753 0.7692
3.41215747 0.7608
3.39814403 0.7443
3.37225697 0.7196
3.33639253 0.6952
3.31203388 0.6809
3.31302462 0.6795
3.34205701 0.6767
3.38308344 0.6766
3.42862407 0.6856
3.43894897 0.7146
3.41271828 0.7528
3.34785456 0.7897
3.26470418 0.8172
3.19739860 0.8308
3.16727330 0.8254
3.18234391 0.8069
3.24028776 0.7778
3.32429428 0.7489
3.41323901 0.7243
3.47744326 0.7122
3.49337118 0.7099
3.45000812 0.7151
3.37577884 0.7284
3.29038423 0.7485
3.22475398 0.7643
3.20015702 0.7733
3.22246947 0.7656
3.27272581 0.7471
3.33953401 0.7237
3.39672047 0.7128
3.43382218 0.7173
3.42912353 0.7283
3.38693639 0.7363
3.33359481 0.7393
3.28102602 0.7477
3.25458601 0.7523
3.25884916 0.7476
3.27487942 0.7390
3.30868593 0.7301
3.35049887 0.7359
3.39148097 0.7532
3.41921337 0.7741
3.41054001 0.7898
3.35477918 0.8031
3.27278051 0.8095
3.20266507 0.8040
3.16058292 0.7932
3.15849800 0.7869
3.18955633 0.7881
3.23239865 0.7989
3.26331017 0.8182
3.27333542 0.8354
3.26272746 0.8444
3.23391401 0.8492
3.19634624 0.8516
3.15356423 0.8519
3.11626642 0.8430
3.10515936 0.8265
3.13105227 0.8093
3.18804526 0.7979
3.25807962 0.7906
3.30879281 0.7810
3.32683230 0.7684
3.31672197 0.7597
3.29265992 0.7571
3.25253535 0.7677
3.20791100 0.7796
3.16820877 0.7887
3.15339483 0.7924
3.16671575 0.7944
3.20178710 0.7981
3.23359179 0.8037
3.26358446 0.8022
3.29358967 0.7964
3.32957554 0.7882
3.36342534 0.7879
3.39318831 0.7858
3.40269369 0.7871
3.38721658 0.7984
3.36907677 0.8218
3.35428278 0.8509
3.33558957 0.8743
3.31624049 0.8808
3.30229020 0.8689
3.29594485 0.8485
3.30540912 0.8252
3.31687204 0.8048
3.32625515 0.7790
3.32843479 0.7565
3.32192858 0.7437
3.31115180 0.7396
3.28889569 0.7419
3.25931291 0.7425
3.23372211 0.7338
3.21211170 0.7151
3.20875635 0.6955
3.22996335 0.6795
3.27835377 0.6646
3.33234333 0.6518
3.38583201 0.6490
3.42128648 0.6576
3.42430496 0.6733
3.39801440 0.6933
3.35761406 0.7189
3.31571354 0.7481
3.28143401 0.7717
3.25806780 0.7876
3.24001915 0.7939
3.22727238 0.7926
3.22206601 0.7908
3.21490196 0.7955
3.20008472 0.7991
3.17824640 0.7935
3.15695486 0.7832
3.15473333 0.7815
3.16891055 0.7865
3.19501806 0.7872
3.23017149 0.7748
3.26380993 0.7555
3.29007649 0.7460
3.29861653 0.7489
3.26909335 0.7650
3.21634144 0.7713
3.15505569 0.7582
3.10847528 0.7326
3.08278919 0.7174
3.07909839 0.7230
3.09763261 0.7301
3.13214625 0.7191
3.18274642 0.6911
3.25166238 0.6655
3.33157407 0.6508
3.39776474 0.6476
3.43135910 0.6483
3.42881921 0.6460
3.40577656 0.6453
3.39118606 0.6414
3.37205860 0.6418
3.35284065 0.6458
3.33648056 0.6508
3.32802691 0.6544
3.34149681 0.6605
3.37137640 0.6649
3.40270594 0.6594
3.41601495 0.6439
3.41768511 0.6302
3.42265275 0.6310
3.42007955 0.6582
3.38689305 0.6968
3.31890077 0.7337
3.24293531 0.7566
3.17791489 0.7734
3.14789372 0.7847
3.14440316 0.7806
3.17380058 0.7492
3.23582060 0.7013
3.32580623 0.6504
3.42246852 0.6097
3.48713936 0.5842
3.48044989 0.5737
3.40107635 0.5810
3.29348451 0.6085
3.20609816 0.6497
3.14990761 0.6908
3.12499859 0.7089
3.12748074 0.7112
3.16058766 0.7075
3.21428698 0.7046
3.27250848 0.6947
3.31346899 0.6801
3.31858399 0.6628
3.29397291 0.6509
3.26369979 0.6512
3.23814208 0.6647
3.20886255 0.6788
3.18111374 0.6810
3.17455926 0.6749
3.20863128 0.6666
3.27114879 0.6553
3.34475619 0.6368
3.39266475 0.6084
3.41250668 0.5740
3.40718302 0.5534
3.40877349 0.5582
3.41734116 0.5777
3.42442203 0.5963
3.43714281 0.6040
3.45853890 0.6071
3.50412622 0.6054
3.55719911 0.5923
3.58864091 0.5645
3.58316232 0.5300
3.52891998 0.5049
3.45879413 0.4949
3.39633684 0.5032
3.36043081 0.5286
3.33331361 0.5590
3.32013481 0.5856
3.33395469 0.6083
3.36591140 0.6250
3.40449346 0.6369
3.42045750 0.6416
3.41486656 0.6389
3.40405680 0.6329
3.38925410 0.6289
3.36534425 0.6286
3.32990584 0.6371
3.29372422 0.6515
3.26792601 0.6656
3.26473094 0.6710
3.28639290 0.6698
3.31950150 0.6628
3.35497568 0.6524
3.38727370 0.6396
3.41865610 0.6246
3.44176512 0.6129
3.45018917 0.6038
3.43930396 0.5977
3.41163328 0.5959
3.36761583 0.5947
3.32389243 0.5837
3.29130280 0.5712
3.28357180 0.5607
3.30942102 0.5554
3.35438433 0.5543
3.41853961 0.5552
3.48573060 0.5596
3.54878597 0.5698
3.59184874 0.5899
3.60028928 0.6147
3.56012526 0.6344
3.48456726 0.6418
3.40252720 0.6428
3.33740395 0.6474
3.29688904 0.6564
3.27914495 0.6670
3.27781376 0.6711
3.28695854 0.6723
3.30572715 0.6748
3.34528764 0.6761
3.37463978 0.6740
3.38026774 0.6665
3.36626120 0.6573
3.34634042 0.6544
3.33014959 0.6634
3.30560395 0.6852
3.27652415 0.7109
3.26201184 0.7241
3.27310024 0.7264
3.30911524 0.7210
3.34528057 0.7063
3.37765902 0.6770
3.38085410 0.6422
3.36645851 0.6191
3.35145097 0.6111
3.33874972 0.6120
3.31651776 0.6117
3.28426927 0.6063
3.26047236 0.6003
3.27425561 0.5952
3.31840247 0.5906
3.36450400 0.5943
3.38911950 0.5992
3.38091970 0.6095
3.35235200 0.6329
3.31043844 0.6694
3.25901656 0.7073
3.21148124 0.7302
3.19510873 0.7355
3.21442355 0.7302
3.26088345 0.7156
3.31142785 0.6953
3.35091143 0.6717
3.36898745 0.6449
3.36862921 0.6256
3.35298120 0.6167
3.32643331 0.6166
3.30650967 0.6175
3.30096784 0.6153
3.31706299 0.6130
3.35464707 0.6079
3.39577067 0.6025
3.41944468 0.5993
3.41959106 0.6006
3.40851748 0.6072
3.38986394 0.6210
3.37414031 0.6346
3.37066218 0.6455
3.37315521 0.6503
3.39096239 0.6508
3.44042869 0.6392
3.50471044 0.6170
3.55699547 0.5912
3.58305229 0.5727
3.57253197 0.5655
3.53620778 0.5710
3.47423349 0.5800
3.40002524 0.5834
3.32818038 0.5822
3.26887038 0.5862
3.23182216 0.5931
3.21859085 0.5969
3.23141552 0.5952
3.24862210 0.5939
3.26668780 0.6032
3.29307660 0.6239
3.30711207 0.6492
3.30562072 0.6606
3.28601387 0.6613
3.26042429 0.6670
3.24458415 0.6839
3.23571028 0.7009
3.24273057 0.7024
3.24711165 0.6960
3.23666239 0.6917
3.22349185 0.6911
3.21259233 0.6955
3.20459312 0.6958
3.20019362 0.6823
3.19817205 0.6655
3.19668563 0.6576
3.21280848 0.6610
3.23444165 0.6684
3.25784902 0.6739
3.27431433 0.6799
3.27483236 0.6961
3.26137466 0.7252
3.24857700 0.7485
3.23779424 0.7531
3.24571944 0.7331
3.27788254 0.7066
3.33290190 0.6840
3.39970174 0.6659
3.45799634 0.6457
3.49083235 0.6251
3.49649580 0.6109
3.47427403 0.6072
3.43154575 0.6086
3.36681428 0.6069
3.31269911 0.5980
3.29996743 0.5880
3.33298680 0.5846
3.40891572 0.5853
3.49431537 0.5828
3.56141457 0.5764
3.59718099 0.5762
3.59660227 0.5927
3.56540222 0.6207
3.50315647 0.6486
3.41794071 0.6700
3.35183501 0.6844
3.31718883 0.6952
3.30479304 0.7024
3.30739640 0.7040
3.32478631 0.6963
3.33348238 0.6907
3.34911515 0.6915
3.36745826 0.6920
3.36714071 0.6880
3.35397060 0.6784
3.33249173 0.6785
3.33002606 0.6834
3.34582598 0.6892
3.36535355 0.6882
3.37565593 0.6868
3.36570040 0.6892
3.34457402 0.6991
3.32464507 0.7105
3.31176834 0.7073
3.30457689 0.6896
3.31189415 0.6640
3.32250565 0.6529
3.33729374 0.6535
3.34096911 0.6549
3.32610091 0.6424
3.30431033 0.6235
3.28854172 0.6144
3.30344960 0.6129
3.32890101 0.6125
3.36451917 0.6002
3.39443194 0.5872
3.42583385 0.5853
3.45867974 0.6006
3.47074583 0.6275
3.44926145 0.6527
3.39628132 0.6722
3.32514830 0.6985
3.25939253 0.7306
3.21689643 0.7506
3.20117697 0.7450
3.21176452 0.7150
3.25465944 0.6879
3.31693016 0.6754
3.37460649 0.6747
3.40460245 0.6785
3.39665658 0.6781
3.36016324 0.6785
3.32539080 0.6887
3.30295719 0.7082
3.28708654 0.7239
3.27981281 0.7255
3.29030580 0.7174
3.32194967 0.7095
3.37770241 0.7030
3.44715442 0.6981
3.50023782 0.6837
3.50372995 0.6628
3.46475103 0.6484
3.41236376 0.6565
3.36139198 0.6785
3.32156529 0.6929
3.28376661 0.6978
3.26539440 0.6977
3.26850912 0.7061
3.29193307 0.7314
3.32573017 0.7555
3.35293148 0.7651
3.35194384 0.7636
3.33230109 0.7676
3.30685535 0.7801
3.28085253 0.7957
3.25617411 0.7968
3.24118028 0.7869
3.23838541 0.7841
3.25092782 0.7937
3.27412022 0.8009
3.29163144 0.7886
3.29323391 0.7563
3.28485966 0.7190
3.27275088 0.7026
3.25837290 0.7092
3.22792335 0.7295
3.18846468 0.7454
3.16208307 0.7542
3.16801849 0.7625
3.20638391 0.7684
3.25714492 0.7615
3.29064418 0.7415
3.30509376 0.7152
3.31196724 0.6948
3.32417095 0.6868
3.32827398 0.6926
3.32507266 0.7012
3.30486485 0.7088
3.28670531 0.7162
3.28128959 0.7289
3.29416281 0.7430
3.30476572 0.7456
3.30813837 0.7295
3.31241971 0.7037
3.32206319 0.6864
3.33819562 0.6838
3.35865323 0.6903
3.36172311 0.6984
3.35865232 0.6965
3.35296623 0.6892
3.34866831 0.6827
3.34028390 0.6789
3.32419310 0.6732
3.30075400 0.6640
3.28389010 0.6541
3.28067450 0.6525
3.29115399 0.6631
3.29524780 0.6745
3.29746556 0.6744
3.30224467 0.6647
3.32023362 0.6557
3.34992933 0.6456
3.37581651 0.6371
3.38731694 0.6254
3.37701004 0.6158
3.35816601 0.6179
3.33367097 0.6328
3.31214669 0.6507
3.29913140 0.6603
3.30359987 0.6529
3.32712829 0.6302
3.36324440 0.6016
3.40138891 0.5888
3.43824924 0.5904
3.46116414 0.5984
3.47024721 0.6134
3.46259832 0.6344
3.43982889 0.6608
3.41412906 0.6821
3.40561834 0.6909
3.41437965 0.6821
3.43356692 0.6591
3.45104284 0.6288
3.45849418 0.6051
3.45670637 0.5958
3.44443724 0.5960
3.42254284 0.6027
3.39850632 0.6114
3.38463599 0.6221
3.38571720 0.6317
3.40667602 0.6349
3.43819930 0.6297
3.47658146 0.6179
3.51438046 0.6110
3.53766639 0.6245
3.54168268 0.6569
3.50820644 0.6937
3.45463421 0.7162
3.40496479 0.7223
3.36813168 0.7221
3.36225575 0.7150
3.38783432 0.6989
3.42560599 0.6777
3.46064696 0.6561
3.48080974 0.6470
3.47527233 0.6576
3.43250104 0.6821
3.35976951 0.7006
3.27054326 0.7102
3.18938112 0.7176
3.14943062 0.7297
3.15841630 0.7431
3.21121077 0.7453
3.29376950 0.7249
3.40013286 0.6900
3.51175192 0.6655
3.58819395 0.6647
3.58718847 0.6766
3.51542048 0.6833
3.40831457 0.6936
3.32307389 0.7157
3.27239024 0.7451
3.24893846 0.7696
3.25046531 0.7783
3.28710882 0.7721
3.34854663 0.7591
3.42354899 0.7450
3.47002475 0.7312
3.46867216 0.7064
3.41522900 0.6835
3.34651233 0.6838
3.29445532 0.7131
3.25827510 0.7552
3.22611657 0.7918
3.20988517 0.8109
3.20868588 0.8197
3.22562532 0.8269
3.25143785 0.8285
3.26744350 0.8209
3.27048677 0.7997
3.25611024 0.7730
3.24055644 0.7496
3.23746395 0.7332
3.23139008 0.7255
3.21941021 0.7228
3.21846192 0.7297
3.22841376 0.7483
3.25112418 0.7720
3.26529957 0.7866
3.27268132 0.7812
3.26955115 0.7708
3.27256583 0.7696
3.29342733 0.7827
3.32553093 0.8008
3.34644738 0.8136
3.35973204 0.8194
3.37574430 0.8218
3.39424049 0.8307
3.39794553 0.8401
3.36209282 0.8416
3.30628650 0.8344
3.25615399 0.8218
3.22331224 0.8177
3.21834911 0.8144
3.22790609 0.8036
3.24064349 0.7817
3.25305295 0.7558
3.28396143 0.7338
3.31503380 0.7266
3.33404376 0.7322
3.32114778 0.7460
3.28484145 0.7602
3.25544026 0.7691
3.25388225 0.7811
3.28134130 0.8011
3.31610118 0.8152
3.34605810 0.8072
3.37772843 0.7699
3.41537595 0.7225
3.45058258 0.6905
3.47033986 0.6818
3.47206433 0.6892
3.47083259 0.7086
3.48336938 0.7286
3.50512248 0.7429
3.52026612 0.7491
3.53275064 0.7390
3.53813188 0.7146
3.53545627 0.6825
3.52050912 0.6593
3.49629991 0.6558
3.46246002 0.6733
3.42254320 0.7096
3.39648315 0.7477
3.37903536 0.7789
3.36639467 0.7861
3.35276430 0.7755
3.33833799 0.7549
3.33231802 0.7279
3.33339206 0.6945
3.33448364 0.6626
3.32659084 0.6428
3.32747101 0.6429
3.34930515 0.6624
3.36934450 0.6885
3.35792222 0.7082
3.32138447 0.7158
3.30566722 0.7147
3.32852764 0.7116
3.37951224 0.7038
3.42227500 0.6861
3.44283551 0.6651
3.43292544 0.6608
3.41472980 0.6755
3.41465560 0.7018
3.41630129 0.7290
3.39012750 0.7528
3.34197814 0.7646
3.29360844 0.7674
3.27964437 0.7636
3.30513078 0.7566
3.35967796 0.7460
3.41914881 0.7327
3.47412728 0.7160
3.53330700 0.7003
3.58503031 0.6895
3.59995907 0.6826
3.56014865 0.6803
3.47660159 0.6869
3.38545470 0.7038
3.31484888 0.7255
3.26919017 0.7531
3.25542956 0.7817
3.25899711 0.8046
3.26860934 0.8179
3.28873708 0.8160
3.31653791 0.8011
3.33847005 0.7801
3.34237395 0.7666
3.34354394 0.7630
3.34998156 0.7687
3.35480838 0.7799
3.36372804 0.7892
3.38208399 0.7965
3.41503561 0.7965
3.44371807 0.7877
3.46255180 0.7619
3.46205020 0.7307
3.42661201 0.7146
3.37386834 0.7209
3.32541664 0.7441
3.29272784 0.7690
3.26853958 0.7814
3.25692215 0.7779
3.26193037 0.7721
3.28496000 0.7732
3.32649431 0.7717
3.37486648 0.7604
3.41175385 0.7435
3.42484909 0.7383
3.42607492 0.7466
3.42628116 0.7555
3.42480914 0.7507
3.42324459 0.7321
3.42437889 0.7175
3.40545844 0.7194
3.37766818 0.7257
3.33715677 0.7278
3.28999800 0.7230
3.25476791 0.7240
3.23840800 0.7411
3.24808052 0.7707
3.29589032 0.7909
3.37744438 0.7918
3.46802796 0.7792
3.53546175 0.7650
3.55802511 0.7627
3.52776354 0.7691
3.45509029 0.7794
3.35821804 0.7976
3.27540474 0.8212
3.22786223 0.8397
3.23163029 0.8319
3.28338096 0.7957
3.36423764 0.7439
3.44160212 0.6994
3.48404768 0.6842
3.47416939 0.6993
3.41737938 0.7276
3.33424412 0.7609
3.24566423 0.8000
3.17022260 0.8492
3.12407323 0.8939
3.12516766 0.9084
3.17284720 0.8821
3.24378302 0.8318
3.32080243 0.7825
3.37864542 0.7537
3.38155651 0.7502
3.32468394 0.7666
3.22802796 0.7960
3.13646845 0.8321
3.07171650 0.8640
3.06111614 0.8719
3.09935992 0.8454
3.15712437 0.8040
3.22797637 0.7689
3.29751381 0.7518
3.33870095 0.7519
3.33675822 0.7651
3.29257344 0.7998
3.22830615 0.8508
3.17379335 0.8967
3.16299274 0.9172
3.19688351 0.9072
3.26532356 0.8732
3.33650531 0.8340
3.39167211 0.8033
3.41362270 0.7885
3.39633475 0.7883
3.34076618 0.8010
3.28540293 0.8258
3.23984925 0.8581
3.22161347 0.8711
3.21893376 0.8619
3.23441482 0.8381
3.25624493 0.8124
3.28590781 0.7921
3.30203795 0.7828
3.30321766 0.7787
3.29363331 0.7814
3.28720285 0.7990
3.30343660 0.8217
3.32785240 0.8345
3.34047334 0.8337
3.33216884 0.8223
3.30638985 0.8078
3.27402623 0.7966
3.24984907 0.7921
3.22614110 0.7949
3.19527145 0.8016
3.15652546 0.8087
3.12104502 0.8145
3.10656743 0.8148
3.10743264 0.8062
3.12230409 0.7856
3.13704308 0.7630
3.15728905 0.7464
3.18113754 0.7441
3.21357729 0.7519
3.23774403 0.7644
3.23971346 0.7791
3.23505610 0.7963
3.23949422 0.8116
3.26156163 0.8148
3.28272908 0.8046
3.28907340 0.7940
3.28840009 0.7870
3.28886426 0.7963
3.29461946 0.8216
3.29660041 0.8567
3.29184306 0.8820
3.27921600 0.8933
3.27245040 0.8905
3.28541418 0.8714
3.31741442 0.8409
3.34459385 0.8124
3.35452278 0.7934
3.35099447 0.7872
3.34070061 0.7952
3.32444071 0.8151
3.29158276 0.8437
3.24725572 0.8661
3.19304253 0.8808
3.15368086 0.8882
3.14245802 0.8887
3.16844032 0.8828
3.21588850 0.8710
3.27523070 0.8597
3.33632067 0.8490
3.39143643 0.8402
3.41355867 0.8383
3.38582373 0.8405
3.30395052 0.8457
3.20252864 0.8503
3.11296928 0.8569
3.06576602 0.8567
3.06095044 0.8512
3.08256106 0.8442
3.11717179 0.8408
3.16687337 0.8355
3.22936812 0.8297
3.29175095 0.8275
3.31571982 0.8394
3.28999438 0.8568
3.22985939 0.8736
3.18422495 0.8773
3.17247225 0.8666
3.20643248 0.8436
3.26883780 0.8155
3.34602000 0.7799
3.41404692 0.7384
3.46468534 0.6956
3.47362507 0.6660
3.42452977 0.6759
3.33526232 0.7156
3.24650201 0.7585
3.18447486 0.7891
3.16401389 0.8118
3.17878476 0.8349
3.22499450 0.8445
3.28837126 0.8293
3.36711280 0.7944
3.45006151 0.7562
3.50167248 0.7379
3.50183494 0.7466
3.44145895 0.7737
3.34557565 0.8029
3.25871583 0.8264
3.20503640 0.8405
3.19438367 0.8442
3.21399353 0.8402
3.25500307 0.8264
3.30630211 0.8098
3.34773128 0.7939
3.35713726 0.7854
3.31637548 0.7978
3.24466596 0.8287
3.17049232 0.8637
3.11844179 0.8913
3.09271294 0.9038
3.08885466 0.9016
3.09782074 0.8865
3.10849259 0.8655
3.13401996 0.8432
3.17195478 0.8298
3.20396145 0.8295
3.20453553 0.8411
3.17537773 0.8627
3.14019808 0.8801
3.10936775 0.8835
3.08181525 0.8771
3.05735178 0.8654
3.02807561 0.8646
3.00712119 0.8724
2.99738381 0.8785
3.00872890 0.8827
3.02448162 0.8905
3.04246069 0.9054
3.05657398 0.9238
3.07782984 0.9327
3.10945795 0.9242
3.12903642 0.9064
3.12348911 0.8905
3.10052894 0.8873
3.07328742 0.8992
3.06133989 0.9181
3.06232962 0.9342
3.07421507 0.9389
3.09357710 0.9301
3.12186177 0.9067
3.16345091 0.8694
3.20397192 0.8280
3.22545068 0.8009
3.22371276 0.7988
3.19616241 0.8234
3.15819320 0.8613
3.12443086 0.8967
3.10529255 0.9186
3.11278631 0.9291
3.15457495 0.9253
3.20992055 0.9045
3.26057278 0.8678
3.28591729 0.8349
3.27421840 0.8266
3.23156559 0.8498
3.16635042 0.8955
3.10234873 0.9359
3.05053643 0.9562
3.02318052 0.9521
3.02757393 0.9302
3.05757046 0.8963
3.10058210 0.8501
3.13309477 0.8086
3.15411406 0.7879
3.16270261 0.7986
3.15830286 0.8323
3.14363721 0.8701
3.12843037 0.8960
3.10999250 0.9040
3.08976953 0.9096
3.08371193 0.9142
3.09709928 0.9015
3.11135419 0.8741
3.10915965 0.8542
3.10103682 0.8464
3.09035197 0.8503
3.08955776 0.8534
3.09861096 0.8561
3.11040325 0.8636
3.12991411 0.8794
3.14916451 0.8946
3.16507896 0.9029
3.17077982 0.8998
3.17193014 0.8905
3.16646925 0.8869
3.15604273 0.8922
3.15666393 0.8942
3.17581877 0.8879
3.21305687 0.8800
3.26613678 0.8776
3.32008518 0.8770
3.35377250 0.8690
3.33727460 0.8585
3.27867709 0.8563
3.19323691 0.8718
3.12030108 0.8921
3.06237541 0.9067
3.02827016 0.9061
3.01888760 0.8927
3.03267437 0.8739
3.07833512 0.8483
3.14696711 0.8144
3.20854646 0.7834
3.24754282 0.7675
3.25845228 0.7777
3.25590735 0.8109
3.25864253 0.8494
3.25452534 0.8784
3.24687097 0.8876
3.23262940 0.8776
3.21621840 0.8592
3.21432379 0.8403
3.23116233 0.8282
3.24780493 0.8241
3.24162066 0.8281
3.21918415 0.8417
3.19167549 0.8602
3.17363327 0.8699
3.16038553 0.8744
3.14663337 0.8793
3.13446053 0.8816
3.12338846 0.8749
3.10935451 0.8628
3.09416241 0.8536
3.07447493 0.8577
3.06438103 0.8695
3.06615492 0.8753
3.08120820 0.8641
3.10791887 0.8397
3.14735730 0.8182
3.18651855 0.8139
3.21998509 0.8135
3.24049875 0.8111
3.24779218 0.8063
3.23623951 0.8139
3.21233111 0.8360
3.19231229 0.8561
3.19024040 0.8587
3.20223272 0.8359
3.22012156 0.8048
3.23163695 0.7843
3.22785440 0.7735
3.20452470 0.7609
3.18027314 0.7413
3.16737721 0.7325
3.15814972 0.7420
3.15420431 0.7638
3.17356677 0.7777
3.20336068 0.7825
3.24166419 0.7864
3.26478126 0.7958
3.26663669 0.8109
3.25351652 0.8281
3.24518070 0.8372
3.24262758 0.8406
3.23981152 0.8472
3.24331261 0.8583
3.26127982 0.8631
3.28593086 0.8512
3.29787462 0.8328
3.28465646 0.8257
3.24013282 0.8369
3.16729228 0.8534
3.07851618 0.8624
3.01174826 0.8580
2.97178992 0.8560
2.96008026 0.8654
2.98247239 0.8691
3.03384309 0.8546
3.08753244 0.8316
3.13175143 0.8175
3.16371090 0.8249
3.17698029 0.8479
3.15850493 0.8708
3.11909030 0.8759
3.07855927 0.8657
3.06074232 0.8552
3.07328544 0.8545
3.11923968 0.8413
3.17660071 0.8022
3.20746059 0.7539
3.19639785 0.7260
3.16238153 0.7327
3.11729680 0.7672
3.06057646 0.8089
3.00665158 0.8398
2.97242889 0.8575
2.96241051 0.8711
2.99185308 0.8775
3.05839191 0.8689
3.15302929 0.8378
3.24317435 0.7951
3.31015661 0.7632
3.33305097 0.7502
3.31023060 0.7474
3.25542495 0.7438
3.19497919 0.7396
3.15480548 0.7430
3.15638349 0.7551
3.19710275 0.7581
3.24720432 0.7504
3.28903792 0.7364
3.30296445 0.7329
3.29259134 0.7423
3.25294225 0.7639
3.18773793 0.7884
3.11152076 0.8101
3.06055663 0.8274
3.04814679 0.8374
3.07374598 0.8323
3.11628813 0.8110
3.16928096 0.7802
3.21786382 0.7595
3.25970130 0.7565
3.27980612 0.7653
3.27637081 0.7732
3.24345427 0.7832
3.19631763 0.7977
3.16968881 0.8124
3.18269009 0.8157
3.23620310 0.7997
3.30375570 0.7729
3.37195729 0.7468
3.41662909 0.7367
3.43257027 0.7330
3.41572237 0.7255
3.36066020 0.7113
3.28947772 0.6987
3.22262699 0.7020
3.17754298 0.7231
3.16245104 0.7443
3.16805521 0.7554
3.18639254 0.7588
3.21493170 0.7653
3.25049988 0.7736
3.28951762 0.7695
3.32425954 0.7474
3.34565736 0.7174
3.34893446 0.6960
3.34145907 0.6921
3.33202027 0.6991
3.32245752 0.7121
3.30746335 0.7311
3.29401777 0.7488
3.28748876 0.7648
3.28412024 0.7769
3.27927538 0.7714
3.27655258 0.7478
3.28229140 0.7147
3.28516321 0.6970
3.29070188 0.6972
3.29503216 0.7072
3.28370960 0.7181
3.24780476 0.7339
3.20405012 0.7587
3.16619175 0.7887
3.15224365 0.8155
3.14964790 0.8271
3.17397871 0.8243
3.23722433 0.8154
3.33910035 0.8053
3.44288607 0.7835
3.51777035 0.7414
3.53530548 0.7043
3.50932335 0.6939
3.45899822 0.7171
3.39818078 0.7578
3.34305612 0.7997
3.27875641 0.8327
3.21325311 0.8552
3.16715743 0.8621
3.14998418 0.8573
3.15167166 0.8439
3.14454807 0.8290
3.13727401 0.8216
3.14114510 0.8271
3.15312405 0.8306
3.16377071 0.8164
3.15512918 0.7953
3.14646481 0.7871
3.15449682 0.8011
3.18396101 0.8336
3.22997516 0.8678
3.26857189 0.8896
3.27395956 0.8958
3.25360849 0.8935
3.22778754 0.8856
3.21483144 0.8660
3.20484013 0.8486
3.20659910 0.8407
3.22256861 0.8413
3.24374587 0.8400
3.25641276 0.8219
3.25828301 0.7878
3.24580149 0.7539
3.21783682 0.7437
3.19599495 0.7532
3.18280518 0.7735
3.18250588 0.7937
3.18142533 0.8126
3.19115658 0.8302
3.21688857 0.8514
3.25057037 0.8660
3.26988348 0.8600
3.27268164 0.8320
3.26948296 0.8030
3.27064997 0.7816
3.26431479 0.7645
3.24776293 0.7445
3.21931833 0.7304
3.18210795 0.7423
3.14863708 0.7794
3.12575998 0.8260
3.10707825 0.8518
3.08705101 0.8525
3.07126419 0.8429
3.06872041 0.8395
3.08394816 0.8333
3.11039912 0.8148
3.14670442 0.7875
3.18017961 0.7716
3.22079226 0.7780
3.26546681 0.8054
3.29083272 0.8386
3.28922105 0.8558
3.26787173 0.8571
3.24110510 0.8553
3.22604612 0.8510
3.23030733 0.8396
3.25141359 0.8165
3.27497667 0.7909
3.29149292 0.7744
3.29032166 0.7693
3.27085527 0.7650
3.22501727 0.7593
3.16631952 0.7564
3.11826736 0.7624
3.09885534 0.7804
3.10199296 0.7975
3.11982179 0.8026
3.14706673 0.8005
3.17650567 0.8025
3.19966152 0.8123
3.22358153 0.8099
3.24189500 0.7848
3.24165002 0.7525
3.23404021 0.7315
3.24010736 0.7301
3.25414720 0.7461
3.26514375 0.7699
3.26259449 0.7929
3.24468050 0.8197
3.22271125 0.8512
3.21465708 0.8701
3.20541658 0.8611
3.19408536 0.8194
3.16739815 0.7722
3.14486533 0.7401
3.13899110 0.7241
3.14113013 0.7102
3.15354880 0.6954
3.17644093 0.7004
3.21110309 0.7372
3.25170262 0.7920
3.29732126 0.8244
3.34772995 0.8197
3.38510024 0.7954
3.41705047 0.7666
3.44505117 0.7452
3.47206504 0.7268
3.47302060 0.7110
3.45485394 0.7035
3.42310996 0.7181
3.39150555 0.7533
3.36714704 0.7791
3.34170072 0.7747
3.33200785 0.7499
3.32163015 0.7296
3.31174627 0.7207
3.30849187 0.7217
3.30574673 0.7273
3.29645770 0.7369
3.28123959 0.7587
3.26385296 0.7895
3.24605027 0.8170
3.22785330 0.8258
3.21285740 0.8206
3.21792910 0.8090
3.24095744 0.7977
3.28086824 0.7801
3.31848314 0.7521
3.33422465 0.7299
3.32386250 0.7230
3.29246325 0.7360
3.25450280 0.7658
3.22232376 0.7883
3.19439932 0.7895
3.18136300 0.7797
3.18877266 0.7712
3.22069902 0.7600
3.26910230 0.7391
3.31471383 0.7099
3.35514081 0.6846
3.37795243 0.6823
3.38761110 0.6986
3.38110871 0.7243
3.36271485 0.7383
3.34933404 0.7361
3.33915333 0.7302
3.32837615 0.7290
3.31949683 0.7207
3.31943338 0.6955
3.32333533 0.6561
3.32319486 0.6191
3.31540040 0.5944
3.29693439 0.5880
3.26482658 0.5940
3.22803678 0.6110
3.20811203 0.6469
3.21075299 0.6957
3.22726079 0.7365
3.24025851 0.7567
3.25816825 0.7533
3.28171204 0.7380
3.32424193 0.7226
3.36341483 0.7109
3.37905692 0.6960
3.37855874 0.6750
3.37576518 0.6662
3.38387912 0.6816
3.39373496 0.7156
3.38048807 0.7543
3.34766640 0.7814
3.31089193 0.7980
3.30644709 0.8103
3.33747419 0.8182
3.39432266 0.8135
3.44368105 0.7815
3.47407928 0.7286
3.48787387 0.6811
3.48273161 0.6649
3.44002620 0.6816
3.35524611 0.7139
3.26069163 0.7524
3.18493649 0.7921
3.14010710 0.8314
3.12824065 0.8524
3.15071759 0.8442
3.19609359 0.8071
3.26025326 0.7575
3.33547827 0.7152
3.39511511 0.6957
3.42691892 0.6878
3.41674414 0.6920
3.37811894 0.7071
3.32375981 0.7321
3.27820027 0.7574
3.26116142 0.7771
3.26965791 0.7884
3.30923489 0.7916
3.34756765 0.7857
3.36416811 0.7710
3.35206353 0.7510
3.32701347 0.7362
3.29787355 0.7324
3.26893170 0.7437
3.23547490 0.7716
3.20250794 0.7952
3.17820586 0.7979
3.17450724 0.7899
3.18637732 0.7871
3.21029108 0.7916
3.22460754 0.7971
3.21872467 0.7885
3.20733877 0.7698
3.20131367 0.7553
3.21044682 0.7484
3.23232220 0.7440
3.25600438 0.7393
3.26828059 0.7307
3.26689036 0.7217
3.25180396 0.7130
3.22966998 0.7057
3.19552966 0.7049
3.15260059 0.7090
3.10878092 0.7164
3.08596377 0.7276
3.08578793 0.7423
3.11177507 0.7532
3.16822787 0.7498
3.23283483 0.7410
3.28384434 0.7377
3.30578332 0.7334
3.30543670 0.7247
3.28170081 0.7114
3.25557489 0.7038
3.23180405 0.7135
3.21717761 0.7345
3.21328012 0.7567
3.23011542 0.7694
3.26440253 0.7764
3.29957997 0.7836
3.32199400 0.7917
3.32497255 0.7956
3.30196858 0.7979
3.25936020 0.8011
3.21142388 0.8056
3.17164275 0.8114
3.15452325 0.8151
3.16542179 0.8064
3.21109065 0.7878
3.28050747 0.7708
3.34744048 0.7552
3.38369271 0.7483
3.38291252 0.7547
3.34377015 0.7695
3.27896437 0.7883
3.22415317 0.8027
3.19728805 0.8213
3.20166895 0.8312
3.23634065 0.8107
3.28136134 0.7657
3.32016151 0.7182
3.33734397 0.6838
3.31795389 0.6688
3.27320305 0.6721
3.21411461 0.6867
3.16219272 0.6998
3.12903531 0.7124
3.11882949 0.7308
3.12949293 0.7527
3.16148693 0.7623
3.20619293 0.7562
3.25600140 0.7294
3.28772928 0.7006
3.29205231 0.6876
3.27270297 0.6955
3.24660525 0.7174
3.22045329 0.7416
3.19523199 0.7531
3.17328481 0.7604
3.15549283 0.7701
3.14425018 0.7833
3.14496031 0.7960
3.15642877 0.7922
3.18338216 0.7718
3.20729439 0.7514
3.23307975 0.7435
3.25799039 0.7465
3.28855985 0.7514
3.31668533 0.7455
3.32245432 0.7358
3.28837444 0.7370
3.23031946 0.7493
3.15713264 0.7666
3.09946219 0.7730
3.07383939 0.7674
3.08308014 0.7524
3.12815496 0.7354
3.20721059 0.7168
3.29538418 0.6954
3.35459195 0.6752
3.36683370 0.6628
3.33445688 0.6602
3.27275189 0.6649
3.20944610 0.6721
3.14971677 0.6809
3.10804855 0.6889
3.09221858 0.6929
3.11477560 0.6885
3.17921628 0.6719
3.27230827 0.6536
3.35515284 0.6460
3.38987908 0.6543
3.37493319 0.6753
3.33003990 0.6979
3.28227843 0.7144
3.25216581 0.7254
3.24089221 0.7372
3.25664460 0.7443
3.29965204 0.7409
3.36382906 0.7270
3.42853778 0.7144
3.47617356 0.7088
3.47744631 0.7196
3.44592931 0.7355
3.41114767 0.7478
3.39305402 0.7490
3.38530022 0.7409
3.38001889 0.7232
3.37034296 0.6962
3.36482239 0.6630
3.36611595 0.6383
3.36903934 0.6290
3.36228486 0.6305
3.33936060 0.6362
3.30872476 0.6401
3.29524274 0.6524
3.32055127 0.6717
3.36245659 0.6818
3.39186520 0.6722
3.39907063 0.6430
3.39729875 0.6063
3.39459738 0.5810
3.38458200 0.5691
3.37011136 0.5664
3.36093473 0.5785
3.36697045 0.6027
3.37907103 0.6398
3.38727252 0.6743
3.37939242 0.6932
3.36399551 0.6976
3.34256020 0.6999
3.31887502 0.7019
3.28793243 0.6972
3.25375058 0.6830
3.22767775 0.6675
3.22216454 0.6669
3.23712747 0.6899
3.24634923 0.7326
3.22725496 0.7701
3.17464231 0.7921
3.11162142 0.8055
3.06794270 0.8231
3.06030459 0.8412
3.07136983 0.8431
3.09054534 0.8221
3.11956898 0.7873
3.16157267 0.7574
3.20291686 0.7465
3.21645650 0.7474
3.19271096 0.7501
3.14106916 0.7519
3.09155876 0.7533
3.06140949 0.7604
3.05815996 0.7624
3.07375332 0.7503
3.10554219 0.7206
3.16124482 0.6872
3.23918906 0.6667
3.30089651 0.6644
3.33606872 0.6685
3.33476851 0.6679
3.30098387 0.6655
3.27109893 0.6660
3.25853937 0.6655
3.25684832 0.6555
3.25860082 0.6352
3.26946993 0.6135
3.28683011 0.6068
3.29201176 0.6258
3.28529799 0.6632
3.27092962 0.6986
3.24865984 0.7257
3.21924810 0.7498
3.19835128 0.7691
3.18456056 0.7756
3.18658390 0.7614
3.20246996 0.7381
3.23623317 0.7202
3.27567088 0.7180
3.29931273 0.7241
3.29637080 0.7344
3.26447956 0.7532
3.23401448 0.7799
3.20880922 0.8101
3.19234466 0.8355
3.18334904 0.8453
3.18307182 0.8357
3.19237187 0.8165
3.20590776 0.8035
3.21611858 0.7978
3.21260762 0.7891
3.20155336 0.7721
3.18489366 0.7569
3.18135058 0.7492
3.18377657 0.7511
3.17258758 0.7563
3.14250554 0.7596
3.11145528 0.7573
3.09173385 0.7529
3.08964904 0.7377
3.09806309 0.7068
3.11157056 0.6664
3.13837205 0.6382
3.18811568 0.6301
3.25558526 0.6348
3.31106820 0.6484
3.32395248 0.6704
3.29655175 0.7035
3.25026319 0.7421
3.20646914 0.7813
3.17992732 0.8076
3.16330618 0.8238
3.16968688 0.8198
3.19567475 0.8025
3.24639849 0.7702
3.29725683 0.7256
3.32817946 0.6772
3.33483480 0.6404
3.31540836 0.6270
3.28718979 0.6418
3.25571169 0.6737
3.22740043 0.7083
3.20085578 0.7406
3.18495251 0.7668
3.18398671 0.7842
3.19755374 0.7844
3.21101102 0.7725
3.22526517 0.7512
3.23712177 0.7357
3.24198174 0.7434
3.24138874 0.7627
3.23664544 0.7818
3.22818304 0.7925
3.23129364 0.8014
3.25993948 0.8127
3.31197267 0.8151
3.37007654 0.7937
3.41518694 0.7614
3.43019410 0.7383
3.40303207 0.7428
3.33738378 0.7695
3.25820713 0.7986
3.18469190 0.8178
3.13554101 0.8205
3.11579136 0.8177
3.13848210 0.8131
3.19098221 0.8015
3.26015744 0.7712
3.32109065 0.7351
3.34721292 0.7233
3.33577858 0.7422
3.29012402 0.7795
3.22688587 0.8082
3.16667342 0.8166
3.12048034 0.8153
3.09583329 0.8181
3.10327504 0.8174
3.13469707 0.7979
3.17639798 0.7653
3.23033641 0.7311
3.28695079 0.7208
3.33809137 0.7334
3.36804489 0.7516
3.36639971 0.7643
3.34442283 0.7678
3.30658967 0.7742
3.26872747 0.7802
3.24458492 0.7725
3.24368530 0.7491
3.27928120 0.7215
3.35269171 0.7031
3.43271720 0.7039
3.49068879 0.7120
3.51191311 0.7141
3.48969986 0.7141
3.42950344 0.7210
3.35317926 0.7391
3.28957772 0.7507
3.24346235 0.7456
3.21453300 0.7282
3.19873256 0.7135
3.19413039 0.7160
3.20421130 0.7277
3.22156147 0.7353
3.24385925 0.7298
3.26048734 0.7203
3.26787549 0.7294
3.26449355 0.7620
3.25163883 0.7958
3.25314264 0.8133
3.26014199 0.8197
3.27227336 0.8298
3.28073140 0.8448
3.29094343 0.8500
3.30928877 0.8329
3.34337459 0.7996
3.38442151 0.7667
3.41236971 0.7433
3.40673221 0.7336
3.39229030 0.7286
3.37621932 0.7236
3.37262160 0.7216
3.37012776 0.7300
3.36105315 0.7399
3.34687467 0.7339
3.33203826 0.7093
3.33379405 0.6831
3.35132524 0.6658
3.35746109 0.6589
3.34186120 0.6561
3.31382169 0.6589
3.29164396 0.6768
3.30132357 0.7039
3.32499991 0.7352
3.34980347 0.7548
3.36898700 0.7567
3.38442858 0.7432
3.40236639 0.7272
3.41275890 0.7182
3.38827474 0.7178
3.33814604 0.7237
3.28459059 0.7405
3.25746524 0.7697
3.24141019 0.8064
3.22547335 0.8321
3.20397060 0.8370
3.18565717 0.8241
3.18877576 0.8060
3.22216090 0.7962
3.26205780 0.7901
3.28641164 0.7803
3.28748181 0.7704
3.28851149 0.7612
3.31109475 0.7604
3.34827974 0.7667
3.35919699 0.7771
3.31908242 0.7847
3.25314890 0.7881
3.19762773 0.7895
3.16271476 0.7948
3.15270439 0.7962
3.17099094 0.7729
3.21768507 0.7213
3.31172627 0.6583
3.43046129 0.6140
3.51497695 0.5999
3.52066806 0.6095
3.45701669 0.6299
3.36670818 0.6627
3.28293488 0.6913
3.21333620 0.7169
3.18634612 0.7469
3.23044839 0.7715
3.36327013 0.7559
3.55539898 0.6998
3.73270572 0.6357
3.79670162 0.5982
3.73992246 0.5941
3.58977066 0.6267
3.42286337 0.6765
3.27259068 0.7118
3.16301176 0.7015
3.10373734 0.6706
3.09936846 0.6610
3.15006126 0.6789
3.25160853 0.6829
3.37305131 0.6504
3.45019360 0.6041
3.45301096 0.5741
3.41432696 0.5786
3.35189982 0.6220
3.29069963 0.6851
3.23649879 0.7451
3.20741162 0.7869
3.20989645 0.8185
3.24144126 0.8378
3.29169423 0.8316
3.34879818 0.7910
3.39000749 0.7314
3.40896103 0.6811
3.41344592 0.6503
3.41167500 0.6362
3.40647746 0.6296
3.39416463 0.6250
3.37553303 0.6284
3.35236511 0.6441
3.32292188 0.6683
3.29865710 0.6824
3.27585392 0.6808
3.26055244 0.6816
3.25866571 0.6918
3.27177730 0.7004
3.30813240 0.6924
3.37456442 0.6633
3.46643968 0.6276
3.54553808 0.6087
3.56399320 0.6090
3.52147887 0.6271
3.44305230 0.6476
3.36001552 0.6665
3.30453491 0.6858
3.27708061 0.7109
3.27910266 0.7318
3.31005370 0.7350
3.35887061 0.7246
3.40940962 0.7197
3.44804666 0.7174
3.44831381 0.7183
3.42562253 0.7173
3.39305562 0.7131
3.37130477 0.7117
3.36444711 0.7211
3.36787646 0.7304
3.37449934 0.7275
3.38862449 0.7080
3.39751033 0.6869
3.39944660 0.6758
3.37497102 0.6680
3.33479117 0.6625
3.30180876 0.6567
3.27843644 0.6563
3.26167992 0.6653
3.25695602 0.6773
3.25319844 0.6863
3.26243295 0.6798
3.29529226 0.6666
3.34708127 0.6630
3.38220986 0.6699
3.37218755 0.6787
3.32641482 0.6879
3.26977485 0.7023
3.23163864 0.7249
3.21310008 0.7473
3.20226354 0.7576
3.18829284 0.7564
3.18451068 0.7494
3.19036384 0.7499
3.20874729 0.7592
3.23177461 0.7687
3.23830330 0.7699
3.23492662 0.7585
3.22857070 0.7407
3.22860779 0.7209
3.22884763 0.6977
3.22360073 0.6725
3.21484903 0.6547
3.20611236 0.6568
3.19104747 0.6788
3.16344365 0.7083
3.12730423 0.7299
3.09634414 0.7428
3.08795326 0.7459
3.09933375 0.7410
3.12040595 0.7263
3.13721022 0.7059
3.14330833 0.6829
3.14028073 0.6689
3.12609752 0.6744
3.09332867 0.6958
3.06044556 0.7135
3.02761398 0.7250
3.02575240 0.7210
3.05542674 0.7055
3.11396904 0.6860
3.18304347 0.6654
3.24942359 0.6456
3.30015990 0.6308
3.32017568 0.6333
3.31151393 0.6565
3.27273560 0.7006
3.20504233 0.7545
3.13292196 0.7947
3.08121940 0.8117
3.07232418 0.7992
3.09729635 0.7629
3.14262903 0.7181
3.19182091 0.6889
3.23538009 0.6733
3.25997928 0.6624
3.25698895 0.6551
3.22669626 0.6609
3.18323397 0.6802
3.14627698 0.7112
3.12646461 0.7360
3.12772690 0.7436
3.15442686 0.7386
3.19777348 0.7320
3.24812185 0.7329
3.29054506 0.7371
3.31142751 0.7426
3.31954179 0.7441
3.31496899 0.7431
3.31889954 0.7407
3.32943271 0.7359
3.34230872 0.7313
3.35298486 0.7221
3.35225014 0.7151
3.34617162 0.7135
3.33176946 0.7220
3.31559739 0.7326
3.29541458 0.7360
3.28861510 0.7275
3.30207456 0.7181
3.33809741 0.7080
3.37655478 0.6966
3.39765015 0.6859
3.40088304 0.6822
3.37704635 0.6933
3.33234043 0.7212
3.27956232 0.7619
3.22883813 0.7943
3.19172793 0.7978
3.16765641 0.7881
3.16719258 0.7697
3.19022894 0.7461
3.23371329 0.7193
3.27280612 0.6991
3.28930985 0.6953
3.26606798 0.7168
3.21374857 0.7602
3.14715730 0.8088
3.09827675 0.8336
3.07991565 0.8299
3.09365480 0.8140
3.13335151 0.7857
3.20347624 0.7440
3.30455056 0.6958
3.41066974 0.6550
3.47398708 0.6285
3.46694237 0.6166
3.39373114 0.6231
3.29389103 0.6457
3.20284443 0.6686
3.15965171 0.6833
3.16172262 0.6885
3.18592563 0.6880
3.22638897 0.6837
3.27672684 0.6750
3.31715663 0.6668
3.33087591 0.6580
3.30284860 0.6500
3.25346799 0.6476
3.22062044 0.6534
3.22376445 0.6698
3.25382075 0.6927
3.28582766 0.7142
3.30314164 0.7371
3.29996558 0.7719
3.29655949 0.8128
3.29055749 0.8463
3.27182612 0.8606
3.26362678 0.8462
3.27688570 0.8150
3.31613952 0.7759
3.36424195 0.7358
3.39287596 0.7045
3.38528098 0.6949
3.33349655 0.7059
3.24826564 0.7320
3.16508076 0.7598
3.09475082 0.7808
3.04689744 0.7797
3.03459476 0.7551
3.07012678 0.7204
3.14498601 0.6896
3.23316174 0.6598
3.29882198 0.6438
3.33490409 0.6518
3.34394772 0.6889
3.33462228 0.7442
3.31698970 0.7939
3.29587849 0.8261
3.28750027 0.8349
3.30466512 0.8258
3.34568185 0.8040
3.38493763 0.7751
3.42053865 0.7401
3.42736690 0.7148
3.40335959 0.7114
3.35836740 0.7289
3.29923619 0.7569
3.23813240 0.7774
3.19914861 0.7752
3.19067172 0.7562
3.20918145 0.7422
3.23730140 0.7375
3.26146362 0.7348
3.27851233 0.7246
3.27514363 0.7177
3.25088399 0.7189
3.21917063 0.7247
3.17584967 0.7245
3.13300219 0.7185
3.10922110 0.7122
3.10473830 0.7294
3.12034736 0.7594
3.14864041 0.7768
3.17423854 0.7760
3.19824230 0.7652
3.22460494 0.7599
3.25700872 0.7586
3.28150884 0.7514
3.28369324 0.7374
3.26577666 0.7327
3.23510564 0.7470
3.21170355 0.7656
3.19980692 0.7741
3.20628081 0.7672
3.22002633 0.7525
3.23662674 0.7427
3.26633653 0.7384
3.29792483 0.7221
3.31608886 0.6945
3.31178653 0.6671
3.29421142 0.6555
3.27860046 0.6569
3.27388054 0.6626
3.26598308 0.6680
3.26609426 0.6659
3.27316044 0.6656
3.28855105 0.6686
3.30188919 0.6697
3.30688089 0.6586
3.29388763 0.6434
3.28677224 0.6417
3.29261929 0.6618
3.31284409 0.6910
3.33108118 0.7125
3.34161291 0.7238
3.34439281 0.7344
3.36121685 0.7440
3.39377092 0.7435
3.42757471 0.7349
3.45588465 0.7212
3.47001067 0.7128
3.47575058 0.7165
3.49595665 0.7151
3.52558809 0.6937
3.54285266 0.6635
3.54679961 0.6405
3.53760619 0.6342
3.52266199 0.6369
3.50635944 0.6339
3.47467915 0.6297
3.42258983 0.6358
3.36772432 0.6647
3.34810571 0.6927
3.35558431 0.7026
3.37643830 0.6867
3.39040124 0.6717
3.39890980 0.6729
3.40872490 0.6846
3.42396725 0.6916
3.43135767 0.6895
3.40817951 0.6926
3.35197458 0.7197
3.30398834 0.7582
3.27574769 0.7748
3.26910636 0.7552
3.26616179 0.7267
3.26778719 0.7095
3.27664240 0.7077
3.28851647 0.7000
3.30709672 0.6788
3.32659053 0.6525
3.34045171 0.6408
3.34525319 0.6522
3.34290451 0.6688
3.33601543 0.6733
3.33061178 0.6653
3.30970310 0.6626
3.28314446 0.6657
3.26545493 0.6667
3.26473086 0.6469
3.29588996 0.6090
3.34562084 0.5731
3.38571500 0.5574
3.39341060 0.5629
3.38342228 0.5662
3.35562794 0.5682
3.33001448 0.5723
3.31121971 0.5862
3.30682737 0.5996
3.30706655 0.6027
3.32287890 0.5965
3.33862906 0.5958
3.33818636 0.6129
3.32980646 0.6509
3.32584398 0.6957
3.32092124 0.7296
3.30769385 0.7459
3.28674117 0.7627
3.27752122 0.7899
3.27210077 0.8129
3.26784806 0.8107
3.26792026 0.7924
3.26419388 0.7817
3.25302142 0.7902
3.23206086 0.8109
3.19903730 0.8192
3.15391001 0.8025
3.10782469 0.7806
3.07528846 0.7830
3.06321797 0.7995
3.06266987 0.7951
3.08024369 0.7575
3.11549268 0.7183
3.17690587 0.7027
3.24262771 0.7093
3.28562350 0.7171
3.29592997 0.7197
3.27688245 0.7283
3.25049834 0.7504
3.22555970 0.7748
3.20623132 0.7797
3.19026102 0.7576
3.18380608 0.7206
3.18817940 0.6892
3.20204152 0.6707
3.21865049 0.6556
3.24302467 0.6405
3.24762510 0.6356
3.23469718 0.6570
3.22267268 0.6970
3.21886556 0.7371
3.21806577 0.7639
3.22328692 0.7736
3.23333783 0.7717
3.24882011 0.7670
3.26193498 0.7546
3.26103014 0.7310
3.23342277 0.7097
3.20042255 0.7056
3.18074846 0.7210
3.17245186 0.7350
3.17590543 0.7284
3.18945904 0.7092
3.19290949 0.6999
3.18602979 0.7162
3.17419852 0.7476
3.16186913 0.7720
3.15493398 0.7704
3.14703460 0.7623
3.15294985 0.7646
3.16876205 0.7707
3.18201319 0.7681
3.18525662 0.7574
3.17829151 0.7546
3.16772431 0.7728
3.15644954 0.8007
3.15713107 0.8108
3.17412039 0.8040
3.20428943 0.7951
3.24415763 0.7972
3.28965396 0.7924
3.32564448 0.7710
3.35176502 0.7377
3.35657926 0.7076
3.33319488 0.6963
3.31720256 0.6949
3.32390057 0.6871
3.35062426 0.6693
3.38629123 0.6576
3.42218077 0.6676
3.46075961 0.6994
3.50406849 0.7213
3.54751395 0.7131
3.55929804 0.6971
3.52374753 0.6972
3.44483184 0.7121
3.35355905 0.7259
3.26966224 0.7297
3.21043203 0.7224
3.17844368 0.7161
3.18319514 0.7256
3.22802468 0.7468
3.29541771 0.7556
3.38105426 0.7456
3.46590639 0.7377
3.52605009 0.7408
3.54418825 0.7377
3.51214660 0.7238
3.44381726 0.7102
3.35111791 0.7129
3.25507700 0.7337
3.17599696 0.7605
3.12712734 0.7799
3.11131861 0.7807
3.12606308 0.7706
3.17071278 0.7630
3.23512144 0.7595
3.30299200 0.7460
3.34460137 0.7318
3.35077262 0.7236
3.31639874 0.7363
3.26892102 0.7646
3.20891472 0.7920
3.14927642 0.7937
3.10690057 0.7775
3.10964015 0.7666
3.14883725 0.7621
3.21814079 0.7411
3.27818806 0.7069
3.31265613 0.6781
3.31187683 0.6782
3.28343005 0.7071
3.22911303 0.7536
3.16713374 0.7965
3.12046509 0.8323
3.11195994 0.8667
3.13908679 0.8911
3.19030173 0.8893
3.25001451 0.8594
3.29834860 0.8206
3.33369976 0.7934
3.34723774 0.7899
3.33510793 0.7965
3.30374496 0.7916
3.27034459 0.7764
3.25084188 0.7681
3.25608794 0.7764
3.26371392 0.7893
3.26377282 0.7860
3.26300850 0.7619
3.25499193 0.7419
3.25094035 0.7419
3.24766933 0.7539
3.22850071 0.7624
3.20472953 0.7545
3.20221427 0.7427
3.24878953 0.7437
3.33245056 0.7508
3.39495687 0.7619
3.41603221 0.7670
3.37647533 0.7830
3.30797579 0.8169
3.23529305 0.8495
3.17444182 0.8667
3.12916693 0.8611
3.10183510 0.8414
3.09065898 0.8261
3.10156538 0.8252
3.13105178 0.8241
3.16701997 0.8252
3.18298223 0.8417
3.17490001 0.8770
3.14808290 0.9277
3.11430387 0.9613
3.09401779 0.9594
3.09747548 0.9298
3.11820776 0.8890
3.14904724 0.8471
3.16709115 0.8008
3.16306070 0.7579
3.14227848 0.7307
3.11276617 0.7384
3.08664010 0.7861
3.06600784 0.8485
3.04540943 0.8903
3.04352126 0.8975
3.07129690 0.8862
3.12879334 0.8662
3.18826857 0.8378
3.24188805 0.7980
3.28210320 0.7623
3.30514653 0.7521
3.30347624 0.7822
3.28090943 0.8366
3.24811455 0.8881
3.21147418 0.9133
3.18291196 0.9144
3.18035989 0.9000
3.20085242 0.8826
3.22730887 0.8627
3.23984730 0.8386
3.24581483 0.8081
3.24014821 0.7905
3.22108155 0.7918
3.20214339 0.8086
3.19352684 0.8222
3.19375876 0.8271
3.20191216 0.8255
3.22461336 0.8247
3.25625916 0.8312
3.28181001 0.8401
3.30296041 0.8445
3.31339934 0.8450
3.30483931 0.8505
3.29489209 0.8544
3.28371507 0.8524
3.29068961 0.8384
3.30382976 0.8254
3.31583957 0.8077
3.31589112 0.7914
3.30892195 0.7730
3.29382143 0.7574
3.26897564 0.7588
3.24874719 0.7759
3.24984615 0.7952
3.26604363 0.7991
3.30169584 0.7886
3.33742434 0.7835
3.36761894 0.7912
3.37110656 0.8025
3.34163850 0.8081
3.29663136 0.8130
3.25275791 0.8249
3.21124503 0.8521
3.17815142 0.8810
3.16913792 0.8825
3.19587017 0.8477
3.24332199 0.7975
3.29237988 0.7572
3.32772506 0.7389
3.33872998 0.7404
3.31002078 0.7551
3.25874846 0.7846
3.20876339 0.8208
3.17870127 0.8520
3.18563456 0.8605
3.22932102 0.8386
3.29531070 0.7943
3.35309901 0.7525
3.37874127 0.7337
3.36886120 0.7399
3.31571514 0.7642
3.23629498 0.7977
3.15110217 0.8382
3.07838088 0.8813
3.03271156 0.9070
3.02056182 0.8978
3.04041515 0.8566
3.07775442 0.8048
3.11500659 0.7598
3.15054184 0.7289
3.17340877 0.7132
3.17601105 0.7097
3.16252790 0.7231
3.14704862 0.7551
3.14486625 0.7952
3.15250949 0.8247
3.17197395 0.8328
3.18786749 0.8296
3.19154411 0.8195
3.17741151 0.8071
3.15786326 0.7867
3.14299427 0.7611
3.13881912 0.7303
3.14332631 0.7055
3.16513724 0.6922
3.22154603 0.6957
3.29790479 0.7111
3.36944635 0.7355
3.40644317 0.7634
3.40076759 0.7987
3.37588581 0.8340
3.34886066 0.8537
3.32476476 0.8512
3.30390058 0.8296
3.28517853 0.8038
3.28023584 0.7835
3.30165513 0.7660
3.33444001 0.7547
3.34884182 0.7527
3.33250916 0.7657
3.31374487 0.7898
3.29698619 0.8173
3.29239162 0.8311
3.29262506 0.8280
3.28618388 0.8097
3.28526714 0.7851
3.30980153 0.7531
3.35696699 0.7179
3.40290650 0.6860
3.41879821 0.6631
3.39989618 0.6561
3.36877558 0.6575
3.33081130 0.6646
3.30163674 0.6753
3.27970533 0.6834
3.26131635 0.6856
3.26352041 0.6786
3.28700312 0.6715
3.32034908 0.6764
3.33249102 0.7035
3.31650122 0.7457
3.28218299 0.7870
3.25833160 0.8038
3.24313585 0.7957
3.23476287 0.7809
3.24504019 0.7729
3.28249929 0.7676
3.32583708 0.7554
3.34873239 0.7381
3.33898475 0.7311
3.29022525 0.7442
3.22358281 0.7754
3.15596019 0.8071
3.11826693 0.8247
3.11906692 0.8263
3.13916307 0.8273
3.18986542 0.8252
3.25272908 0.8154
3.30579622 0.7976
3.32807419 0.7851
3.31693155 0.7821
3.29050170 0.7912
3.26459812 0.8025
3.24025461 0.8120
3.21995024 0.8137
3.20208403 0.8049
3.19620778 0.7898
3.21611123 0.7721
3.23828923 0.7439
3.23003599 0.7092
3.17922395 0.6752
3.10862374 0.6600
3.05538899 0.6714
3.04204955 0.6955
3.06787496 0.7236
3.11129023 0.7494
3.15585036 0.7723
3.18995569 0.7989
3.21347222 0.8232
3.20676278 0.8416
3.17997201 0.8417
3.13505570 0.8318
3.09188113 0.8114
3.05853529 0.7854
3.03779997 0.7662
3.03283528 0.7659
3.04253557 0.7750
3.06398280 0.7871
3.08410664 0.8026
3.09251611 0.8221
3.08612857 0.8351
3.06298563 0.8358
3.03411842 0.8287
3.00937624 0.8207
2.99860255 0.8142
3.00923077 0.8019
3.03771363 0.7808
3.08595510 0.7583
3.14553046 0.7514
3.19474055 0.7615
3.20535990 0.7834
3.17785989 0.8037
3.13730839 0.8193
3.11016984 0.8282
3.10381626 0.8284
3.10521906 0.8183
3.11038887 0.7970
3.10534576 0.7741
3.10633749 0.7564
3.11291207 0.7510
3.12598530 0.7591
3.12819745 0.7787
3.12494607 0.7942
3.12949982 0.8025
3.15381018 0.8027
3.18669789 0.7988
3.22635337 0.7884
3.24804405 0.7753
3.25227394 0.7699
3.24152220 0.7791
3.21536250 0.8086
3.17889027 0.8452
3.14499304 0.8594
3.13048003 0.8412
3.12896883 0.8121
3.13694598 0.7938
3.16210166 0.7744
3.20753781 0.7514
3.26203971 0.7237
3.29779836 0.7008
3.30087389 0.6870
3.26016398 0.6954
3.19518140 0.7174
3.14145715 0.7361
3.11889754 0.7411
3.12876716 0.7306
3.16059389 0.7198
3.21272018 0.6965
3.27074262 0.6680
3.31409163 0.6449
3.33197128 0.6233
3.32166440 0.6085
3.29058715 0.6122
3.26140044 0.6310
3.24812666 0.6610
3.25348224 0.6894
3.26729494 0.7028
3.28053927 0.7102
3.29987503 0.7093
3.31700799 0.7084
3.33778108 0.7015
3.34439070 0.6881
3.34276688 0.6719
3.33815316 0.6669
3.33976453 0.6747
3.35556777 0.6952
3.37989695 0.7158
3.38941860 0.7346
3.38572521 0.7431
3.35528260 0.7504
3.31344726 0.7564
3.27476062 0.7523
3.24690482 0.7365
3.21982018 0.7125
3.20353328 0.6925
3.20527903 0.6873
3.22401493 0.6920
3.24000943 0.7004
3.25666955 0.7047
3.26220610 0.7195
3.25896636 0.7444
3.24440320 0.7701
3.22461427 0.7860
3.20720960 0.7876
3.18367603 0.7782
3.15575753 0.7689
3.14264148 0.7596
3.14122384 0.7470
3.14834791 0.7329
3.16134757 0.7269
3.18248390 0.7323
3.20738199 0.7450
3.22955347 0.7518
3.24560865 0.7537
3.25028686 0.7540
3.23481318 0.7651
3.22910872 0.7822
3.22130653 0.8013
3.20832467 0.8065
3.18466626 0.8031
3.15879092 0.8058
3.14269695 0.8233
3.13844947 0.8377
3.15048700 0.8355
3.16967832 0.8239
3.19403678 0.8122
3.21324176 0.8060
3.21945600 0.7983
3.21319530 0.7851
3.19084893 0.7708
3.16340735 0.7661
3.13189678 0.7807
3.11245158 0.8021
3.11174587 0.8122
3.14083753 0.8003
3.19489946 0.7801
3.27081123 0.7609
3.35319396 0.7451
3.41074106 0.7277
3.43208713 0.7081
3.40951391 0.6921
3.36007221 0.6863
3.30957959 0.6905
3.26259916 0.6931
3.23921794 0.6816
3.24383537 0.6584
3.29119906 0.6437
3.36946424 0.6445
3.44335446 0.6568
3.48029045 0.6694
3.47938513 0.6815
3.44676782 0.7069
3.41436415 0.7466
3.38894728 0.7782
3.37538304 0.7840
3.37493829 0.7638
3.40155465 0.7380
3.45031746 0.7194
3.49192083 0.7098
3.50476003 0.7013
3.48572583 0.6980
3.44475449 0.7074
3.38846508 0.7325
3.32806343 0.7682
3.28687231 0.7864
3.27741288 0.7797
3.30248075 0.7592
3.35991613 0.7383
3.41079123 0.7337
3.43526004 0.7352
3.41374496 0.7341
3.36306595 0.7308
3.30928640 0.7270
3.25865457 0.7237
3.22626733 0.7107
3.22264124 0.6823
3.26767626 0.6384
3.35406982 0.5917
3.45701735 0.5467
3.53086288 0.5083
3.54206163 0.4839
3.50992942 0.4715
3.45980231 0.4718
3.41890718 0.4791
3.38750914 0.4861
3.37906283 0.4856
3.39102415 0.4826
3.40961613 0.4752
3.42883819 0.4624
3.44089943 0.4414
3.43456418 0.4248
3.42526494 0.4224
3.42149756 0.4351
3.42624609 0.4612
3.43883940 0.4916
3.45314420 0.5195
3.45664975 0.5442
3.43270956 0.5647
3.38501959 0.5775
3.31024138 0.5686
3.23030089 0.5443
3.16274031 0.5187
3.13556060 0.4973
3.16291467 0.4835
3.24523946 0.4734
3.35946654 0.4657
3.47193731 0.4645
3.54751137 0.4715
3.57495142 0.4864
3.54347480 0.4982
3.46312227 0.4931
3.35641771 0.4719
3.26572197 0.4436
3.20841012 0.4154
3.20490101 0.3884
3.25819948 0.3545
3.34974006 0.3208
3.44647816 0.2966
3.51964212 0.2817
3.53619906 0.2723
3.48949031 0.2571
3.38946657 0.2379
3.27689158 0.2182
3.19716148 0.2019
3.19726339 0.1892
3.28965673 0.1825
3.42862096 0.1844
3.53972241 0.1921
3.58526991 0.2074
3.54759365 0.2231
3.45592272 0.2371
3.35302000 0.2567
3.27616654 0.2922
3.23241236 0.3315
3.23730553 0.3418
3.27588204 0.3425
3.35169466 0.3501
3.43851315 0.3705
3.49819523 0.4103
3.50999750 0.4567
3.46740714 0.4972
3.41067366 0.5185
3.37001871 0.5230
3.35539177 0.5220
3.36402706 0.5159
3.37386402 0.5055
3.38052518 0.4839
3.37744442 0.4636
3.36429862 0.4601
3.34466349 0.4819
3.31587739 0.5164
3.28449148 0.5432
3.27551713 0.5505
3.29475456 0.5395
3.35823998 0.5162
3.42906351 0.4824
3.49294391 0.4393
3.53377986 0.3980
3.52604542 0.3718
3.47758436 0.3645
3.38422960 0.3717
3.27523811 0.3813
3.18711296 0.3831
3.14862683 0.3750
3.17744126 0.3565
3.23792548 0.3355
3.29318292 0.3119
3.32536588 0.2973
3.32449109 0.2995
3.29953256 0.3156
3.24830533 0.3456
3.19948474 0.3753
3.17781675 0.3975
3.19719022 0.4126
3.26553785 0.4245
3.35650899 0.4364
3.42199794 0.4457
3.44634321 0.4496
3.42920888 0.4534
3.37559440 0.4608
3.31195247 0.4744
3.25848609 0.4817
3.23583906 0.4763
3.25830700 0.4599
3.32991767 0.4461
3.43139455 0.4407
3.50830523 0.4395
3.52020185 0.4350
3.46829601 0.4320
3.36726919 0.4321
3.25946250 0.4335
3.17599533 0.4244
3.13292675 0.4014
3.15093405 0.3636
3.22546938 0.3255
3.32399119 0.2907
3.42637415 0.2681
3.48932639 0.2602
3.48984858 0.2605
3.42923426 0.2654
3.32337243 0.2752
3.22372717 0.2926
3.17080162 0.3165
3.19112558 0.3335
3.26919137 0.3433
3.36549760 0.3485
3.44455838 0.3544
3.46917362 0.3676
3.43232826 0.3947
3.35291759 0.4398
3.27910339 0.4888
3.23248008 0.5300
3.23071810 0.5535
3.26995571 0.5625
3.33506604 0.5653
3.40628629 0.5657
3.46172620 0.5597
3.47501902 0.5569
3.44716572 0.5634
3.38853639 0.5860
3.33615105 0.6143
3.30407226 0.6354
3.31201791 0.6342
3.34255449 0.6130
3.37188453 0.5975
3.39674364 0.5965
3.41733766 0.6010
3.42274031 0.6047
3.40851390 0.6034
3.37988488 0.5995
3.35153331 0.5910
3.32640266 0.5784
3.33438931 0.5556
3.35450353 0.5383
3.36993903 0.5358
3.37252421 0.5442
3.36530178 0.5548
3.33725759 0.5560
3.30142329 0.5409
3.27225046 0.5109
3.25136969 0.4822
3.26740254 0.4585
3.32475335 0.4470
3.41783617 0.4509
3.50624897 0.4823
3.54403938 0.5346
3.52059050 0.5966
3.44245561 0.6563
3.33747067 0.7048
3.25006608 0.7409
3.21107222 0.7606
3.21562131 0.7646
3.24777877 0.7451
3.29975415 0.7043
3.35627498 0.6590
3.40979027 0.6290
3.43267152 0.6258
3.41252817 0.6457
3.36092091 0.6737
3.28373254 0.7031
3.22315133 0.7242
3.20466745 0.7285
3.23724531 0.7119
3.30895449 0.6802
3.40140499 0.6399
3.47726222 0.6058
3.51993314 0.5849
3.51482245 0.5819
3.46921294 0.5920
3.39156078 0.6101
3.30739545 0.6306
3.24057397 0.6440
3.21027766 0.6456
3.21584216 0.6340
3.23569195 0.6139
3.24864245 0.5900
3.23591932 0.5690
3.20500996 0.5577
3.17986569 0.5521
3.16230502 0.5603
3.16993350 0.5729
3.21392936 0.5855
3.28439745 0.5997
3.36531733 0.6086
3.44002686 0.6128
3.47820092 0.6123
3.45991768 0.6151
3.39619039 0.6288
3.32438412 0.6509
3.26204040 0.6809
3.22307113 0.7043
3.20857600 0.7221
3.21770381 0.7284
3.25001773 0.7119
3.30311820 0.6724
3.35749650 0.6406
3.37834087 0.6332
3.34565421 0.6429
3.27846141 0.6627
3.21588103 0.6856
3.17583979 0.7002
3.16220783 0.7013
3.17164620 0.6958
3.20947315 0.6841
3.27625787 0.6711
3.35677009 0.6548
3.42726449 0.6374
3.45445769 0.6215
3.42309507 0.6165
3.36250858 0.6232
3.31359372 0.6392
3.29459866 0.6476
3.30274787 0.6431
3.33112441 0.6235
3.36565063 0.6023
3.41018325 0.5858
3.44879766 0.5787
3.46940455 0.5794
3.45691180 0.5841
3.41852044 0.5914
3.37279397 0.5992
3.34716415 0.6095
3.34258883 0.6256
3.33849460 0.6404
3.33387111 0.6477
3.33641837 0.6494
3.33826896 0.6569
3.34210332 0.6669
3.32503754 0.6817
3.29524847 0.7007
3.26823210 0.7183
3.25626537 0.7265
3.26566419 0.7242
3.29708306 0.7103
3.32794374 0.6974
3.34693202 0.6936
3.33588605 0.7018
3.29443320 0.7112
3.23686316 0.7174
3.17651413 0.7136
3.12610452 0.7097
3.10312431 0.7079
3.10882057 0.7112
3.13312660 0.7113
3.16808958 0.7045
3.21002965 0.6935
3.24994163 0.6883
3.28227402 0.6864
3.29756625 0.6838
3.30208136 0.6744
3.31347872 0.6645
3.33745842 0.6548
3.37218751 0.6430
3.41198938 0.6254
3.43713718 0.6105
3.43773650 0.6009
3.41516684 0.6019
3.38276812 0.6175
3.34020899 0.6400
3.29654866 0.6551
3.26324805 0.6654
3.25092553 0.6814
3.26025121 0.7057
3.27320278 0.7283
3.27594968 0.7374
3.25460387 0.7445
3.21748953 0.7646
3.17282296 0.8019
3.13195134 0.8362
3.11896808 0.8483
3.12497564 0.8372
3.15713918 0.8073
3.20768998 0.7716
3.27195030 0.7378
3.32689971 0.7059
3.34621532 0.6782
3.32212899 0.6603
3.27104913 0.6613
3.21725699 0.6737
3.17074262 0.6824
3.15072955 0.6764
3.15957954 0.6681
3.20727847 0.6611
3.28466670 0.6529
3.35351977 0.6451
3.38259327 0.6369
3.36028239 0.6393
3.31635746 0.6736
3.27086664 0.7274
3.23919126 0.7700
3.22978259 0.7809
3.25388980 0.7596
3.31273870 0.7174
3.38303494 0.6727
3.43319926 0.6432
3.43698720 0.6289
3.39073131 0.6274
3.31095966 0.6463
3.22489966 0.6848
3.15244282 0.7312
3.10308047 0.7629
3.09279476 0.7658
3.13195748 0.7482
3.21264313 0.7250
3.31082178 0.7103
3.39562265 0.7041
3.44505104 0.6999
3.44966124 0.7004
3.40788954 0.7146
3.34035087 0.7413
3.25872312 0.7654
3.19099072 0.7705
3.15200979 0.7626
3.16016256 0.7475
3.20120501 0.7275
3.26476800 0.6984
3.31874394 0.6652
3.35899970 0.6277
3.39839454 0.5932
3.43268892 0.5712
3.46676708 0.5651
3.48905306 0.5802
3.50148882 0.6095
3.48633892 0.6427
3.45505248 0.6787
3.41364497 0.7105
3.35863915 0.7221
3.30689951 0.7004
3.28114453 0.6609
3.29189410 0.6133
3.32173155 0.5671
3.33999492 0.5305
3.36729396 0.5101
3.40199509 0.5203
3.44038230 0.5553
3.43791890 0.6016
3.39914032 0.6401
3.32845906 0.6729
3.27088824 0.7005
3.25407728 0.7251
3.27654881 0.7273
3.31460492 0.6939
3.34170597 0.6402
3.35046288 0.5938
3.35134199 0.5742
3.33214358 0.5831
3.29055016 0.6053
3.23731574 0.6224
3.19255088 0.6277
3.17429861 0.6264
3.18362170 0.6235
3.21173901 0.6119
3.24894363 0.5898
3.29020381 0.5744
3.34155961 0.5709
3.37941521 0.5816
3.37130863 0.5981
3.30511982 0.6066
3.21429688 0.6101
3.16621059 0.6081
3.17462839 0.6068
3.22322841 0.6061
3.28023155 0.5960
3.32709541 0.5739
3.34355031 0.5548
3.32815071 0.5469
3.29503801 0.5440
3.24229288 0.5423
3.17100925 0.5400
3.10685295 0.5497
3.08553798 0.5774
3.10819888 0.6171
3.15105631 0.6479
3.18949934 0.6637
3.22102566 0.6640
3.26041298 0.6710
3.32027576 0.6937
3.37408601 0.7133
3.39882422 0.7120
3.39934644 0.6939
3.39744043 0.6871
3.40405900 0.6908
3.40173845 0.6958
3.39287057 0.6949
3.37937957 0.6908
3.37222262 0.6929
3.38661736 0.7008
3.40049973 0.7085
3.40500426 0.7006
3.39611080 0.6835
3.40254348 0.6775
3.42797176 0.6888
3.44892456 0.7040
3.45017523 0.7132
3.41777703 0.7194
3.37664822 0.7309
3.33173054 0.7547
3.27953245 0.7815
3.22817006 0.7866
3.19745484 0.7642
3.20398290 0.7299
3.24695260 0.7097
3.29887196 0.7013
3.33360916 0.6989
3.33951232 0.6974
3.32047744 0.6997
3.29702789 0.7204
3.27225417 0.7569
3.23094121 0.7921
3.18303220 0.7983
3.15706427 0.7741
3.16821710 0.7507
3.19977740 0.7416
3.22247593 0.7381
3.22137901 0.7326
3.19713764 0.7341
3.17283623 0.7587
3.16333749 0.8030
3.16505165 0.8421
3.16629733 0.8641
3.17730064 0.8599
3.20724418 0.8414
3.24767149 0.8216
3.28618856 0.8032
3.31055873 0.7856
3.32400081 0.7633
3.32074818 0.7479
3.32074767 0.7472
3.32952420 0.7456
3.32978697 0.7285
3.32085460 0.7006
3.31873746 0.6679
3.32748641 0.6482
3.34833148 0.6407
3.36409254 0.6341
3.37273410 0.6256
3.36833832 0.6192
3.36497209 0.6239
3.37313520 0.6387
3.38861771 0.6492
3.40473137 0.6514
3.41196696 0.6516
3.42858305 0.6609
3.45691987 0.6706
3.48100832 0.6675
3.49733854 0.6525
3.50366706 0.6403
3.49295283 0.6487
3.46092351 0.6713
3.41222221 0.6909
3.35101886 0.7017
3.30172650 0.7128
3.26702676 0.7310
3.24765510 0.7564
3.23875096 0.7752
3.23573285 0.7739
3.24520521 0.7563
3.26332284 0.7473
3.28108064 0.7574
3.29536372 0.7704
3.29170340 0.7710
3.28113947 0.7597
3.27707954 0.7505
3.28264021 0.7506
3.28787978 0.7506
3.28605520 0.7348
3.27851551 0.7091
3.27071651 0.6871
3.26592456 0.6779
3.26595346 0.6788
3.25892393 0.6849
3.24382812 0.6966
3.22956486 0.7125
3.22534869 0.7391
3.24109564 0.7637
3.24446626 0.7778
3.23600867 0.7741
3.22445427 0.7616
3.23242874 0.7551
3.26040422 0.7655
3.29199947 0.7729
3.30160060 0.7781
3.28650888 0.7888
3.26500154 0.8134
3.25030196 0.8538
3.23527354 0.8829
3.20801190 0.8839
3.16616757 0.8710
3.13230502 0.8529
3.11762915 0.8388
3.12261168 0.8289
3.13431972 0.8095
3.14951138 0.7843
3.16883962 0.7627
3.19096098 0.7570
3.20544143 0.7637
3.19255707 0.7734
3.16475862 0.7737
3.14144666 0.7662
3.13921547 0.7605
3.15335899 0.7722
3.17377085 0.7920
3.19899898 0.8063
3.23757356 0.8057
3.28736599 0.8005
3.34258582 0.7921
3.36520998 0.7825
3.34320507 0.7695
3.30968323 0.7547
3.29225373 0.7459
3.30287997 0.7429
3.30769271 0.7407
3.28226463 0.7388
3.23738074 0.7398
3.19411251 0.7488
3.16823612 0.7607
3.16306741 0.7644
3.16028415 0.7540
3.16043656 0.7330
3.18235186 0.7138
3.23344468 0.7062
3.29134841 0.7100
3.33337580 0.7176
3.35049499 0.7288
3.34736623 0.7471
3.32774300 0.7698
3.30287094 0.7821
3.26812278 0.7753
3.23999964 0.7477
3.23425165 0.7195
3.26541718 0.6956
3.32558099 0.6849
3.38954186 0.6849
3.42066659 0.6948
3.42838496 0.7103
3.42086600 0.7342
3.40194391 0.7529
3.37406096 0.7567
3.33743441 0.7510
3.31044741 0.7446
3.30935602 0.7356
3.34984863 0.7144
3.41559135 0.6843
3.46747366 0.6582
3.46825323 0.6484
3.42200397 0.6644
3.35214470 0.6935
3.27889437 0.7197
3.22866068 0.7240
3.20472521 0.7082
3.20324514 0.6947
3.23895984 0.6808
3.30727350 0.6620
3.36640158 0.6366
3.39939606 0.6164
3.38782027 0.6196
3.35182701 0.6479
3.29487583 0.6913
3.22923954 0.7325
3.18270091 0.7619
3.16452104 0.7887
3.17786582 0.8230
3.21943544 0.8478
3.26099512 0.8511
3.27935410 0.8391
3.26350535 0.8282
3.22571687 0.8310
3.17904495 0.8522
3.13680364 0.8799
3.11145758 0.8857
3.09603228 0.8792
3.07715065 0.8800
3.06459685 0.8777
3.07384829 0.8605
3.10337317 0.8329
3.13885541 0.8045
3.17080924 0.7834
3.19235430 0.7757
3.18713182 0.7817
3.16520680 0.7903
3.15452138 0.7910
3.17046583 0.7850
3.21576356 0.7725
3.26575041 0.7613
3.29022456 0.7522
3.27513840 0.7472
3.25087617 0.7475
3.22887957 0.7634
3.21295424 0.7932
3.19870864 0.8247
3.20544122 0.8407
3.24524766 0.8388
3.31034539 0.8209
3.37302103 0.7924
3.39004835 0.7696
3.35878600 0.7578
3.29372455 0.7644
3.22008383 0.7831
3.15303221 0.8057
3.10078856 0.8304
3.06833916 0.8496
3.05864933 0.8600
3.08055563 0.8531
3.12156630 0.8324
3.15096708 0.8087
3.14861980 0.8012
3.12375373 0.8197
3.10273067 0.8576
3.09861900 0.8835
3.10380623 0.8820
3.10533108 0.8642
3.10561103 0.8397
3.11723081 0.8250
3.13983750 0.8190
3.16247512 0.8150
3.16718866 0.8096
3.16292481 0.8032
3.15998075 0.7984
3.16218845 0.7968
3.17118563 0.7906
3.19885098 0.7731
3.24852622 0.7487
3.30897117 0.7223
3.35919564 0.7032
3.37177527 0.6965
3.34579935 0.7038
3.29776954 0.7226
3.25742169 0.7478
3.23426949 0.7730
3.22259886 0.7872
3.22217802 0.7865
3.23522298 0.7731
3.26290742 0.7478
3.29091644 0.7197
3.29962702 0.6974
3.27874193 0.6904
3.24050781 0.6998
3.20702852 0.7214
3.19742757 0.7462
3.21047213 0.7616
3.23009292 0.7670
3.25306011 0.7571
3.27875078 0.7362
3.31280471 0.7124
3.34018761 0.6961
3.33829541 0.6927
3.31807276 0.6957
3.29661018 0.7073
3.29609434 0.7228
3.29936886 0.7375
3.29656577 0.7411
3.27605156 0.7293
3.25105976 0.7118
3.22211160 0.6987
3.20359809 0.6821
3.17371476 0.6671
3.13895457 0.6544
3.11245838 0.6520
3.11910018 0.6579
3.14192046 0.6766
3.16481304 0.6975
3.16790526 0.7233
3.15644958 0.7451
3.15051729 0.7508
3.15182219 0.7419
3.17728446 0.7262
3.21462075 0.7296
3.24490888 0.7468
3.27148381 0.7502
3.29288146 0.7396
3.30567562 0.7241
3.30005097 0.7144
3.28174354 0.7077
3.25466874 0.7028
3.22251402 0.6986
3.19877905 0.6914
3.19792342 0.6851
3.22067296 0.6720
3.26699538 0.6523
3.31182898 0.6271
3.34260024 0.5977
3.35062373 0.5751
3.34697556 0.5643
3.34919374 0.5672
3.35658277 0.5784
3.36160943 0.5912
3.37492920 0.5991
3.40350356 0.6081
3.44258459 0.6141
3.46663295 0.6214
3.45476859 0.6297
3.40088747 0.6365
3.32561577 0.6408
3.25059573 0.6510
3.20240179 0.6611
3.17266940 0.6748
3.16037329 0.6919
3.17569325 0.7064
3.21188882 0.7225
3.26409248 0.7349
3.30462560 0.7455
3.31615977 0.7537
3.31277925 0.7542
3.30654753 0.7440
3.31114006 0.7226
3.32369957 0.7001
3.33430275 0.6832
3.33825321 0.6819
3.34863806 0.6877
3.35661020 0.6895
3.34942389 0.6814
3.29843926 0.6698
3.21261861 0.6609
3.12792556 0.6590
3.07405820 0.6712
3.07418234 0.6839
3.10447705 0.6862
3.14862539 0.6849
3.19133215 0.6822
3.22177937 0.6809
3.22475855 0.6788
3.19094597 0.6825
3.14220929 0.6928
3.09542684 0.7021
3.06872359 0.7088
3.07524440 0.7127
3.10705363 0.7125
3.15155210 0.7040
3.22074438 0.6875
3.29984034 0.6673
3.35399223 0.6502
3.36146721 0.6451
3.31375353 0.6637
3.23558051 0.7025
3.16090162 0.7427
3.11069996 0.7726
3.09515728 0.7791
3.11206082 0.7631
3.15247101 0.7322
3.21129371 0.6943
3.26806738 0.6530
3.30144588 0.6142
3.30091283 0.5857
3.27269714 0.5799
3.24185282 0.5981
3.21626418 0.6304
3.20894081 0.6536
3.20917994 0.6728
3.23023494 0.6775
3.26931619 0.6820
3.31789110 0.6947
3.36020728 0.6978
3.36995833 0.6977
3.33998015 0.7036
3.29747400 0.7222
3.26306964 0.7500
3.24296978 0.7680
3.23332407 0.7729
3.23190987 0.7693
3.22529464 0.7670
3.21932831 0.7700
3.20563095 0.7779
3.18113101 0.7796
3.14568296 0.7662
3.11987590 0.7471
3.12693105 0.7439
3.16965983 0.7549
3.23731980 0.7618
3.30769759 0.7600
3.37075002 0.7487
3.41548306 0.7390
3.43134944 0.7377
3.41614835 0.7376
3.37204303 0.7348
3.32198155 0.7242
3.28826744 0.7055
3.27862222 0.6919
3.28631162 0.6760
3.29860999 0.6558
3.30717045 0.6389
3.29838217 0.6428
3.27515903 0.6698
3.23389157 0.7100
3.19013074 0.7520
3.17179868 0.7741
3.18682917 0.7673
3.22767908 0.7449
3.27232712 0.7314
3.31017045 0.7254
3.34925739 0.7210
3.37745593 0.7192
3.38439370 0.7298
3.35152710 0.7619
3.28217643 0.8082
3.20573491 0.8445
3.15624314 0.8508
3.14986923 0.8304
3.16835572 0.7995
3.18666946 0.7700
3.19530181 0.7487
3.19741877 0.7366
3.19243442 0.7391
3.17749526 0.7594
3.15096070 0.7981
3.11746619 0.8467
3.09344969 0.8901
3.10444129 0.9067
3.14454364 0.9026
3.19628452 0.8885
3.24344800 0.8578
3.27541495 0.8137
3.30233775 0.7715
3.31780524 0.7488
3.31125649 0.7425
3.28198981 0.7488
3.24950747 0.7652
3.22904992 0.7886
3.22974482 0.8158
3.24000462 0.8323
3.24667303 0.8363
3.24351163 0.8329
3.23438255 0.8321
3.22778643 0.8336
3.22802626 0.8196
3.23716074 0.7828
3.24995480 0.7337
3.25600397 0.7070
3.25847958 0.7266
3.25217139 0.7671
3.23579216 0.7920
3.20937288 0.8048
3.18975236 0.8172
3.18071013 0.8365
3.18472477 0.8545
3.20246583 0.8545
3.22317141 0.8303
3.25282654 0.7872
3.29260675 0.7511
3.33065868 0.7331
3.33473880 0.7268
3.29846832 0.7322
3.23915456 0.7470
3.18845909 0.7741
3.15522068 0.8073
3.14577821 0.8326
3.15546651 0.8286
3.18552431 0.7950
3.22590401 0.7532
3.26081427 0.7331
3.27554333 0.7345
3.25577969 0.7503
3.20583589 0.7679
3.15023557 0.7747
3.12374721 0.7480
3.13772132 0.7227
3.16844484 0.7237
3.21233793 0.7240
3.27242301 0.7027
3.34585454 0.6730
3.39304411 0.6654
3.39763059 0.6870
3.34681729 0.7224
3.24824844 0.7575
3.16178924 0.7719
3.12785744 0.7694
3.13482408 0.7663
3.17055769 0.7571
3.23410659 0.7306
3.30508599 0.7004
3.35673091 0.6856
3.35510093 0.6999
3.30113697 0.7287
3.21298462 0.7613
3.12619233 0.7898
3.08110423 0.8058
3.08030557 0.8112
3.10997444 0.8110
3.17004328 0.7969
3.25377064 0.7698
3.34057001 0.7394
3.40196624 0.7222
3.42477799 0.7174
3.39736094 0.7256
3.32883243 0.7356
3.25648712 0.7450
3.21346659 0.7497
3.20486383 0.7545
3.22057680 0.7554
3.25180785 0.7507
3.28218386 0.7510
3.29979810 0.7516
3.30719154 0.7366
3.31747723 0.7078
3.32072794 0.6797
3.32626965 0.6576
3.32948021 0.6430
3.33018411 0.6375
3.32874338 0.6400
3.32441234 0.6507
3.31724322 0.6729
3.29088483 0.7011
3.25771917 0.7214
3.23129431 0.7216
3.23459043 0.7047
3.27191176 0.6806
3.33169267 0.6632
3.38543232 0.6525
3.41201461 0.6455
3.40855488 0.6462
3.38238019 0.6608
3.34397848 0.6908
3.29227520 0.7274
3.23424792 0.7564
3.18687391 0.7726
3.16998397 0.7827
3.18924612 0.7907
3.23330430 0.7867
3.28935878 0.7619
3.33118238 0.7275
3.33969281 0.7062
3.30237959 0.7161
3.23051974 0.7558
3.15177223 0.8008
3.09727402 0.8207
3.08063448 0.8127
3.09895093 0.7980
3.14822496 0.7919
3.22512764 0.7825
3.31945429 0.7614
3.40379543 0.7382
3.44994425 0.7285
3.43677333 0.7344
3.38389445 0.7394
3.31286850 0.7400
3.26252673 0.7300
3.26442851 0.7087
3.31630848 0.6891
3.37781506 0.6836
3.42222633 0.6904
3.42482300 0.7027
3.41109129 0.7163
3.39191958 0.7282
3.36171595 0.7352
3.30787690 0.7423
3.25273658 0.7536
3.23001918 0.7648
3.24659693 0.7761
3.29219096 0.7778
3.33427757 0.7766
3.35203436 0.7765
3.33712635 0.7825
3.31299070 0.7859
3.28545149 0.7812
3.25870399 0.7625
3.22890509 0.7395
3.21237601 0.7217
