3.33893113 0.7008
3.30774590 0.7181
3.29055522 0.7179
3.29554238 0.7048
3.32100107 0.6901
3.34602321 0.6867
3.36199901 0.6921
3.36153017 0.6977
3.33917123 0.6826
3.30763518 0.6053
3.26918301 0.6189
3.23823641 0.7166
3.23073610 0.7403
3.24759621 0.7241
3.28013659 0.6931
3.32484443 0.6616
3.36234102 0.6410
3.39266980 0.6361
3.40300669 0.6469
3.38181624 0.6588
3.33683094 0.6591
3.29659344 0.6431
3.27918881 0.6175
3.29634767 0.6001
3.32654604 0.5884
3.35298820 0.5821
3.36558297 0.5847
3.36616955 0.5993
3.35907832 0.6247
3.33648380 0.6521
3.29494618 0.6728
3.24898312 0.6816
3.21851905 0.6788
3.22091208 0.6701
3.24349299 0.6656
3.26566554 0.6596
3.26762782 0.6543
3.25703573 0.6546
3.24135943 0.6684
3.24010789 0.6943
3.26296609 0.7143
3.30038788 0.7169
3.34086629 0.7017
3.38029544 0.6763
3.41083965 0.6547
3.41713543 0.6404
3.39640426 0.6276
3.36146420 0.6201
3.32340425 0.6227
3.29712258 0.6429
3.28442459 0.6726
3.28990704 0.6870
3.31863945 0.6822
3.36387989 0.6654
3.41974433 0.6495
3.46631319 0.6378
3.48468282 0.6341
3.46852779 0.6288
3.43119539 0.6155
3.40258183 0.5727
3.38459834 0.5415
3.37534265 0.5909
3.39190581 0.6012
3.42215592 0.5836
3.46223204 0.5685
3.50781557 0.5670
3.53293263 0.5752
3.52251532 0.5880
3.48545874 0.6013
3.44605431 0.6205
3.40926264 0.6489
3.38307620 0.6806
3.35740515 0.7048
3.33977960 0.7087
3.32990502 0.7010
3.34491461 0.6946
3.35295320 0.7026
3.35440368 0.7174
3.33830788 0.7309
3.32242859 0.7293
3.31109319 0.7208
3.29994449 0.7282
3.29491233 0.7516
3.29297923 0.7623
3.30230584 0.7449
3.31717942 0.7214
3.33589043 0.7106
3.33674274 0.7119
3.32484872 0.7153
3.30009062 0.7132
3.27193412 0.7103
3.25146924 0.7139
3.23410664 0.7248
3.23157361 0.7297
3.24198602 0.7215
3.26743452 0.7097
3.29437730 0.7029
3.29587203 0.7034
3.27460698 0.7078
3.23659219 0.7079
3.19773348 0.7054
3.16843940 0.7026
3.15643676 0.7158
3.16481878 0.7375
3.19194345 0.7470
3.24165823 0.7405
3.29291297 0.7304
3.33620099 0.7193
3.35388801 0.7115
3.35148543 0.7050
3.32528939 0.7018
3.29447555 0.6967
3.26448002 0.6952
3.23987428 0.7190
3.24014773 0.7542
3.27152945 0.7752
3.31614626 0.7789
3.37041694 0.7693
3.41393975 0.7521
3.45685228 0.7267
3.49649883 0.7030
3.50567150 0.6917
3.48686261 0.6921
3.44004795 0.7009
3.37983039 0.7128
3.33476805 0.7164
3.30804183 0.7133
3.29212924 0.7040
3.27232019 0.6900
3.25558487 0.6703
3.26223904 0.6520
3.28960562 0.6467
3.32920454 0.6514
3.36163085 0.6587
3.36892770 0.6662
3.37068089 0.6729
3.37760014 0.6833
3.38292018 0.6982
3.36420013 0.7148
3.32957931 0.7144
3.30089936 0.7084
3.29145590 0.7140
3.30276208 0.7350
3.32793996 0.7506
3.34729985 0.7524
3.35638201 0.7470
3.37117187 0.7374
3.38636448 0.7371
3.40089935 0.7388
3.38536625 0.7264
3.35784394 0.6911
3.32984780 0.6720
3.31646354 0.6942
3.32293917 0.7200
3.34016436 0.7274
3.36079395 0.7204
3.38687499 0.7132
3.42957200 0.7149
3.48213759 0.7214
3.50802170 0.7279
3.48518449 0.7302
3.41827742 0.7283
3.33475043 0.7268
3.27177324 0.7222
3.23436594 0.7216
3.22109862 0.7235
3.22063881 0.7259
3.23317453 0.7249
3.26099396 0.7300
3.29734967 0.7373
3.31900840 0.7391
3.32245045 0.7306
3.30700591 0.7155
3.28102567 0.7106
3.26302617 0.7190
3.25923106 0.7323
3.25571653 0.7385
3.24426204 0.7358
3.23239824 0.7337
3.22414151 0.7360
3.22015186 0.7446
3.21765885 0.7569
3.21508400 0.7668
3.20422843 0.7762
3.19720245 0.7791
3.19255443 0.7778
3.18960236 0.7703
3.19106244 0.7586
3.20162564 0.7458
3.22907241 0.7331
3.26233045 0.7125
3.29768670 0.6808
3.32630925 0.6529
3.34027627 0.6450
3.33275701 0.6665
3.31486179 0.7033
3.28470363 0.7387
3.24098225 0.7621
3.20468488 0.7679
3.20921142 0.7607
3.25201237 0.7450
3.31467685 0.7222
3.37611398 0.6799
3.42370146 0.6368
3.45178150 0.6219
3.44724427 0.6458
3.40211010 0.6905
3.30392340 0.7352
3.18717625 0.7453
3.09184173 0.7306
3.05614694 0.7561
3.07118209 0.7791
3.12318621 0.7648
3.19120447 0.7220
3.28380639 0.6768
3.38573795 0.6537
3.46651219 0.6639
3.48654253 0.6995
3.43186266 0.7462
3.32326845 0.7876
3.22499006 0.8186
3.16694446 0.8452
3.14977635 0.8452
3.15349751 0.8155
3.17544284 0.7768
3.22181158 0.7521
3.28222222 0.7458
3.33471403 0.7486
3.35626368 0.7577
3.32394536 0.7669
3.25650085 0.7665
3.20001335 0.7405
3.16359463 0.7444
3.15791482 0.7883
3.16599011 0.8050
3.19285445 0.8089
3.24201375 0.8030
3.31013826 0.7795
3.38800992 0.7440
3.44677288 0.7211
3.47512254 0.7145
3.46748882 0.7182
3.42706267 0.7213
3.38041009 0.7190
3.34131241 0.7190
3.32892925 0.7231
3.35395124 0.7272
3.41224149 0.7195
3.49340114 0.7004
3.54695447 0.6848
3.55484717 0.6830
3.50449523 0.6986
3.41733889 0.7182
3.32835057 0.7367
3.24694516 0.7628
3.19384121 0.7882
3.17387733 0.8054
3.19871720 0.8052
3.25586769 0.7918
3.32112402 0.7631
3.37988209 0.7234
3.41503908 0.6909
3.41504093 0.6750
3.38357655 0.6777
3.32589306 0.6981
3.27303384 0.7272
3.21615282 0.7625
3.17636292 0.7839
3.16047672 0.7793
3.16167552 0.7641
3.17973375 0.7678
3.20779384 0.7706
3.24533398 0.7553
3.27696399 0.7316
3.28785305 0.7149
3.28436522 0.7105
3.27845775 0.7209
3.27660136 0.7375
3.27398232 0.7496
3.26608625 0.7447
3.26185879 0.7236
3.26614178 0.7022
3.27282359 0.6897
3.29200525 0.6755
3.31729635 0.6537
3.35054736 0.6319
3.39821492 0.6234
3.45112583 0.6394
3.47366618 0.6676
3.43521100 0.6932
3.35716593 0.7081
3.27223926 0.7194
3.20765884 0.7309
3.16600945 0.7423
3.14168270 0.7482
3.14699806 0.6924
3.18267429 0.5754
3.24251862 0.6441
3.31918603 0.6999
3.38091679 0.7057
3.38771187 0.7121
3.34828000 0.7274
3.29002516 0.7534
3.24390463 0.7824
3.21344845 0.8071
3.19817448 0.8145
3.20217524 0.7974
3.23116808 0.7639
3.29818897 0.7325
3.38132026 0.7180
3.43729375 0.7138
3.43723269 0.7166
3.39056394 0.7258
3.32809764 0.7492
3.28107463 0.7811
3.25256655 0.8077
3.24550939 0.8119
3.26424655 0.7919
3.30963975 0.7621
3.37978887 0.7328
3.44738539 0.7113
3.47846165 0.7013
3.45671402 0.7048
3.38800259 0.7205
3.30378286 0.7425
3.22118274 0.7659
3.15911852 0.7853
3.13212522 0.7877
3.15059545 0.7713
3.21068128 0.7448
3.29089098 0.7229
3.36238504 0.7043
3.39551240 0.6971
3.38281170 0.7078
3.33425516 0.7336
3.26767319 0.7725
3.20205322 0.8012
3.14568500 0.8141
3.12135461 0.8102
3.12936192 0.7967
3.16358158 0.7837
3.20986209 0.7697
3.25819024 0.7566
3.29909093 0.7483
3.31897144 0.7496
3.31806410 0.7562
3.30126355 0.7610
3.27701237 0.7591
3.25374785 0.7495
3.24964209 0.7387
3.27929657 0.7384
3.31400005 0.7484
3.33812811 0.7567
3.34521726 0.7560
3.35059423 0.7465
3.35810783 0.7344
3.37007663 0.7186
3.37370126 0.7049
3.36928551 0.6974
3.35826401 0.7004
3.33446236 0.7106
3.30526803 0.7244
3.27454576 0.7365
3.24766271 0.7424
3.23743012 0.7285
3.25523850 0.7076
3.30522706 0.7055
3.36990975 0.6955
3.42031307 0.6785
3.43985151 0.6693
3.43956044 0.6734
3.41622767 0.6907
3.36811807 0.7208
3.29628213 0.7535
3.23260050 0.7632
3.21641096 0.4126
3.27095263 0.0227
3.28657063 0.1373
3.32832012 0.7236
3.37974350 0.7123
3.43401335 0.6969
3.46592504 0.7063
3.46497195 0.7402
3.42104805 0.7811
3.34692448 0.8144
3.27403805 0.8264
3.24256266 0.8158
3.26276417 0.7908
3.31535304 0.7505
3.36537647 0.7100
3.38900053 0.6866
3.37627252 0.6914
3.33543874 0.7180
3.27925972 0.7467
3.22915816 0.7489
3.19365803 0.7384
3.18808689 0.7838
3.22421430 0.8084
3.30332762 0.7871
3.39892558 0.7377
3.47931875 0.6879
3.51154051 0.6660
3.48157255 0.6742
3.39741529 0.7023
3.29799055 0.7320
3.21310012 0.7577
3.15098781 0.7816
3.11176908 0.7998
3.10579771 0.8005
3.13963099 0.7776
3.20729909 0.7467
3.28760676 0.7258
3.35057439 0.7226
3.36400312 0.7337
3.32870361 0.7440
3.27165357 0.7515
3.22705617 0.7610
3.19732076 0.7777
3.18178005 0.7919
3.17245498 0.7990
3.18187510 0.7992
3.22054814 0.8008
3.26915748 0.8063
3.31886834 0.8105
3.36015605 0.8063
3.39326401 0.7882
3.42308510 0.7646
3.45204676 0.7404
3.46283100 0.7212
3.44734867 0.7077
3.40955706 0.6995
3.36974849 0.6957
3.34457296 0.7018
3.33288449 0.7191
3.33074108 0.7348
3.33641965 0.7374
3.35935329 0.7186
3.39687425 0.6911
3.43332226 0.6618
3.45902123 0.6357
3.45852212 0.6244
3.44037380 0.6357
3.40909093 0.6709
3.37224168 0.7124
3.32876175 0.7457
3.29724381 0.7593
3.28750888 0.7518
3.29878821 0.7373
3.31625377 0.7244
3.33685291 0.7062
3.34133285 0.6891
3.35131525 0.6774
3.36358870 0.6837
3.38242117 0.7062
3.40397357 0.7265
3.43664674 0.7326
3.48283749 0.7282
3.53046120 0.7234
3.55649081 0.7180
3.54273241 0.7016
3.49833993 0.6776
3.43899982 0.6641
3.38314701 0.6728
3.33856763 0.6910
3.30650085 0.6963
3.29558408 0.6803
3.32488050 0.6514
3.38830592 0.6250
3.46534428 0.6017
3.49961181 0.5830
3.48426872 0.5664
3.44124583 0.5652
3.39049079 0.5817
3.34485323 0.6110
3.30180414 0.6424
3.26945380 0.6624
3.27005683 0.6692
3.30745301 0.6768
3.36180589 0.6880
3.39046271 0.6971
3.38331311 0.6923
3.36180358 0.6785
3.34388620 0.6685
3.34548200 0.6696
3.35247648 0.6815
3.35852298 0.6880
3.35957763 0.6785
3.37010278 0.6581
3.39217762 0.6431
3.40079156 0.6457
3.37454353 0.6652
3.32588560 0.6891
3.28416260 0.7018
3.28297740 0.7083
3.32112992 0.7121
3.38780849 0.7082
3.45173254 0.6851
3.50459653 0.6505
3.55785198 0.6256
3.59752893 0.6253
3.58877203 0.6405
3.50997299 0.6609
3.40428500 0.6821
3.30868549 0.7032
3.24831370 0.7190
3.23312315 0.7161
3.25123072 0.6911
3.30119566 0.6172
3.37431394 0.6551
3.47322221 0.6891
3.56360014 0.6844
3.61169134 0.6787
3.60350638 0.6753
3.55531331 0.6863
3.50093588 0.7120
3.45904401 0.7452
3.43957756 0.7685
3.43225622 0.7798
3.42738725 0.7785
3.42259495 0.7740
3.41605955 0.7617
3.40434576 0.7430
3.38250676 0.7133
3.35397061 0.6784
3.33413421 0.6559
3.33250113 0.6540
3.35484187 0.6567
3.39061069 0.6606
3.43368881 0.6706
3.44445985 0.6948
3.42269348 0.7092
3.38748903 0.0013
3.39374022 0.0011
3.35130986 0.0014
3.26371881 0.0038
3.22278778 0.6954
3.26322767 0.7481
3.33692824 0.7437
3.41990992 0.7266
3.48171672 0.7177
3.49841312 0.7178
3.45889973 0.7242
3.39169684 0.7299
3.32187961 0.6932
3.28814020 0.2691
3.27881174 0.1115
3.27315575 0.2309
3.29717347 0.5007
3.34873463 0.6823
3.39951618 0.7111
3.43456625 0.7221
3.43052708 0.7341
3.39166455 0.7421
3.34432031 0.7455
3.29707265 0.7538
3.27222282 0.7588
3.27268417 0.7537
3.28427024 0.7420
3.31472331 0.7301
3.35410457 0.7351
3.39269330 0.7556
3.41912415 0.7807
3.41166728 0.7985
3.35986993 0.8133
3.28345881 0.8214
3.21904849 0.8154
3.17910295 0.8002
3.17418269 0.7876
3.20080191 0.7818
3.24033382 0.7802
3.27225181 0.7067
3.30854951 0.0412
3.30739108 0.0125
3.28344867 0.0056
3.23456708 0.0020
3.17884904 0.7754
3.13622839 0.8144
3.11921624 0.8167
3.14082853 0.8057
3.19384787 0.7960
3.26043755 0.7888
3.30890427 0.7792
3.32695519 0.7652
3.31946749 0.7519
3.30096972 0.7380
3.27071129 0.7280
3.23668484 0.7193
3.20100801 0.7256
3.18332838 0.7397
3.19159822 0.7492
3.22038619 0.7605
3.24557599 0.7765
3.26984871 0.7896
3.29728309 0.7916
3.33411804 0.7841
3.37168276 0.7804
3.40763762 0.7745
3.42317899 0.7717
3.41038891 0.7779
3.39105601 0.7975
3.37212644 0.8244
3.34957335 0.8451
3.32676237 0.8509
3.31068811 0.8390
3.30516949 0.8090
3.31756064 0.7713
3.33480164 0.7171
3.34768412 0.6706
3.34977978 0.6422
3.35107933 0.4082
3.36764006 0.0419
3.35583608 0.0106
3.32116227 0.0034
3.28127660 0.0015
3.24791631 0.0014
3.22842004 0.6169
3.24592729 0.6588
3.29492041 0.6639
3.35053382 0.6596
3.40309198 0.6587
3.43423528 0.6648
3.43293788 0.6779
3.40358434 0.6981
3.36111666 0.7257
3.31946074 0.7544
3.28965319 0.7661
3.27503146 0.7316
3.26005755 0.7476
3.24650669 0.7618
3.24129073 0.7628
3.23433433 0.7564
3.21887201 0.7298
3.19428696 0.7037
3.17104647 0.6904
3.17026121 0.6854
3.19150264 0.6473
3.22688491 0.6090
3.26152498 0.6674
3.28835777 0.7126
3.30772849 0.7334
3.31022581 0.7481
3.27456229 0.7717
3.21560177 0.7845
3.15129225 0.7718
3.10529466 0.7407
3.08056355 0.7239
3.07719052 0.7326
3.09705243 0.7403
3.13461390 0.7269
3.18850316 0.6962
3.25926635 0.6686
3.33926015 0.6537
3.40328831 0.6517
3.43342542 0.6534
3.42790780 0.6515
3.40397696 0.6507
3.38998848 0.6459
3.37254188 0.6454
3.35517118 0.6497
3.33918838 0.6565
3.33182746 0.6613
3.34853121 0.6677
3.38222287 0.6684
3.41468923 0.6587
3.42529357 0.6417
3.42439636 0.6273
3.42972567 0.6240
3.43066137 0.6374
3.40077029 0.6604
3.33287240 0.6895
3.25511517 0.7121
3.19189671 0.7131
3.16501157 0.6922
3.16149157 0.6582
3.18416397 0.6618
3.23927237 0.6807
3.32694572 0.6492
3.42342632 0.6110
3.48904298 0.5849
3.48298835 0.5735
3.40414896 0.5800
3.29728337 0.6077
3.21071763 0.6501
3.15450211 0.6922
3.12861845 0.7095
3.13009915 0.7085
3.16314745 0.6981
3.21848347 0.6794
3.27885859 0.6576
3.31951198 0.6592
3.32314820 0.6540
3.29815286 0.6451
3.26905522 0.6445
3.24543159 0.6556
3.21712891 0.6684
3.18859108 0.6746
3.18084253 0.6700
3.21431093 0.6598
3.27636138 0.6487
3.34900794 0.6361
3.39623627 0.6110
3.41547262 0.5774
3.41015523 0.5569
3.41218855 0.5620
3.42131422 0.5824
3.42851361 0.6019
3.44048644 0.6097
3.46133689 0.6125
3.50705091 0.6101
3.56110340 0.5959
3.59353468 0.5666
3.58766590 0.5316
3.53321464 0.5071
3.46347314 0.4975
3.40181337 0.5053
3.36572153 0.5299
3.33692078 0.5610
3.32199793 0.5890
3.33474931 0.6128
3.36630354 0.6300
3.40494118 0.6416
3.42050302 0.6459
3.41439971 0.6431
3.40359531 0.6368
3.38930127 0.6332
3.36605596 0.6339
3.33186616 0.6398
3.29978123 0.6186
3.32351399 0.0712
3.38548373 0.0219
3.39438760 0.0317
3.35144674 0.2534
3.35986019 0.6467
3.38939924 0.6475
3.41985672 0.6338
3.44279336 0.6229
3.45089552 0.6150
3.43925994 0.6096
3.41071696 0.6080
3.36691921 0.6066
3.32497858 0.5940
3.29566072 0.5702
3.29184226 0.5238
3.32048353 0.5010
3.36907195 0.4950
3.43615181 0.5118
3.50258247 0.5459
3.56259570 0.5752
3.60355805 0.6027
3.61008937 0.6296
3.56821195 0.6476
3.49070463 0.6514
3.40727539 0.6498
3.34110720 0.6530
3.30050039 0.6603
3.28347953 0.6640
3.28302386 0.6517
3.29121958 0.6427
3.30980981 0.6445
3.34907176 0.6667
3.37848818 0.6746
3.38407437 0.6696
3.36977181 0.6614
3.34956937 0.6599
3.33345170 0.6708
3.31004519 0.6923
3.28532294 0.6992
3.28410962 0.4614
3.31833451 0.0787
3.32873579 0.2577
3.34936526 0.7019
3.37962179 0.6848
3.38265363 0.6510
3.36772684 0.6283
3.35192940 0.6206
3.33918819 0.6216
3.31835582 0.6212
3.28816085 0.6133
3.26567450 0.6007
3.27966950 0.5898
3.32319041 0.5866
3.36900096 0.5945
3.39283329 0.6048
3.38328824 0.6171
3.35352905 0.6407
3.31111832 0.6774
3.26093562 0.7158
3.21562009 0.7363
3.19966103 0.7377
3.21716504 0.7344
3.26231110 0.7212
3.31265435 0.6997
3.35236091 0.6766
3.37020628 0.6529
3.36965343 0.6347
3.35379459 0.6257
3.32800944 0.6250
3.30952647 0.6254
3.30317615 0.6244
3.31640196 0.6240
3.35264619 0.6191
3.39410662 0.6140
3.41854285 0.6105
3.41901745 0.6106
3.40779830 0.6154
3.38898444 0.6277
3.37341514 0.6407
3.37042228 0.6517
3.37356951 0.6567
3.39188541 0.6572
3.44136370 0.6464
3.50560148 0.6254
3.55855670 0.5994
3.58593566 0.5790
3.57598021 0.5696
3.53832665 0.5740
3.47628746 0.5824
3.40173754 0.5869
3.33048043 0.5869
3.27118993 0.5923
3.23366083 0.6006
3.22056504 0.6039
3.23397198 0.6008
3.25185709 0.5972
3.27037174 0.6048
3.29660685 0.6257
3.31023718 0.6522
3.30848213 0.6640
3.28893677 0.6642
3.26312101 0.6695
3.24639228 0.6862
3.23653148 0.7037
3.24261940 0.7061
3.24686224 0.7005
3.23732970 0.6944
3.22583011 0.6885
3.21664640 0.6850
3.20962876 0.6825
3.20526443 0.6729
3.20269027 0.6613
3.20073884 0.6561
3.21597098 0.6605
3.23697878 0.6689
3.26004678 0.6753
3.27658392 0.6823
3.27755793 0.6986
3.26503275 0.7256
3.25316565 0.7439
3.24325958 0.7426
3.25129079 0.7255
3.28214991 0.7075
3.33533779 0.6904
3.40063578 0.6731
3.45829881 0.6514
3.49138169 0.6293
3.49748517 0.6138
3.47600202 0.6091
3.43438453 0.6091
3.37085691 0.6057
3.31766755 0.5955
3.30519600 0.5866
3.33810576 0.5856
3.41326323 0.5883
3.49710527 0.5858
3.56272208 0.5788
3.59800004 0.5777
3.59738137 0.5929
3.56631046 0.6200
3.50474267 0.6475
3.42076480 0.6686
3.35517479 0.6812
3.31993672 0.6894
3.30684111 0.6956
3.30960860 0.6974
3.32692412 0.6912
3.33601572 0.6862
3.35237183 0.6874
3.37198445 0.6882
3.37289212 0.6848
3.36033562 0.6776
3.33907447 0.6801
3.33686998 0.6834
3.35360376 0.6793
3.37239089 0.6786
3.38001279 0.6890
3.36892456 0.6943
3.34943520 0.7009
3.33363975 0.7055
3.32299014 0.7036
3.31552744 0.6920
3.32196845 0.6704
3.33255145 0.6599
3.34673176 0.6592
3.34742979 0.6601
3.32882939 0.6493
3.30460439 0.6324
3.28889000 0.6225
3.30632025 0.6185
3.33422776 0.6179
3.37034930 0.6093
3.39974556 0.5986
3.43162670 0.5961
3.46585595 0.6088
3.47711502 0.6336
3.45214600 0.6583
3.39648050 0.6784
3.32500005 0.7048
3.26087291 0.7361
3.22071198 0.7557
3.20583215 0.7522
3.21536156 0.7245
3.25777762 0.6969
3.32179815 0.6821
3.38321451 0.6805
3.41335280 0.6843
3.40237854 0.6841
3.36443049 0.6837
3.33242723 0.6894
3.31596066 0.6967
3.30299061 0.7081
3.29309490 0.7180
3.30073826 0.7167
3.33207814 0.7112
3.38850214 0.7050
3.45717886 0.6998
3.50743584 0.6858
3.50821474 0.6652
3.46867591 0.6508
3.41803582 0.6574
3.36965170 0.6757
3.33049437 0.6867
3.29281988 0.6866
3.27614601 0.6766
3.28463886 0.6629
3.31287598 0.6661
3.34529016 0.6845
3.36938503 0.6874
3.36798347 0.6745
3.35076594 0.6729
3.32869265 0.6932
3.30640508 0.7160
3.28474223 0.7208
3.27065787 0.7167
3.26651971 0.7216
3.27410840 0.7488
3.29084760 0.7739
3.30367930 0.7707
3.30396806 0.7404
3.29752118 0.6999
3.29012679 0.6707
3.28440213 0.6509
3.26598246 0.6142
3.24209347 0.5126
3.23296942 0.3766
3.23281998 0.4275
3.24381224 0.6266
3.27765621 0.7053
3.30364617 0.7072
3.31446560 0.6893
3.31972960 0.6742
3.33143607 0.6696
3.33699503 0.6742
3.33684901 0.6747
3.32088773 0.6547
3.31001642 0.5666
3.30513955 0.5443
3.30939851 0.6813
3.31564381 0.7180
3.31750170 0.7110
3.32215896 0.6866
3.33289868 0.6690
3.34980644 0.6696
3.37071589 0.6783
3.37411156 0.6819
3.37154879 0.6694
3.36646557 0.6572
3.36089717 0.6585
3.35067186 0.6623
3.33322472 0.6614
3.30930039 0.6538
3.29300560 0.6432
3.29090404 0.6378
3.30269051 0.6435
3.30631980 0.6508
3.30724213 0.6471
3.31096942 0.6314
3.32794038 0.6213
3.35639452 0.6194
3.38215222 0.6172
3.39464592 0.6078
3.38603811 0.5956
3.36839504 0.5928
3.34494867 0.5997
3.32443997 0.6128
3.31129959 0.6236
3.31402460 0.6246
3.33499153 0.6120
3.36923201 0.5906
3.40725008 0.5810
3.44414918 0.5834
3.46799462 0.5914
3.47849023 0.6049
3.47268241 0.6218
3.45234182 0.6390
3.42895598 0.6493
3.42072822 0.6551
3.42754907 0.6540
3.44481694 0.6387
3.46067961 0.6151
3.46621789 0.5950
3.46381485 0.5875
3.45174151 0.5879
3.43057703 0.5936
3.40722079 0.6000
3.39375079 0.6087
3.39460201 0.6190
3.41488026 0.6252
3.44574565 0.6226
3.48356107 0.6120
3.52066375 0.6056
3.54370155 0.6186
3.54795534 0.6500
3.51517317 0.6856
3.46293917 0.7067
3.41520999 0.7094
3.37961460 0.7061
3.37257986 0.7008
3.39645692 0.6882
3.43267945 0.6697
3.46706469 0.6496
3.48730778 0.6410
3.48192709 0.6511
3.43972934 0.6750
3.36740170 0.6929
3.27862222 0.7008
3.19770453 0.7048
3.15733044 0.7164
3.16481465 0.7331
3.21579299 0.7391
3.29709167 0.7209
3.40259362 0.6869
3.51402997 0.6619
3.59129890 0.6600
3.59203634 0.6714
3.52212681 0.6782
3.41619044 0.6879
3.33170397 0.7074
3.28242592 0.7307
3.26025402 0.7461
3.26111689 0.7505
3.29531149 0.7483
3.35503169 0.7406
3.43038248 0.7299
3.47888526 0.7185
3.48018793 0.6969
3.42857783 0.6765
3.35997943 0.6777
3.30679862 0.7050
3.27051869 0.7367
3.24113969 0.7420
3.23069085 0.6976
3.23214071 0.6713
3.24848970 0.6980
3.27641185 0.7139
3.29846889 0.6951
3.30449996 0.6775
3.28589643 0.6745
3.26235055 0.6892
3.25352681 0.6950
3.24519833 0.6884
3.23270637 0.6760
3.23075631 0.6790
3.23871145 0.7110
3.26111056 0.7473
3.27740471 0.7658
3.28809782 0.7631
3.28635765 0.7580
3.28852702 0.7614
3.30697869 0.7754
3.33654779 0.7915
3.35519569 0.8026
3.36742288 0.8068
3.38364333 0.8067
3.40352026 0.8115
3.41037782 0.8145
3.37953920 0.8052
3.33041920 0.7747
3.28748170 0.7141
3.25955883 0.6443
3.25205672 0.6252
3.25334723 0.6608
3.25959789 0.6768
3.26899770 0.6749
3.29834787 0.6708
3.33011325 0.6732
3.35107079 0.6853
3.34075570 0.7015
3.30638987 0.7127
3.27847212 0.7120
3.27730947 0.7142
3.30079236 0.7447
3.33047603 0.7752
3.35689364 0.7763
3.38607227 0.7459
3.42180334 0.7043
3.45621091 0.6770
3.47706916 0.6714
3.48118029 0.6802
3.48266259 0.6969
3.49890872 0.7086
3.52403660 0.7135
3.53922502 0.7188
3.54912445 0.7150
3.55249743 0.6957
3.55074084 0.6648
3.53859666 0.6399
3.51573791 0.6360
3.48027319 0.6561
3.43806220 0.6932
3.41110656 0.7286
3.39439700 0.7497
3.38149820 0.7514
3.36603137 0.7475
3.34937074 0.7359
3.34267527 0.7125
3.34585183 0.6787
3.35018405 0.6444
3.34371826 0.6251
3.34309692 0.6295
3.36358485 0.6511
3.38402242 0.6747
3.37391053 0.6852
3.33927818 0.6773
3.32223246 0.6766
3.34106032 0.6885
3.38946282 0.6900
3.43138524 0.6761
3.45159666 0.6585
3.44039255 0.6578
3.42072886 0.6741
3.41943530 0.7008
3.42087642 0.7269
3.39509474 0.7499
3.34730613 0.7606
3.29960819 0.7630
3.28695030 0.7602
3.31410024 0.7543
3.36864262 0.7455
3.42588345 0.7344
3.47857176 0.7184
3.53634426 0.7021
3.58734495 0.6899
3.60216047 0.6818
3.56316378 0.6790
3.48082613 0.6840
3.39163611 0.6965
3.32411912 0.7105
3.28176404 0.7283
3.26819013 0.7527
3.26980636 0.7753
3.27833198 0.7879
3.29722201 0.7932
3.32288186 0.7876
3.34271408 0.7729
3.34622203 0.7613
3.34856208 0.7561
3.35728479 0.7584
3.36479596 0.7650
3.37608800 0.7696
3.39524352 0.7712
3.42787129 0.7655
3.45666138 0.7519
3.47606134 0.7272
3.47642127 0.6980
3.44273633 0.6781
3.39548056 0.6607
3.36028253 0.6109
3.34899624 0.4678
3.33921116 0.1958
3.31003692 0.4696
3.29601411 0.6188
3.30613122 0.7055
3.34008025 0.7449
3.38419865 0.7500
3.41846936 0.7397
3.43034496 0.7362
3.43178328 0.7440
3.43320120 0.7526
3.43382668 0.7476
3.43441524 0.7286
3.43546500 0.7125
3.41530855 0.7121
3.38624398 0.7164
3.34449491 0.7177
3.29668331 0.7129
3.26069043 0.7150
3.24441969 0.7317
3.25515459 0.7590
3.30364016 0.7781
3.38475315 0.7804
3.47484137 0.7689
3.54219952 0.7547
3.56504274 0.7522
3.53515754 0.7585
3.46331237 0.7682
3.36732260 0.7825
3.28464672 0.8001
3.23705049 0.8155
3.24015950 0.8123
3.29023056 0.7850
3.36915533 0.7397
3.44527009 0.6981
3.48727014 0.6840
3.47688718 0.7003
3.41959358 0.7301
3.33689302 0.7625
3.24997777 0.7935
3.17810849 0.8188
3.13670194 0.8260
3.13940987 0.8287
3.18418178 0.8314
3.25075954 0.8116
3.32487283 0.7746
3.38122177 0.7494
3.38401484 0.7461
3.32840111 0.7599
3.23444439 0.7805
3.14754752 0.7939
3.08880453 0.7877
3.08195798 0.7677
3.11988208 0.7480
3.17375678 0.7338
3.24015097 0.7263
3.30652427 0.7240
3.34725870 0.7241
3.34865919 0.7152
3.31798292 0.6290
3.28970898 0.0074
3.27048338 0.0078
3.23896248 0.2809
3.24809567 0.5955
3.29889588 0.7321
3.35840160 0.7741
3.40537978 0.7778
3.42213396 0.7758
3.40301291 0.7772
3.34875441 0.7808
3.29770058 0.7758
3.25858831 0.7514
3.24389275 0.7447
3.24243552 0.7543
3.25757743 0.7610
3.27980380 0.7488
3.31008726 0.7287
3.32844720 0.6965
3.33412613 0.6317
3.33705485 0.4795
3.36771133 0.0007
3.39790433 0.0054
3.40795570 0.0323
3.38857968 0.3943
3.36752508 0.6258
3.33840929 0.6909
3.30649282 0.7043
3.28189114 0.7083
3.25794641 0.7084
3.22826145 0.6999
3.19276090 0.6748
3.16072284 0.6373
3.14646463 0.6188
3.14591832 0.6266
3.16031623 0.6364
3.17426055 0.6382
3.19056932 0.6458
3.21109869 0.6485
3.24243093 0.6305
3.27382014 0.4532
3.30470823 0.0745
3.31487600 0.0579
3.30665416 0.0944
3.30766088 0.2081
3.31333080 0.4049
3.31442414 0.5355
3.31358384 0.6118
3.31810632 0.6317
3.33074893 0.5273
3.33829098 0.3905
3.33147019 0.7422
3.31180739 0.8080
3.29582342 0.8436
3.30048571 0.8495
3.32627835 0.8307
3.34896223 0.8077
3.35626027 0.7910
3.35190883 0.7864
3.34208398 0.7927
3.32780841 0.8058
3.29986566 0.8198
3.26284988 0.8240
3.21440192 0.8279
3.17808850 0.8340
3.16727133 0.8347
3.19163228 0.8274
3.23690049 0.8158
3.29291235 0.8076
3.35123955 0.8021
3.40550220 0.7946
3.43045890 0.7783
3.41000671 0.7127
3.35066278 0.1848
3.27082306 0.0501
3.19691023 0.0231
3.15414498 0.0140
3.13647579 0.0137
3.13461759 0.0308
3.14322244 0.3914
3.18543759 0.7286
3.24825514 0.7599
3.31314341 0.7679
3.34093745 0.7740
3.31898889 0.7754
3.26281327 0.7514
3.23035436 0.2576
3.26213024 0.0190
3.29548838 0.0250
3.30879729 0.4844
3.36850688 0.7216
3.43079702 0.7177
3.48233223 0.6885
3.49623017 0.6628
3.45190309 0.6637
3.36555504 0.6786
3.28186142 0.6693
3.23490229 0.5132
3.26231389 0.0226
3.28875863 0.0034
3.27492091 0.5408
3.31334547 0.7275
3.38202406 0.7543
3.46106226 0.7349
3.51140291 0.7244
3.51118938 0.7350
3.45104918 0.7590
3.35739596 0.7764
3.27704749 0.7641
3.23701229 0.6866
3.23618890 0.6173
3.24844118 0.6757
3.27920368 0.7405
3.32738820 0.7508
3.36943542 0.7427
3.38049716 0.7357
3.33988214 0.7430
3.26801756 0.7577
3.19642713 0.7558
3.14995174 0.7175
3.13008907 0.6515
3.12639435 0.5769
3.12851071 0.6338
3.13738879 0.6647
3.16464037 0.6640
3.20596240 0.6412
3.24188870 0.6000
3.24991476 0.3874
3.23767679 0.2065
3.21484368 0.3578
3.19209763 0.4353
3.16835821 0.4226
3.14593660 0.3560
3.13717514 0.0351
3.13454625 0.0105
3.15147117 0.0011
3.21123834 0.0002
3.29660257 0.0001
3.36274703 0.0000
3.37912336 0.0001
3.33875232 0.0005
3.28048960 0.0014
3.22718668 0.0066
3.19148347 0.1012
3.17169076 0.2141
3.15838505 0.1908
3.16789821 0.0174
3.22350587 0.0009
3.30620763 0.0006
3.36743026 0.0009
3.37557881 0.0019
3.35157317 0.0034
3.32500823 0.0020
3.29063012 0.0711
3.26836376 0.4316
3.23915252 0.4796
3.21373118 0.4198
3.20605664 0.1185
3.22138091 0.0029
3.24394999 0.0052
3.26514645 0.0232
3.27979555 0.2065
3.30479566 0.5066
3.31555652 0.6282
3.30045254 0.6359
3.26766578 0.4876
3.24502953 0.0804
3.23496693 0.0193
3.22375786 0.0089
3.21620831 0.0054
3.21784812 0.0037
3.23548825 0.0030
3.25672217 0.0030
3.28376123 0.0025
3.31605448 0.0024
3.36973549 0.0020
3.42192114 0.0019
3.43768466 0.0022
3.39224260 0.0034
3.30557730 0.0078
3.22127271 0.0277
3.16418187 0.1295
3.13628536 0.5342
3.13382216 0.7137
3.12893382 0.7127
3.12901489 0.5520
3.17976673 0.0241
3.28402259 0.0037
3.35897379 0.0021
3.35889243 0.0028
3.31156341 0.0083
3.26678593 0.0347
3.24342314 0.1596
3.22780169 0.4170
3.21858793 0.5849
3.21370830 0.6056
3.20987939 0.5362
3.22382297 0.2205
3.27076297 0.0145
3.31610883 0.0041
3.33868377 0.0103
3.35595320 0.5099
3.38794401 0.6188
3.38704596 0.4488
3.36955217 0.0649
3.34098790 0.0181
3.32240714 0.0074
3.31393044 0.0038
3.30959179 0.0021
3.28069467 0.0016
3.21822159 0.0023
3.17184324 0.0111
3.19007033 0.4916
3.25558410 0.5289
3.31453092 0.4514
3.35401863 0.3134
3.39216304 0.1470
3.43248976 0.0628
3.46909151 0.0138
3.47973649 0.0001
3.44529535 0.0066
3.37516608 0.0213
3.30606921 0.0795
3.28201511 0.4435
3.29972867 0.5656
3.31341848 0.5309
3.32133451 0.4379
3.34099627 0.2640
3.36628840 0.0431
3.38408764 0.0128
3.40305219 0.0013
3.42257148 0.0004
3.41155516 0.0003
3.36526163 0.0006
3.31653602 0.0090
3.30009557 0.0481
3.30432655 0.0817
3.31220671 0.0785
3.30914804 0.1016
3.31160411 0.1694
3.33308888 0.2308
3.38345383 0.0427
3.42959897 0.0172
3.44474965 0.0098
3.41625956 0.0111
3.36674934 0.0326
3.30803341 0.2837
3.26888420 0.4930
3.24993630 0.6270
3.25029473 0.6996
3.26284980 0.7160
3.26876366 0.7172
3.25914212 0.7140
3.23153382 0.6988
3.20633983 0.6615
3.19846457 0.5937
3.20637003 0.4617
3.22588245 0.3025
3.25608765 0.1282
3.26147614 0.3885
3.28020964 0.6240
3.29649094 0.6875
3.29616741 0.7195
3.28182011 0.7349
3.27089984 0.7418
3.26752664 0.7345
3.26946989 0.7040
3.28003545 0.6772
3.29906112 0.6876
3.31725105 0.7184
3.32331136 0.7303
3.30739292 0.7391
3.26380036 0.7484
3.19426158 0.7436
3.11226264 0.6871
3.05284414 0.5871
3.02548707 0.4480
3.03800559 0.3117
3.07060809 0.3091
3.11074732 0.3876
3.14815629 0.4634
3.18163667 0.4805
3.21428848 0.4180
3.23611360 0.3278
3.23348443 0.2411
3.21229885 0.1741
3.19545470 0.1203
3.19995464 0.1023
3.20362191 0.1350
3.20220208 0.2841
3.21740874 0.5479
3.23331097 0.6263
3.22185268 0.6033
3.19812427 0.5160
3.17970231 0.3135
3.16251271 0.1514
3.14608782 0.0967
3.15982968 0.0695
3.18374342 0.0609
3.19124934 0.0686
3.18067187 0.1315
3.20180463 0.4245
3.26937049 0.6152
3.33273903 0.6198
3.35850004 0.5720
3.34484818 0.4748
3.31025157 0.3138
3.30843440 0.1244
3.36747540 0.0589
3.44273981 0.0479
3.46865950 0.0545
3.45245072 0.0751
3.45076719 0.0950
3.49048340 0.0824
3.51940194 0.0741
3.49193583 0.0739
3.41284618 0.0774
3.34525457 0.0828
3.34953849 0.0857
3.42599815 0.0813
3.51128965 0.0717
3.54107674 0.0582
3.52472137 0.0497
3.53676270 0.0493
3.59488577 0.0552
3.62696536 0.0651
3.58390343 0.0784
3.49481128 0.0985
3.42351452 0.1210
3.41042679 0.1329
3.45758172 0.1156
3.50821307 0.1022
3.52971333 0.1080
3.54647945 0.1146
3.59169623 0.1051
3.63476300 0.0885
3.61876628 0.0930
3.55296205 0.0912
3.47466120 0.0763
3.43617073 0.0606
3.44679765 0.0558
3.49117218 0.0448
3.52337452 0.0596
3.52647822 0.0501
3.52090489 0.0535
3.53707495 0.0710
3.53392016 0.1064
3.48778114 0.1954
3.43768341 0.3786
3.41347743 0.4774
3.40910681 0.4507
3.42946685 0.3371
3.46292476 0.2246
3.48650289 0.1478
3.48197990 0.1095
3.45664189 0.1111
3.41677879 0.1760
3.36842342 0.3710
3.33773775 0.5422
3.32774309 0.5960
3.32573891 0.5922
3.33634784 0.5607
3.35812555 0.4758
3.38116556 0.3044
3.39993279 0.1348
3.41673786 0.0662
3.42648556 0.0507
3.41474538 0.0618
3.38347831 0.0809
3.36337882 0.1042
3.38288157 0.1439
3.44067391 0.2484
3.50196160 0.4599
3.55014769 0.5952
3.55773121 0.6066
3.53036871 0.5952
3.48557305 0.5754
3.43448184 0.5288
3.39614381 0.4025
3.39206592 0.1213
3.44392814 0.0310
3.49994481 0.0162
3.52553866 0.0136
3.49559223 0.0154
3.44084730 0.0190
3.40448827 0.0246
3.38920859 0.0337
3.38303458 0.0467
3.37214712 0.0616
3.38244784 0.0579
3.44956360 0.0397
3.54972843 0.0291
3.64251052 0.0231
3.66932427 0.0218
3.63375283 0.0230
3.57784570 0.0250
3.52340617 0.0280
3.47419831 0.0340
3.42181097 0.0446
3.38085904 0.0498
3.38735370 0.0394
3.44410183 0.0264
3.52008337 0.0202
3.55320194 0.0185
3.52150118 0.0178
3.47014183 0.0157
3.42257033 0.0142
3.39026786 0.0146
3.36083271 0.0189
3.32918338 0.0296
3.31268957 0.0429
3.33435243 0.0490
3.39344599 0.0503
3.45557736 0.0559
3.47757235 0.0663
3.45649058 0.0764
3.42781529 0.0831
3.41120414 0.0910
3.38119653 0.1264
3.33813881 0.1895
3.28538306 0.2574
3.24257258 0.2286
3.23352605 0.1166
3.26787633 0.0625
3.30216110 0.0520
3.30424665 0.0478
3.28554141 0.0420
3.28583893 0.0364
3.30356237 0.0397
3.30521749 0.0637
3.29559721 0.1160
3.28728254 0.1809
3.29365982 0.2675
3.32014105 0.3853
3.34086220 0.4921
3.34277918 0.5269
3.32672117 0.5097
3.30313346 0.4638
3.28328647 0.4756
3.28134054 0.5412
3.29678573 0.6002
3.31417278 0.6260
3.32548527 0.6324
3.32894129 0.5774
3.33116749 0.3888
3.30530999 0.2681
3.24839875 0.2578
3.19938396 0.2618
3.18502502 0.2505
3.18170096 0.3167
3.18635372 0.4570
3.21077287 0.5170
3.24338000 0.5014
3.27067014 0.4540
3.29381387 0.4190
3.30071182 0.4654
3.28623569 0.5482
3.26807469 0.6071
3.26745900 0.6459
3.27818129 0.6811
3.28788250 0.7119
3.28547192 0.7304
3.26944131 0.7346
3.25500372 0.6938
3.26896630 0.4914
3.30200496 0.2208
3.30339064 0.1413
3.26307466 0.1757
3.23176257 0.2243
3.22324837 0.2714
3.22496721 0.3138
3.23082600 0.3716
3.24812485 0.4189
3.27754819 0.4564
3.31382247 0.4805
3.35690530 0.4864
3.39602047 0.5390
3.41259944 0.6663
3.43360775 0.7098
3.46107386 0.7007
3.49238467 0.6781
3.49674795 0.6602
3.47874921 0.6562
3.44702144 0.6634
3.41507247 0.6808
3.38915687 0.6941
3.36302823 0.6891
3.35203020 0.6795
3.33966243 0.6757
3.32992465 0.6727
3.33150970 0.6606
3.33560788 0.6372
3.32788877 0.6284
3.31043378 0.6445
3.29687546 0.6318
3.29617555 0.5230
3.29981862 0.3552
3.28030399 0.4406
3.26394901 0.6110
3.27533410 0.6955
3.31106694 0.7190
3.34704281 0.7108
3.35872028 0.6978
3.34156909 0.6959
3.30558562 0.7096
3.26730467 0.7314
3.23875423 0.7268
3.21559530 0.6820
3.20033961 0.6793
3.20220207 0.7086
3.23182643 0.7196
3.28048735 0.7105
3.32633939 0.6898
3.36421518 0.6731
3.38378735 0.6761
3.39254663 0.6945
3.38722316 0.7195
3.37029393 0.7311
3.35761319 0.7260
3.34871135 0.7169
3.33946077 0.7131
3.33166528 0.7039
3.33236292 0.6786
3.33556927 0.6410
3.33253127 0.6084
3.32157082 0.5881
3.30165271 0.5846
3.26964333 0.5913
3.23289769 0.6066
3.21182555 0.6420
3.21411814 0.6887
3.23185742 0.7243
3.24771655 0.7342
3.26923513 0.7164
3.29570016 0.6901
3.33936686 0.6731
3.37924683 0.6606
3.39631615 0.6400
3.39738684 0.6123
3.39281807 0.6134
3.39732200 0.6451
3.40554603 0.6848
3.39313246 0.7199
3.36220889 0.7380
3.32687925 0.7460
3.32302173 0.7556
3.35594587 0.7542
3.41648607 0.7318
3.46782965 0.6923
3.49427316 0.6654
3.50254246 0.6449
3.49577570 0.6350
3.45673010 0.6376
3.38213852 0.6176
3.30138712 0.5627
3.24092768 0.4782
3.21685381 0.3347
3.24405412 0.1282
3.30017168 0.0479
3.32756282 0.0376
3.30922079 0.3215
3.35020756 0.6447
3.40576124 0.6612
3.43975105 0.6536
3.43141488 0.6562
3.39220915 0.6745
3.33863448 0.6941
3.29857537 0.6874
3.29346667 0.6171
3.30995920 0.5540
3.33971079 0.6150
3.36722153 0.6797
3.37895465 0.6959
3.36713486 0.6783
3.34400996 0.6558
3.31619348 0.6484
3.28680572 0.6674
3.25859111 0.6491
3.25827987 0.0669
3.30217988 0.0032
3.28789964 0.0031
3.24204260 0.0754
3.23564674 0.5976
3.24663549 0.6807
3.24025174 0.7025
3.22505033 0.7101
3.21544103 0.7116
3.22480594 0.7069
3.25243474 0.6875
3.28554432 0.6430
3.30035174 0.6141
3.29006543 0.6474
3.26861251 0.6707
3.24739589 0.6648
3.21789644 0.6522
3.17470838 0.6578
3.12541597 0.6823
3.09936601 0.7002
3.10156439 0.6940
3.13486471 0.6503
3.19586397 0.6027
3.25718528 0.6029
3.30455980 0.6201
3.32596914 0.6240
3.32620751 0.6255
3.30082583 0.6396
3.27070541 0.6598
3.24311971 0.6796
3.22825625 0.6876
3.22910088 0.6484
3.25114350 0.5516
3.28513378 0.5739
3.32258509 0.4776
3.36050246 0.0959
3.39215086 0.0165
3.38362707 0.0136
3.35402068 0.0176
3.32408823 0.0183
3.30744420 0.0134
3.30410654 0.0089
3.27706345 0.0118
3.23974392 0.5131
3.29057754 0.7308
3.35297808 0.7406
3.38952838 0.7360
3.39117664 0.7369
3.35576371 0.7389
3.29782948 0.7195
3.28341369 0.0188
3.37068689 0.0013
3.43332271 0.0008
3.42655157 0.0005
3.36040330 0.0001
3.34007941 0.6178
3.35382188 0.6159
3.33688290 0.5916
3.29766410 0.5604
3.25032525 0.4191
3.24391686 0.0042
3.26713343 0.0004
3.28431031 0.0000
3.25317180 0.0002
3.18508806 0.0719
3.21177744 0.7336
3.25877988 0.7211
3.29084616 0.6944
3.29684485 0.6804
3.27953017 0.6868
3.25647062 0.7061
3.23544473 0.7205
3.21646548 0.7122
3.19871934 0.6953
3.18026821 0.6929
3.16418480 0.7138
3.16213077 0.7312
3.17445457 0.7131
3.20330178 0.5945
3.22638942 0.5777
3.24936643 0.6707
3.27529180 0.6752
3.31013437 0.6584
3.34055076 0.6464
3.34615771 0.6487
3.31035554 0.6596
3.25083308 0.6766
3.17734030 0.6923
3.11793677 0.7043
3.08907381 0.7160
3.09524862 0.7167
3.13981133 0.7021
3.22038143 0.6796
3.30978505 0.6572
3.36770476 0.6435
3.37852729 0.6354
3.34665863 0.6287
3.28926527 0.6157
3.23236869 0.5775
3.19499954 0.0589
3.18026161 0.0088
3.17191990 0.0074
3.20076521 0.0050
3.24997426 0.0011
3.29952512 0.5174
3.37520340 0.5869
3.40906746 0.6055
3.39604202 0.6189
3.35416882 0.6253
3.30906210 0.6248
3.28238563 0.6162
3.27977169 0.5818
3.30944044 0.5188
3.36021467 0.4798
3.41535647 0.5175
3.46127453 0.5986
3.49830514 0.6402
3.50014317 0.6409
3.47505623 0.6159
3.44283231 0.6141
3.42124099 0.6419
3.41295592 0.6472
3.41192086 0.6203
3.40551103 0.5782
3.39464566 0.5634
3.38624405 0.5715
3.38345492 0.5696
3.37861663 0.5193
3.36867950 0.3302
3.34427426 0.2332
3.30857637 0.5074
3.32626942 0.6336
3.36942691 0.6515
3.40120596 0.6331
3.40936289 0.5997
3.40489313 0.5751
3.39999022 0.5554
3.39302548 0.5104
3.40245679 0.2313
3.42632199 0.0889
3.40076964 0.3269
3.39254494 0.5846
3.39925269 0.6508
3.39511238 0.6704
3.38392483 0.6701
3.36226348 0.6724
3.33408449 0.6795
3.29932487 0.6752
3.26633271 0.6350
3.25818502 0.3955
3.29222424 0.1408
3.30094247 0.1826
3.28289689 0.4335
3.26172161 0.5522
3.22250148 0.5221
3.17781267 0.4547
3.14417381 0.4295
3.13471544 0.4307
3.15868876 0.3128
3.22438991 0.1312
3.30280126 0.0586
3.35675339 0.0383
3.37388643 0.0417
3.37966064 0.0519
3.37318424 0.0556
3.35251635 0.0511
3.30252409 0.0588
3.23912073 0.0817
3.18819707 0.1255
3.16358888 0.1856
3.16755468 0.2552
3.19833283 0.3918
3.25845447 0.5557
3.31622106 0.6047
3.35484625 0.6125
3.36169402 0.5997
3.33442919 0.5852
3.30376525 0.5922
3.28494254 0.6095
3.27637792 0.6181
3.27337086 0.6101
3.28113781 0.5971
3.29665313 0.5945
3.30237748 0.6101
3.30057868 0.6208
3.30247104 0.5265
3.32016630 0.2560
3.33886627 0.1179
3.35766658 0.0701
3.38182367 0.0443
3.38783678 0.0379
3.34634018 0.0624
3.29464661 0.2871
3.30497807 0.5661
3.33109835 0.5199
3.36573827 0.1557
3.39390518 0.0436
3.39151996 0.0261
3.39569660 0.0156
3.44085307 0.0097
3.48952100 0.0101
3.48333636 0.0142
3.41189262 0.0274
3.33233918 0.0822
3.30383036 0.1766
3.32417273 0.1316
3.34296122 0.1068
3.32321060 0.1360
3.28831077 0.2084
3.26659007 0.2663
3.24921876 0.2610
3.22052297 0.2579
3.17436041 0.3384
3.12837352 0.4944
3.10777904 0.6258
3.11140136 0.6322
3.12975693 0.5318
3.17314862 0.3438
3.22948435 0.3384
3.28859271 0.4404
3.34139214 0.4775
3.36609514 0.4027
3.36496485 0.3156
3.33528326 0.3392
3.29207391 0.3962
3.26150900 0.4180
3.26568388 0.3162
3.31311514 0.1999
3.36929123 0.1377
3.39824600 0.1210
3.39339108 0.1483
3.38548901 0.2200
3.40162033 0.1460
3.42149258 0.0786
3.42157906 0.0678
3.38242874 0.0824
3.33562885 0.1155
3.31096802 0.1445
3.31627747 0.1603
3.33101061 0.1777
3.32525827 0.2045
3.29878415 0.2590
3.28129056 0.3739
3.28808287 0.4285
3.30690255 0.4073
3.32052908 0.3830
3.32590775 0.3485
3.33006598 0.2829
3.35489588 0.2171
3.40430698 0.1876
3.46377673 0.1746
3.51414889 0.1591
3.53835996 0.1531
3.53850787 0.1664
3.53403426 0.1501
3.52837892 0.1106
3.51098017 0.0800
3.44451106 0.0748
3.35043987 0.1097
3.27462498 0.2104
3.25054335 0.3509
3.26541322 0.4854
3.30743241 0.5708
3.35597345 0.5818
3.38945626 0.4892
3.42783469 0.2370
3.49236084 0.0851
3.53994567 0.0370
3.51068214 0.0185
3.39055009 0.0285
3.24467750 0.1784
3.17041880 0.4988
3.17350378 0.6701
3.20497218 0.6976
3.25481762 0.6830
3.31380491 0.6607
3.37542577 0.6173
3.43681149 0.4446
3.51499140 0.0095
3.53071351 0.0014
3.43952795 0.0133
3.33929835 0.4637
3.28526151 0.6514
3.26982523 0.7014
3.29735795 0.7017
3.36798275 0.6896
3.45017731 0.6832
3.51334840 0.6737
3.54165713 0.6472
3.52679017 0.6102
3.47108266 0.5923
3.39509875 0.6148
3.32892104 0.6484
3.28083313 0.6594
3.24931470 0.6545
3.22988024 0.6494
3.22600993 0.6438
3.24074706 0.6269
3.26243609 0.6000
3.28238008 0.5954
3.29138672 0.6144
3.29060400 0.6520
3.28136728 0.7046
3.26663693 0.7470
3.26992360 0.7634
3.28267702 0.7504
3.30439135 0.7183
3.32509518 0.6760
3.34454859 0.6452
3.36377559 0.6346
3.38814169 0.6533
3.41572166 0.6785
3.43255343 0.6932
3.41875510 0.7050
3.39798827 0.7150
3.37882739 0.7168
3.37485519 0.7147
3.37549285 0.7134
3.37195839 0.7031
3.36372685 0.6760
3.35221035 0.6408
3.35239870 0.6264
3.36633282 0.6288
3.36838733 0.6387
3.34975347 0.6455
3.31909003 0.6541
3.29480115 0.6749
3.30368374 0.7027
3.32902777 0.7312
3.35813529 0.7423
3.38209493 0.7344
3.40152162 0.7125
3.42245001 0.6872
3.43619899 0.6602
3.41835534 0.6108
3.37712437 0.5201
3.32711737 0.4568
3.29583850 0.4754
3.27829335 0.4958
3.26156952 0.5312
3.23691711 0.5951
3.21283888 0.6653
3.21168616 0.7012
3.24404024 0.7104
3.28496686 0.7006
3.30835882 0.6910
3.30483476 0.7016
3.30027428 0.7218
3.32001769 0.7372
3.35645488 0.7496
3.36744075 0.7625
3.32781661 0.7707
3.26248953 0.7727
3.20699565 0.7702
3.17224275 0.7703
3.16180920 0.7672
3.17878212 0.7473
3.22350152 0.7076
3.31648238 0.6533
3.43606995 0.6118
3.52161598 0.5976
3.52735659 0.6075
3.46343340 0.6288
3.37331264 0.6615
3.28933228 0.6886
3.21846589 0.7124
3.18976331 0.7430
3.23237635 0.7707
3.36461154 0.7572
3.55770642 0.6996
3.73743313 0.6315
3.80383021 0.5901
3.74833079 0.5846
3.59918979 0.6164
3.43473285 0.6590
3.28993461 0.6582
3.18823490 0.5534
3.12822832 0.4934
3.11176551 0.5851
3.15502914 0.6604
3.25457365 0.6787
3.37554161 0.6490
3.45279915 0.6020
3.45608347 0.5712
3.41861419 0.5745
3.35847650 0.6149
3.29923837 0.6717
3.24650576 0.7208
3.21887236 0.7444
3.22415487 0.7390
3.25518969 0.7571
3.30111508 0.7944
3.35450438 0.7791
3.39368203 0.7275
3.41221439 0.6785
3.41813659 0.6455
3.41875031 0.6279
3.41543330 0.6171
3.40447005 0.6055
3.39114383 0.5672
3.39955744 0.2448
3.41322353 0.0763
3.36320898 0.1556
3.29953685 0.5246
3.27260965 0.6375
3.26602771 0.6744
3.27658576 0.6931
3.31124688 0.6908
3.37682504 0.6641
3.46859202 0.6283
3.54802256 0.6083
3.56697461 0.6080
3.52482757 0.6265
3.44650425 0.6487
3.36369152 0.6681
3.30904296 0.6849
3.28375876 0.6994
3.28684009 0.7131
3.31601044 0.7240
3.36324934 0.7182
3.41348023 0.7138
3.45287272 0.7097
3.45470145 0.7049
3.43376123 0.6974
3.40274306 0.6882
3.38225943 0.6870
3.37642068 0.6974
3.37911240 0.7132
3.38313595 0.7194
3.39465892 0.7053
3.40284666 0.6855
3.40564284 0.6733
3.38240267 0.6628
3.34304858 0.6535
3.31032316 0.6444
3.28913387 0.6384
3.27658917 0.6367
3.27432492 0.6393
3.26901161 0.6509
3.27401871 0.6581
3.30402980 0.6541
3.35558148 0.6530
3.39208092 0.6581
3.38370081 0.6643
3.33893399 0.6711
3.28404831 0.6788
3.24902123 0.6844
3.23209281 0.6886
3.21831708 0.7115
3.20021070 0.7319
3.19460207 0.7308
3.20107027 0.7263
3.22163508 0.7251
3.24586284 0.7354
3.25242713 0.7437
3.24847018 0.7400
3.24177625 0.7276
3.24070715 0.7114
3.23712172 0.6993
3.22872922 0.6816
3.21908641 0.6659
3.21153450 0.6679
3.19803933 0.6855
3.17180422 0.7046
3.13671343 0.7136
3.10746054 0.7144
3.10110226 0.7128
3.11499428 0.7120
3.13635296 0.7124
3.14919922 0.7085
3.15142975 0.6920
3.14733792 0.6788
3.13538202 0.6803
3.10902787 0.6737
3.09707360 0.1044
3.13212722 0.0019
3.16395234 0.0015
3.21724469 0.0020
3.28618590 0.0034
3.29815536 0.0085
3.27869084 0.5798
3.32310437 0.6261
3.34812641 0.6367
3.34766312 0.6542
3.31293417 0.6760
3.24261890 0.6898
3.16690995 0.6821
3.11269114 0.6432
3.09384936 0.6560
3.10619416 0.7398
3.14580190 0.7332
3.19480561 0.7097
3.24045552 0.6966
3.26934530 0.6861
3.27077852 0.6742
3.24331064 0.6680
3.19951855 0.6681
3.16258840 0.6679
3.14868214 0.6164
3.17317435 0.0353
3.21525080 0.0204
3.22820014 0.3472
3.26375146 0.6149
3.30382942 0.6717
3.32506906 0.6933
3.33176814 0.7094
3.32501131 0.7173
3.32706847 0.7212
3.33698726 0.7195
3.34997488 0.7162
3.36015404 0.7105
3.35841407 0.7059
3.35186925 0.7049
3.33949509 0.7049
3.32968326 0.6786
3.32022598 0.5685
3.31449236 0.5187
3.31789046 0.5998
3.34617331 0.6703
3.38191447 0.6840
3.40146899 0.6814
3.40310561 0.6809
3.37831818 0.6933
3.33433236 0.7203
3.28548229 0.7505
3.24678254 0.7150
3.26352513 0.0312
3.30412040 0.0161
3.31697859 0.0243
3.32058263 0.0412
3.30978314 0.1662
3.29907190 0.5731
3.30103470 0.6675
3.27293915 0.7033
3.21948619 0.7470
3.15535908 0.7821
3.11373169 0.7339
3.12348854 0.3162
3.18238084 0.0748
3.24516208 0.0407
3.30348668 0.0435
3.35292543 0.2053
3.42655509 0.6012
3.48513375 0.6091
3.47721999 0.5997
3.40541973 0.6014
3.30830014 0.6114
3.21884738 0.6175
3.17430043 0.6197
3.17332715 0.6273
3.19656407 0.6258
3.23771500 0.6112
3.28673478 0.6237
3.32597952 0.6344
3.34092704 0.6243
3.32217346 0.5511
3.30682837 0.2814
3.30056318 0.2026
3.28303806 0.2919
3.28459920 0.4872
3.30011163 0.6406
3.31157306 0.7001
3.30686382 0.7421
3.30403293 0.7784
3.30073426 0.7970
3.29133160 0.7298
3.30780778 0.4088
3.34823202 0.1997
3.37972657 0.2705
3.40594983 0.4427
3.42563806 0.4947
3.41454996 0.4752
3.36191306 0.4257
3.28874092 0.2438
3.22703700 0.0816
3.17892847 0.0361
3.14867892 0.0247
3.13682806 0.0493
3.14775688 0.1986
3.19263321 0.4349
3.26656397 0.5293
3.32776491 0.5438
3.36086742 0.5596
3.36308690 0.6200
3.34845675 0.6956
3.32750893 0.7589
3.30558571 0.7951
3.29671501 0.8095
3.31298039 0.8096
3.35326956 0.7929
3.39257499 0.7638
3.42976719 0.7263
3.43900848 0.6957
3.41719960 0.6808
3.37274556 0.6844
3.31263749 0.7040
3.24931934 0.7318
3.20731197 0.7496
3.19548373 0.7513
3.21227732 0.7433
3.23965019 0.7389
3.26378572 0.7355
3.28037946 0.7245
3.27676555 0.7169
3.25236096 0.7177
3.22096315 0.7217
3.17910423 0.7180
3.13952774 0.7031
3.12056197 0.6798
3.11896990 0.6865
3.13304609 0.7270
3.15861824 0.7574
3.18179823 0.7644
3.20321190 0.7610
3.22716284 0.7612
3.25816304 0.7625
3.28269626 0.7550
3.28675163 0.7380
3.27241666 0.7256
3.24653968 0.7227
3.22820758 0.7143
3.22241256 0.6901
3.23310046 0.6670
3.24399798 0.6747
3.25162875 0.7111
3.27435876 0.7311
3.30243542 0.7221
3.31916730 0.6963
3.31453643 0.6677
3.29767539 0.6528
3.28349965 0.6492
3.28026494 0.6505
3.27560516 0.6461
3.28033428 0.6283
3.28777445 0.6300
3.29818481 0.6558
3.30825361 0.6663
3.31208346 0.6562
3.29825528 0.6415
3.28950482 0.6410
3.29391322 0.6606
3.31501759 0.6867
3.33553616 0.7001
3.34905867 0.6990
3.35270233 0.6995
3.36660850 0.7170
3.39560495 0.7376
3.42950330 0.7367
3.46069099 0.7196
3.47947836 0.6967
3.48815907 0.6854
3.50639565 0.6894
3.53388886 0.6735
3.55160163 0.6418
3.55734823 0.6136
3.54937274 0.6043
3.53651039 0.6038
3.52359768 0.5956
3.49722433 0.5762
3.45075914 0.5568
3.39711562 0.5713
3.37152602 0.6259
3.37369164 0.6590
3.39191462 0.6557
3.40369429 0.6484
3.40789988 0.6558
3.41285622 0.6724
3.42545178 0.6826
3.43293946 0.6814
3.41271264 0.6814
3.36218106 0.6953
3.32150676 0.7041
3.30041855 0.6816
3.29729401 0.6419
3.28734448 0.6516
3.27834530 0.6827
3.28041796 0.7015
3.28934657 0.7002
3.30750618 0.6801
3.32832661 0.6526
3.34407236 0.6392
3.35039119 0.6490
3.34959886 0.6630
3.34616388 0.6588
3.34785346 0.6281
3.33396538 0.5864
3.30300876 0.6058
3.27622070 0.6442
3.26996637 0.6413
3.29844608 0.6101
3.34665424 0.5768
3.38577079 0.5618
3.39330933 0.5672
3.38394599 0.5695
3.35721704 0.5693
3.33223120 0.5702
3.31268569 0.5833
3.30760094 0.5988
3.30866202 0.6029
3.32708056 0.5937
3.34579882 0.5865
3.34606901 0.6000
3.33587353 0.6400
3.32964406 0.6889
3.32384550 0.7265
3.31223719 0.7456
3.29439301 0.7622
3.28582842 0.7870
3.27901558 0.8068
3.27505328 0.7988
3.27859334 0.7572
3.28555145 0.6586
3.28985441 0.5273
3.28205781 0.4816
3.26229792 0.4876
3.23351615 0.4706
3.19399772 0.4666
3.14192251 0.5443
3.10080575 0.6625
3.08244653 0.7174
3.09270725 0.7040
3.12549311 0.6732
3.18481285 0.6630
3.24842479 0.6704
3.29156634 0.6658
3.30981148 0.4353
3.31905443 0.0320
3.30209372 0.0081
3.24864676 0.0320
3.21344852 0.7325
3.19727029 0.7270
3.19373930 0.6863
3.20138525 0.6514
3.21610665 0.6419
3.23369891 0.6316
3.26138816 0.6131
3.27570961 0.5580
3.31523834 0.0101
3.33285690 0.0093
3.30380854 0.0523
3.25897511 0.3309
3.23791455 0.7010
3.23971616 0.7620
3.25223961 0.7702
3.26447230 0.7634
3.26409550 0.7439
3.23849830 0.7255
3.20660840 0.7223
3.18444385 0.7379
3.17269861 0.7512
3.17451519 0.7415
3.18783573 0.7190
3.19110265 0.7089
3.18339990 0.7272
3.17109153 0.7620
3.15876808 0.7896
3.15322757 0.7859
3.14757802 0.7694
3.15443013 0.7644
3.16961496 0.7711
3.18117835 0.7748
3.18480846 0.7697
3.18189510 0.7628
3.17639815 0.7635
3.16898138 0.7708
3.17118370 0.7754
3.18724982 0.7812
3.21698591 0.7794
3.25529835 0.7823
3.29806600 0.7793
3.33124527 0.7626
3.35536296 0.7360
3.35889468 0.7114
3.33542770 0.7020
3.32040032 0.7001
3.32827886 0.6905
3.35789006 0.6716
3.39707460 0.6591
3.43710339 0.6675
3.47704843 0.6960
3.51902204 0.7171
3.56038333 0.7105
3.57035276 0.6961
3.53315545 0.6966
3.45250794 0.7110
3.35878315 0.7257
3.27241981 0.7325
3.21261204 0.7281
3.18178890 0.7239
3.18782370 0.7309
3.23274416 0.7468
3.30012474 0.7526
3.38642555 0.7414
3.47205220 0.7333
3.53206695 0.7364
3.54957030 0.7335
3.51664949 0.7206
3.44712603 0.7091
3.35376905 0.7138
3.25790590 0.7352
3.18035843 0.7573
3.13352943 0.7653
3.12075373 0.7451
3.13979872 0.6987
3.18768804 0.6664
3.25054914 0.6930
3.31492639 0.7140
3.35338087 0.7143
3.35822539 0.7110
3.32387007 0.7230
3.27766918 0.7454
3.21958060 0.7617
3.16259928 0.7430
3.12545786 0.6724
3.13831747 0.5258
3.18709687 0.3679
3.24542983 0.5165
3.29303236 0.6304
3.32064994 0.6515
3.31762812 0.6626
3.28983703 0.6886
3.23919607 0.7109
3.18355161 0.6802
3.14642632 0.5534
3.13745811 0.5562
3.15362860 0.7432
3.19720054 0.8509
3.25375454 0.8469
3.30097809 0.8142
3.33607653 0.7894
3.35021403 0.7862
3.33930117 0.7908
3.30951306 0.7799
3.27827459 0.7506
3.26099537 0.7212
3.26547243 0.7390
3.27181816 0.7690
3.27105984 0.7728
3.26999874 0.7517
3.26169326 0.7329
3.25797038 0.7316
3.25583812 0.7367
3.24116232 0.7129
3.23224035 0.5626
3.25373541 0.3279
3.29217865 0.3977
3.35512519 0.6296
3.41128053 0.7091
3.43016377 0.7324
3.39007701 0.7473
3.32249888 0.7651
3.25283621 0.7610
3.19801847 0.7162
3.16343672 0.6065
3.14984428 0.4741
3.15006881 0.3765
3.16607409 0.3292
3.18667374 0.3971
3.20997445 0.5340
3.22209837 0.5933
3.21889913 0.5548
3.20344580 0.4529
3.18394855 0.3589
3.17235215 0.3287
3.16976812 0.3889
3.17234718 0.5201
3.18559255 0.6327
3.19340895 0.6706
3.18841109 0.6425
3.17221909 0.5939
3.15608123 0.4981
3.15724563 0.3342
3.17027502 0.2233
3.17986890 0.1904
3.18681711 0.2089
3.20117841 0.2514
3.22250681 0.3530
3.24561070 0.4978
3.27669805 0.6044
3.31028996 0.6128
3.33461014 0.5679
3.34327348 0.4355
3.35298028 0.1889
3.36835499 0.0938
3.38217802 0.0760
3.37454238 0.0859
3.36130003 0.1093
3.35065340 0.1370
3.32948967 0.2039
3.30821471 0.3108
3.30409811 0.3182
3.31301808 0.1678
3.34075681 0.0422
3.37136046 0.0206
3.39745817 0.0230
3.40150527 0.0347
3.37251823 0.0601
3.33314427 0.1409
3.30992068 0.3949
3.31163690 0.5807
3.32667843 0.5964
3.35088659 0.2014
3.40851152 0.0145
3.46706940 0.0105
3.50216586 0.0127
3.51657154 0.0194
3.48735480 0.0395
3.41731901 0.1691
3.35860909 0.5626
3.33095972 0.6920
3.30895907 0.7079
3.28381888 0.6979
3.27158242 0.6119
3.30654253 0.1846
3.38442248 0.0265
3.46518133 0.0159
3.53625792 0.0125
3.57762068 0.0078
3.56418469 0.0400
3.50443185 0.0523
3.43028771 0.0660
3.36318687 0.0764
3.30182294 0.0894
3.24742661 0.1293
3.21291607 0.3128
3.22940609 0.5288
3.27955976 0.5347
3.33254589 0.4757
3.36630872 0.4197
3.37072751 0.3750
3.34934252 0.1676
3.33620532 0.0351
3.31419874 0.0182
3.25763522 0.0327
3.19838743 0.5885
3.23353838 0.8045
3.29952083 0.7738
3.35839906 0.7334
3.38510205 0.7141
3.37532862 0.7209
3.32259562 0.7345
3.26126439 0.3934
3.29432230 0.0286
3.31178198 0.0195
3.26738146 0.0222
3.18118262 0.0405
3.11733696 0.1488
3.10928360 0.4809
3.13564946 0.6077
3.16510812 0.6480
3.18417367 0.6609
3.18596766 0.6584
3.17692511 0.6305
3.17555870 0.5396
3.18979591 0.4690
3.19774211 0.5141
3.21100252 0.5801
3.22991572 0.5598
3.24872270 0.4537
3.25026616 0.3536
3.21841289 0.3867
3.17779870 0.5280
3.15921406 0.6197
3.16036131 0.6305
3.18175109 0.6344
3.23716983 0.6510
3.31214035 0.6737
3.38370738 0.6960
3.42533295 0.7024
3.43028038 0.6608
3.41581878 0.5475
3.37868793 0.5947
3.33889912 0.7379
3.31214097 0.7798
3.29246096 0.7723
3.28733305 0.7599
3.30820234 0.7484
3.34113780 0.7380
3.35815707 0.7301
3.34827532 0.7218
3.34076463 0.6864
3.33520764 0.6106
3.32966646 0.5829
3.32267363 0.6069
3.31306021 0.6044
3.30876876 0.6092
3.32315756 0.6817
3.36249508 0.6946
3.40532726 0.6752
3.42158789 0.6551
3.40466456 0.6476
3.37564414 0.6463
3.33868380 0.6496
3.30998078 0.6533
3.29049979 0.6425
3.27968247 0.5866
3.29306486 0.4814
3.32208468 0.4245
3.34980437 0.4892
3.36066448 0.5407
3.34510962 0.5974
3.31006975 0.6630
3.28147819 0.7227
3.26203090 0.7433
3.25190616 0.7336
3.26283054 0.7125
3.30386157 0.6756
3.35702802 0.5780
3.40409697 0.3514
3.43538034 0.1506
3.44470848 0.0659
3.43337148 0.0413
3.38606348 0.0363
3.30272322 0.0506
3.21201265 0.1412
3.17001702 0.5024
3.20360159 0.7352
3.26257306 0.7685
3.31474132 0.7559
3.33758942 0.7298
3.33126428 0.6659
3.32486192 0.4433
3.32679764 0.2841
3.30363292 0.3180
3.26326392 0.4800
3.23383898 0.5942
3.22501357 0.6286
3.23987634 0.6674
3.25461718 0.6885
3.24128707 0.6724
3.18923469 0.6307
3.12658711 0.4963
3.12210560 0.1063
3.15097276 0.0540
3.16819640 0.0768
3.17208234 0.1909
3.18759384 0.4715
3.21230616 0.6524
3.22905106 0.7565
3.21749830 0.8047
3.18691524 0.8173
3.14035504 0.8094
3.09729170 0.7828
3.06529002 0.7393
3.04664149 0.6948
3.04457438 0.6723
3.05922944 0.6572
3.08731547 0.6436
3.11365336 0.6472
3.12356378 0.6790
3.11450774 0.7095
3.09253274 0.6874
3.07834237 0.5401
3.08562038 0.3283
3.08350225 0.2901
3.06494545 0.4275
3.06468339 0.6312
3.10096183 0.7098
3.15610647 0.7329
3.20348678 0.7511
3.21400167 0.7712
3.18724037 0.7846
3.14889887 0.7840
3.12630046 0.7609
3.12695751 0.7083
3.13433471 0.6513
3.13961972 0.6237
3.13453203 0.5783
3.13830523 0.5192
3.14647287 0.5076
3.15948031 0.5300
3.16835739 0.5025
3.17640600 0.4338
3.19177504 0.3813
3.21299879 0.4279
3.23186807 0.5444
3.25522378 0.6512
3.26855901 0.6786
3.27257587 0.6479
3.27378296 0.4944
3.27783170 0.1553
3.24787311 0.1327
3.19450848 0.2054
3.14527964 0.4869
3.13017702 0.7628
3.13735402 0.7847
3.16342009 0.7739
3.20891168 0.7511
3.26245615 0.7224
3.29781515 0.6998
3.30135405 0.6867
3.26085598 0.6950
3.19594879 0.7111
3.14398825 0.6999
3.12826418 0.6085
3.14418360 0.5544
3.17596853 0.6059
3.22503995 0.6409
3.28081144 0.6290
3.32170721 0.6065
3.33893931 0.5762
3.32801477 0.5597
3.29595910 0.5636
3.26485518 0.5871
3.25176037 0.6138
3.26054942 0.6342
3.28008353 0.6390
3.29981579 0.6299
3.32512148 0.6025
3.34946509 0.5585
3.37412978 0.5240
3.38098571 0.5084
3.37594116 0.5113
3.36930717 0.5241
3.37191511 0.5390
3.39171335 0.5565
3.42088762 0.5715
3.43379136 0.5863
3.43024918 0.5964
3.39964182 0.5907
3.36085814 0.5620
3.32562688 0.5284
3.29386789 0.5207
3.25798160 0.5535
3.23470604 0.5847
3.23340358 0.6042
3.25122209 0.6170
3.26829420 0.6195
3.28422084 0.6242
3.28883022 0.6374
3.28454355 0.6569
3.26999170 0.6726
3.24904828 0.6799
3.22966001 0.6810
3.20593070 0.6642
3.17881035 0.6421
3.16544037 0.6349
3.16297708 0.6282
3.16908396 0.6230
3.18152441 0.6231
3.20151922 0.6373
3.22658555 0.6529
3.25184992 0.6455
3.27138755 0.6242
3.27646742 0.6371
3.26058403 0.6607
3.25491683 0.6839
3.24850363 0.6968
3.23414644 0.7074
3.20543831 0.7241
3.17311245 0.7518
3.15362014 0.7752
3.14842555 0.7790
3.16230245 0.7388
3.18666808 0.6570
3.21472699 0.6359
3.23608062 0.6582
3.25058552 0.6330
3.26156752 0.5477
3.25856879 0.4397
3.22668925 0.4401
3.18092748 0.5026
3.15453556 0.5259
3.15309685 0.4657
3.17360711 0.4366
3.21092895 0.6020
3.27788696 0.7130
3.36008270 0.7174
3.42087250 0.7001
3.44513010 0.6754
3.42263281 0.6536
3.37125855 0.6434
3.32165501 0.6256
3.28787971 0.4848
3.30981232 0.1560
3.32817850 0.1033
3.32589204 0.3742
3.38516442 0.5775
3.45920398 0.6135
3.50176961 0.6186
3.50614188 0.6097
3.47642078 0.5995
3.44850667 0.5706
3.44214544 0.4277
3.47059696 0.2132
3.50945097 0.0952
3.53321711 0.0659
3.53719332 0.1561
3.54592260 0.3099
3.55642123 0.3570
3.55606782 0.2327
3.55179172 0.0919
3.54514149 0.0461
3.53184110 0.0460
3.52503572 0.0552
3.52183191 0.0635
3.51918281 0.0614
3.51745917 0.0730
3.52915946 0.1196
3.55315473 0.1726
3.57627247 0.1480
3.60452368 0.0874
3.62160777 0.0475
3.61054456 0.0346
3.58141745 0.0391
3.56087097 0.0518
3.53636565 0.0643
3.49329450 0.1256
3.49535252 0.3839
3.55006680 0.4472
3.56239137 0.4300
3.53336352 0.4088
3.48330874 0.3886
3.44216726 0.3462
3.42635897 0.1933
3.46062299 0.0745
3.50417323 0.0548
3.51460474 0.0626
3.48084438 0.1554
3.46005502 0.3319
3.44811308 0.3665
3.44059310 0.3719
3.43981070 0.3818
3.44580912 0.4030
3.45804010 0.4248
3.47476319 0.4289
3.49360896 0.3489
3.50835497 0.1832
3.50248873 0.1072
3.45238245 0.0827
3.39645871 0.0675
3.35543057 0.0625
3.33850055 0.0581
3.33505928 0.0637
3.35732679 0.1007
3.42224523 0.2049
3.51795559 0.2877
3.59308872 0.3070
3.62331703 0.3074
3.59467084 0.2853
3.52592408 0.1977
3.45499593 0.0802
3.40516684 0.0408
3.35654679 0.0433
3.32474406 0.0582
3.32185130 0.0623
3.37424949 0.1694
3.46321957 0.2261
3.53561917 0.2293
3.55272636 0.2235
3.50873203 0.1984
3.43043727 0.0856
3.39609761 0.0139
3.37441324 0.0150
3.35197464 0.0181
3.36143536 0.0276
3.45153692 0.1250
3.55610446 0.1590
3.60151638 0.1767
3.56519451 0.1905
3.47427306 0.1982
3.37000528 0.1966
3.31208954 0.0618
3.32711898 0.0568
3.36351624 0.0165
3.41576568 0.0009
3.49555079 0.0018
3.58592885 0.0013
3.64946733 0.0018
3.65319206 0.0139
3.59901869 0.0271
3.52316805 0.0367
3.46345395 0.0432
3.43815251 0.0477
3.43453505 0.0636
3.43717159 0.0771
3.45251116 0.0619
3.49320065 0.0292
3.55455274 0.0098
3.58514706 0.0076
3.55095906 0.0098
3.47648710 0.0209
3.42183370 0.0388
3.39800119 0.0649
3.40176893 0.2409
3.44807668 0.4127
3.50607317 0.4063
3.54414206 0.3750
3.53571952 0.3488
3.48986029 0.3236
3.41711692 0.1885
3.36766818 0.0594
3.31475689 0.0564
3.27434019 0.0655
3.26097626 0.1012
3.27841881 0.2051
3.31715147 0.2570
3.34413982 0.2627
3.34212998 0.2674
3.31810209 0.2776
3.27222518 0.2786
3.23674490 0.2334
3.22688064 0.1935
3.24003517 0.2363
3.29405524 0.3316
3.37778804 0.3833
3.44037188 0.4024
3.46398440 0.4048
3.44640455 0.4053
3.39131154 0.4103
3.32590804 0.4181
3.27161710 0.4160
3.24957248 0.3975
3.27232915 0.3911
3.34304361 0.4015
3.44301114 0.4111
3.51892665 0.4162
3.53102959 0.4129
3.48080084 0.4077
3.38156012 0.4034
3.27480603 0.3990
3.19073821 0.3851
3.14710950 0.3578
3.16366246 0.3240
3.23702978 0.2956
3.33441211 0.2670
3.43568464 0.2479
3.49757189 0.2412
3.49741366 0.2398
3.43652696 0.2400
3.33080248 0.2403
3.23031733 0.2517
3.17559204 0.2814
3.19460239 0.3068
3.27312681 0.3207
3.37123758 0.3244
3.45272854 0.3261
3.47875787 0.3353
3.44296523 0.3548
3.36753232 0.3706
3.31657327 0.2294
3.33254887 0.0782
3.34193869 0.0686
3.35013232 0.1026
3.38401227 0.2378
3.44915301 0.3212
3.50982606 0.3203
3.52712959 0.3123
3.49449350 0.3313
3.43049645 0.3358
3.38011746 0.2584
3.35918536 0.1367
3.35363141 0.1681
3.35856437 0.4445
3.38334342 0.5258
3.41015511 0.5394
3.43672746 0.5319
3.45415088 0.4959
3.45425388 0.4227
3.42827253 0.3753
3.38622468 0.4080
3.34841244 0.4522
3.34954213 0.4868
3.36683241 0.4987
3.38062771 0.5107
3.38224800 0.5242
3.37599568 0.5330
3.35233656 0.5180
3.32660141 0.4447
3.31490735 0.2767
3.29682648 0.2014
3.28726648 0.3444
3.33470775 0.4127
3.42511051 0.4352
3.51262129 0.4701
3.55017724 0.5216
3.52706959 0.5806
3.45153126 0.6306
3.35533657 0.6393
3.30162415 0.4422
3.32956769 0.1701
3.34799935 0.1239
3.33854618 0.1747
3.34985926 0.3503
3.39167078 0.4643
3.43741186 0.5183
3.45583587 0.5510
3.43617953 0.5748
3.39216461 0.5729
3.33664454 0.4958
3.31628380 0.3346
3.30703555 0.2991
3.29680843 0.4523
3.33859482 0.5920
3.42386883 0.5935
3.49957602 0.5644
3.54155988 0.5424
3.53469596 0.5368
3.48993285 0.5371
3.42166038 0.5033
3.37496487 0.3158
3.37055894 0.1569
3.34636103 0.1650
3.30583976 0.2911
3.29215058 0.4340
3.29887208 0.4544
3.29611489 0.4072
3.28531964 0.3336
3.28196951 0.2618
3.29095828 0.2044
3.32381002 0.1636
3.38143376 0.1390
3.44097665 0.1341
3.46945011 0.2138
3.49713669 0.4020
3.51559303 0.4954
3.49510184 0.5024
3.44429682 0.4243
3.40525643 0.2387
3.38025730 0.1361
3.35516564 0.1216
3.34510085 0.1271
3.35928192 0.1372
3.39237513 0.1419
3.41659390 0.1709
3.43182281 0.2920
3.44399320 0.3576
3.44101396 0.2605
3.46223561 0.1264
3.49277793 0.0867
3.47903741 0.0796
3.41972958 0.0854
3.36067364 0.1068
3.33381384 0.1686
3.35083241 0.3037
3.39955524 0.4683
3.45512455 0.5378
3.47757901 0.5368
3.45604932 0.4343
3.45417559 0.1441
3.47258794 0.0831
3.45889833 0.0839
3.42270397 0.1087
3.39906461 0.2190
3.41102331 0.3497
3.44628108 0.4201
3.47623189 0.4711
3.48912089 0.5094
3.47449979 0.5267
3.43962272 0.5192
3.40372869 0.4806
3.38554102 0.4579
3.37822282 0.4911
3.36901420 0.5316
3.36316097 0.5461
3.36917064 0.5392
3.37543298 0.5296
3.37935669 0.5283
3.36149011 0.5203
3.33882993 0.4788
3.33244125 0.3758
3.34725750 0.2878
3.35495313 0.3176
3.35802650 0.4611
3.36785259 0.5705
3.37764483 0.6125
3.36597040 0.6192
3.32872368 0.5957
3.28374401 0.4829
3.26440694 0.1748
3.28441246 0.0446
3.31612177 0.0215
3.32975039 0.0229
3.30791762 0.0532
3.26473551 0.1770
3.25299308 0.4546
3.27723487 0.5846
3.30632875 0.6109
3.32226388 0.6019
3.32810900 0.5743
3.34385041 0.5257
3.37398969 0.4703
3.41383131 0.4312
3.45055788 0.4485
3.47000827 0.4880
3.46623419 0.5186
3.44277181 0.5352
3.41199811 0.5487
3.37431530 0.5438
3.34381182 0.4606
3.35284885 0.2095
3.42394788 0.0638
3.50886308 0.0382
3.56239250 0.0366
3.56031989 0.0487
3.49516156 0.0811
3.40928912 0.1467
3.34044497 0.2234
3.30461101 0.2522
3.30623349 0.2122
3.33753463 0.1261
3.40402215 0.0606
3.48344598 0.0368
3.56113966 0.0286
3.60646929 0.0287
3.59623233 0.0446
3.53200071 0.0717
3.45237593 0.1053
3.38939872 0.1408
3.35544582 0.1479
3.34008009 0.1471
3.34369149 0.1676
3.36991768 0.1851
3.42412001 0.2040
3.48537963 0.2104
3.53206137 0.1654
3.54573990 0.1262
3.56383875 0.0509
3.57892939 0.0355
3.60221625 0.0224
3.62568728 0.0140
3.64321661 0.0096
3.65605054 0.0053
3.66012413 0.0008
3.64296993 0.0026
3.59945779 0.0060
3.52987138 0.0070
3.45017267 0.0060
3.37683297 0.0115
3.33554490 0.0150
3.31142342 0.0100
3.30594326 0.0052
3.32736456 0.0687
3.38756359 0.0876
3.46526400 0.1176
3.53855285 0.1620
3.57775276 0.2186
3.57795791 0.2533
3.54094403 0.2693
3.48815020 0.2795
3.42113759 0.2941
3.35711776 0.3251
3.31527466 0.3465
3.31237343 0.3547
3.33984112 0.3512
3.37731310 0.3875
3.40351774 0.4450
3.42620086 0.4768
3.45427155 0.4897
3.47977080 0.4955
3.50755926 0.5026
3.52614883 0.5192
3.53682676 0.5421
3.52147694 0.5627
3.49167773 0.5747
3.45641529 0.5461
3.42275166 0.3801
3.41989210 0.1596
3.44134275 0.0931
3.46813000 0.0784
3.49061216 0.0408
3.48174225 0.0530
3.45818190 0.0974
3.45883684 0.2285
3.49186330 0.3381
3.49628070 0.3766
3.46703759 0.3788
3.41597747 0.3382
3.38422831 0.2992
3.38872649 0.3031
3.42206838 0.3090
3.45817958 0.2824
3.47979434 0.2153
3.48903312 0.1483
3.51061119 0.0915
3.53828506 0.0369
3.53844613 0.0157
3.49955539 0.0344
3.43762050 0.0771
3.38117772 0.1018
3.34842242 0.1614
3.34196232 0.2333
3.34391963 0.2777
3.35563110 0.3097
3.39335539 0.3337
3.43219757 0.3302
3.43679472 0.2770
3.39381046 0.1852
3.32944142 0.1274
3.28237623 0.1308
3.27843022 0.1736
3.31688105 0.2293
3.36132067 0.2656
3.38687336 0.2958
3.38917351 0.2981
3.38332281 0.2102
3.38312882 0.1286
3.36917429 0.1132
3.33616439 0.1208
3.29321479 0.1346
3.28630234 0.1418
3.32028194 0.1491
3.37309928 0.1502
3.41141114 0.1396
3.42698163 0.1225
3.44316256 0.1156
3.47078999 0.1352
3.48419278 0.2118
3.47682960 0.3375
3.45052526 0.4798
3.43497050 0.5609
3.43783493 0.5948
3.43915049 0.5966
3.43248177 0.5903
3.41379754 0.5975
3.39795145 0.6185
3.40677200 0.6372
3.42030133 0.6377
3.42673546 0.6126
3.42052625 0.5765
3.42926381 0.5664
3.45996309 0.5669
3.49355714 0.5345
3.52440256 0.4065
3.53393212 0.2695
3.51966002 0.2189
3.47323676 0.2235
3.41088578 0.2324
3.36264395 0.2196
3.33283911 0.2237
3.31720850 0.2660
3.31725415 0.3931
3.34196920 0.5272
3.37254479 0.5534
3.38458273 0.5162
3.37798780 0.4324
3.37026642 0.3288
3.36145072 0.2346
3.35869956 0.1263
3.36883841 0.0764
3.38437955 0.0649
3.39631904 0.0582
3.39250595 0.0554
3.38815614 0.0581
3.38787354 0.0625
3.38276901 0.0689
3.37089279 0.0781
3.34599294 0.0918
3.31533464 0.1155
3.29381215 0.1430
3.30016420 0.1537
3.34113150 0.1484
3.38121181 0.1576
3.39910550 0.2020
3.40215524 0.2726
3.41228997 0.2900
3.42166183 0.2465
3.42103936 0.2362
3.40286607 0.2975
3.37630289 0.4108
3.36012143 0.4357
3.36528991 0.3674
3.38845647 0.2826
3.41312484 0.2573
3.42222024 0.2556
3.42159089 0.2687
3.41292765 0.2749
3.40831115 0.2937
3.40022356 0.4463
3.40089020 0.5801
3.41221062 0.6118
3.41927628 0.6175
3.43781710 0.6273
3.46895029 0.6390
3.49482344 0.6400
3.51255264 0.6253
3.51889858 0.6100
3.50706243 0.6103
3.47291533 0.6260
3.42161796 0.6435
3.35869225 0.6554
3.30978064 0.6630
3.27845430 0.6649
3.26536285 0.6615
3.26180045 0.6709
3.25960193 0.6824
3.26617340 0.6851
3.27974718 0.6876
3.29196918 0.7101
3.30052434 0.7430
3.29305632 0.7584
3.28143220 0.7528
3.27850133 0.7432
3.28776175 0.7411
3.29771707 0.7401
3.29996979 0.7255
3.29327767 0.7005
3.28269244 0.6770
3.27368298 0.6664
3.27128425 0.6669
3.26306323 0.6743
3.24703481 0.6871
3.23265985 0.7012
3.23085392 0.7151
3.25290287 0.7116
3.26515571 0.6944
3.26389627 0.6775
3.25687638 0.6618
3.26687625 0.6538
3.29190187 0.6635
3.31408366 0.6904
3.31399046 0.7296
3.29374179 0.7622
3.27109853 0.7929
3.25921078 0.8210
3.25333276 0.8003
3.24120793 0.7110
3.21570627 0.5868
3.20375485 0.4269
3.21829957 0.2801
3.24055187 0.1286
3.23289537 0.0528
3.18431006 0.3476
3.17881077 0.6750
3.19777357 0.7186
3.21380031 0.7290
3.20436359 0.7268
3.18003183 0.7137
3.16030421 0.6910
3.16185762 0.6630
3.17850054 0.6387
3.19377257 0.6581
3.20928644 0.7427
3.24219089 0.7883
3.29079753 0.7938
3.34700923 0.7877
3.37221794 0.7766
3.35299513 0.7614
3.32132058 0.7438
3.30449062 0.7306
3.31476847 0.7241
3.31873678 0.7218
3.29330753 0.7112
3.24835798 0.7006
3.20465020 0.7145
3.17950455 0.7262
3.17925416 0.7123
3.18923262 0.6521
3.20361585 0.5967
3.22923120 0.5944
3.27349069 0.6179
3.32040877 0.6407
3.35253326 0.6661
3.36302272 0.6944
3.35558110 0.7224
3.33439939 0.7474
3.31115200 0.7481
3.28203606 0.7020
3.26198439 0.6132
3.25809013 0.5860
3.28435562 0.6156
3.33945615 0.6408
3.39986273 0.6583
3.42866989 0.6771
3.43510188 0.6978
3.42838859 0.7223
3.41394795 0.7313
3.39594298 0.6932
3.37482408 0.5862
3.35013207 0.5651
3.33512038 0.6404
3.36171728 0.6887
3.42035423 0.6802
3.46851088 0.6603
3.46734371 0.6528
3.42060036 0.6704
3.35124867 0.7007
3.28011527 0.7262
3.23746773 0.7012
3.27398507 0.0258
3.35220298 0.0084
3.40754535 0.0051
3.42791199 0.0030
3.39277585 0.4887
3.40968697 0.5944
3.39283880 0.6132
3.35486341 0.6450
3.29806761 0.6875
3.23455711 0.7201
3.19230987 0.7267
3.18092465 0.7001
3.20237649 0.6343
3.25119927 0.3550
3.28653893 0.5313
3.29523334 0.7348
3.27475698 0.7867
3.23598689 0.8023
3.19241560 0.8072
3.16181600 0.7627
3.15836569 0.6254
3.16567630 0.4638
3.16064672 0.3065
3.16208842 0.0059
3.17379100 0.0017
3.16398966 0.0066
3.14732769 0.7321
3.17401870 0.7789
3.19515869 0.7763
3.19124093 0.7783
3.17236393 0.7740
3.16389916 0.7596
3.18004088 0.7520
3.22315510 0.7530
3.27041757 0.7530
3.29337262 0.7497
3.27770223 0.7476
3.25322593 0.7501
3.23118996 0.7674
3.21583493 0.7961
3.20294397 0.8232
3.21182000 0.8287
3.25370123 0.8132
3.31951735 0.7910
3.38089592 0.7720
3.39636929 0.7583
3.36374848 0.7530
3.29757237 0.7634
3.22354121 0.7838
3.15648761 0.8066
3.10520340 0.8280
3.07493864 0.8353
3.07010418 0.8105
3.10174790 0.7159
3.15565853 0.5824
3.18891339 0.5472
3.18051010 0.5815
3.14503262 0.6555
3.11205143 0.7771
3.10227254 0.8562
3.10604788 0.8702
3.10836796 0.8526
3.11017895 0.8218
3.12300133 0.7993
3.14682060 0.7839
3.17099069 0.7637
3.17759486 0.7365
3.17570829 0.7013
3.17670539 0.6518
3.18273818 0.6205
3.19358663 0.6327
3.21836579 0.6795
3.26475958 0.6991
3.32248755 0.6944
3.37031278 0.6843
3.38109909 0.6815
3.35410319 0.6885
3.30632157 0.7021
3.26841077 0.7041
3.25448874 0.6242
3.26734100 0.3076
3.28226697 0.2035
3.28467690 0.3473
3.29293715 0.5330
3.30838904 0.6317
3.30995781 0.6547
3.28544534 0.6623
3.24488443 0.6807
3.20978436 0.7093
3.19907120 0.7396
3.21189392 0.7557
3.23282574 0.7567
3.25883168 0.7386
3.28793175 0.7113
3.32433408 0.6867
3.35084567 0.6740
3.34673847 0.6724
3.32447453 0.6780
3.30126320 0.6947
3.29950368 0.7166
3.30204312 0.7342
3.29982966 0.7371
3.28163326 0.7224
3.26050978 0.7002
3.23588787 0.6809
3.22023490 0.6566
3.19193700 0.6289
3.16469136 0.5543
3.22058977 0.0295
3.31347453 0.0146
3.34295981 0.0140
3.32564775 0.0136
3.30508698 0.0098
3.29206519 0.0067
3.27311618 0.0066
3.22245738 0.0103
3.17882212 0.7084
3.21021506 0.7268
3.23956068 0.7413
3.26640075 0.7467
3.28886832 0.7390
3.30222197 0.7261
3.29649519 0.7184
3.27775374 0.7126
3.25141951 0.7045
3.22556058 0.5596
3.22373252 0.1158
3.22141299 0.3117
3.24022120 0.4938
3.28061035 0.5854
3.32127569 0.5987
3.34949274 0.5822
3.35655414 0.5619
3.35396909 0.5490
3.35866121 0.5460
3.36950031 0.5397
3.38988547 0.0402
3.39705261 0.4748
3.42604246 0.5237
3.46173522 0.5540
3.48184890 0.5844
3.46711297 0.6049
3.41240031 0.6153
3.33809501 0.6185
3.26594319 0.6231
3.22123052 0.6212
3.19831035 0.5745
3.21881002 0.1024
3.28509972 0.0140
3.37405302 0.0037
3.43472597 0.0036
3.41254090 0.0207
3.35345439 0.5285
3.33609938 0.6563
3.32439110 0.6769
3.32558285 0.6755
3.33424571 0.6682
3.34234864 0.6586
3.34708790 0.6530
3.36254994 0.6357
3.38296045 0.5547
3.39415700 0.3622
3.34866636 0.3916
3.26089561 0.4738
3.17483086 0.4978
3.11747068 0.5161
3.11073475 0.5481
3.13090535 0.5892
3.16793398 0.6118
3.20849304 0.6163
3.24026059 0.6089
3.24673104 0.5886
3.21659802 0.5702
3.17192081 0.5615
3.13163776 0.5400
3.11425226 0.4943
3.12666997 0.4557
3.15196040 0.4866
3.18350594 0.5640
3.24324565 0.6101
3.31837712 0.6186
3.37206926 0.6115
3.37993149 0.6087
3.33384185 0.6203
3.25952815 0.6411
3.18956827 0.6505
3.14674165 0.6244
3.14668968 0.5093
3.18535995 0.3380
3.22333211 0.3392
3.25635062 0.4835
3.29882665 0.5537
3.32844259 0.5512
3.32754251 0.5324
3.29960015 0.5257
3.27130542 0.5331
3.25206030 0.5393
3.25108984 0.5328
3.26056184 0.5046
3.28229480 0.5027
3.31195735 0.5473
3.35051762 0.6002
3.38708916 0.6310
3.39248024 0.6477
3.35691236 0.6629
3.30989000 0.6842
3.27331790 0.7087
3.25293908 0.7184
3.24424147 0.7052
3.24664972 0.6640
3.24572471 0.6194
3.24187975 0.6225
3.22876196 0.6414
3.20726288 0.6262
3.17805916 0.5433
3.16595782 0.3746
3.19556483 0.2226
3.26050972 0.1381
3.33064299 0.1101
3.37496543 0.2314
3.40540489 0.5237
3.43399137 0.6608
3.44302778 0.7010
3.42406394 0.7161
3.37798696 0.7197
3.32598954 0.7109
3.29069802 0.6918
3.28125939 0.6752
3.29147585 0.6526
3.30795868 0.6208
3.32132957 0.5894
3.31478857 0.5865
3.29210005 0.6075
3.25004421 0.6380
3.20339615 0.6725
3.17996955 0.7089
3.19060391 0.7245
3.22935567 0.7164
3.27386813 0.7082
3.31266272 0.7027
3.35323806 0.6973
3.38255577 0.6954
3.39054787 0.7045
3.36024227 0.7261
3.29867922 0.7280
3.23286607 0.6657
3.18066878 0.7098
3.16471883 0.7770
3.17847858 0.7740
3.19569527 0.7539
3.20521734 0.7364
3.20739342 0.7248
3.20111012 0.7260
3.18569347 0.7375
3.16069785 0.7411
3.13540883 0.5659
3.14684909 0.0298
3.11732177 0.3267
3.14520722 0.8550
3.19713167 0.8545
3.24638792 0.8218
3.28006533 0.7770
3.30713249 0.7415
3.32276735 0.7240
3.31737564 0.7166
3.28957161 0.7135
3.25893766 0.7110
3.23973139 0.7287
3.23926227 0.7731
3.24790914 0.8019
3.25485829 0.8036
3.25452318 0.7785
3.25009987 0.7111
3.25023079 0.5158
3.27341712 0.1672
3.31890260 0.0645
3.33803350 0.0503
3.30929987 0.0680
3.26810381 0.5886
3.26273488 0.7192
3.25030051 0.7380
3.23270139 0.7060
3.22709941 0.6164
3.22941575 0.5143
3.24465271 0.3690
3.27269906 0.2332
3.28443199 0.1876
3.26896892 0.4842
3.29420981 0.7219
3.33238641 0.7137
3.33871631 0.7020
3.30600051 0.6916
3.25397184 0.6416
3.22130407 0.4663
3.21012911 0.3006
3.21747442 0.2235
3.25785377 0.1374
3.31760292 0.0895
3.33913996 0.1247
3.33108116 0.3042
3.33308320 0.4104
3.33322415 0.3505
3.33326834 0.2197
3.33833339 0.1539
3.33643394 0.1412
3.32277012 0.1479
3.30199499 0.1582
3.28550366 0.1956
3.29896807 0.5308
3.36523119 0.6354
3.41463803 0.6335
3.42617097 0.6339
3.39407628 0.5784
3.36193067 0.2794
3.37492645 0.1343
3.38764149 0.1154
3.37572647 0.1240
3.34089324 0.1365
3.30875985 0.1796
3.32158435 0.5384
3.36912484 0.6041
3.37586610 0.5614
3.37335495 0.2613
3.42268821 0.1124
3.45645937 0.0824
3.46038335 0.0747
3.43578943 0.0773
3.39924035 0.0764
3.37008394 0.0709
3.35439776 0.1134
3.37670283 0.4074
3.42422615 0.5598
3.44900748 0.5373
3.43253262 0.3946
3.39077621 0.1651
3.35439190 0.0886
3.31584265 0.0856
3.30174014 0.0893
3.30965457 0.0877
3.33819678 0.0750
3.36204316 0.0687
3.34272698 0.1668
3.31862725 0.6063
3.32310300 0.6790
3.32429462 0.6671
3.32738584 0.6527
3.32842560 0.6406
3.32782920 0.6353
3.32631068 0.6378
3.32277577 0.6481
3.31796149 0.6646
3.29496749 0.6743
3.26606065 0.6427
3.24451707 0.5357
3.25123788 0.4345
3.28326915 0.5178
3.33836131 0.5997
3.39145601 0.6116
3.41911924 0.6071
3.41835664 0.5993
3.39734187 0.5812
3.37150776 0.4631
3.36087112 0.1422
3.36234972 0.0661
3.35364581 0.0617
3.32155960 0.0692
3.28665123 0.0817
3.25593665 0.1926
3.29408228 0.6616
3.33856109 0.6425
3.35684307 0.5763
3.34612600 0.4237
3.32168561 0.2425
3.29105479 0.1552
3.26860856 0.1113
3.26920387 0.0842
3.28282297 0.0718
3.29206650 0.0823
3.31196956 0.1798
3.37888029 0.3492
3.45722486 0.4194
3.50893821 0.4154
3.51003338 0.3655
3.46679737 0.3258
3.40163058 0.2900
3.34815049 0.2726
3.33552039 0.2867
3.36679924 0.3755
3.41761295 0.4641
3.45853354 0.5079
3.46500880 0.4939
3.46230980 0.4347
3.45837053 0.3684
3.43588470 0.3574
3.38619673 0.3594
3.33890525 0.3324
3.32955903 0.2727
3.36349327 0.1995
3.42978862 0.1385
3.51393826 0.0896
3.59195899 0.0535
3.65260860 0.0296
3.68711426 0.0145
3.68180196 0.0166
3.62434884 0.0386
3.54683422 0.0550
3.48787287 0.0755
